-1.0,-1.0,-1.0,-1.0,-1.0,-1.0,-1.0,-1.0,-1.0,-1.0,-1.0,-1.0,-1.0,-1.0,-1.0,-1.0,170.28570556640625,209.59765625,183.85714721679688,285.94140625,159.42857360839844,367.73828125,-1.0,-1.0,-1.0,-1.0,-1.0,-1.0,-1.0,-1.0,-1.0,-1.0,-1.0,-1.0,-1.0,-1.0
-1.0,-1.0,-1.0,-1.0,-1.0,-1.0,-1.0,-1.0,-1.0,-1.0,-1.0,-1.0,-1.0,-1.0,-1.0,-1.0,185.14492797851562,205.87109375,198.7681121826172,284.94140625,171.52174377441406,366.73828125,-1.0,-1.0,-1.0,-1.0,-1.0,-1.0,-1.0,-1.0,-1.0,-1.0,-1.0,-1.0,-1.0,-1.0
-1.0,-1.0,-1.0,-1.0,-1.0,-1.0,-1.0,-1.0,-1.0,-1.0,-1.0,-1.0,-1.0,-1.0,-1.0,-1.0,197.14492797851562,207.59765625,210.7681121826172,283.94140625,183.52174377441406,368.46484375,-1.0,-1.0,-1.0,-1.0,-1.0,-1.0,-1.0,-1.0,-1.0,-1.0,-1.0,-1.0,-1.0,-1.0
-1.0,-1.0,-1.0,-1.0,-1.0,-1.0,-1.0,-1.0,-1.0,-1.0,-1.0,-1.0,-1.0,-1.0,-1.0,-1.0,208.14492797851562,206.59765625,224.4927520751953,280.21484375,197.2463836669922,367.46484375,-1.0,-1.0,-1.0,-1.0,-1.0,-1.0,-1.0,-1.0,-1.0,-1.0,-1.0,-1.0,-1.0,-1.0
-1.0,-1.0,-1.0,-1.0,-1.0,-1.0,-1.0,-1.0,-1.0,-1.0,-1.0,-1.0,-1.0,-1.0,-1.0,-1.0,220.14492797851562,205.59765625,236.4927520751953,281.94140625,211.97100830078125,366.46484375,-1.0,-1.0,-1.0,-1.0,-1.0,-1.0,-1.0,-1.0,-1.0,-1.0,-1.0,-1.0,-1.0,-1.0
-1.0,-1.0,261.1159362792969,95.53515625,263.840576171875,98.26171875,-1.0,-1.0,-1.0,-1.0,-1.0,-1.0,-1.0,-1.0,-1.0,-1.0,233.86956787109375,204.59765625,247.4927520751953,278.21484375,222.97100830078125,365.46484375,255.6666717529297,207.32421875,244.7681121826172,280.94140625,225.69564819335938,360.01171875,-1.0,-1.0,-1.0,-1.0,-1.0,-1.0,-1.0,-1.0
-1.0,-1.0,273.1159362792969,97.26171875,275.840576171875,99.98828125,-1.0,-1.0,-1.0,-1.0,-1.0,-1.0,-1.0,-1.0,-1.0,-1.0,245.86956787109375,203.59765625,259.4927673339844,277.21484375,234.97100830078125,367.19140625,267.6666564941406,206.32421875,256.76812744140625,279.94140625,234.97100830078125,359.01171875,-1.0,-1.0,-1.0,-1.0,-1.0,-1.0,-1.0,-1.0
-1.0,-1.0,-1.0,-1.0,-1.0,-1.0,-1.0,-1.0,-1.0,-1.0,-1.0,-1.0,-1.0,-1.0,-1.0,-1.0,257.3043518066406,202.0234375,271.07244873046875,275.8515625,246.28985595703125,366.0859375,-1.0,-1.0,-1.0,-1.0,-1.0,-1.0,-1.0,-1.0,-1.0,-1.0,-1.0,-1.0,-1.0,-1.0
-1.0,-1.0,293.39129638671875,94.3828125,301.5652160644531,97.1171875,-1.0,-1.0,-1.0,-1.0,282.4927673339844,94.3828125,-1.0,-1.0,-1.0,-1.0,268.86956787109375,201.0234375,282.4927673339844,274.8515625,257.97100830078125,362.3515625,290.6666564941406,203.7578125,279.76812744140625,277.5859375,260.6956481933594,351.4140625,-1.0,-1.0,-1.0,-1.0,-1.0,-1.0,-1.0,-1.0
-1.0,-1.0,-1.0,-1.0,-1.0,-1.0,-1.0,-1.0,-1.0,-1.0,-1.0,-1.0,-1.0,-1.0,-1.0,-1.0,278.1449279785156,202.7578125,291.76812744140625,276.5859375,267.2463684082031,364.0859375,-1.0,-1.0,-1.0,-1.0,-1.0,-1.0,-1.0,-1.0,-1.0,-1.0,-1.0,-1.0,-1.0,-1.0
-1.0,-1.0,312.39129638671875,91.53515625,317.840576171875,96.98828125,279.6956481933594,156.97265625,-1.0,-1.0,-1.0,-1.0,-1.0,-1.0,-1.0,-1.0,290.5942077636719,200.59765625,301.4927673339844,276.94140625,279.6956481933594,364.19140625,312.39129638671875,197.87109375,301.4927673339844,276.94140625,282.4202880859375,353.28515625,-1.0,-1.0,-1.0,-1.0,-1.0,-1.0,-1.0,-1.0
-1.0,-1.0,324.840576171875,96.98828125,327.5652160644531,102.44140625,-1.0,-1.0,-1.0,-1.0,-1.0,-1.0,-1.0,-1.0,-1.0,-1.0,297.5942077636719,200.59765625,313.9420166015625,276.94140625,286.6956481933594,364.19140625,316.6666564941406,203.32421875,305.76812744140625,279.66796875,292.1449279785156,358.73828125,-1.0,-1.0,-1.0,-1.0,346.6376953125,53.36328125,-1.0,-1.0
-1.0,-1.0,333.28570556640625,96.98828125,336.0,99.71484375,-1.0,-1.0,-1.0,-1.0,-1.0,-1.0,-1.0,-1.0,-1.0,-1.0,308.8571472167969,200.59765625,322.4285583496094,276.94140625,298.0,364.19140625,325.1428527832031,200.59765625,314.28570556640625,279.66796875,300.71429443359375,358.73828125,-1.0,-1.0,-1.0,-1.0,355.0,53.36328125,-1.0,-1.0
-1.0,-1.0,-1.0,-1.0,-1.0,-1.0,-1.0,-1.0,-1.0,-1.0,-1.0,-1.0,-1.0,-1.0,-1.0,-1.0,319.31884765625,198.2890625,330.3333435058594,277.5859375,305.55072021484375,365.0859375,-1.0,-1.0,-1.0,-1.0,-1.0,-1.0,-1.0,-1.0,-1.0,-1.0,-1.0,-1.0,-1.0,-1.0
-1.0,-1.0,-1.0,-1.0,-1.0,-1.0,-1.0,-1.0,-1.0,-1.0,-1.0,-1.0,-1.0,-1.0,-1.0,-1.0,326.31884765625,195.5546875,337.3333435058594,277.5859375,315.3043518066406,365.0859375,-1.0,-1.0,-1.0,-1.0,-1.0,-1.0,-1.0,-1.0,-1.0,-1.0,-1.0,-1.0,-1.0,-1.0
-1.0,-1.0,358.1014404296875,97.1171875,360.8550720214844,97.1171875,-1.0,-1.0,-1.0,-1.0,-1.0,-1.0,-1.0,-1.0,-1.0,-1.0,333.31884765625,198.2890625,344.3333435058594,277.5859375,322.3043518066406,365.0859375,349.840576171875,198.2890625,344.3333435058594,277.5859375,322.3043518066406,359.6171875,-1.0,-1.0,-1.0,-1.0,-1.0,-1.0,-1.0,-1.0
-1.0,-1.0,364.0,95.26171875,-1.0,-1.0,-1.0,-1.0,-1.0,-1.0,-1.0,-1.0,-1.0,-1.0,-1.0,-1.0,339.5714111328125,198.87109375,350.4285583496094,277.94140625,328.71429443359375,365.19140625,355.8571472167969,196.14453125,350.4285583496094,277.94140625,328.71429443359375,359.73828125,-1.0,-1.0,-1.0,-1.0,-1.0,-1.0,-1.0,-1.0
-1.0,-1.0,-1.0,-1.0,-1.0,-1.0,-1.0,-1.0,-1.0,-1.0,-1.0,-1.0,-1.0,-1.0,-1.0,-1.0,349.4927673339844,196.14453125,357.6666564941406,277.94140625,335.86956787109375,365.19140625,-1.0,-1.0,-1.0,-1.0,-1.0,-1.0,-1.0,-1.0,-1.0,-1.0,-1.0,-1.0,-1.0,-1.0
-1.0,-1.0,-1.0,-1.0,-1.0,-1.0,-1.0,-1.0,-1.0,-1.0,-1.0,-1.0,-1.0,-1.0,-1.0,-1.0,353.76812744140625,193.41796875,361.9420166015625,277.94140625,340.1449279785156,365.19140625,-1.0,-1.0,-1.0,-1.0,-1.0,-1.0,-1.0,-1.0,-1.0,-1.0,-1.0,-1.0,-1.0,-1.0
-1.0,-1.0,-1.0,-1.0,-1.0,-1.0,-1.0,-1.0,-1.0,-1.0,-1.0,-1.0,-1.0,-1.0,-1.0,-1.0,358.0434875488281,196.5546875,368.9420166015625,278.5859375,344.4202880859375,366.0859375,-1.0,-1.0,-1.0,-1.0,-1.0,-1.0,-1.0,-1.0,-1.0,-1.0,-1.0,-1.0,-1.0,-1.0
-1.0,-1.0,-1.0,-1.0,-1.0,-1.0,-1.0,-1.0,-1.0,-1.0,-1.0,-1.0,-1.0,-1.0,-1.0,-1.0,362.31884765625,196.5546875,375.9420166015625,278.5859375,351.4202880859375,366.0859375,-1.0,-1.0,-1.0,-1.0,-1.0,-1.0,-1.0,-1.0,-1.0,-1.0,-1.0,-1.0,-1.0,-1.0
-1.0,-1.0,-1.0,-1.0,-1.0,-1.0,-1.0,-1.0,-1.0,-1.0,-1.0,-1.0,-1.0,-1.0,-1.0,-1.0,366.5942077636719,193.8203125,380.2174072265625,275.8515625,358.4202880859375,366.0859375,-1.0,-1.0,-1.0,-1.0,-1.0,-1.0,-1.0,-1.0,-1.0,-1.0,-1.0,-1.0,-1.0,-1.0
-1.0,-1.0,-1.0,-1.0,-1.0,-1.0,-1.0,-1.0,-1.0,-1.0,-1.0,-1.0,-1.0,-1.0,-1.0,-1.0,373.5942077636719,191.69140625,384.4927673339844,276.21484375,362.6956481933594,366.19140625,-1.0,-1.0,-1.0,-1.0,-1.0,-1.0,-1.0,-1.0,-1.0,-1.0,-1.0,-1.0,-1.0,-1.0
-1.0,-1.0,-1.0,-1.0,-1.0,-1.0,-1.0,-1.0,-1.0,-1.0,-1.0,-1.0,-1.0,-1.0,-1.0,-1.0,380.5942077636719,191.69140625,391.4927673339844,276.21484375,369.6956481933594,366.19140625,-1.0,-1.0,-1.0,-1.0,-1.0,-1.0,-1.0,-1.0,-1.0,-1.0,-1.0,-1.0,-1.0,-1.0
-1.0,-1.0,-1.0,-1.0,-1.0,-1.0,-1.0,-1.0,-1.0,-1.0,-1.0,-1.0,-1.0,-1.0,-1.0,-1.0,383.86956787109375,193.8203125,397.4927673339844,278.5859375,375.6956481933594,368.8203125,-1.0,-1.0,-1.0,-1.0,-1.0,-1.0,-1.0,-1.0,-1.0,-1.0,-1.0,-1.0,-1.0,-1.0
-1.0,-1.0,427.8550720214844,79.95703125,438.86956787109375,79.95703125,-1.0,-1.0,-1.0,-1.0,411.3333435058594,85.47265625,-1.0,-1.0,-1.0,-1.0,394.81158447265625,195.78515625,403.07244873046875,278.51953125,381.0434875488281,369.52734375,381.0434875488281,187.51171875,-1.0,-1.0,-1.0,-1.0,-1.0,-1.0,-1.0,-1.0,-1.0,-1.0,-1.0,-1.0
-1.0,-1.0,432.79412841796875,81.8046875,443.8529357910156,79.0390625,-1.0,-1.0,-1.0,-1.0,416.20587158203125,84.5703125,-1.0,-1.0,-1.0,-1.0,399.6176452636719,195.1953125,413.441162109375,278.1640625,388.558837890625,366.6640625,416.20587158203125,195.1953125,407.9117736816406,278.1640625,391.3235168457031,361.1328125,-1.0,-1.0,-1.0,-1.0,-1.0,-1.0,-1.0,-1.0
-1.0,-1.0,441.558837890625,80.89453125,449.8529357910156,78.12109375,-1.0,-1.0,-1.0,-1.0,424.9705810546875,83.66796875,-1.0,-1.0,-1.0,-1.0,405.6176452636719,194.60546875,419.441162109375,277.80859375,394.558837890625,366.55859375,391.79412841796875,186.28515625,-1.0,-1.0,-1.0,-1.0,-1.0,-1.0,-1.0,-1.0,-1.0,-1.0,-1.0,-1.0
-1.0,-1.0,444.79412841796875,79.984375,455.8529357910156,77.203125,-1.0,-1.0,-1.0,-1.0,430.9705810546875,82.765625,-1.0,-1.0,-1.0,-1.0,411.6176452636719,194.015625,425.441162109375,277.453125,400.558837890625,366.453125,425.441162109375,194.015625,419.9117736816406,277.453125,406.0882263183594,360.890625,-1.0,-1.0,-1.0,-1.0,-1.0,-1.0,-1.0,-1.0
-1.0,-1.0,-1.0,-1.0,-1.0,-1.0,-1.0,-1.0,-1.0,-1.0,-1.0,-1.0,-1.0,-1.0,-1.0,-1.0,419.8970642089844,192.8359375,431.07354736328125,279.5390625,405.9264831542969,366.2421875,-1.0,-1.0,-1.0,-1.0,-1.0,-1.0,-1.0,-1.0,-1.0,-1.0,-1.0,-1.0,-1.0,-1.0
-1.0,-1.0,-1.0,-1.0,-1.0,-1.0,-1.0,-1.0,-1.0,-1.0,-1.0,-1.0,-1.0,-1.0,-1.0,-1.0,423.29852294921875,192.65625,434.52239990234375,277.03125,412.0746154785156,369.84375,-1.0,-1.0,-1.0,-1.0,-1.0,-1.0,-1.0,-1.0,-1.0,-1.0,-1.0,-1.0,-1.0,-1.0
-1.0,-1.0,460.1641845703125,76.43359375,468.58209228515625,76.43359375,-1.0,-1.0,-1.0,-1.0,446.13433837890625,79.25390625,-1.0,-1.0,-1.0,-1.0,429.29852294921875,192.06640625,440.52239990234375,279.49609375,418.0746154785156,369.74609375,446.13433837890625,194.88671875,440.52239990234375,279.49609375,420.8805847167969,361.28515625,-1.0,-1.0,-1.0,-1.0,-1.0,-1.0,-1.0,-1.0
-1.0,-1.0,465.9090881347656,75.5234375,474.45452880859375,75.5234375,-1.0,-1.0,-1.0,-1.0,451.6666564941406,78.3515625,-1.0,-1.0,-1.0,-1.0,434.57574462890625,191.4765625,445.9696960449219,276.3203125,423.18182373046875,369.6484375,451.6666564941406,194.3046875,443.1212158203125,279.1484375,426.0303039550781,361.1640625,-1.0,-1.0,-1.0,-1.0,-1.0,-1.0,-1.0,-1.0
-1.0,-1.0,471.9850769042969,74.61328125,483.328369140625,74.61328125,-1.0,-1.0,-1.0,-1.0,460.64178466796875,74.61328125,-1.0,-1.0,-1.0,-1.0,437.9552307128906,190.88671875,449.29852294921875,278.80078125,426.6119384765625,369.55078125,454.97015380859375,193.72265625,446.4626770019531,278.80078125,432.2835693359375,358.20703125,-1.0,-1.0,-1.0,-1.0,-1.0,-1.0,-1.0,-1.0
-1.0,-1.0,479.757568359375,72.79296875,488.30303955078125,72.79296875,-1.0,-1.0,-1.0,-1.0,459.81817626953125,75.64453125,-1.0,-1.0,-1.0,-1.0,442.7272644042969,189.70703125,454.1212158203125,278.10546875,431.3333435058594,369.35546875,459.81817626953125,192.55859375,451.2727355957031,278.10546875,434.18182373046875,360.80078125,-1.0,-1.0,-1.0,-1.0,-1.0,-1.0,-1.0,-1.0
-1.0,-1.0,480.06060791015625,74.83984375,491.45452880859375,71.97265625,-1.0,-1.0,-1.0,-1.0,465.81817626953125,74.83984375,-1.0,-1.0,-1.0,-1.0,448.7272644042969,189.52734375,457.2727355957031,275.54296875,437.3333435058594,370.16015625,431.6363525390625,180.92578125,454.42425537109375,278.41015625,437.3333435058594,361.55859375,-1.0,-1.0,-1.0,-1.0,-1.0,-1.0,-1.0,-1.0
-1.0,-1.0,487.20001220703125,71.0625,495.8769226074219,73.9375,-1.0,-1.0,-1.0,-1.0,469.8461608886719,73.9375,-1.0,-1.0,-1.0,-1.0,452.4923095703125,188.9375,464.0615234375,278.0625,440.9230651855469,370.0625,466.953857421875,191.8125,461.1692199707031,278.0625,440.9230651855469,364.3125,-1.0,-1.0,-1.0,-1.0,-1.0,-1.0,-1.0,-1.0
-1.0,-1.0,491.8484802246094,73.03515625,503.3636474609375,73.03515625,-1.0,-1.0,-1.0,-1.0,474.57574462890625,73.03515625,-1.0,-1.0,-1.0,-1.0,457.30303955078125,188.34765625,468.81817626953125,277.71484375,445.7878723144531,369.96484375,474.57574462890625,188.34765625,463.06060791015625,277.71484375,445.7878723144531,364.19921875,-1.0,-1.0,-1.0,-1.0,-1.0,-1.0,-1.0,-1.0
-1.0,-1.0,498.20001220703125,69.2421875,506.8769226074219,72.1328125,-1.0,-1.0,-1.0,-1.0,483.73846435546875,72.1328125,-1.0,-1.0,-1.0,-1.0,463.4923095703125,187.7578125,475.0615234375,277.3671875,451.9230651855469,369.8671875,480.8461608886719,190.6484375,469.27691650390625,277.3671875,451.9230651855469,364.0859375,-1.0,-1.0,-1.0,-1.0,-1.0,-1.0,-1.0,-1.0
-1.0,-1.0,504.20001220703125,64.515625,509.984619140625,67.421875,-1.0,-1.0,-1.0,-1.0,492.6307678222656,67.421875,-1.0,-1.0,-1.0,-1.0,-1.0,-1.0,-1.0,-1.0,-1.0,-1.0,492.6307678222656,186.578125,472.3846130371094,276.671875,457.9230651855469,363.859375,-1.0,-1.0,-1.0,-1.0,-1.0,-1.0,-1.0,-1.0
-1.0,-1.0,507.90625,66.69140625,516.71875,69.62109375,-1.0,-1.0,-1.0,-1.0,493.21875,66.69140625,-1.0,-1.0,-1.0,-1.0,472.65625,186.80859375,484.40625,277.62890625,460.90625,371.37890625,484.40625,186.80859375,478.53125,274.69921875,460.90625,365.51953125,-1.0,-1.0,-1.0,-1.0,-1.0,-1.0,-1.0,-1.0
-1.0,-1.0,513.0,65.87109375,521.7692260742188,68.81640625,-1.0,-1.0,-1.0,-1.0,501.30767822265625,65.87109375,-1.0,-1.0,-1.0,-1.0,475.0,186.62890625,489.6153869628906,277.93359375,463.30767822265625,369.23828125,498.3846130371094,186.62890625,483.76922607421875,274.98828125,466.23077392578125,366.29296875,-1.0,-1.0,-1.0,-1.0,-1.0,-1.0,-1.0,-1.0
-1.0,-1.0,516.703125,65.05078125,525.609375,68.01171875,-1.0,-1.0,-1.0,-1.0,504.828125,65.05078125,-1.0,-1.0,-1.0,-1.0,481.078125,186.44921875,492.953125,275.27734375,472.171875,372.98828125,489.984375,186.44921875,489.984375,275.27734375,469.203125,367.06640625,-1.0,-1.0,-1.0,-1.0,-1.0,-1.0,-1.0,-1.0
-1.0,-1.0,521.7999877929688,64.23046875,530.6615600585938,67.20703125,-1.0,-1.0,-1.0,-1.0,507.03076171875,64.23046875,-1.0,-1.0,-1.0,-1.0,486.3538513183594,186.26953125,498.1692199707031,275.56640625,474.5384521484375,373.79296875,498.1692199707031,186.26953125,495.21539306640625,275.56640625,474.5384521484375,367.83984375,-1.0,-1.0,-1.0,-1.0,-1.0,-1.0,-1.0,-1.0
-1.0,-1.0,525.5,65.5,534.5,65.5,-1.0,-1.0,-1.0,-1.0,510.5,68.5,-1.0,-1.0,-1.0,-1.0,492.5,185.5,504.5,275.5,480.5,371.5,474.5,179.5,498.5,275.5,477.5,368.5,-1.0,-1.0,-1.0,-1.0,-1.0,-1.0,-1.0,-1.0
-1.0,-1.0,530.296875,64.6953125,539.390625,64.6953125,-1.0,-1.0,-1.0,-1.0,515.140625,64.6953125,-1.0,-1.0,-1.0,-1.0,496.953125,185.3203125,509.078125,275.7890625,484.828125,375.3046875,506.046875,188.3359375,506.046875,275.7890625,484.828125,369.2734375,-1.0,-1.0,-1.0,-1.0,-1.0,-1.0,-1.0,-1.0
-1.0,-1.0,534.296875,60.859375,543.390625,63.890625,-1.0,-1.0,-1.0,-1.0,519.140625,63.890625,-1.0,-1.0,-1.0,-1.0,497.921875,185.140625,513.078125,276.078125,488.828125,376.109375,510.046875,188.171875,510.046875,276.078125,488.828125,370.046875,-1.0,-1.0,-1.0,-1.0,-1.0,-1.0,-1.0,-1.0
-1.0,-1.0,539.7142944335938,63.0859375,548.857177734375,63.0859375,-1.0,-1.0,-1.0,-1.0,524.4761962890625,66.1328125,-1.0,-1.0,-1.0,-1.0,509.23809814453125,184.9609375,518.3809814453125,276.3671875,494.0,373.8671875,487.9047546386719,175.8203125,515.3333129882812,276.3671875,494.0,367.7734375,-1.0,-1.0,-1.0,-1.0,-1.0,-1.0,-1.0,-1.0
-1.0,-1.0,544.5238037109375,59.21875,550.6825561523438,62.28125,-1.0,-1.0,-1.0,-1.0,529.126953125,65.34375,-1.0,-1.0,-1.0,-1.0,510.6507873535156,184.78125,522.96826171875,276.65625,498.3333435058594,374.65625,519.888916015625,187.84375,522.96826171875,276.65625,498.3333435058594,371.59375,-1.0,-1.0,-1.0,-1.0,-1.0,-1.0,-1.0,-1.0
-1.0,-1.0,548.5238037109375,61.57421875,554.6825561523438,61.57421875,-1.0,-1.0,-1.0,-1.0,533.126953125,64.66015625,-1.0,-1.0,-1.0,-1.0,514.6508178710938,185.01171875,526.96826171875,274.50390625,502.3333435058594,376.33984375,496.1745910644531,175.75390625,-1.0,-1.0,-1.0,-1.0,-1.0,-1.0,-1.0,-1.0,-1.0,-1.0,-1.0,-1.0
-1.0,-1.0,553.3333129882812,59.8671875,559.5555419921875,59.8671875,-1.0,-1.0,-1.0,-1.0,537.7777709960938,62.9765625,-1.0,-1.0,-1.0,-1.0,519.111083984375,184.2421875,528.4444580078125,274.4140625,506.6666564941406,377.0234375,528.4444580078125,187.3515625,531.5555419921875,274.4140625,506.6666564941406,370.8046875,-1.0,-1.0,-1.0,-1.0,-1.0,-1.0,-1.0,-1.0
-1.0,-1.0,557.3333129882812,59.0625,563.5555419921875,59.0625,-1.0,-1.0,-1.0,-1.0,538.6666870117188,62.1875,-1.0,-1.0,-1.0,-1.0,526.2222290039062,184.0625,532.4444580078125,274.6875,510.6666564941406,374.6875,529.3333129882812,187.1875,532.4444580078125,277.8125,510.6666564941406,368.4375,-1.0,-1.0,-1.0,-1.0,-1.0,-1.0,-1.0,-1.0
-1.0,-1.0,562.142822265625,58.2578125,568.4285888671875,58.2578125,-1.0,-1.0,-1.0,-1.0,543.2857055664062,61.3984375,-1.0,-1.0,-1.0,-1.0,527.5714111328125,183.8828125,540.1428833007812,274.9609375,515.0,375.4609375,508.71429443359375,174.4609375,-1.0,-1.0,-1.0,-1.0,-1.0,-1.0,-1.0,-1.0,-1.0,-1.0,-1.0,-1.0
-1.0,-1.0,566.142822265625,57.453125,575.5714111328125,57.453125,-1.0,-1.0,-1.0,-1.0,547.2857055664062,60.609375,-1.0,-1.0,-1.0,-1.0,531.5714111328125,183.703125,541.0,275.234375,519.0,376.234375,512.7142944335938,174.234375,-1.0,-1.0,-1.0,-1.0,-1.0,-1.0,-1.0,-1.0,-1.0,-1.0,-1.0,-1.0
-1.0,-1.0,569.8387451171875,56.6484375,576.225830078125,56.6484375,-1.0,-1.0,-1.0,-1.0,553.8709716796875,59.8203125,-1.0,-1.0,-1.0,-1.0,537.9031982421875,186.6953125,550.6774291992188,275.5078125,521.9354858398438,380.1796875,518.741943359375,177.1796875,-1.0,-1.0,-1.0,-1.0,-1.0,-1.0,-1.0,-1.0,-1.0,-1.0,-1.0,-1.0
-1.0,-1.0,574.952392578125,55.84375,581.3015747070312,55.84375,-1.0,-1.0,-1.0,-1.0,555.90478515625,55.84375,-1.0,-1.0,-1.0,-1.0,540.03173828125,183.34375,552.7301635742188,275.78125,527.3333129882812,377.78125,520.984130859375,173.78125,-1.0,-1.0,-1.0,-1.0,-1.0,-1.0,-1.0,-1.0,-1.0,-1.0,-1.0,-1.0
-1.0,-1.0,574.5555419921875,47.6328125,584.1746215820312,54.0390625,-1.0,-1.0,-1.0,-1.0,-1.0,-1.0,-1.0,-1.0,-1.0,-1.0,545.6984252929688,185.3671875,558.5238037109375,278.2578125,529.6666870117188,380.7578125,526.4603271484375,175.7578125,-1.0,-1.0,-1.0,-1.0,-1.0,-1.0,-1.0,-1.0,-1.0,-1.0,-1.0,-1.0
-1.0,-1.0,580.28125,56.34765625,589.84375,53.13671875,-1.0,-1.0,-1.0,-1.0,564.34375,56.34765625,-1.0,-1.0,-1.0,-1.0,554.78125,181.57421875,561.15625,277.90234375,532.46875,380.65234375,529.28125,178.36328125,554.78125,277.90234375,538.84375,371.01953125,-1.0,-1.0,-1.0,-1.0,-1.0,-1.0,-1.0,-1.0
-1.0,-1.0,583.078125,52.234375,589.515625,55.453125,-1.0,-1.0,-1.0,-1.0,563.765625,58.671875,-1.0,-1.0,-1.0,-1.0,554.109375,184.203125,563.765625,277.546875,534.796875,383.765625,534.796875,180.984375,-1.0,-1.0,-1.0,-1.0,-1.0,-1.0,-1.0,-1.0,612.046875,13.609375,-1.0,-1.0
-1.0,-1.0,585.875,51.33203125,595.625,51.33203125,-1.0,-1.0,-1.0,-1.0,566.375,57.78515625,-1.0,-1.0,-1.0,-1.0,559.875,183.62109375,569.625,277.19140625,540.375,380.44140625,537.125,177.16796875,-1.0,-1.0,-1.0,-1.0,-1.0,-1.0,-1.0,-1.0,618.375,12.61328125,-1.0,-1.0
-1.0,-1.0,588.51513671875,47.1953125,598.1514892578125,50.4296875,-1.0,-1.0,-1.0,-1.0,575.6666870117188,50.4296875,-1.0,-1.0,-1.0,-1.0,566.0302734375,183.0390625,569.242431640625,276.8359375,540.3333129882812,383.5703125,540.3333129882812,176.5703125,562.8181762695312,280.0703125,546.757568359375,370.6328125,-1.0,-1.0,-1.0,-1.0,604.5757446289062,11.6171875,-1.0,-1.0
-1.0,-1.0,592.7999877929688,46.28515625,602.5845947265625,49.52734375,-1.0,-1.0,-1.0,-1.0,579.7538452148438,49.52734375,-1.0,-1.0,-1.0,-1.0,566.7077026367188,182.45703125,573.2307739257812,279.72265625,543.876953125,383.47265625,540.6153564453125,175.97265625,566.7077026367188,279.72265625,550.4000244140625,370.50390625,-1.0,-1.0,-1.0,-1.0,618.892333984375,10.62109375,-1.0,-1.0
-1.0,-1.0,595.0909423828125,48.625,604.9090576171875,48.625,-1.0,-1.0,-1.0,-1.0,578.727294921875,48.625,-1.0,-1.0,-1.0,-1.0,572.1818237304688,178.625,572.1818237304688,279.375,546.0,383.375,542.727294921875,175.375,572.1818237304688,279.375,552.5454711914062,373.625,-1.0,-1.0,-1.0,-1.0,618.0,9.625,-1.0,-1.0
-1.0,-1.0,598.223876953125,47.72265625,607.9850463867188,47.72265625,-1.0,-1.0,-1.0,-1.0,578.7014770507812,47.72265625,-1.0,-1.0,-1.0,-1.0,568.9403076171875,178.03515625,572.1940307617188,279.02734375,549.4179077148438,383.27734375,542.9104614257812,171.51953125,568.9403076171875,279.02734375,549.4179077148438,376.76171875,-1.0,-1.0,-1.0,-1.0,-1.0,-1.0,-1.0,-1.0
-1.0,-1.0,599.014892578125,50.0859375,608.8656616210938,46.8203125,-1.0,-1.0,-1.0,-1.0,579.3134155273438,50.0859375,-1.0,-1.0,-1.0,-1.0,572.7462768554688,177.4453125,572.7462768554688,278.6796875,549.7611694335938,383.1796875,543.1940307617188,170.9140625,569.4627075195312,278.6796875,549.7611694335938,376.6484375,-1.0,-1.0,-1.0,-1.0,-1.0,-1.0,-1.0,-1.0
-1.0,-1.0,598.2941284179688,46.91796875,608.1764526367188,43.64453125,-1.0,-1.0,-1.0,-1.0,581.8235473632812,46.91796875,-1.0,-1.0,-1.0,-1.0,575.2352905273438,177.85546875,575.2352905273438,279.33203125,552.1764526367188,384.08203125,545.5882568359375,171.30859375,568.6470336914062,279.33203125,548.88232421875,377.53515625,-1.0,-1.0,-1.0,-1.0,-1.0,-1.0,-1.0,-1.0
-1.0,-1.0,598.2941284179688,46.015625,608.1764526367188,42.734375,-1.0,-1.0,-1.0,-1.0,578.5294189453125,49.296875,-1.0,-1.0,-1.0,-1.0,578.5294189453125,177.265625,575.2352905273438,278.984375,552.1764526367188,383.984375,545.5882568359375,170.703125,568.6470336914062,278.984375,548.88232421875,377.421875,-1.0,-1.0,-1.0,-1.0,614.7647094726562,6.640625,-1.0,-1.0
-1.0,-1.0,602.7101440429688,42.82421875,609.2608642578125,42.82421875,-1.0,-1.0,-1.0,-1.0,583.0579833984375,46.11328125,-1.0,-1.0,-1.0,-1.0,573.2318725585938,177.67578125,573.2318725585938,279.63671875,550.3043212890625,384.88671875,547.0289916992188,167.80859375,569.95654296875,279.63671875,550.3043212890625,378.30859375,-1.0,-1.0,-1.0,-1.0,-1.0,-1.0,-1.0,-1.0
-1.0,-1.0,600.434814453125,42.82421875,613.5362548828125,42.82421875,-1.0,-1.0,-1.0,-1.0,584.0579833984375,46.11328125,-1.0,-1.0,-1.0,-1.0,570.95654296875,177.67578125,574.2318725585938,279.63671875,551.3043212890625,384.88671875,584.0579833984375,177.67578125,570.95654296875,279.63671875,551.3043212890625,378.30859375,-1.0,-1.0,-1.0,-1.0,-1.0,-1.0,-1.0,-1.0
-1.0,-1.0,604.7101440429688,45.2109375,614.5362548828125,41.9140625,-1.0,-1.0,-1.0,-1.0,588.3333129882812,41.9140625,-1.0,-1.0,-1.0,-1.0,568.68115234375,177.0859375,575.2318725585938,279.2890625,552.3043212890625,384.7890625,549.0289916992188,167.1953125,-1.0,-1.0,-1.0,-1.0,-1.0,-1.0,-1.0,-1.0,630.9130249023438,5.6484375,-1.0,-1.0
-1.0,-1.0,605.7101440429688,41.9140625,618.8115844726562,38.6171875,-1.0,-1.0,-1.0,-1.0,592.6087036132812,41.9140625,-1.0,-1.0,-1.0,-1.0,566.4058227539062,177.0859375,576.2318725585938,279.2890625,553.3043212890625,384.7890625,586.0579833984375,177.0859375,572.95654296875,279.2890625,550.0289916992188,378.1953125,-1.0,-1.0,-1.0,-1.0,631.9130249023438,5.6484375,-1.0,-1.0
-1.0,-1.0,606.7101440429688,41.82421875,619.8115844726562,38.53515625,-1.0,-1.0,-1.0,-1.0,590.3333129882812,41.82421875,-1.0,-1.0,-1.0,-1.0,567.4058227539062,173.38671875,577.2318725585938,278.63671875,554.3043212890625,383.88671875,587.0579833984375,173.38671875,573.95654296875,278.63671875,554.3043212890625,377.30859375,-1.0,-1.0,-1.0,-1.0,-1.0,-1.0,-1.0,-1.0
-1.0,-1.0,604.434814453125,41.82421875,617.5362548828125,38.53515625,-1.0,-1.0,-1.0,-1.0,591.3333129882812,41.82421875,-1.0,-1.0,-1.0,-1.0,568.4058227539062,176.67578125,578.2318725585938,278.63671875,555.3043212890625,383.88671875,588.0579833984375,176.67578125,574.95654296875,278.63671875,555.3043212890625,377.30859375,-1.0,-1.0,-1.0,-1.0,-1.0,-1.0,-1.0,-1.0
-1.0,-1.0,605.434814453125,41.82421875,618.5362548828125,38.53515625,-1.0,-1.0,-1.0,-1.0,589.0579833984375,41.82421875,-1.0,-1.0,-1.0,-1.0,566.1304321289062,176.67578125,579.2318725585938,278.63671875,556.3043212890625,387.17578125,549.7536010742188,166.80859375,575.95654296875,278.63671875,556.3043212890625,377.30859375,-1.0,-1.0,-1.0,-1.0,-1.0,-1.0,-1.0,-1.0
-1.0,-1.0,606.434814453125,41.82421875,616.2608642578125,38.53515625,-1.0,-1.0,-1.0,-1.0,593.3333129882812,41.82421875,-1.0,-1.0,-1.0,-1.0,570.4058227539062,176.67578125,580.2318725585938,278.63671875,557.3043212890625,387.17578125,586.7825927734375,179.96484375,576.95654296875,278.63671875,554.0289916992188,380.59765625,-1.0,-1.0,-1.0,-1.0,-1.0,-1.0,-1.0,-1.0
-1.0,-1.0,607.434814453125,40.9140625,617.2608642578125,37.6171875,-1.0,-1.0,-1.0,-1.0,591.0579833984375,40.9140625,-1.0,-1.0,-1.0,-1.0,571.4058227539062,176.0859375,581.2318725585938,281.5859375,558.3043212890625,387.0859375,555.0289916992188,166.1953125,577.95654296875,278.2890625,555.0289916992188,380.4921875,-1.0,-1.0,-1.0,-1.0,-1.0,-1.0,-1.0,-1.0
-1.0,-1.0,609.2174072265625,40.9140625,619.1304321289062,37.6171875,-1.0,-1.0,-1.0,-1.0,596.0,37.6171875,-1.0,-1.0,-1.0,-1.0,569.565185546875,176.0859375,582.7825927734375,281.5859375,559.6521606445312,387.0859375,553.04345703125,166.1953125,579.478271484375,278.2890625,556.3478393554688,380.4921875,-1.0,-1.0,-1.0,-1.0,-1.0,-1.0,-1.0,-1.0
-1.0,-1.0,610.2174072265625,40.82421875,620.1304321289062,37.53515625,-1.0,-1.0,-1.0,-1.0,597.0,37.53515625,-1.0,-1.0,-1.0,-1.0,573.8695678710938,178.96484375,583.7825927734375,280.92578125,560.6521606445312,389.46484375,580.478271484375,178.96484375,580.478271484375,277.63671875,557.3478393554688,379.59765625,-1.0,-1.0,-1.0,-1.0,626.7391357421875,4.64453125,-1.0,-1.0
-1.0,-1.0,607.9130249023438,37.53515625,617.8261108398438,34.24609375,-1.0,-1.0,-1.0,-1.0,594.6956787109375,37.53515625,-1.0,-1.0,-1.0,-1.0,574.8695678710938,178.96484375,584.7825927734375,280.92578125,561.6521606445312,389.46484375,555.04345703125,169.09765625,581.478271484375,277.63671875,558.3478393554688,379.59765625,-1.0,-1.0,-1.0,-1.0,624.434814453125,4.64453125,-1.0,-1.0
-1.0,-1.0,608.9130249023438,37.53515625,618.8261108398438,34.24609375,-1.0,-1.0,-1.0,-1.0,595.6956787109375,37.53515625,-1.0,-1.0,-1.0,-1.0,579.1738891601562,175.67578125,585.7825927734375,280.92578125,562.6521606445312,389.46484375,556.04345703125,169.09765625,582.478271484375,277.63671875,559.3478393554688,379.59765625,-1.0,-1.0,-1.0,-1.0,628.7391357421875,4.64453125,-1.0,-1.0
-1.0,-1.0,609.9130249023438,37.53515625,619.8261108398438,34.24609375,-1.0,-1.0,-1.0,-1.0,596.6956787109375,34.24609375,-1.0,-1.0,-1.0,-1.0,576.8695678710938,175.67578125,586.7825927734375,280.92578125,563.6521606445312,389.46484375,596.6956787109375,175.67578125,583.478271484375,277.63671875,560.3478393554688,379.59765625,-1.0,-1.0,-1.0,-1.0,623.1304321289062,4.64453125,-1.0,-1.0
-1.0,-1.0,610.9130249023438,37.53515625,617.521728515625,34.24609375,-1.0,-1.0,-1.0,-1.0,594.3912963867188,37.53515625,-1.0,-1.0,-1.0,-1.0,581.1738891601562,175.67578125,587.7825927734375,280.92578125,564.6521606445312,386.17578125,601.0,172.38671875,-1.0,-1.0,-1.0,-1.0,-1.0,-1.0,-1.0,-1.0,627.434814453125,4.64453125,-1.0,-1.0
-1.0,-1.0,608.6087036132812,33.3203125,618.521728515625,33.3203125,-1.0,-1.0,-1.0,-1.0,595.3912963867188,36.6171875,-1.0,-1.0,-1.0,-1.0,582.1738891601562,178.3828125,588.7825927734375,280.5859375,565.6521606445312,386.0859375,598.6956787109375,178.3828125,-1.0,-1.0,-1.0,-1.0,-1.0,-1.0,-1.0,-1.0,621.8261108398438,3.6484375,-1.0,-1.0
-1.0,-1.0,612.159423828125,36.6171875,618.7101440429688,33.3203125,-1.0,-1.0,-1.0,-1.0,595.7825927734375,36.6171875,-1.0,-1.0,-1.0,-1.0,579.4058227539062,178.3828125,589.2318725585938,280.5859375,566.3043212890625,389.3828125,599.0579833984375,178.3828125,585.95654296875,277.2890625,563.0289916992188,379.4921875,-1.0,-1.0,-1.0,-1.0,628.5362548828125,3.6484375,-1.0,-1.0
-1.0,-1.0,612.159423828125,33.3203125,618.7101440429688,33.3203125,-1.0,-1.0,-1.0,-1.0,595.7825927734375,36.6171875,-1.0,-1.0,-1.0,-1.0,585.95654296875,178.3828125,592.5072631835938,280.5859375,566.3043212890625,389.3828125,599.0579833984375,178.3828125,589.2318725585938,280.5859375,563.0289916992188,379.4921875,-1.0,-1.0,-1.0,-1.0,638.3623046875,3.6484375,-1.0,-1.0
-1.0,-1.0,612.0,33.3203125,621.88232421875,33.3203125,-1.0,-1.0,-1.0,-1.0,598.8235473632812,36.6171875,-1.0,-1.0,-1.0,-1.0,592.2352905273438,175.0859375,592.2352905273438,283.8828125,565.88232421875,389.3828125,559.2941284179688,171.7890625,588.941162109375,283.8828125,565.88232421875,379.4921875,-1.0,-1.0,-1.0,-1.0,635.058837890625,3.6484375,-1.0,-1.0
-1.0,-1.0,613.4925537109375,33.3203125,623.432861328125,33.3203125,-1.0,-1.0,-1.0,-1.0,600.2388305664062,36.6171875,-1.0,-1.0,-1.0,-1.0,590.2985229492188,178.3828125,593.6119384765625,280.5859375,567.1044921875,392.6796875,560.4776000976562,171.7890625,593.6119384765625,283.8828125,567.1044921875,379.4921875,-1.0,-1.0,-1.0,-1.0,653.2537231445312,3.6484375,-1.0,-1.0
-1.0,-1.0,616.8059692382812,33.3203125,623.432861328125,30.0234375,-1.0,-1.0,-1.0,-1.0,600.2388305664062,36.6171875,-1.0,-1.0,-1.0,-1.0,593.6119384765625,175.0859375,593.6119384765625,280.5859375,567.1044921875,389.3828125,560.4776000976562,171.7890625,593.6119384765625,283.8828125,573.7313232421875,379.4921875,-1.0,-1.0,-1.0,-1.0,-1.0,-1.0,-1.0,-1.0
-1.0,-1.0,617.014892578125,33.3203125,626.8656616210938,30.0234375,-1.0,-1.0,-1.0,-1.0,597.3134155273438,36.6171875,-1.0,-1.0,-1.0,-1.0,594.0298461914062,175.0859375,597.3134155273438,280.5859375,571.0447998046875,389.3828125,561.1940307617188,168.4921875,594.0298461914062,280.5859375,574.328369140625,379.4921875,-1.0,-1.0,-1.0,-1.0,-1.0,-1.0,-1.0,-1.0
-1.0,-1.0,617.014892578125,33.3203125,630.1492309570312,33.3203125,-1.0,-1.0,-1.0,-1.0,594.0298461914062,43.2109375,564.4776000976562,79.4765625,-1.0,-1.0,597.3134155273438,175.0859375,597.3134155273438,283.8828125,571.0447998046875,389.3828125,564.4776000976562,168.4921875,597.3134155273438,280.5859375,574.328369140625,379.4921875,-1.0,-1.0,-1.0,-1.0,-1.0,-1.0,-1.0,-1.0
-1.0,-1.0,613.5757446289062,33.3203125,626.7879028320312,30.0234375,-1.0,-1.0,-1.0,-1.0,590.4545288085938,46.5078125,-1.0,-1.0,-1.0,-1.0,610.272705078125,165.1953125,600.3636474609375,283.8828125,573.9393920898438,386.0859375,567.3333129882812,165.1953125,597.0606079101562,280.5859375,577.242431640625,382.7890625,-1.0,-1.0,-1.0,-1.0,-1.0,-1.0,-1.0,-1.0
-1.0,-1.0,618.4000244140625,32.46875,631.6923217773438,32.46875,-1.0,-1.0,-1.0,-1.0,595.1384887695312,42.40625,-1.0,-1.0,-1.0,-1.0,601.7846069335938,171.59375,601.7846069335938,284.21875,575.2000122070312,393.53125,568.5538330078125,164.96875,598.4615478515625,280.90625,575.2000122070312,386.90625,-1.0,-1.0,-1.0,-1.0,-1.0,-1.0,-1.0,-1.0
-1.0,-1.0,-1.0,-1.0,-1.0,-1.0,-1.0,-1.0,-1.0,-1.0,-1.0,-1.0,-1.0,-1.0,-1.0,-1.0,608.4307861328125,168.28125,601.7846069335938,284.21875,575.2000122070312,396.84375,-1.0,-1.0,-1.0,-1.0,-1.0,-1.0,-1.0,-1.0,-1.0,-1.0,-1.0,-1.0,-1.0,-1.0
-1.0,-1.0,-1.0,-1.0,-1.0,-1.0,-1.0,-1.0,-1.0,-1.0,-1.0,-1.0,-1.0,-1.0,-1.0,-1.0,608.7230834960938,168.28125,602.138427734375,284.21875,575.7999877929688,396.84375,-1.0,-1.0,-1.0,-1.0,-1.0,-1.0,-1.0,-1.0,-1.0,-1.0,-1.0,-1.0,-1.0,-1.0
-1.0,-1.0,-1.0,-1.0,-1.0,-1.0,-1.0,-1.0,-1.0,-1.0,-1.0,-1.0,-1.0,-1.0,-1.0,-1.0,608.7230834960938,168.28125,605.4307861328125,284.21875,575.7999877929688,400.15625,-1.0,-1.0,-1.0,-1.0,-1.0,-1.0,-1.0,-1.0,-1.0,-1.0,-1.0,-1.0,-1.0,-1.0
-1.0,-1.0,-1.0,-1.0,-1.0,-1.0,-1.0,-1.0,-1.0,-1.0,-1.0,-1.0,-1.0,-1.0,-1.0,-1.0,608.53125,168.28125,608.53125,284.21875,578.71875,400.15625,-1.0,-1.0,-1.0,-1.0,-1.0,-1.0,-1.0,-1.0,-1.0,-1.0,-1.0,-1.0,-1.0,-1.0
-1.0,-1.0,616.6666870117188,32.46875,633.3333129882812,29.15625,-1.0,-1.0,-1.0,-1.0,603.3333129882812,39.09375,-1.0,-1.0,-1.0,-1.0,610.0,174.90625,610.0,284.21875,580.0,400.15625,-1.0,-1.0,-1.0,-1.0,-1.0,-1.0,-1.0,-1.0,-1.0,-1.0,-1.0,-1.0,-1.0,-1.0
-1.0,-1.0,616.6666870117188,35.78125,633.3333129882812,25.84375,-1.0,-1.0,-1.0,-1.0,603.3333129882812,42.40625,-1.0,-1.0,-1.0,-1.0,613.3333129882812,174.90625,610.0,284.21875,583.3333129882812,400.15625,573.3333129882812,171.59375,606.6666870117188,284.21875,580.0,400.15625,-1.0,-1.0,-1.0,-1.0,-1.0,-1.0,-1.0,-1.0
-1.0,-1.0,-1.0,-1.0,-1.0,-1.0,-1.0,-1.0,-1.0,-1.0,-1.0,-1.0,-1.0,-1.0,-1.0,-1.0,610.2857055664062,174.90625,610.2857055664062,284.21875,583.873046875,400.15625,-1.0,-1.0,-1.0,-1.0,-1.0,-1.0,-1.0,-1.0,-1.0,-1.0,-1.0,-1.0,-1.0,-1.0
-1.0,-1.0,616.888916015625,35.78125,633.3968505859375,29.15625,-1.0,-1.0,-1.0,-1.0,606.984130859375,39.09375,-1.0,-1.0,-1.0,-1.0,613.5872802734375,174.90625,610.2857055664062,280.90625,583.873046875,400.15625,-1.0,-1.0,-1.0,-1.0,-1.0,-1.0,-1.0,-1.0,-1.0,-1.0,-1.0,-1.0,-1.0,-1.0
-1.0,-1.0,-1.0,-1.0,-1.0,-1.0,-1.0,-1.0,-1.0,-1.0,-1.0,-1.0,-1.0,-1.0,-1.0,-1.0,613.4193725585938,174.90625,610.0968017578125,280.90625,586.8386840820312,403.46875,-1.0,-1.0,-1.0,-1.0,-1.0,-1.0,-1.0,-1.0,-1.0,-1.0,-1.0,-1.0,-1.0,-1.0
-1.0,-1.0,-1.0,-1.0,-1.0,-1.0,-1.0,-1.0,-1.0,-1.0,-1.0,-1.0,-1.0,-1.0,-1.0,-1.0,614.9180297851562,171.3984375,611.5737915039062,281.2265625,588.1639404296875,401.0390625,-1.0,-1.0,-1.0,-1.0,-1.0,-1.0,-1.0,-1.0,-1.0,-1.0,-1.0,-1.0,-1.0,-1.0
-1.0,-1.0,-1.0,-1.0,-1.0,-1.0,-1.0,-1.0,-1.0,-1.0,-1.0,-1.0,-1.0,-1.0,-1.0,-1.0,614.9180297851562,174.7265625,611.5737915039062,281.2265625,588.1639404296875,404.3671875,-1.0,-1.0,-1.0,-1.0,-1.0,-1.0,-1.0,-1.0,-1.0,-1.0,-1.0,-1.0,-1.0,-1.0
-1.0,-1.0,-1.0,-1.0,-1.0,-1.0,-1.0,-1.0,-1.0,-1.0,-1.0,-1.0,-1.0,-1.0,-1.0,-1.0,615.1639404296875,174.7265625,611.8524780273438,284.5546875,588.672119140625,404.3671875,-1.0,-1.0,-1.0,-1.0,-1.0,-1.0,-1.0,-1.0,-1.0,-1.0,-1.0,-1.0,-1.0,-1.0
-1.0,-1.0,-1.0,-1.0,-1.0,-1.0,-1.0,-1.0,-1.0,-1.0,-1.0,-1.0,-1.0,-1.0,-1.0,-1.0,618.4754028320312,174.7265625,611.8524780273438,284.5546875,591.9835815429688,404.3671875,-1.0,-1.0,-1.0,-1.0,-1.0,-1.0,-1.0,-1.0,-1.0,-1.0,-1.0,-1.0,-1.0,-1.0
-1.0,-1.0,-1.0,-1.0,-1.0,-1.0,-1.0,-1.0,-1.0,-1.0,-1.0,-1.0,-1.0,-1.0,-1.0,-1.0,618.3333129882812,174.7265625,611.6666870117188,287.8828125,591.6666870117188,404.3671875,-1.0,-1.0,-1.0,-1.0,-1.0,-1.0,-1.0,-1.0,-1.0,-1.0,-1.0,-1.0,-1.0,-1.0
-1.0,-1.0,-1.0,-1.0,-1.0,-1.0,-1.0,-1.0,-1.0,-1.0,-1.0,-1.0,-1.0,-1.0,-1.0,-1.0,618.4754028320312,174.7265625,611.8524780273438,287.8828125,591.9835815429688,404.3671875,-1.0,-1.0,-1.0,-1.0,-1.0,-1.0,-1.0,-1.0,-1.0,-1.0,-1.0,-1.0,-1.0,-1.0
-1.0,-1.0,-1.0,-1.0,-1.0,-1.0,-1.0,-1.0,-1.0,-1.0,-1.0,-1.0,-1.0,-1.0,-1.0,-1.0,618.4754028320312,174.7265625,611.8524780273438,287.8828125,591.9835815429688,404.3671875,-1.0,-1.0,-1.0,-1.0,-1.0,-1.0,-1.0,-1.0,-1.0,-1.0,-1.0,-1.0,-1.0,-1.0
-1.0,-1.0,-1.0,-1.0,-1.0,-1.0,-1.0,-1.0,-1.0,-1.0,-1.0,-1.0,-1.0,-1.0,-1.0,-1.0,621.6065673828125,178.0546875,611.5737915039062,287.8828125,594.8524780273438,404.3671875,-1.0,-1.0,-1.0,-1.0,-1.0,-1.0,-1.0,-1.0,-1.0,-1.0,-1.0,-1.0,-1.0,-1.0
-1.0,-1.0,-1.0,-1.0,-1.0,-1.0,-1.0,-1.0,-1.0,-1.0,-1.0,-1.0,-1.0,-1.0,-1.0,-1.0,616.741943359375,181.3828125,610.0968017578125,291.2109375,593.48388671875,404.3671875,-1.0,-1.0,-1.0,-1.0,-1.0,-1.0,-1.0,-1.0,-1.0,-1.0,-1.0,-1.0,-1.0,-1.0
-1.0,-1.0,-1.0,-1.0,-1.0,-1.0,-1.0,-1.0,-1.0,-1.0,-1.0,-1.0,-1.0,-1.0,-1.0,-1.0,619.8709716796875,178.0546875,613.1612548828125,287.8828125,593.0322265625,404.3671875,-1.0,-1.0,-1.0,-1.0,-1.0,-1.0,-1.0,-1.0,-1.0,-1.0,-1.0,-1.0,-1.0,-1.0
-1.0,-1.0,-1.0,-1.0,-1.0,-1.0,-1.0,-1.0,-1.0,-1.0,-1.0,-1.0,-1.0,-1.0,-1.0,-1.0,616.6666870117188,178.0546875,610.0,287.8828125,593.3333129882812,407.6953125,-1.0,-1.0,-1.0,-1.0,-1.0,-1.0,-1.0,-1.0,-1.0,-1.0,-1.0,-1.0,-1.0,-1.0
-1.0,-1.0,-1.0,-1.0,-1.0,-1.0,-1.0,-1.0,-1.0,-1.0,-1.0,-1.0,-1.0,-1.0,-1.0,-1.0,616.6666870117188,178.0546875,610.0,287.8828125,593.3333129882812,407.6953125,-1.0,-1.0,-1.0,-1.0,-1.0,-1.0,-1.0,-1.0,-1.0,-1.0,-1.0,-1.0,-1.0,-1.0
-1.0,-1.0,-1.0,-1.0,-1.0,-1.0,-1.0,-1.0,-1.0,-1.0,-1.0,-1.0,-1.0,-1.0,-1.0,-1.0,618.46875,175.31640625,608.53125,288.20703125,591.96875,407.73828125,-1.0,-1.0,-1.0,-1.0,-1.0,-1.0,-1.0,-1.0,-1.0,-1.0,-1.0,-1.0,-1.0,-1.0
-1.0,-1.0,-1.0,-1.0,-1.0,-1.0,-1.0,-1.0,-1.0,-1.0,-1.0,-1.0,-1.0,-1.0,-1.0,-1.0,618.265625,178.63671875,608.234375,288.20703125,588.171875,407.73828125,-1.0,-1.0,-1.0,-1.0,-1.0,-1.0,-1.0,-1.0,-1.0,-1.0,-1.0,-1.0,-1.0,-1.0
-1.0,-1.0,-1.0,-1.0,-1.0,-1.0,-1.0,-1.0,-1.0,-1.0,-1.0,-1.0,-1.0,-1.0,-1.0,-1.0,611.7538452148438,175.31640625,608.4307861328125,288.20703125,585.1692504882812,407.73828125,-1.0,-1.0,-1.0,-1.0,-1.0,-1.0,-1.0,-1.0,-1.0,-1.0,-1.0,-1.0,-1.0,-1.0
-1.0,-1.0,-1.0,-1.0,-1.0,-1.0,-1.0,-1.0,-1.0,-1.0,-1.0,-1.0,-1.0,-1.0,-1.0,-1.0,608.4307861328125,175.31640625,605.107666015625,288.20703125,585.1692504882812,407.73828125,-1.0,-1.0,-1.0,-1.0,-1.0,-1.0,-1.0,-1.0,-1.0,-1.0,-1.0,-1.0,-1.0,-1.0
-1.0,-1.0,-1.0,-1.0,-1.0,-1.0,-1.0,-1.0,-1.0,-1.0,-1.0,-1.0,-1.0,-1.0,-1.0,-1.0,610.1790771484375,171.99609375,603.55224609375,291.52734375,580.3582153320312,407.73828125,-1.0,-1.0,-1.0,-1.0,-1.0,-1.0,-1.0,-1.0,-1.0,-1.0,-1.0,-1.0,-1.0,-1.0
-1.0,-1.0,-1.0,-1.0,-1.0,-1.0,-1.0,-1.0,-1.0,-1.0,-1.0,-1.0,-1.0,-1.0,-1.0,-1.0,608.4264526367188,168.67578125,601.7794189453125,288.20703125,575.191162109375,407.73828125,-1.0,-1.0,-1.0,-1.0,-1.0,-1.0,-1.0,-1.0,-1.0,-1.0,-1.0,-1.0,-1.0,-1.0
-1.0,-1.0,-1.0,-1.0,-1.0,-1.0,-1.0,-1.0,-1.0,-1.0,-1.0,-1.0,-1.0,-1.0,-1.0,-1.0,606.857177734375,165.35546875,596.914306640625,288.20703125,573.7142944335938,407.73828125,-1.0,-1.0,-1.0,-1.0,-1.0,-1.0,-1.0,-1.0,-1.0,-1.0,-1.0,-1.0,-1.0,-1.0
-1.0,-1.0,-1.0,-1.0,-1.0,-1.0,-1.0,-1.0,-1.0,-1.0,-1.0,-1.0,-1.0,-1.0,-1.0,-1.0,603.4366455078125,164.96875,596.7887573242188,290.84375,570.1972045898438,406.78125,-1.0,-1.0,-1.0,-1.0,-1.0,-1.0,-1.0,-1.0,-1.0,-1.0,-1.0,-1.0,-1.0,-1.0
-1.0,-1.0,-1.0,-1.0,-1.0,-1.0,-1.0,-1.0,-1.0,-1.0,-1.0,-1.0,-1.0,-1.0,-1.0,-1.0,601.6666870117188,161.65625,591.6666870117188,290.84375,568.3333129882812,406.78125,-1.0,-1.0,-1.0,-1.0,-1.0,-1.0,-1.0,-1.0,-1.0,-1.0,-1.0,-1.0,-1.0,-1.0
-1.0,-1.0,-1.0,-1.0,-1.0,-1.0,-1.0,-1.0,-1.0,-1.0,-1.0,-1.0,-1.0,-1.0,-1.0,-1.0,596.7838134765625,167.67578125,590.1351318359375,290.52734375,566.8648681640625,406.73828125,-1.0,-1.0,-1.0,-1.0,-1.0,-1.0,-1.0,-1.0,-1.0,-1.0,-1.0,-1.0,-1.0,-1.0
-1.0,-1.0,-1.0,-1.0,-1.0,-1.0,-1.0,-1.0,-1.0,-1.0,-1.0,-1.0,-1.0,-1.0,-1.0,-1.0,583.3333129882812,167.67578125,586.6666870117188,290.52734375,563.3333129882812,406.73828125,-1.0,-1.0,-1.0,-1.0,-1.0,-1.0,-1.0,-1.0,-1.0,-1.0,-1.0,-1.0,-1.0,-1.0
-1.0,-1.0,-1.0,-1.0,-1.0,-1.0,-1.0,-1.0,-1.0,-1.0,-1.0,-1.0,-1.0,-1.0,-1.0,-1.0,595.1168823242188,157.71484375,585.1428833007812,290.52734375,558.5454711914062,406.73828125,-1.0,-1.0,-1.0,-1.0,-1.0,-1.0,-1.0,-1.0,-1.0,-1.0,-1.0,-1.0,-1.0,-1.0
-1.0,-1.0,600.0,24.90234375,610.0,18.26171875,-1.0,-1.0,-1.0,-1.0,583.3333129882812,24.90234375,-1.0,-1.0,-1.0,-1.0,590.0,161.03515625,-1.0,-1.0,-1.0,-1.0,546.6666870117188,157.71484375,586.6666870117188,287.20703125,553.3333129882812,406.73828125,-1.0,-1.0,-1.0,-1.0,-1.0,-1.0,-1.0,-1.0
-1.0,-1.0,598.75,24.84375,611.9500122070312,18.21875,-1.0,-1.0,-1.0,-1.0,582.25,21.53125,-1.0,-1.0,-1.0,-1.0,592.1500244140625,157.34375,-1.0,-1.0,-1.0,-1.0,545.9500122070312,154.03125,582.25,289.84375,552.5499877929688,405.78125,-1.0,-1.0,-1.0,-1.0,-1.0,-1.0,-1.0,-1.0
-1.0,-1.0,600.48779296875,14.90625,610.3658447265625,14.90625,-1.0,-1.0,-1.0,-1.0,580.731689453125,18.21875,-1.0,-1.0,-1.0,-1.0,574.1463623046875,177.21875,574.1463623046875,289.84375,547.8048706054688,405.78125,544.51220703125,150.71875,577.4390258789062,289.84375,547.8048706054688,405.78125,-1.0,-1.0,-1.0,-1.0,-1.0,-1.0,-1.0,-1.0
-1.0,-1.0,600.3855590820312,1.65625,606.9879760742188,1.65625,-1.0,-1.0,-1.0,-1.0,-1.0,-1.0,-1.0,-1.0,-1.0,-1.0,573.9758911132812,173.90625,573.9758911132812,289.84375,547.5662841796875,405.78125,540.9638671875,157.34375,573.9758911132812,289.84375,547.5662841796875,405.78125,-1.0,-1.0,-1.0,-1.0,-1.0,-1.0,-1.0,-1.0
-1.0,-1.0,595.5294189453125,18.21875,605.4117431640625,14.90625,-1.0,-1.0,-1.0,-1.0,572.4705810546875,21.53125,-1.0,-1.0,-1.0,-1.0,569.1764526367188,177.21875,569.1764526367188,296.46875,546.11767578125,405.78125,539.5294189453125,157.34375,569.1764526367188,293.15625,542.8235473632812,405.78125,-1.0,-1.0,-1.0,-1.0,-1.0,-1.0,-1.0,-1.0
-1.0,-1.0,587.1627807617188,18.21875,597.0697631835938,14.90625,-1.0,-1.0,-1.0,-1.0,567.3488159179688,21.53125,-1.0,-1.0,-1.0,-1.0,567.3488159179688,173.90625,564.0465087890625,296.46875,540.9302368164062,405.78125,534.3255615234375,157.34375,567.3488159179688,296.46875,540.9302368164062,405.78125,-1.0,-1.0,-1.0,-1.0,-1.0,-1.0,-1.0,-1.0
-1.0,-1.0,587.0344848632812,18.21875,593.6551513671875,1.65625,-1.0,-1.0,-1.0,-1.0,-1.0,-1.0,-1.0,-1.0,-1.0,-1.0,557.2413940429688,167.28125,563.862060546875,296.46875,540.6896362304688,405.78125,534.0689697265625,147.40625,-1.0,-1.0,-1.0,-1.0,-1.0,-1.0,-1.0,-1.0,-1.0,-1.0,-1.0,-1.0
-1.0,-1.0,578.8876342773438,18.21875,-1.0,-1.0,-1.0,-1.0,-1.0,-1.0,-1.0,-1.0,-1.0,-1.0,-1.0,-1.0,562.3707885742188,170.59375,562.3707885742188,296.46875,535.94384765625,422.34375,529.3370971679688,160.65625,562.3707885742188,289.84375,532.6404418945312,422.34375,-1.0,-1.0,-1.0,-1.0,-1.0,-1.0,-1.0,-1.0
-1.0,-1.0,574.06591796875,18.21875,-1.0,-1.0,-1.0,-1.0,-1.0,-1.0,-1.0,-1.0,-1.0,-1.0,-1.0,-1.0,560.879150390625,160.65625,557.5823974609375,296.46875,531.2088012695312,422.34375,527.912109375,154.03125,560.879150390625,293.15625,531.2088012695312,422.34375,-1.0,-1.0,-1.0,-1.0,-1.0,-1.0,-1.0,-1.0
-1.0,-1.0,572.1075439453125,18.21875,-1.0,-1.0,-1.0,-1.0,-1.0,-1.0,585.3548583984375,1.65625,-1.0,-1.0,-1.0,-1.0,558.8602294921875,170.59375,555.5484008789062,299.78125,529.0537719726562,422.34375,522.4301147460938,157.34375,558.8602294921875,293.15625,529.0537719726562,422.34375,-1.0,-1.0,-1.0,-1.0,-1.0,-1.0,-1.0,-1.0
-1.0,-1.0,570.5894775390625,18.21875,-1.0,-1.0,-1.0,-1.0,-1.0,-1.0,-1.0,-1.0,-1.0,-1.0,-1.0,-1.0,554.0631713867188,170.59375,554.0631713867188,299.78125,527.6210327148438,409.09375,521.010498046875,157.34375,557.368408203125,296.46875,527.6210327148438,422.34375,-1.0,-1.0,-1.0,-1.0,-1.0,-1.0,-1.0,-1.0
-1.0,-1.0,572.3711547851562,18.21875,582.26806640625,1.65625,-1.0,-1.0,-1.0,-1.0,549.2783203125,24.84375,-1.0,-1.0,-1.0,-1.0,552.5773315429688,180.53125,549.2783203125,299.78125,522.8865966796875,422.34375,522.8865966796875,157.34375,555.8762817382812,296.46875,522.8865966796875,422.34375,-1.0,-1.0,-1.0,-1.0,-1.0,-1.0,-1.0,-1.0
-1.0,-1.0,566.8163452148438,18.21875,553.5101928710938,18.21875,-1.0,-1.0,-1.0,-1.0,583.448974609375,1.65625,-1.0,-1.0,-1.0,-1.0,550.1836547851562,177.21875,550.1836547851562,299.78125,523.5714111328125,412.40625,520.244873046875,160.65625,553.5101928710938,296.46875,520.244873046875,422.34375,-1.0,-1.0,-1.0,-1.0,-1.0,-1.0,-1.0,-1.0
-1.0,-1.0,565.2999877929688,18.26171875,545.3800048828125,18.26171875,-1.0,-1.0,-1.0,-1.0,578.5800170898438,1.66015625,-1.0,-1.0,-1.0,-1.0,548.7000122070312,174.31640625,545.3800048828125,300.48828125,518.8200073242188,423.33984375,512.1799926757812,164.35546875,548.7000122070312,297.16796875,518.8200073242188,423.33984375,-1.0,-1.0,-1.0,-1.0,-1.0,-1.0,-1.0,-1.0
-1.0,-1.0,567.0980224609375,14.94140625,547.2156982421875,18.26171875,-1.0,-1.0,-1.0,-1.0,-1.0,-1.0,-1.0,-1.0,-1.0,-1.0,543.9019775390625,174.31640625,543.9019775390625,300.48828125,517.3921508789062,423.33984375,510.76470947265625,164.35546875,547.2156982421875,297.16796875,514.0784301757812,423.33984375,-1.0,-1.0,-1.0,-1.0,-1.0,-1.0,-1.0,-1.0
-1.0,-1.0,568.8846435546875,1.66015625,572.1923217773438,1.66015625,-1.0,-1.0,-1.0,-1.0,-1.0,-1.0,-1.0,-1.0,-1.0,-1.0,542.423095703125,177.63671875,542.423095703125,300.48828125,515.9615478515625,423.33984375,509.3461608886719,161.03515625,545.7307739257812,297.16796875,512.6538696289062,423.33984375,-1.0,-1.0,-1.0,-1.0,-1.0,-1.0,-1.0,-1.0
-1.0,-1.0,561.6666870117188,14.94140625,535.0,18.26171875,-1.0,-1.0,-1.0,-1.0,571.6666870117188,1.66015625,-1.0,-1.0,-1.0,-1.0,541.6666870117188,177.63671875,538.3333129882812,300.48828125,515.0,423.33984375,505.0,164.35546875,541.6666870117188,300.48828125,508.3333435058594,423.33984375,-1.0,-1.0,-1.0,-1.0,-1.0,-1.0,-1.0,-1.0
-1.0,-1.0,562.1018676757812,1.66015625,532.2684936523438,18.26171875,-1.0,-1.0,-1.0,-1.0,578.6759033203125,1.66015625,-1.0,-1.0,-1.0,-1.0,535.5833129882812,170.99609375,538.8981323242188,300.48828125,512.379638671875,423.33984375,505.75,161.03515625,538.8981323242188,300.48828125,505.75,423.33984375,-1.0,-1.0,-1.0,-1.0,-1.0,-1.0,-1.0,-1.0
-1.0,-1.0,560.581787109375,1.66015625,534.1090698242188,1.66015625,-1.0,-1.0,-1.0,-1.0,577.1272583007812,1.66015625,-1.0,-1.0,-1.0,-1.0,534.1090698242188,174.31640625,534.1090698242188,300.48828125,510.9454650878906,423.33984375,501.0181884765625,164.35546875,537.418212890625,300.48828125,504.3272705078125,423.33984375,-1.0,-1.0,-1.0,-1.0,-1.0,-1.0,-1.0,-1.0
-1.0,-1.0,563.3333129882812,1.66015625,-1.0,-1.0,-1.0,-1.0,-1.0,-1.0,576.6666870117188,1.66015625,-1.0,-1.0,-1.0,-1.0,533.3333129882812,174.31640625,533.3333129882812,303.80859375,510.0,423.33984375,503.3333435058594,154.39453125,536.6666870117188,300.48828125,503.3333435058594,423.33984375,-1.0,-1.0,-1.0,-1.0,-1.0,-1.0,-1.0,-1.0
-1.0,-1.0,558.4779052734375,1.6640625,565.1327514648438,1.6640625,-1.0,-1.0,-1.0,-1.0,-1.0,-1.0,-1.0,-1.0,-1.0,-1.0,528.531005859375,168.0703125,531.8583984375,304.5234375,508.5663757324219,424.3359375,498.5840759277344,148.1015625,531.8583984375,301.1953125,501.9114990234375,424.3359375,-1.0,-1.0,-1.0,-1.0,-1.0,-1.0,-1.0,-1.0
-1.0,-1.0,556.95654296875,1.6640625,-1.0,-1.0,-1.0,-1.0,-1.0,-1.0,573.565185546875,1.6640625,-1.0,-1.0,-1.0,-1.0,530.3826293945312,171.3984375,527.0608520507812,304.5234375,507.13043212890625,424.3359375,497.16522216796875,158.0859375,530.3826293945312,304.5234375,500.4869689941406,424.3359375,-1.0,-1.0,-1.0,-1.0,-1.0,-1.0,-1.0,-1.0
-1.0,-1.0,552.11962890625,1.6640625,522.2734985351562,14.9765625,-1.0,-1.0,-1.0,-1.0,575.3333129882812,1.6640625,-1.0,-1.0,-1.0,-1.0,525.5897216796875,171.3984375,525.5897216796875,304.5234375,502.3760681152344,424.3359375,495.74359130859375,154.7578125,528.906005859375,304.5234375,499.059814453125,424.3359375,-1.0,-1.0,-1.0,-1.0,-1.0,-1.0,-1.0,-1.0
-1.0,-1.0,549.8474731445312,1.6640625,519.796630859375,14.9765625,-1.0,-1.0,-1.0,-1.0,573.2203369140625,1.6640625,-1.0,-1.0,-1.0,-1.0,529.8135375976562,181.3828125,526.474609375,304.5234375,503.1016845703125,424.3359375,496.4237365722656,161.4140625,526.474609375,304.5234375,496.4237365722656,424.3359375,-1.0,-1.0,-1.0,-1.0,-1.0,-1.0,-1.0,-1.0
-1.0,-1.0,548.8474731445312,1.6640625,572.2203369140625,1.6640625,-1.0,-1.0,-1.0,-1.0,-1.0,-1.0,-1.0,-1.0,-1.0,-1.0,525.474609375,174.7265625,522.1356201171875,304.5234375,502.1016845703125,424.3359375,488.7457580566406,164.7421875,525.474609375,304.5234375,495.4237365722656,424.3359375,-1.0,-1.0,-1.0,-1.0,-1.0,-1.0,-1.0,-1.0
-1.0,-1.0,551.47900390625,1.6640625,574.7731323242188,1.6640625,-1.0,-1.0,-1.0,-1.0,-1.0,-1.0,-1.0,-1.0,-1.0,-1.0,521.5294189453125,168.0703125,521.5294189453125,307.8515625,498.23529052734375,424.3359375,484.92437744140625,154.7578125,524.857177734375,307.8515625,491.579833984375,424.3359375,-1.0,-1.0,-1.0,-1.0,-1.0,-1.0,-1.0,-1.0
-1.0,-1.0,556.537841796875,2.66015625,576.4033203125,2.66015625,619.4453735351562,72.38671875,-1.0,-1.0,526.739501953125,2.66015625,-1.0,-1.0,-1.0,-1.0,526.739501953125,158.71484375,516.8067016601562,308.12890625,496.941162109375,424.33984375,483.6974792480469,148.75390625,523.4285888671875,308.12890625,490.3193359375,424.33984375,-1.0,-1.0,-1.0,-1.0,-1.0,-1.0,-1.0,-1.0
-1.0,-1.0,552.2268676757812,2.66015625,575.4033203125,2.66015625,615.1344604492188,72.38671875,-1.0,-1.0,522.4285888671875,2.66015625,-1.0,-1.0,-1.0,-1.0,522.4285888671875,165.35546875,515.8067016601562,308.12890625,495.941162109375,424.33984375,482.6974792480469,152.07421875,522.4285888671875,308.12890625,489.3193359375,424.33984375,-1.0,-1.0,-1.0,-1.0,-1.0,-1.0,-1.0,-1.0
-1.0,-1.0,551.2268676757812,2.66015625,577.7142944335938,2.66015625,617.4453735351562,69.06640625,-1.0,-1.0,518.11767578125,2.66015625,-1.0,-1.0,-1.0,-1.0,521.4285888671875,168.67578125,518.11767578125,311.44921875,491.6302490234375,424.33984375,478.3865661621094,152.07421875,521.4285888671875,308.12890625,491.6302490234375,424.33984375,-1.0,-1.0,-1.0,-1.0,-1.0,-1.0,-1.0,-1.0
-1.0,-1.0,550.2268676757812,2.66015625,576.7142944335938,2.66015625,-1.0,-1.0,-1.0,-1.0,517.11767578125,2.66015625,-1.0,-1.0,-1.0,-1.0,520.4285888671875,171.99609375,520.4285888671875,308.12890625,493.941162109375,424.33984375,477.3865661621094,155.39453125,520.4285888671875,308.12890625,490.6302490234375,424.33984375,-1.0,-1.0,-1.0,-1.0,-1.0,-1.0,-1.0,-1.0
-1.0,-1.0,549.2268676757812,2.66015625,579.0252075195312,2.66015625,-1.0,-1.0,-1.0,-1.0,-1.0,-1.0,-1.0,-1.0,-1.0,-1.0,522.739501953125,175.31640625,519.4285888671875,311.44921875,-1.0,-1.0,479.6974792480469,162.03515625,522.739501953125,308.12890625,-1.0,-1.0,-1.0,-1.0,-1.0,-1.0,-1.0,-1.0,-1.0,-1.0
-1.0,-1.0,546.8499755859375,3.65625,579.8499755859375,3.65625,-1.0,-1.0,-1.0,-1.0,510.54998779296875,3.65625,-1.0,-1.0,-1.0,-1.0,520.4500122070312,179.21875,520.4500122070312,311.71875,497.3500061035156,424.34375,480.8500061035156,165.96875,527.0499877929688,308.40625,-1.0,-1.0,-1.0,-1.0,-1.0,-1.0,-1.0,-1.0,-1.0,-1.0
-1.0,-1.0,549.3333129882812,2.66015625,589.3333129882812,2.66015625,-1.0,-1.0,-1.0,-1.0,512.6666870117188,2.66015625,-1.0,-1.0,-1.0,-1.0,522.6666870117188,178.63671875,522.6666870117188,311.44921875,499.3333435058594,424.33984375,482.6666564941406,165.35546875,526.0,308.12890625,539.3333129882812,338.01171875,-1.0,-1.0,-1.0,-1.0,-1.0,-1.0,-1.0,-1.0
-1.0,-1.0,547.4359130859375,2.66015625,-1.0,-1.0,-1.0,-1.0,-1.0,-1.0,-1.0,-1.0,-1.0,-1.0,-1.0,-1.0,520.906005859375,185.27734375,524.2222290039062,311.44921875,-1.0,-1.0,484.4273681640625,175.31640625,527.5384521484375,308.12890625,-1.0,-1.0,-1.0,-1.0,-1.0,-1.0,-1.0,-1.0,-1.0,-1.0
-1.0,-1.0,548.95654296875,2.66015625,-1.0,-1.0,-1.0,-1.0,-1.0,-1.0,-1.0,-1.0,-1.0,-1.0,-1.0,-1.0,525.704345703125,185.27734375,525.704345703125,311.44921875,-1.0,-1.0,485.8434753417969,178.63671875,529.026123046875,308.12890625,-1.0,-1.0,-1.0,-1.0,-1.0,-1.0,-1.0,-1.0,-1.0,-1.0
-1.0,-1.0,553.0,2.66015625,593.0,2.66015625,-1.0,-1.0,-1.0,-1.0,516.3333129882812,2.66015625,-1.0,-1.0,-1.0,-1.0,536.3333129882812,165.35546875,529.6666870117188,318.08984375,-1.0,-1.0,486.3333435058594,162.03515625,533.0,311.44921875,-1.0,-1.0,-1.0,-1.0,-1.0,-1.0,-1.0,-1.0,-1.0,-1.0
-1.0,-1.0,551.4779052734375,2.66015625,-1.0,-1.0,-1.0,-1.0,-1.0,-1.0,518.2035522460938,2.66015625,-1.0,-1.0,-1.0,-1.0,541.49560546875,158.71484375,528.1858520507812,314.76953125,-1.0,-1.0,484.92919921875,162.03515625,534.8406982421875,311.44921875,-1.0,-1.0,-1.0,-1.0,-1.0,-1.0,-1.0,-1.0,-1.0,-1.0
-1.0,-1.0,549.3035888671875,2.66015625,-1.0,-1.0,-1.0,-1.0,-1.0,-1.0,516.0892944335938,2.66015625,-1.0,-1.0,-1.0,-1.0,526.0535888671875,171.99609375,529.375,314.76953125,-1.0,-1.0,482.875,165.35546875,532.6964111328125,308.12890625,-1.0,-1.0,-1.0,-1.0,-1.0,-1.0,-1.0,-1.0,-1.0,-1.0
-1.0,-1.0,551.1171264648438,2.66015625,-1.0,-1.0,-1.0,-1.0,-1.0,-1.0,517.9639892578125,2.66015625,-1.0,-1.0,-1.0,-1.0,544.4864501953125,148.75390625,-1.0,-1.0,-1.0,-1.0,488.1261291503906,152.07421875,537.8558349609375,311.44921875,-1.0,-1.0,-1.0,-1.0,-1.0,-1.0,-1.0,-1.0,-1.0,-1.0
-1.0,-1.0,551.8181762695312,2.66015625,-1.0,-1.0,-1.0,-1.0,-1.0,-1.0,521.8727416992188,2.66015625,-1.0,-1.0,-1.0,-1.0,541.8363647460938,158.71484375,535.1818237304688,318.08984375,-1.0,-1.0,488.6000061035156,158.71484375,541.8363647460938,311.44921875,-1.0,-1.0,-1.0,-1.0,-1.0,-1.0,-1.0,-1.0,-1.0,-1.0
-1.0,-1.0,550.0,2.66015625,-1.0,-1.0,-1.0,-1.0,-1.0,-1.0,523.3333129882812,2.66015625,-1.0,-1.0,-1.0,-1.0,546.6666870117188,152.07421875,536.6666870117188,318.08984375,-1.0,-1.0,490.0,162.03515625,540.0,311.44921875,-1.0,-1.0,-1.0,-1.0,-1.0,-1.0,-1.0,-1.0,-1.0,-1.0
-1.0,-1.0,554.7870483398438,2.66015625,-1.0,-1.0,-1.0,-1.0,-1.0,-1.0,524.9537353515625,2.66015625,-1.0,-1.0,-1.0,-1.0,551.4722290039062,148.75390625,-1.0,-1.0,-1.0,-1.0,491.8055419921875,162.03515625,538.2129516601562,314.76953125,-1.0,-1.0,-1.0,-1.0,-1.0,-1.0,-1.0,-1.0,-1.0,-1.0
-1.0,-1.0,556.3018798828125,2.66015625,-1.0,-1.0,-1.0,-1.0,-1.0,-1.0,526.4151000976562,2.66015625,-1.0,-1.0,-1.0,-1.0,549.660400390625,158.71484375,539.6981201171875,318.08984375,-1.0,-1.0,489.88677978515625,162.03515625,546.339599609375,314.76953125,-1.0,-1.0,-1.0,-1.0,-1.0,-1.0,-1.0,-1.0,-1.0,-1.0
