444.0,120.7109375,458.0,136.5859375,440.0,140.5546875,436.0,168.3359375,440.0,190.1640625,478.0,136.5859375,482.0,176.2734375,464.0,194.1328125,448.0,200.0859375,448.0,257.6328125,452.0,309.2265625,470.0,202.0703125,472.0,251.6796875,470.0,307.2421875,440.0,118.7265625,446.0,114.7578125,-1.0,-1.0,456.0,112.7734375
441.0,122.6953125,453.0,136.5859375,435.0,138.5703125,431.0,168.3359375,433.0,190.1640625,473.0,136.5859375,479.0,170.3203125,461.0,194.1328125,441.0,200.0859375,445.0,251.6796875,449.0,305.2578125,465.0,200.0859375,467.0,249.6953125,471.0,305.2578125,435.0,118.7265625,443.0,114.7578125,-1.0,-1.0,451.0,112.7734375
434.0,122.6953125,448.0,136.5859375,430.0,140.5546875,426.0,168.3359375,440.0,170.3203125,468.0,136.5859375,476.0,172.3046875,454.0,196.1171875,438.0,200.0859375,442.0,249.6953125,448.0,309.2265625,464.0,202.0703125,462.0,251.6796875,464.0,315.1796875,432.0,118.7265625,436.0,116.7421875,-1.0,-1.0,446.0,112.7734375
429.8254089355469,121.56640625,445.5714416503906,137.37890625,425.8888854980469,141.33203125,425.8888854980469,169.00390625,425.8888854980469,188.76953125,463.28570556640625,137.37890625,469.19049072265625,174.93359375,449.5079345703125,194.69921875,433.76190185546875,204.58203125,435.73016357421875,252.01953125,441.6349182128906,307.36328125,455.4126892089844,204.58203125,455.4126892089844,252.01953125,455.4126892089844,311.31640625,425.8888854980469,119.58984375,431.79364013671875,115.63671875,-1.0,-1.0,441.6349182128906,113.66015625
426.0,121.7109375,440.0,137.5859375,422.0,139.5703125,420.0,169.3359375,430.0,173.3046875,460.0,137.5859375,466.0,175.2890625,446.0,195.1328125,430.0,203.0703125,434.0,254.6640625,438.0,308.2421875,454.0,205.0546875,452.0,252.6796875,454.0,306.2578125,422.0,119.7265625,430.0,115.7578125,420.0,121.7109375,440.0,113.7734375
425.0,119.7265625,437.0,137.5859375,417.0,139.5703125,417.0,169.3359375,425.0,175.2890625,455.0,137.5859375,461.0,175.2890625,441.0,195.1328125,425.0,203.0703125,431.0,256.6484375,437.0,306.2578125,449.0,205.0546875,449.0,254.6640625,449.0,306.2578125,421.0,117.7421875,429.0,113.7734375,417.0,119.7265625,437.0,113.7734375
422.0,117.7421875,434.0,137.5859375,414.0,139.5703125,-1.0,-1.0,-1.0,-1.0,452.0,137.5859375,458.0,173.3046875,438.0,195.1328125,422.0,201.0859375,426.0,254.6640625,436.0,306.2578125,446.0,203.0703125,446.0,254.6640625,440.0,306.2578125,420.0,113.7734375,426.0,111.7890625,414.0,117.7421875,434.0,113.7734375
419.0,117.7421875,431.0,137.5859375,411.0,139.5703125,-1.0,-1.0,-1.0,-1.0,449.0,137.5859375,453.0,175.2890625,435.0,197.1171875,417.0,201.0859375,423.0,252.6796875,433.0,306.2578125,443.0,201.0859375,443.0,252.6796875,447.0,306.2578125,417.0,113.7734375,423.0,111.7890625,411.0,117.7421875,431.0,113.7734375
415.79364013671875,116.63671875,425.6349182128906,136.40234375,407.9206237792969,138.37890625,407.9206237792969,168.02734375,409.8888854980469,130.47265625,445.31744384765625,136.40234375,449.25396728515625,171.98046875,431.5396728515625,195.69921875,413.8254089355469,199.65234375,421.69842529296875,254.99609375,423.6666564941406,306.38671875,437.4444580078125,199.65234375,439.4126892089844,251.04296875,437.4444580078125,308.36328125,411.8571472167969,114.66015625,419.73016357421875,112.68359375,407.9206237792969,118.61328125,427.6031799316406,112.68359375
414.0,116.7578125,424.0,138.5859375,404.0,138.5859375,404.0,168.3515625,412.0,172.3203125,442.0,138.5859375,444.0,178.2734375,428.0,198.1171875,412.0,200.1015625,418.0,261.6171875,422.0,309.2421875,434.0,202.0859375,438.0,255.6640625,440.0,307.2578125,410.0,112.7890625,418.0,112.7890625,406.0,116.7578125,426.0,112.7890625
411.0,116.7578125,421.0,138.5859375,401.0,138.5859375,399.0,168.3515625,409.0,172.3203125,439.0,136.6015625,443.0,172.3203125,425.0,196.1328125,409.0,200.1015625,413.0,261.6171875,421.0,307.2578125,433.0,200.1015625,435.0,255.6640625,439.0,305.2734375,409.0,112.7890625,415.0,112.7890625,403.0,116.7578125,423.0,114.7734375
410.0,116.7578125,418.0,136.6015625,398.0,136.6015625,396.0,166.3671875,406.0,172.3203125,436.0,136.6015625,440.0,174.3046875,422.0,198.1171875,404.0,202.0859375,410.0,261.6171875,414.0,317.1796875,428.0,202.0859375,432.0,255.6640625,440.0,307.2578125,406.0,112.7890625,414.0,112.7890625,400.0,116.7578125,422.0,114.7734375
409.0,118.7421875,415.0,136.6015625,395.0,138.5859375,-1.0,-1.0,-1.0,-1.0,435.0,136.6015625,439.0,174.3046875,421.0,196.1328125,403.0,202.0859375,409.0,255.6640625,417.0,313.2109375,427.0,202.0859375,431.0,251.6953125,439.0,307.2578125,403.0,114.7734375,411.0,112.7890625,397.0,118.7421875,419.0,114.7734375
406.0,118.7421875,412.0,138.5859375,394.0,140.5703125,392.0,170.3359375,406.0,170.3359375,432.0,136.6015625,436.0,178.2734375,418.0,198.1171875,402.0,204.0703125,406.0,261.6171875,416.0,309.2421875,426.0,204.0703125,428.0,253.6796875,436.0,307.2578125,400.0,116.7578125,408.0,114.7734375,396.0,118.7421875,416.0,114.7734375
405.7096862792969,117.63671875,411.6129150390625,137.40234375,391.93548583984375,137.40234375,-1.0,-1.0,-1.0,-1.0,429.32257080078125,137.40234375,433.258056640625,174.95703125,415.54840087890625,198.67578125,397.8387145996094,202.62890625,405.7096862792969,261.92578125,413.5806579589844,309.36328125,423.41937255859375,202.62890625,425.3870849609375,255.99609375,435.2257995605469,305.41015625,399.80645751953125,113.68359375,407.67742919921875,113.68359375,393.9032287597656,117.63671875,415.54840087890625,115.66015625
402.741943359375,117.63671875,408.6451721191406,137.40234375,388.9677429199219,137.40234375,-1.0,-1.0,-1.0,-1.0,428.32257080078125,137.40234375,432.258056640625,171.00390625,414.54840087890625,198.67578125,396.8387145996094,202.62890625,402.741943359375,261.92578125,410.6129150390625,307.38671875,420.45159912109375,202.62890625,418.48388671875,259.94921875,414.54840087890625,309.36328125,398.80645751953125,113.68359375,406.67742919921875,113.68359375,392.9032287597656,117.63671875,414.54840087890625,115.66015625
402.7377014160156,117.63671875,408.63934326171875,139.37890625,388.96722412109375,139.37890625,-1.0,-1.0,-1.0,-1.0,426.3442687988281,137.40234375,434.2131042480469,165.07421875,426.3442687988281,184.83984375,396.8360595703125,202.62890625,402.7377014160156,261.92578125,410.6065673828125,315.29296875,420.442626953125,200.65234375,424.3770446777344,259.94921875,426.3442687988281,309.36328125,398.80328369140625,113.68359375,404.7049255371094,113.68359375,392.9016418457031,117.63671875,412.5737609863281,115.66015625
400.0,117.7578125,408.0,137.6015625,390.0,137.6015625,-1.0,-1.0,-1.0,-1.0,426.0,137.6015625,434.0,165.3828125,426.0,185.2265625,396.0,199.1171875,398.0,242.7734375,408.0,314.2109375,420.0,201.1015625,424.0,254.6796875,408.0,314.2109375,398.0,115.7734375,404.0,113.7890625,392.0,117.7578125,412.0,115.7734375
399.0,117.7578125,407.0,137.6015625,389.0,139.5859375,-1.0,-1.0,-1.0,-1.0,425.0,137.6015625,431.0,167.3671875,409.0,201.1015625,397.0,197.1328125,401.0,262.6171875,407.0,314.2109375,419.0,199.1171875,423.0,256.6640625,-1.0,-1.0,397.0,115.7734375,403.0,113.7890625,391.0,117.7578125,411.0,115.7734375
399.0,119.7421875,407.0,137.6015625,389.0,139.5859375,-1.0,-1.0,-1.0,-1.0,423.0,137.6015625,429.0,169.3515625,409.0,199.1171875,397.0,199.1171875,397.0,244.7578125,-1.0,-1.0,419.0,199.1171875,417.0,260.6328125,413.0,312.2265625,395.0,115.7734375,403.0,113.7890625,391.0,117.7578125,411.0,115.7734375
400.0,117.7578125,406.0,137.6015625,388.0,137.6015625,-1.0,-1.0,-1.0,-1.0,424.0,137.6015625,430.0,167.3671875,408.0,199.1171875,396.0,199.1171875,402.0,260.6328125,406.0,310.2421875,418.0,199.1171875,422.0,256.6640625,424.0,308.2578125,396.0,115.7734375,404.0,113.7890625,390.0,117.7578125,410.0,115.7734375
400.0,117.7578125,406.0,137.6015625,388.0,137.6015625,-1.0,-1.0,-1.0,-1.0,422.0,137.6015625,428.0,169.3515625,408.0,199.1171875,396.0,197.1328125,396.0,244.7578125,-1.0,-1.0,418.0,199.1171875,420.0,258.6484375,426.0,306.2734375,396.0,115.7734375,402.0,113.7890625,390.0,117.7578125,410.0,115.7734375
399.0,117.7578125,405.0,139.5859375,387.0,139.5859375,-1.0,-1.0,-1.0,-1.0,423.0,137.6015625,429.0,167.3671875,415.0,189.1953125,393.0,199.1171875,401.0,264.6015625,405.0,314.2109375,417.0,199.1171875,425.0,258.6484375,431.0,312.2265625,397.0,113.7890625,403.0,113.7890625,391.0,115.7734375,409.0,115.7734375
400.0,117.7578125,404.0,139.5859375,384.0,139.5859375,-1.0,-1.0,-1.0,-1.0,424.0,137.6015625,430.0,167.3671875,420.0,185.2265625,390.0,199.1171875,394.0,238.8046875,-1.0,-1.0,416.0,197.1328125,418.0,234.8359375,-1.0,-1.0,396.0,113.7890625,402.0,113.7890625,390.0,117.7578125,410.0,115.7734375
400.0,117.7578125,404.0,139.5859375,386.0,139.5859375,-1.0,-1.0,-1.0,-1.0,424.0,137.6015625,430.0,167.3671875,422.0,185.2265625,390.0,197.1328125,392.0,230.8671875,-1.0,-1.0,416.0,195.1484375,418.0,234.8359375,-1.0,-1.0,396.0,113.7890625,402.0,113.7890625,390.0,117.7578125,410.0,115.7734375
399.0,117.7578125,403.0,137.6015625,385.0,139.5859375,-1.0,-1.0,-1.0,-1.0,423.0,137.6015625,429.0,167.3671875,421.0,183.2421875,391.0,199.1171875,395.0,244.7578125,407.0,316.1953125,417.0,199.1171875,421.0,246.7421875,-1.0,-1.0,395.0,115.7734375,401.0,113.7890625,389.0,117.7578125,409.0,115.7734375
398.7241516113281,118.63671875,402.6551818847656,138.40234375,384.96551513671875,138.40234375,-1.0,-1.0,-1.0,-1.0,422.3103332519531,138.40234375,428.2069091796875,168.05078125,420.3448181152344,183.86328125,392.82757568359375,197.69921875,394.7930908203125,243.16015625,408.5517272949219,318.26953125,414.4482727050781,197.69921875,420.3448181152344,245.13671875,-1.0,-1.0,394.7930908203125,114.68359375,400.6896667480469,114.68359375,388.89654541015625,118.63671875,408.5517272949219,114.68359375
398.7241516113281,118.63671875,402.6551818847656,138.40234375,384.96551513671875,138.40234375,-1.0,-1.0,-1.0,-1.0,422.3103332519531,138.40234375,428.2069091796875,168.05078125,420.3448181152344,183.86328125,392.82757568359375,199.67578125,398.7241516113281,251.06640625,-1.0,-1.0,416.4137878417969,199.67578125,420.3448181152344,245.13671875,426.24139404296875,308.38671875,392.82757568359375,114.68359375,400.6896667480469,114.68359375,388.89654541015625,118.63671875,408.5517272949219,114.68359375
397.7241516113281,118.63671875,401.6551818847656,138.40234375,383.96551513671875,138.40234375,-1.0,-1.0,-1.0,-1.0,421.3103332519531,138.40234375,427.2069091796875,166.07421875,421.3103332519531,183.86328125,393.7930908203125,197.69921875,395.75860595703125,251.06640625,407.5517272949219,314.31640625,415.4137878417969,199.67578125,419.3448181152344,251.06640625,-1.0,-1.0,393.7930908203125,114.68359375,401.6551818847656,114.68359375,387.89654541015625,118.63671875,407.5517272949219,114.68359375
399.0,118.7578125,401.0,138.6015625,383.0,138.6015625,-1.0,-1.0,-1.0,-1.0,421.0,136.6171875,425.0,172.3359375,421.0,184.2421875,391.0,198.1328125,397.0,253.6953125,-1.0,-1.0,415.0,200.1171875,419.0,255.6796875,425.0,311.2421875,395.0,114.7890625,403.0,114.7890625,389.0,118.7578125,409.0,114.7890625
399.0,118.7578125,401.0,138.6015625,383.0,138.6015625,-1.0,-1.0,-1.0,-1.0,421.0,138.6015625,425.0,174.3203125,405.0,200.1171875,389.0,198.1328125,397.0,265.6015625,405.0,319.1796875,415.0,202.1015625,419.0,255.6796875,425.0,311.2421875,395.0,114.7890625,403.0,114.7890625,389.0,118.7578125,409.0,114.7890625
398.0,118.7578125,402.0,138.6015625,384.0,138.6015625,-1.0,-1.0,-1.0,-1.0,422.0,136.6171875,424.0,178.2890625,404.0,202.1015625,390.0,202.1015625,398.0,265.6015625,404.0,309.2578125,414.0,202.1015625,416.0,257.6640625,426.0,309.2578125,394.0,114.7890625,402.0,114.7890625,390.0,118.7578125,410.0,114.7890625
398.0,118.7578125,402.0,138.6015625,384.0,140.5859375,-1.0,-1.0,-1.0,-1.0,422.0,138.6015625,424.0,176.3046875,406.0,202.1015625,392.0,202.1015625,396.0,263.6171875,404.0,311.2421875,416.0,202.1015625,416.0,257.6640625,426.0,311.2421875,394.0,114.7890625,402.0,112.8046875,390.0,120.7421875,410.0,114.7890625
398.0,118.7578125,404.0,138.6015625,384.0,140.5859375,-1.0,-1.0,-1.0,-1.0,422.0,138.6015625,424.0,178.2890625,406.0,202.1015625,390.0,202.1015625,396.0,263.6171875,404.0,309.2578125,414.0,202.1015625,416.0,257.6640625,426.0,311.2421875,394.0,114.7890625,402.0,112.8046875,390.0,120.7421875,410.0,114.7890625
398.0,118.7578125,404.0,138.6015625,386.0,140.5859375,-1.0,-1.0,-1.0,-1.0,420.0,138.6015625,422.0,178.2890625,404.0,202.1015625,390.0,202.1015625,396.0,263.6171875,404.0,311.2421875,414.0,204.0859375,416.0,257.6640625,426.0,309.2578125,396.0,114.7890625,402.0,112.8046875,390.0,120.7421875,410.0,114.7890625
398.0,118.7578125,404.0,138.6015625,386.0,138.6015625,-1.0,-1.0,-1.0,-1.0,420.0,138.6015625,422.0,178.2890625,404.0,202.1015625,390.0,204.0859375,396.0,263.6171875,406.0,309.2578125,414.0,204.0859375,418.0,259.6484375,426.0,307.2734375,396.0,114.7890625,402.0,112.8046875,390.0,120.7421875,410.0,114.7890625
400.0,118.7578125,402.0,138.6015625,386.0,138.6015625,-1.0,-1.0,-1.0,-1.0,420.0,138.6015625,422.0,178.2890625,404.0,202.1015625,390.0,202.1015625,398.0,263.6171875,406.0,309.2578125,414.0,202.1015625,418.0,259.6484375,424.0,307.2734375,396.0,114.7890625,404.0,112.8046875,390.0,118.7578125,410.0,114.7890625
399.0,118.7578125,403.0,138.6015625,385.0,138.6015625,-1.0,-1.0,-1.0,-1.0,421.0,138.6015625,423.0,178.2890625,405.0,202.1015625,389.0,204.0859375,397.0,265.6015625,405.0,311.2421875,415.0,204.0859375,419.0,263.6171875,427.0,307.2734375,395.0,114.7890625,403.0,114.7890625,391.0,118.7578125,411.0,116.7734375
399.0,118.7578125,403.0,138.6015625,385.0,138.6015625,-1.0,-1.0,-1.0,-1.0,421.0,138.6015625,423.0,178.2890625,405.0,202.1015625,391.0,204.0859375,397.0,265.6015625,407.0,309.2578125,415.0,204.0859375,421.0,261.6328125,427.0,307.2734375,395.0,114.7890625,403.0,114.7890625,391.0,118.7578125,411.0,116.7734375
399.0,118.7578125,403.0,138.6015625,383.0,138.6015625,-1.0,-1.0,-1.0,-1.0,421.0,138.6015625,423.0,178.2890625,405.0,202.1015625,391.0,204.0859375,397.0,265.6015625,407.0,309.2578125,415.0,204.0859375,419.0,261.6328125,427.0,307.2734375,397.0,114.7890625,403.0,114.7890625,391.0,118.7578125,411.0,116.7734375
401.0,118.7578125,401.0,138.6015625,383.0,138.6015625,-1.0,-1.0,-1.0,-1.0,421.0,138.6015625,423.0,178.2890625,405.0,202.1015625,391.0,200.1171875,399.0,265.6015625,419.0,307.2734375,415.0,202.1015625,421.0,259.6484375,427.0,307.2734375,397.0,114.7890625,405.0,114.7890625,391.0,116.7734375,411.0,116.7734375
401.0,118.7578125,401.0,138.6015625,385.0,138.6015625,-1.0,-1.0,-1.0,-1.0,421.0,138.6015625,423.0,176.3046875,405.0,200.1171875,393.0,200.1171875,401.0,263.6171875,421.0,307.2734375,415.0,204.0859375,421.0,257.6640625,427.0,307.2734375,397.0,114.7890625,405.0,114.7890625,391.0,118.7578125,411.0,116.7734375
403.0,120.7421875,403.0,138.6015625,385.0,138.6015625,-1.0,-1.0,-1.0,-1.0,421.0,138.6015625,425.0,174.3203125,407.0,196.1484375,391.0,200.1171875,403.0,263.6171875,405.0,319.1796875,415.0,204.0859375,421.0,257.6640625,427.0,309.2578125,399.0,116.7734375,405.0,116.7734375,393.0,118.7578125,411.0,116.7734375
401.0,122.7265625,409.0,138.6015625,391.0,140.5859375,-1.0,-1.0,-1.0,-1.0,423.0,136.6171875,425.0,178.2890625,405.0,196.1484375,395.0,208.0546875,403.0,265.6015625,-1.0,-1.0,417.0,206.0703125,419.0,261.6328125,427.0,311.2421875,397.0,118.7578125,405.0,116.7734375,391.0,122.7265625,413.0,116.7734375
399.0,126.6953125,415.0,138.6015625,403.0,140.5859375,-1.0,-1.0,-1.0,-1.0,423.0,138.6015625,423.0,178.2890625,403.0,198.1328125,403.0,200.1171875,393.0,271.5546875,407.0,327.1171875,417.0,208.0546875,425.0,259.6484375,429.0,309.2578125,397.0,122.7265625,401.0,120.7421875,393.0,122.7265625,409.0,116.7734375
400.0,126.6953125,416.0,136.6171875,404.0,140.5859375,-1.0,-1.0,-1.0,-1.0,422.0,136.6171875,424.0,178.2890625,402.0,198.1328125,402.0,202.1015625,-1.0,-1.0,-1.0,-1.0,416.0,208.0546875,426.0,257.6640625,-1.0,-1.0,396.0,122.7265625,402.0,120.7421875,392.0,124.7109375,408.0,116.7734375
400.0,124.7109375,414.0,134.6328125,404.0,140.5859375,-1.0,-1.0,-1.0,-1.0,422.0,136.6171875,424.0,176.3046875,402.0,198.1328125,400.0,204.0859375,392.0,273.5390625,408.0,325.1328125,416.0,208.0546875,426.0,259.6484375,-1.0,-1.0,396.0,122.7265625,402.0,118.7578125,392.0,124.7109375,410.0,116.7734375
400.0,124.7109375,416.0,136.6171875,404.0,140.5859375,-1.0,-1.0,-1.0,-1.0,422.0,136.6171875,424.0,176.3046875,402.0,198.1328125,402.0,204.0859375,392.0,273.5390625,410.0,323.1484375,418.0,208.0546875,424.0,261.6328125,-1.0,-1.0,396.0,122.7265625,402.0,118.7578125,-1.0,-1.0,410.0,116.7734375
400.0,124.7109375,414.0,134.6328125,404.0,140.5859375,-1.0,-1.0,-1.0,-1.0,422.0,134.6328125,424.0,176.3046875,402.0,196.1484375,402.0,200.1171875,408.0,261.6328125,-1.0,-1.0,418.0,202.1015625,424.0,259.6484375,-1.0,-1.0,396.0,120.7421875,402.0,118.7578125,394.0,122.7265625,408.0,116.7734375
398.0,124.7109375,414.0,134.6328125,402.0,140.5859375,-1.0,-1.0,-1.0,-1.0,420.0,134.6328125,424.0,176.3046875,402.0,196.1484375,402.0,200.1171875,406.0,267.5859375,-1.0,-1.0,418.0,202.1015625,422.0,261.6328125,-1.0,-1.0,394.0,120.7421875,400.0,116.7734375,392.0,122.7265625,408.0,116.7734375
398.0,122.7265625,414.0,134.6328125,404.0,138.6015625,406.0,170.3515625,-1.0,-1.0,420.0,134.6328125,424.0,174.3203125,402.0,194.1640625,406.0,202.1015625,404.0,261.6328125,410.0,319.1796875,418.0,202.1015625,420.0,261.6328125,422.0,315.2109375,394.0,120.7421875,400.0,116.7734375,-1.0,-1.0,408.0,114.7890625
399.0,120.7421875,409.0,136.6171875,393.0,140.5859375,405.0,168.3671875,-1.0,-1.0,419.0,134.6328125,423.0,172.3359375,401.0,194.1640625,399.0,202.1015625,403.0,265.6015625,407.0,321.1640625,417.0,204.0859375,417.0,263.6171875,427.0,311.2421875,397.0,116.7734375,403.0,116.7734375,391.0,118.7578125,409.0,116.7734375
400.0,120.7421875,402.0,136.6171875,386.0,136.6171875,-1.0,-1.0,-1.0,-1.0,418.0,134.6328125,424.0,168.3671875,406.0,192.1796875,394.0,200.1171875,408.0,263.6171875,406.0,327.1171875,416.0,200.1171875,422.0,257.6640625,-1.0,-1.0,398.0,116.7734375,404.0,116.7734375,390.0,118.7578125,410.0,116.7734375
399.0,120.7421875,403.0,136.6171875,387.0,138.6015625,-1.0,-1.0,-1.0,-1.0,419.0,134.6328125,425.0,166.3828125,411.0,186.2265625,393.0,200.1171875,407.0,259.6484375,415.0,309.2578125,415.0,202.1015625,419.0,255.6796875,423.0,321.1640625,395.0,116.7734375,401.0,116.7734375,389.0,120.7421875,407.0,116.7734375
398.0,120.7421875,404.0,136.6171875,388.0,138.6015625,-1.0,-1.0,-1.0,-1.0,418.0,134.6328125,422.0,166.3828125,412.0,184.2421875,394.0,200.1171875,412.0,259.6484375,416.0,309.2578125,416.0,200.1171875,418.0,255.6796875,426.0,309.2578125,394.0,116.7734375,402.0,116.7734375,388.0,120.7421875,408.0,116.7734375
395.0,120.7421875,403.0,136.6171875,389.0,138.6015625,-1.0,-1.0,-1.0,-1.0,417.0,134.6328125,421.0,168.3671875,407.0,188.2109375,393.0,200.1171875,411.0,257.6640625,413.0,313.2265625,415.0,200.1171875,419.0,253.6953125,423.0,313.2265625,393.0,116.7734375,399.0,116.7734375,387.0,122.7265625,407.0,116.7734375
396.0,122.7265625,406.0,136.6171875,390.0,138.6015625,386.0,162.4140625,-1.0,-1.0,418.0,132.6484375,424.0,168.3671875,410.0,186.2265625,392.0,200.1171875,408.0,255.6796875,-1.0,-1.0,414.0,200.1171875,420.0,253.6953125,420.0,305.2890625,394.0,118.7578125,400.0,116.7734375,388.0,122.7265625,406.0,116.7734375
391.0,124.7109375,409.0,134.6328125,399.0,140.5859375,-1.0,-1.0,-1.0,-1.0,419.0,134.6328125,425.0,170.3515625,409.0,186.2265625,397.0,202.1015625,411.0,257.6640625,417.0,305.2890625,417.0,200.1171875,421.0,255.6796875,421.0,309.2578125,387.0,122.7265625,393.0,118.7578125,-1.0,-1.0,405.0,116.7734375
392.0,122.7265625,408.0,134.6328125,398.0,138.6015625,404.0,162.4140625,-1.0,-1.0,418.0,132.6484375,424.0,168.3671875,412.0,184.2421875,398.0,202.1015625,408.0,261.6328125,-1.0,-1.0,418.0,200.1171875,420.0,257.6640625,420.0,307.2734375,390.0,122.7265625,394.0,118.7578125,-1.0,-1.0,404.0,116.7734375
389.0,124.7109375,409.0,134.6328125,399.0,138.6015625,403.0,158.4453125,-1.0,-1.0,417.0,134.6328125,425.0,168.3671875,413.0,182.2578125,399.0,202.1015625,409.0,259.6484375,415.0,303.3046875,417.0,200.1171875,423.0,253.6953125,-1.0,-1.0,387.0,122.7265625,391.0,120.7421875,-1.0,-1.0,403.0,116.7734375
389.0,124.7109375,409.0,134.6328125,401.0,136.6171875,-1.0,-1.0,-1.0,-1.0,417.0,134.6328125,421.0,168.3671875,413.0,182.2578125,417.0,196.1484375,-1.0,-1.0,-1.0,-1.0,417.0,194.1640625,421.0,255.6796875,-1.0,-1.0,387.0,122.7265625,391.0,120.7421875,-1.0,-1.0,403.0,116.7734375
388.0,124.7109375,406.0,136.6171875,396.0,138.6015625,-1.0,-1.0,-1.0,-1.0,414.0,134.6328125,420.0,168.3671875,410.0,184.2421875,398.0,190.1953125,-1.0,-1.0,-1.0,-1.0,414.0,192.1796875,420.0,249.7265625,-1.0,-1.0,386.0,122.7265625,390.0,118.7578125,-1.0,-1.0,402.0,116.7734375
387.0,124.7109375,407.0,136.6171875,397.0,138.6015625,-1.0,-1.0,-1.0,-1.0,413.0,134.6328125,419.0,170.3515625,409.0,186.2265625,407.0,196.1484375,403.0,261.6328125,-1.0,-1.0,413.0,198.1328125,421.0,249.7265625,-1.0,-1.0,385.0,122.7265625,389.0,120.7421875,-1.0,-1.0,399.0,116.7734375
388.0,124.7109375,404.0,136.6171875,394.0,140.5859375,400.0,164.3984375,-1.0,-1.0,414.0,136.6171875,416.0,170.3515625,404.0,186.2265625,400.0,196.1484375,404.0,253.6953125,-1.0,-1.0,412.0,198.1328125,420.0,247.7421875,-1.0,-1.0,386.0,122.7265625,390.0,118.7578125,-1.0,-1.0,400.0,116.7734375
385.0,124.7109375,403.0,136.6171875,387.0,140.5859375,379.0,168.3671875,393.0,164.3984375,411.0,136.6171875,415.0,170.3515625,403.0,188.2109375,399.0,194.1640625,403.0,251.7109375,-1.0,-1.0,411.0,198.1328125,419.0,241.7890625,-1.0,-1.0,383.0,122.7265625,387.0,120.7421875,-1.0,-1.0,399.0,116.7734375
380.0,124.7109375,398.0,136.6171875,382.0,140.5859375,376.0,168.3671875,396.0,172.3359375,408.0,134.6328125,416.0,170.3515625,402.0,188.2109375,398.0,196.1484375,402.0,257.6640625,-1.0,-1.0,410.0,196.1484375,416.0,251.7109375,-1.0,-1.0,380.0,122.7265625,382.0,120.7421875,-1.0,-1.0,390.0,118.7578125
381.0,124.7109375,391.0,140.5859375,379.0,142.5703125,375.0,170.3515625,-1.0,-1.0,405.0,136.6171875,413.0,170.3515625,399.0,188.2109375,387.0,190.1953125,-1.0,-1.0,-1.0,-1.0,407.0,198.1328125,413.0,253.6953125,-1.0,-1.0,379.0,122.7265625,383.0,120.7421875,-1.0,-1.0,391.0,118.7578125
378.0,122.7265625,392.0,138.6015625,378.0,142.5703125,-1.0,-1.0,-1.0,-1.0,404.0,138.6015625,412.0,172.3359375,396.0,190.1953125,386.0,200.1171875,396.0,259.6484375,-1.0,-1.0,404.0,204.0859375,410.0,253.6953125,-1.0,-1.0,376.0,120.7421875,380.0,118.7578125,-1.0,-1.0,388.0,116.7734375
-1.0,-1.0,-1.0,-1.0,-1.0,-1.0,-1.0,-1.0,-1.0,-1.0,401.0,142.5703125,407.0,176.3046875,389.0,190.1953125,-1.0,-1.0,-1.0,-1.0,-1.0,-1.0,-1.0,-1.0,-1.0,-1.0,-1.0,-1.0,-1.0,-1.0,-1.0,-1.0,-1.0,-1.0,-1.0,-1.0
-1.0,-1.0,390.0,138.6015625,-1.0,-1.0,-1.0,-1.0,-1.0,-1.0,398.0,140.5859375,406.0,176.3046875,386.0,192.1796875,-1.0,-1.0,-1.0,-1.0,-1.0,-1.0,-1.0,-1.0,-1.0,-1.0,-1.0,-1.0,-1.0,-1.0,-1.0,-1.0,-1.0,-1.0,380.0,118.7578125
-1.0,-1.0,-1.0,-1.0,-1.0,-1.0,-1.0,-1.0,-1.0,-1.0,393.0,140.5859375,403.0,176.3046875,385.0,190.1953125,-1.0,-1.0,-1.0,-1.0,-1.0,-1.0,-1.0,-1.0,-1.0,-1.0,-1.0,-1.0,-1.0,-1.0,-1.0,-1.0,-1.0,-1.0,375.0,118.7578125
-1.0,-1.0,-1.0,-1.0,406.0,122.7265625,408.0,168.3671875,408.0,202.1015625,-1.0,-1.0,-1.0,-1.0,-1.0,-1.0,-1.0,-1.0,-1.0,-1.0,-1.0,-1.0,-1.0,-1.0,-1.0,-1.0,-1.0,-1.0,-1.0,-1.0,-1.0,-1.0,-1.0,-1.0,-1.0,-1.0
-1.0,-1.0,-1.0,-1.0,404.0,122.7265625,408.0,168.3671875,406.0,202.1015625,-1.0,-1.0,-1.0,-1.0,-1.0,-1.0,-1.0,-1.0,-1.0,-1.0,-1.0,-1.0,-1.0,-1.0,-1.0,-1.0,-1.0,-1.0,-1.0,-1.0,-1.0,-1.0,-1.0,-1.0,-1.0,-1.0
-1.0,-1.0,-1.0,-1.0,399.0,120.7421875,407.0,168.3671875,403.0,198.1328125,-1.0,-1.0,-1.0,-1.0,-1.0,-1.0,-1.0,-1.0,-1.0,-1.0,-1.0,-1.0,-1.0,-1.0,-1.0,-1.0,-1.0,-1.0,-1.0,-1.0,-1.0,-1.0,-1.0,-1.0,-1.0,-1.0
-1.0,-1.0,-1.0,-1.0,400.0,118.7578125,406.0,168.3671875,396.0,202.1015625,-1.0,-1.0,-1.0,-1.0,-1.0,-1.0,-1.0,-1.0,-1.0,-1.0,-1.0,-1.0,-1.0,-1.0,-1.0,-1.0,-1.0,-1.0,-1.0,-1.0,-1.0,-1.0,-1.0,-1.0,-1.0,-1.0
-1.0,-1.0,-1.0,-1.0,399.0,118.7578125,405.0,166.3828125,401.0,198.1328125,-1.0,-1.0,-1.0,-1.0,-1.0,-1.0,-1.0,-1.0,-1.0,-1.0,-1.0,-1.0,-1.0,-1.0,-1.0,-1.0,-1.0,-1.0,-1.0,-1.0,-1.0,-1.0,-1.0,-1.0,-1.0,-1.0
-1.0,-1.0,-1.0,-1.0,398.0,118.7578125,402.0,166.3828125,398.0,196.1484375,-1.0,-1.0,-1.0,-1.0,-1.0,-1.0,-1.0,-1.0,-1.0,-1.0,-1.0,-1.0,-1.0,-1.0,-1.0,-1.0,-1.0,-1.0,-1.0,-1.0,-1.0,-1.0,-1.0,-1.0,-1.0,-1.0
-1.0,-1.0,-1.0,-1.0,-1.0,-1.0,-1.0,-1.0,-1.0,-1.0,372.0,140.5859375,384.0,176.3046875,368.0,196.1484375,-1.0,-1.0,-1.0,-1.0,-1.0,-1.0,-1.0,-1.0,-1.0,-1.0,-1.0,-1.0,-1.0,-1.0,-1.0,-1.0,-1.0,-1.0,-1.0,-1.0
-1.0,-1.0,-1.0,-1.0,397.0,116.7734375,395.0,172.3359375,399.0,200.1171875,-1.0,-1.0,-1.0,-1.0,-1.0,-1.0,-1.0,-1.0,-1.0,-1.0,-1.0,-1.0,-1.0,-1.0,-1.0,-1.0,-1.0,-1.0,-1.0,-1.0,-1.0,-1.0,-1.0,-1.0,-1.0,-1.0
-1.0,-1.0,-1.0,-1.0,-1.0,-1.0,-1.0,-1.0,-1.0,-1.0,370.0,144.5546875,382.0,176.3046875,368.0,192.1796875,-1.0,-1.0,-1.0,-1.0,-1.0,-1.0,-1.0,-1.0,-1.0,-1.0,-1.0,-1.0,-1.0,-1.0,-1.0,-1.0,-1.0,-1.0,-1.0,-1.0
-1.0,-1.0,-1.0,-1.0,-1.0,-1.0,-1.0,-1.0,-1.0,-1.0,369.0,142.5703125,375.0,178.2890625,373.0,192.1796875,-1.0,-1.0,-1.0,-1.0,-1.0,-1.0,-1.0,-1.0,-1.0,-1.0,-1.0,-1.0,-1.0,-1.0,-1.0,-1.0,-1.0,-1.0,-1.0,-1.0
-1.0,-1.0,371.0,148.5234375,-1.0,-1.0,-1.0,-1.0,-1.0,-1.0,-1.0,-1.0,-1.0,-1.0,-1.0,-1.0,373.0,208.0546875,383.0,267.5859375,385.0,313.2265625,379.0,208.0546875,385.0,263.6171875,393.0,313.2265625,-1.0,-1.0,-1.0,-1.0,-1.0,-1.0,-1.0,-1.0
-1.0,-1.0,-1.0,-1.0,390.2280578613281,117.66015625,394.15789794921875,159.16796875,388.2631530761719,192.76953125,-1.0,-1.0,-1.0,-1.0,-1.0,-1.0,-1.0,-1.0,-1.0,-1.0,-1.0,-1.0,-1.0,-1.0,-1.0,-1.0,-1.0,-1.0,-1.0,-1.0,-1.0,-1.0,-1.0,-1.0,-1.0,-1.0
-1.0,-1.0,-1.0,-1.0,-1.0,-1.0,-1.0,-1.0,-1.0,-1.0,-1.0,-1.0,-1.0,-1.0,-1.0,-1.0,368.58929443359375,198.69921875,376.4464416503906,265.90234375,382.33929443359375,315.31640625,-1.0,-1.0,-1.0,-1.0,-1.0,-1.0,-1.0,-1.0,-1.0,-1.0,-1.0,-1.0,-1.0,-1.0
-1.0,-1.0,-1.0,-1.0,389.1964416503906,115.68359375,391.16070556640625,157.19140625,383.3035888671875,196.72265625,-1.0,-1.0,-1.0,-1.0,-1.0,-1.0,-1.0,-1.0,-1.0,-1.0,-1.0,-1.0,-1.0,-1.0,-1.0,-1.0,-1.0,-1.0,-1.0,-1.0,-1.0,-1.0,-1.0,-1.0,-1.0,-1.0
-1.0,-1.0,-1.0,-1.0,-1.0,-1.0,-1.0,-1.0,-1.0,-1.0,346.9464416503906,117.66015625,358.7321472167969,147.30859375,368.5535583496094,196.72265625,-1.0,-1.0,-1.0,-1.0,-1.0,-1.0,-1.0,-1.0,-1.0,-1.0,-1.0,-1.0,-1.0,-1.0,-1.0,-1.0,-1.0,-1.0,-1.0,-1.0
-1.0,-1.0,-1.0,-1.0,-1.0,-1.0,-1.0,-1.0,-1.0,-1.0,347.0,117.7734375,359.0,151.5078125,367.0,197.1484375,-1.0,-1.0,-1.0,-1.0,-1.0,-1.0,-1.0,-1.0,-1.0,-1.0,-1.0,-1.0,-1.0,-1.0,-1.0,-1.0,-1.0,-1.0,-1.0,-1.0
-1.0,-1.0,-1.0,-1.0,-1.0,-1.0,-1.0,-1.0,-1.0,-1.0,348.0,119.7578125,362.0,151.5078125,366.0,199.1328125,-1.0,-1.0,-1.0,-1.0,-1.0,-1.0,-1.0,-1.0,-1.0,-1.0,-1.0,-1.0,-1.0,-1.0,-1.0,-1.0,-1.0,-1.0,-1.0,-1.0
-1.0,-1.0,-1.0,-1.0,-1.0,-1.0,-1.0,-1.0,-1.0,-1.0,-1.0,-1.0,-1.0,-1.0,-1.0,-1.0,364.0,216.9921875,362.0,260.6484375,364.0,310.2578125,-1.0,-1.0,-1.0,-1.0,-1.0,-1.0,-1.0,-1.0,-1.0,-1.0,-1.0,-1.0,-1.0,-1.0
