511.23529052734375,108.328125,526.5294189453125,125.171875,515.8235473632812,125.171875,514.2941284179688,157.328125,514.2941284179688,181.828125,535.7058715820312,122.109375,551.0,145.078125,551.0,174.171875,521.941162109375,180.296875,520.4117431640625,223.171875,521.941162109375,255.328125,534.1764526367188,180.296875,532.6470336914062,223.171875,523.4705810546875,255.328125,-1.0,-1.0,512.7647094726562,106.796875,-1.0,-1.0,520.4117431640625,106.796875
510.4285583496094,108.328125,525.6666870117188,125.171875,516.5238037109375,126.703125,513.4761962890625,157.328125,515.0,183.359375,534.8095092773438,122.109375,553.09521484375,143.546875,551.5714111328125,174.171875,522.6190185546875,180.296875,522.6190185546875,221.640625,522.6190185546875,253.796875,533.2857055664062,181.828125,534.8095092773438,223.171875,540.90478515625,252.265625,510.4285583496094,106.796875,513.4761962890625,106.796875,-1.0,-1.0,521.09521484375,106.796875
510.23529052734375,108.328125,525.5294189453125,125.171875,514.8235473632812,126.703125,513.2941284179688,155.796875,514.8235473632812,181.828125,536.2352905273438,122.109375,553.058837890625,143.546875,550.0,172.640625,522.4705810546875,177.234375,525.5294189453125,221.640625,522.4705810546875,253.796875,534.7058715820312,178.765625,531.6470336914062,221.640625,522.4705810546875,258.390625,-1.0,-1.0,511.76470947265625,106.796875,-1.0,-1.0,519.4117431640625,106.796875
509.4285583496094,108.328125,526.1904907226562,125.171875,515.5238037109375,125.171875,514.0,154.265625,514.0,177.234375,535.3333129882812,122.109375,552.09521484375,145.078125,550.5714111328125,171.109375,521.6190185546875,177.234375,526.1904907226562,221.640625,521.6190185546875,255.328125,533.8095092773438,178.765625,526.1904907226562,220.109375,523.1428833007812,255.328125,-1.0,-1.0,512.4761962890625,105.265625,-1.0,-1.0,520.09521484375,106.796875
509.4285583496094,108.328125,526.1904907226562,125.171875,515.5238037109375,125.171875,514.0,154.265625,512.4761962890625,181.828125,535.3333129882812,122.109375,552.09521484375,143.546875,550.5714111328125,171.109375,521.6190185546875,177.234375,526.1904907226562,221.640625,521.6190185546875,255.328125,533.8095092773438,178.765625,527.7142944335938,220.109375,521.6190185546875,255.328125,-1.0,-1.0,512.4761962890625,105.265625,-1.0,-1.0,520.09521484375,106.796875
510.76470947265625,108.328125,526.058837890625,125.171875,515.3529663085938,125.171875,513.8235473632812,154.265625,512.2941284179688,177.234375,536.7647094726562,122.109375,553.5882568359375,145.078125,552.058837890625,166.515625,523.0,177.234375,524.5294189453125,221.640625,521.4705810546875,253.796875,533.7058715820312,178.765625,527.5882568359375,220.109375,523.0,255.328125,-1.0,-1.0,512.2941284179688,105.265625,-1.0,-1.0,521.4705810546875,106.796875
513.0,108.328125,526.7142944335938,125.171875,516.047607421875,125.171875,513.0,152.734375,513.0,177.234375,535.8571166992188,122.109375,554.1428833007812,142.015625,549.5714111328125,164.984375,522.1428833007812,178.765625,522.1428833007812,215.515625,520.6190185546875,252.265625,534.3333129882812,178.765625,537.3809814453125,215.515625,538.90478515625,246.140625,511.4761962890625,106.796875,514.5238037109375,105.265625,-1.0,-1.0,523.6666870117188,106.796875
513.0,108.328125,526.7142944335938,125.171875,517.5714111328125,126.703125,513.0,154.265625,513.0,177.234375,535.8571166992188,122.109375,554.1428833007812,140.484375,551.09521484375,160.390625,522.1428833007812,177.234375,522.1428833007812,215.515625,520.6190185546875,250.734375,532.8095092773438,177.234375,534.3333129882812,213.984375,537.3809814453125,246.140625,513.0,105.265625,516.047607421875,105.265625,-1.0,-1.0,525.1904907226562,105.265625
515.88232421875,108.328125,528.11767578125,125.171875,518.941162109375,126.703125,514.3529663085938,154.265625,511.29412841796875,175.703125,535.7647094726562,122.109375,554.11767578125,140.484375,549.5294189453125,160.390625,522.0,177.234375,522.0,213.984375,520.4705810546875,250.734375,534.2352905273438,177.234375,535.7647094726562,212.453125,538.8235473632812,240.015625,514.3529663085938,105.265625,518.941162109375,105.265625,-1.0,-1.0,526.5882568359375,105.265625
515.047607421875,108.328125,527.2380981445312,125.171875,518.09521484375,126.703125,513.5238037109375,154.265625,513.5238037109375,178.765625,536.3809814453125,122.109375,553.1428833007812,140.484375,550.09521484375,161.921875,521.1428833007812,177.234375,521.1428833007812,217.046875,519.6190185546875,252.265625,533.3333129882812,178.765625,534.8571166992188,213.984375,537.90478515625,240.015625,515.047607421875,105.265625,518.09521484375,105.265625,-1.0,-1.0,527.2380981445312,106.796875
519.6190185546875,108.328125,527.2380981445312,125.171875,518.09521484375,126.703125,512.0,154.265625,512.0,177.234375,536.3809814453125,122.109375,553.1428833007812,140.484375,550.09521484375,163.453125,519.6190185546875,177.234375,521.1428833007812,217.046875,519.6190185546875,250.734375,533.3333129882812,178.765625,534.8571166992188,213.984375,537.90478515625,247.671875,516.5714111328125,103.734375,524.1904907226562,105.265625,513.5238037109375,105.265625,530.2857055664062,106.796875
519.4705810546875,106.796875,527.11767578125,125.171875,517.941162109375,126.703125,513.3529663085938,154.265625,511.8235168457031,175.703125,537.8235473632812,122.109375,554.6470336914062,142.015625,550.058837890625,161.921875,519.4705810546875,177.234375,521.0,215.515625,519.4705810546875,252.265625,534.7647094726562,177.234375,534.7647094726562,213.984375,537.8235473632812,246.140625,516.4117431640625,103.734375,524.058837890625,103.734375,513.3529663085938,105.265625,530.1764526367188,105.265625
520.1428833007812,108.328125,527.7619018554688,125.171875,517.09521484375,126.703125,512.5238037109375,152.734375,511.0,174.171875,536.90478515625,122.109375,553.6666870117188,142.015625,550.6190185546875,163.453125,520.1428833007812,175.703125,520.1428833007812,213.984375,524.7142944335938,249.203125,533.8571166992188,175.703125,532.3333129882812,212.453125,536.90478515625,240.015625,517.09521484375,105.265625,524.7142944335938,105.265625,514.047607421875,106.796875,530.8095092773438,106.796875
520.0,108.328125,527.6470336914062,125.171875,516.941162109375,128.234375,512.3529663085938,152.734375,510.8235168457031,175.703125,538.3529663085938,122.109375,553.6470336914062,143.546875,549.058837890625,166.515625,520.0,177.234375,518.4705810546875,215.515625,521.5294189453125,252.265625,533.7647094726562,177.234375,527.6470336914062,215.515625,524.5882568359375,250.734375,516.941162109375,105.265625,523.058837890625,105.265625,513.88232421875,106.796875,530.7058715820312,106.796875
520.0,108.328125,527.6470336914062,125.171875,516.941162109375,126.703125,512.3529663085938,152.734375,510.8235168457031,175.703125,538.3529663085938,123.640625,552.11767578125,145.078125,550.5882568359375,171.109375,520.0,177.234375,520.0,218.578125,520.0,252.265625,533.7647094726562,177.234375,535.2941284179688,218.578125,538.3529663085938,247.671875,516.941162109375,105.265625,523.058837890625,106.796875,513.88232421875,106.796875,530.7058715820312,106.796875
519.1428833007812,109.859375,528.2857055664062,125.171875,516.09521484375,126.703125,513.047607421875,154.265625,511.5238037109375,175.703125,538.952392578125,123.640625,551.1428833007812,146.609375,549.6190185546875,177.234375,519.1428833007812,178.765625,519.1428833007812,218.578125,520.6666870117188,252.265625,534.3809814453125,180.296875,534.3809814453125,218.578125,523.7142944335938,255.328125,517.6190185546875,106.796875,522.1904907226562,106.796875,514.5714111328125,106.796875,531.3333129882812,105.265625
519.0,109.859375,528.1764526367188,125.171875,517.4705810546875,128.234375,512.88232421875,155.796875,511.3529357910156,177.234375,538.88232421875,123.640625,551.11767578125,148.140625,551.11767578125,177.234375,520.5294189453125,178.765625,519.0,217.046875,522.058837890625,253.796875,534.2941284179688,180.296875,531.2352905273438,217.046875,523.5882568359375,252.265625,515.941162109375,106.796875,522.058837890625,106.796875,512.88232421875,106.796875,529.7058715820312,106.796875
519.0,109.859375,528.1764526367188,125.171875,517.4705810546875,128.234375,512.88232421875,154.265625,511.3529357910156,175.703125,540.4117431640625,123.640625,552.6470336914062,146.609375,551.11767578125,174.171875,520.5294189453125,178.765625,522.058837890625,217.046875,522.058837890625,252.265625,535.8235473632812,180.296875,532.7647094726562,213.984375,540.4117431640625,249.203125,517.4705810546875,106.796875,522.058837890625,106.796875,512.88232421875,106.796875,529.7058715820312,105.265625
518.1428833007812,108.328125,528.8095092773438,125.171875,516.6190185546875,128.234375,512.047607421875,154.265625,512.047607421875,175.703125,539.4761962890625,123.640625,551.6666870117188,148.140625,550.1428833007812,175.703125,521.1904907226562,177.234375,521.1904907226562,217.046875,522.7142944335938,252.265625,536.4285888671875,178.765625,534.90478515625,213.984375,539.4761962890625,249.203125,516.6190185546875,106.796875,521.1904907226562,106.796875,-1.0,-1.0,530.3333129882812,105.265625
520.6309814453125,110.55078125,528.3690185546875,124.40234375,517.5357055664062,127.48046875,512.8928833007812,153.64453125,511.3452453613281,176.73046875,539.202392578125,122.86328125,551.5833129882812,147.48828125,551.5833129882812,175.19140625,520.6309814453125,176.73046875,522.1785888671875,215.20703125,522.1785888671875,252.14453125,536.1071166992188,178.26953125,534.5595092773438,213.66796875,539.202392578125,250.60546875,515.9880981445312,107.47265625,522.1785888671875,107.47265625,514.4404907226562,105.93359375,531.4642944335938,105.93359375
517.5357055664062,110.55078125,528.3690185546875,124.40234375,517.5357055664062,127.48046875,512.8928833007812,153.64453125,511.3452453613281,176.73046875,539.202392578125,122.86328125,551.5833129882812,149.02734375,551.5833129882812,175.19140625,520.6309814453125,176.73046875,522.1785888671875,216.74609375,522.1785888671875,253.68359375,536.1071166992188,178.26953125,534.5595092773438,215.20703125,539.202392578125,250.60546875,515.9880981445312,107.47265625,520.6309814453125,107.47265625,-1.0,-1.0,529.9166870117188,105.93359375
517.44580078125,110.55078125,528.240966796875,124.40234375,517.44580078125,125.94140625,511.277099609375,152.10546875,512.8192749023438,175.19140625,540.5783081054688,122.86328125,551.3734741210938,149.02734375,549.831298828125,173.65234375,520.5300903320312,176.73046875,520.5300903320312,216.74609375,520.5300903320312,252.14453125,535.9517822265625,178.26953125,532.8674926757812,215.20703125,539.0361328125,250.60546875,515.9036254882812,107.47265625,520.5300903320312,107.47265625,-1.0,-1.0,529.7831420898438,105.93359375
516.5357055664062,110.55078125,528.9166870117188,125.94140625,518.0833129882812,127.48046875,513.4404907226562,153.64453125,511.8928527832031,175.19140625,539.75,122.86328125,552.1309814453125,150.56640625,549.0357055664062,175.19140625,521.1785888671875,176.73046875,524.2738037109375,215.20703125,522.7261962890625,252.14453125,535.1071166992188,178.26953125,535.1071166992188,213.66796875,538.202392578125,249.06640625,514.9880981445312,107.47265625,519.6309814453125,107.47265625,-1.0,-1.0,530.4642944335938,105.93359375
514.9880981445312,110.55078125,528.9166870117188,124.40234375,518.0833129882812,125.94140625,513.4404907226562,153.64453125,511.8928527832031,175.19140625,539.75,122.86328125,550.5833129882812,149.02734375,549.0357055664062,172.11328125,521.1785888671875,176.73046875,522.7261962890625,216.74609375,522.7261962890625,253.68359375,533.5595092773438,179.80859375,533.5595092773438,213.66796875,536.65478515625,250.60546875,514.9880981445312,107.47265625,518.0833129882812,105.93359375,-1.0,-1.0,527.3690185546875,104.39453125
513.3614501953125,109.01171875,528.7831420898438,124.40234375,517.9879760742188,124.40234375,511.81927490234375,150.56640625,511.81927490234375,176.73046875,538.0361328125,122.86328125,550.3734741210938,147.48828125,547.2891845703125,172.11328125,521.072265625,176.73046875,522.6144409179688,216.74609375,522.6144409179688,253.68359375,533.40966796875,178.26953125,533.40966796875,215.20703125,538.0361328125,249.06640625,513.3614501953125,105.93359375,516.44580078125,105.93359375,-1.0,-1.0,527.240966796875,104.39453125
512.4404907226562,109.01171875,527.9166870117188,124.40234375,518.6309814453125,122.86328125,510.8928527832031,150.56640625,510.8928527832031,176.73046875,538.75,122.86328125,549.5833129882812,149.02734375,546.4880981445312,175.19140625,520.1785888671875,176.73046875,521.7261962890625,218.28515625,523.2738037109375,253.68359375,532.5595092773438,178.26953125,534.1071166992188,219.82421875,540.297607421875,250.60546875,512.4404907226562,105.93359375,515.5357055664062,105.93359375,-1.0,-1.0,526.3690185546875,104.39453125
510.8928527832031,107.47265625,527.9166870117188,124.40234375,518.6309814453125,124.40234375,-1.0,-1.0,-1.0,-1.0,538.75,122.86328125,549.5833129882812,150.56640625,546.4880981445312,176.73046875,520.1785888671875,179.80859375,521.7261962890625,219.82421875,521.7261962890625,253.68359375,532.5595092773438,179.80859375,534.1071166992188,218.28515625,527.9166870117188,250.60546875,-1.0,-1.0,512.4404907226562,102.85546875,-1.0,-1.0,521.7261962890625,102.85546875
510.5714416503906,105.796875,525.8095092773438,124.171875,515.1428833007812,122.640625,512.09521484375,150.203125,509.047607421875,177.765625,536.4761962890625,122.640625,545.6190185546875,150.203125,544.09521484375,174.703125,518.1904907226562,177.765625,521.2380981445312,217.578125,522.7619018554688,251.265625,531.90478515625,179.296875,534.952392578125,214.515625,534.952392578125,248.203125,-1.0,-1.0,512.09521484375,102.734375,-1.0,-1.0,522.7619018554688,102.734375
510.4117736816406,105.796875,525.7058715820312,124.171875,516.5294189453125,124.171875,513.4705810546875,153.265625,510.4117736816406,174.703125,536.4117431640625,122.640625,547.11767578125,148.671875,544.058837890625,174.703125,519.5882568359375,177.765625,521.11767578125,217.578125,522.6470336914062,251.265625,531.8235473632812,179.296875,534.88232421875,214.515625,539.4705810546875,246.671875,-1.0,-1.0,511.941162109375,101.203125,-1.0,-1.0,521.11767578125,102.734375
508.8823547363281,104.265625,525.7058715820312,122.640625,515.0,122.640625,511.941162109375,153.265625,508.8823547363281,174.703125,534.88232421875,122.640625,547.11767578125,148.671875,544.058837890625,174.703125,518.058837890625,179.296875,521.11767578125,217.578125,522.6470336914062,252.796875,531.8235473632812,179.296875,533.3529663085938,214.515625,534.88232421875,249.734375,-1.0,-1.0,511.941162109375,101.203125,-1.0,-1.0,521.11767578125,102.734375
508.047607421875,104.265625,524.8095092773438,122.640625,514.1428833007812,122.640625,514.1428833007812,150.203125,511.0952453613281,174.703125,533.952392578125,122.640625,543.09521484375,151.734375,540.047607421875,176.234375,518.7142944335938,177.765625,521.7619018554688,217.578125,521.7619018554688,251.265625,529.3809814453125,179.296875,529.3809814453125,216.046875,526.3333129882812,252.796875,-1.0,-1.0,511.0952453613281,101.203125,-1.0,-1.0,518.7142944335938,102.734375
506.3529357910156,105.796875,523.1764526367188,122.640625,512.4705810546875,121.109375,515.5294189453125,147.140625,-1.0,-1.0,532.3529663085938,122.640625,543.058837890625,150.203125,540.0,174.703125,517.058837890625,177.765625,520.11767578125,216.046875,521.6470336914062,251.265625,529.2941284179688,177.765625,530.8235473632812,212.984375,527.7647094726562,251.265625,-1.0,-1.0,507.8823547363281,101.203125,-1.0,-1.0,517.058837890625,101.203125
506.3529357910156,105.796875,523.1764526367188,122.640625,512.4705810546875,121.109375,514.0,145.609375,-1.0,-1.0,530.8235473632812,122.640625,543.058837890625,150.203125,540.0,173.171875,517.058837890625,176.234375,520.11767578125,214.515625,520.11767578125,242.078125,529.2941284179688,176.234375,530.8235473632812,212.984375,-1.0,-1.0,-1.0,-1.0,507.8823547363281,102.734375,-1.0,-1.0,517.058837890625,102.734375
505.5238037109375,105.796875,522.2857055664062,122.640625,511.6190490722656,121.109375,514.6666870117188,145.609375,-1.0,-1.0,529.90478515625,122.640625,542.09521484375,148.671875,537.5238037109375,171.640625,516.1904907226562,177.765625,519.2380981445312,216.046875,522.2857055664062,246.671875,526.8571166992188,177.765625,529.90478515625,212.984375,532.952392578125,246.671875,-1.0,-1.0,507.047607421875,102.734375,-1.0,-1.0,516.1904907226562,102.734375
503.8235168457031,105.796875,520.6470336914062,122.640625,511.4705810546875,122.640625,514.5294189453125,148.671875,-1.0,-1.0,528.2941284179688,122.640625,540.5294189453125,148.671875,534.4117431640625,171.640625,517.5882568359375,177.765625,520.6470336914062,216.046875,523.7058715820312,248.203125,528.2941284179688,177.765625,526.7647094726562,216.046875,525.2352905273438,249.734375,-1.0,-1.0,505.3529357910156,102.734375,-1.0,-1.0,514.5294189453125,102.734375
502.29412841796875,105.796875,520.6470336914062,122.640625,513.0,122.640625,514.5294189453125,148.671875,-1.0,-1.0,528.2941284179688,122.640625,540.5294189453125,144.078125,532.88232421875,170.109375,517.5882568359375,177.765625,522.1764526367188,216.046875,525.2352905273438,248.203125,526.7647094726562,177.765625,525.2352905273438,214.515625,523.7058715820312,248.203125,-1.0,-1.0,505.3529357910156,102.734375,-1.0,-1.0,513.0,102.734375
501.4761962890625,104.265625,519.7619018554688,122.640625,512.1428833007812,122.640625,515.1904907226562,147.140625,-1.0,-1.0,525.8571166992188,121.109375,539.5714111328125,145.609375,530.4285888671875,170.109375,516.7142944335938,177.765625,525.8571166992188,216.046875,524.3333129882812,252.796875,524.3333129882812,177.765625,519.7619018554688,217.578125,522.8095092773438,252.796875,-1.0,-1.0,504.5238037109375,101.203125,-1.0,-1.0,512.1428833007812,102.734375
501.29412841796875,105.796875,519.6470336914062,124.171875,513.5294189453125,124.171875,-1.0,-1.0,-1.0,-1.0,524.2352905273438,122.640625,538.0,147.140625,527.2941284179688,170.109375,515.058837890625,177.765625,524.2352905273438,217.578125,-1.0,-1.0,522.7058715820312,179.296875,519.6470336914062,217.578125,524.2352905273438,251.265625,-1.0,-1.0,502.8235168457031,102.734375,-1.0,-1.0,510.4705810546875,104.265625
501.29412841796875,105.796875,518.11767578125,122.640625,512.0,124.171875,-1.0,-1.0,-1.0,-1.0,522.7058715820312,122.640625,538.0,145.609375,524.2352905273438,168.578125,515.058837890625,177.765625,524.2352905273438,217.578125,-1.0,-1.0,524.2352905273438,177.765625,521.1764526367188,219.109375,524.2352905273438,249.734375,-1.0,-1.0,502.8235168457031,104.265625,-1.0,-1.0,508.941162109375,104.265625
498.952392578125,107.328125,517.2380981445312,122.640625,511.1428527832031,124.171875,512.6666870117188,150.203125,-1.0,-1.0,520.2857055664062,122.640625,535.5238037109375,148.671875,523.3333129882812,168.578125,514.1904907226562,179.296875,518.7619018554688,216.046875,521.8095092773438,257.390625,521.8095092773438,179.296875,520.2857055664062,217.578125,521.8095092773438,251.265625,-1.0,-1.0,500.4761962890625,104.265625,-1.0,-1.0,508.0952453613281,104.265625
498.76470947265625,105.796875,515.5882568359375,122.640625,511.0,124.171875,512.5294189453125,150.203125,-1.0,-1.0,520.1764526367188,121.109375,532.4117431640625,147.140625,520.1764526367188,168.578125,514.058837890625,177.765625,515.5882568359375,216.046875,521.7058715820312,255.859375,520.1764526367188,177.765625,520.1764526367188,217.578125,521.7058715820312,252.796875,-1.0,-1.0,500.29412841796875,102.734375,-1.0,-1.0,507.941162109375,104.265625
497.23529052734375,107.328125,514.058837890625,124.171875,509.4705810546875,124.171875,-1.0,-1.0,-1.0,-1.0,518.6470336914062,121.109375,532.4117431640625,148.671875,518.6470336914062,168.578125,512.5294189453125,177.765625,514.058837890625,214.515625,515.5882568359375,242.078125,520.1764526367188,177.765625,518.6470336914062,214.515625,523.2352905273438,251.265625,-1.0,-1.0,498.76470947265625,104.265625,-1.0,-1.0,503.3529357910156,104.265625
496.4285583496094,107.328125,513.1904907226562,124.171875,508.6190490722656,124.171875,511.6666564941406,148.671875,-1.0,-1.0,516.2380981445312,121.109375,529.952392578125,147.140625,516.2380981445312,168.578125,513.1904907226562,177.765625,514.7142944335938,214.515625,520.8095092773438,255.859375,517.7619018554688,177.765625,514.7142944335938,214.515625,520.8095092773438,252.796875,-1.0,-1.0,496.4285583496094,102.734375,-1.0,-1.0,502.5238037109375,104.265625
494.70587158203125,107.328125,511.5294189453125,124.171875,508.4705810546875,124.171875,510.0,150.203125,-1.0,-1.0,514.5882568359375,122.640625,528.3529663085938,148.671875,513.058837890625,167.046875,511.5294189453125,177.765625,503.8823547363281,211.453125,-1.0,-1.0,517.6470336914062,177.765625,517.6470336914062,214.515625,-1.0,-1.0,-1.0,-1.0,496.23529052734375,104.265625,-1.0,-1.0,502.3529357910156,104.265625
494.70587158203125,107.328125,511.5294189453125,122.640625,506.941162109375,124.171875,-1.0,-1.0,-1.0,-1.0,513.058837890625,122.640625,526.8235473632812,148.671875,513.058837890625,167.046875,511.5294189453125,179.296875,500.8235168457031,211.453125,-1.0,-1.0,516.11767578125,177.765625,502.3529357910156,211.453125,-1.0,-1.0,-1.0,-1.0,496.23529052734375,104.265625,-1.0,-1.0,500.8235168457031,104.265625
493.9047546386719,108.859375,509.1428527832031,122.640625,506.0952453613281,124.171875,-1.0,-1.0,-1.0,-1.0,512.1904907226562,122.640625,524.3809814453125,148.671875,510.6666564941406,167.046875,510.6666564941406,177.765625,496.952392578125,212.984375,-1.0,-1.0,516.7619018554688,179.296875,510.6666564941406,214.515625,-1.0,-1.0,-1.0,-1.0,493.9047546386719,105.796875,-1.0,-1.0,500.0,104.265625
492.1764831542969,108.859375,509.0,122.640625,505.941162109375,122.640625,505.941162109375,150.203125,-1.0,-1.0,512.058837890625,121.109375,524.2941284179688,148.671875,509.0,167.046875,510.5294189453125,177.765625,493.70587158203125,209.921875,-1.0,-1.0,516.6470336914062,177.765625,516.6470336914062,214.515625,522.7647094726562,255.859375,-1.0,-1.0,493.70587158203125,105.796875,-1.0,-1.0,498.29412841796875,104.265625
491.70587158203125,108.859375,507.0,122.640625,503.941162109375,122.640625,505.4705810546875,150.203125,-1.0,-1.0,510.058837890625,122.640625,522.2941284179688,148.671875,505.4705810546875,168.578125,508.5294189453125,176.234375,511.5882263183594,212.984375,-1.0,-1.0,514.6470336914062,176.234375,514.6470336914062,211.453125,520.7647094726562,257.390625,-1.0,-1.0,491.70587158203125,105.796875,-1.0,-1.0,496.29412841796875,104.265625
489.70587158203125,107.328125,506.5294189453125,124.171875,501.941162109375,124.171875,505.0,150.203125,-1.0,-1.0,509.5882263183594,122.640625,520.2941284179688,148.671875,505.0,168.578125,506.5294189453125,176.234375,511.1176452636719,212.984375,-1.0,-1.0,512.6470336914062,177.765625,515.7058715820312,212.984375,518.7647094726562,254.328125,-1.0,-1.0,491.23529052734375,104.265625,-1.0,-1.0,495.8235168457031,104.265625
487.70587158203125,107.328125,504.5294189453125,124.171875,501.4705810546875,124.171875,501.4705810546875,153.265625,-1.0,-1.0,507.5882263183594,122.640625,519.8235473632812,150.203125,504.5294189453125,168.578125,504.5294189453125,177.765625,510.6470642089844,211.453125,-1.0,-1.0,513.7058715820312,177.765625,513.7058715820312,209.921875,515.2352905273438,246.671875,-1.0,-1.0,489.23529052734375,104.265625,-1.0,-1.0,493.8235168457031,104.265625
484.9047546386719,107.328125,503.19049072265625,124.171875,500.1428527832031,124.171875,500.1428527832031,153.265625,495.5714416503906,173.171875,506.23809814453125,122.640625,518.4285888671875,150.203125,503.19049072265625,168.578125,500.1428527832031,179.296875,501.6666564941406,216.046875,-1.0,-1.0,512.3333129882812,179.296875,513.8571166992188,216.046875,518.4285888671875,252.796875,-1.0,-1.0,486.4285583496094,104.265625,-1.0,-1.0,491.0,104.265625
484.4285583496094,107.328125,501.19049072265625,124.171875,496.6190490722656,125.703125,498.1428527832031,154.796875,492.047607421875,170.109375,505.76190185546875,124.171875,517.952392578125,150.203125,502.71429443359375,168.578125,499.6666564941406,179.296875,501.19049072265625,216.046875,-1.0,-1.0,510.3333435058594,179.296875,511.8571472167969,216.046875,514.90478515625,251.265625,-1.0,-1.0,485.952392578125,104.265625,-1.0,-1.0,492.047607421875,105.796875
482.4285583496094,108.859375,499.19049072265625,125.703125,494.6190490722656,125.703125,496.1428527832031,156.328125,491.5714416503906,167.046875,503.76190185546875,124.171875,517.4761962890625,150.203125,503.76190185546875,168.578125,494.6190490722656,182.359375,482.4285583496094,209.921875,485.4761962890625,249.734375,508.3333435058594,182.359375,511.3809509277344,219.109375,517.4761962890625,252.796875,-1.0,-1.0,483.952392578125,105.796875,-1.0,-1.0,490.047607421875,105.796875
480.23529052734375,108.859375,498.5882263183594,125.703125,492.4705810546875,125.703125,492.4705810546875,156.328125,487.8823547363281,168.578125,501.6470642089844,124.171875,516.941162109375,150.203125,504.70587158203125,168.578125,492.4705810546875,182.359375,481.76470947265625,214.515625,480.23529052734375,249.734375,506.23529052734375,182.359375,512.3529663085938,220.640625,512.3529663085938,255.859375,-1.0,-1.0,481.76470947265625,105.796875,-1.0,-1.0,490.941162109375,107.328125
478.23529052734375,108.859375,496.5882263183594,125.703125,490.4705810546875,125.703125,492.0,153.265625,484.3529357910156,167.046875,501.1764831542969,125.703125,516.4705810546875,150.203125,505.76470947265625,170.109375,490.4705810546875,182.359375,484.3529357910156,216.046875,481.29412841796875,248.203125,504.23529052734375,182.359375,508.82354736328125,220.640625,511.8823547363281,252.796875,-1.0,-1.0,481.29412841796875,105.796875,-1.0,-1.0,488.941162109375,107.328125
476.23529052734375,108.859375,493.058837890625,125.703125,486.941162109375,125.703125,488.4705810546875,150.203125,-1.0,-1.0,499.1764831542969,125.703125,514.4705810546875,150.203125,506.82354736328125,168.578125,488.4705810546875,180.828125,483.8823547363281,216.046875,483.8823547363281,242.078125,500.70587158203125,180.828125,503.76470947265625,216.046875,-1.0,-1.0,-1.0,-1.0,477.76470947265625,107.328125,-1.0,-1.0,486.941162109375,107.328125
473.6071472167969,109.01171875,492.1785583496094,127.48046875,484.44049072265625,127.48046875,485.98809814453125,149.02734375,-1.0,-1.0,496.8214416503906,127.48046875,513.84521484375,150.56640625,506.1071472167969,169.03515625,485.98809814453125,181.34765625,481.3452453613281,216.74609375,476.702392578125,250.60546875,499.9166564941406,181.34765625,504.55950927734375,219.82421875,-1.0,-1.0,-1.0,-1.0,475.1547546386719,107.47265625,-1.0,-1.0,482.8928527832031,107.47265625
471.6071472167969,109.01171875,488.6309509277344,127.48046875,482.44049072265625,129.01953125,485.53570556640625,150.56640625,-1.0,-1.0,494.8214416503906,127.48046875,511.8452453613281,150.56640625,504.1071472167969,169.03515625,483.98809814453125,182.88671875,477.797607421875,218.28515625,473.1547546386719,252.14453125,497.9166564941406,182.88671875,504.1071472167969,219.82421875,-1.0,-1.0,-1.0,-1.0,473.1547546386719,107.47265625,-1.0,-1.0,480.8928527832031,107.47265625
468.02410888671875,109.01171875,486.5301208496094,127.48046875,478.81927490234375,129.01953125,-1.0,-1.0,-1.0,-1.0,492.69879150390625,127.48046875,508.1204833984375,150.56640625,501.9518127441406,169.03515625,481.90362548828125,184.42578125,477.277099609375,218.28515625,469.5662536621094,255.22265625,495.78314208984375,184.42578125,505.0361328125,222.90234375,-1.0,-1.0,-1.0,-1.0,471.1084289550781,107.47265625,-1.0,-1.0,477.277099609375,107.47265625
466.02410888671875,110.55078125,482.9879455566406,127.48046875,476.81927490234375,129.01953125,-1.0,-1.0,-1.0,-1.0,489.1566162109375,125.94140625,506.1204833984375,150.56640625,499.9518127441406,169.03515625,479.90362548828125,185.96484375,473.73492431640625,221.36328125,469.1084289550781,255.22265625,493.78314208984375,184.42578125,499.9518127441406,222.90234375,-1.0,-1.0,-1.0,-1.0,467.5662536621094,107.47265625,-1.0,-1.0,473.73492431640625,109.01171875
463.9047546386719,109.859375,480.6666564941406,128.234375,474.5714416503906,129.765625,-1.0,-1.0,-1.0,-1.0,485.23809814453125,126.703125,502.0,151.203125,494.3809509277344,169.578125,479.1428527832031,184.890625,471.5238037109375,217.046875,470.0,253.796875,491.3333435058594,184.890625,497.4285888671875,218.578125,-1.0,-1.0,-1.0,-1.0,465.4285583496094,108.328125,-1.0,-1.0,471.5238037109375,109.859375
461.9047546386719,111.390625,478.6666564941406,128.234375,472.5714416503906,129.765625,-1.0,-1.0,-1.0,-1.0,483.23809814453125,126.703125,498.4761962890625,151.203125,490.8571472167969,168.046875,477.1428527832031,183.359375,471.047607421875,217.046875,469.5238037109375,255.328125,487.80950927734375,184.890625,486.28570556640625,215.515625,-1.0,-1.0,-1.0,-1.0,461.9047546386719,108.328125,-1.0,-1.0,468.0,109.859375
459.70587158203125,111.390625,476.5294189453125,128.234375,471.941162109375,128.234375,-1.0,-1.0,-1.0,-1.0,481.1176452636719,126.703125,496.4117736816406,152.734375,485.70587158203125,169.578125,478.058837890625,181.828125,471.941162109375,213.984375,-1.0,-1.0,488.76470947265625,181.828125,473.4705810546875,217.046875,468.8823547363281,252.265625,-1.0,-1.0,461.23529052734375,108.328125,-1.0,-1.0,465.8235168457031,109.859375
457.70587158203125,111.390625,474.5294189453125,128.234375,469.941162109375,128.234375,474.5294189453125,155.796875,468.4117736816406,169.578125,479.1176452636719,126.703125,495.941162109375,152.734375,483.70587158203125,171.109375,477.5882263183594,181.828125,471.4705810546875,215.515625,469.941162109375,255.328125,485.23529052734375,181.828125,473.0,217.046875,469.941162109375,253.796875,-1.0,-1.0,459.23529052734375,108.328125,-1.0,-1.0,465.3529357910156,109.859375
455.70587158203125,111.390625,474.058837890625,128.234375,469.4705810546875,128.234375,-1.0,-1.0,-1.0,-1.0,477.1176452636719,126.703125,493.941162109375,152.734375,481.70587158203125,171.109375,475.5882263183594,181.828125,474.058837890625,217.046875,467.941162109375,255.328125,483.23529052734375,181.828125,472.5294189453125,218.578125,467.941162109375,255.328125,-1.0,-1.0,457.23529052734375,108.328125,-1.0,-1.0,463.3529357910156,109.859375
454.9047546386719,112.921875,473.19049072265625,128.234375,468.6190490722656,128.234375,470.1428527832031,157.328125,465.5714416503906,169.578125,476.23809814453125,126.703125,491.4761962890625,151.203125,479.28570556640625,172.640625,474.71429443359375,180.296875,468.6190490722656,213.984375,486.9047546386719,249.203125,480.80950927734375,180.296875,470.1428527832031,213.984375,468.6190490722656,253.796875,-1.0,-1.0,456.4285583496094,109.859375,-1.0,-1.0,462.5238037109375,109.859375
453.3809509277344,111.390625,471.6666564941406,126.703125,467.0952453613281,126.703125,470.1428527832031,157.328125,464.047607421875,169.578125,474.71429443359375,126.703125,489.952392578125,149.671875,479.28570556640625,171.109375,473.19049072265625,181.828125,470.1428527832031,213.984375,468.6190490722656,253.796875,479.28570556640625,180.296875,468.6190490722656,212.453125,468.6190490722656,252.265625,-1.0,-1.0,454.9047546386719,108.328125,-1.0,-1.0,461.0,109.859375
454.70587158203125,111.390625,471.5294189453125,126.703125,466.941162109375,126.703125,470.0,157.328125,459.29412841796875,168.046875,474.5882263183594,125.171875,488.3529357910156,149.671875,477.6470642089844,172.640625,471.5294189453125,178.765625,462.3529357910156,209.390625,489.8823547363281,252.265625,480.70587158203125,178.765625,466.941162109375,210.921875,468.4705810546875,252.265625,-1.0,-1.0,456.23529052734375,108.328125,-1.0,-1.0,460.8235168457031,108.328125
454.70587158203125,109.859375,470.0,125.171875,466.941162109375,125.171875,468.4705810546875,155.796875,459.29412841796875,168.046875,473.058837890625,125.171875,488.3529357910156,149.671875,479.1764831542969,171.109375,470.0,178.765625,462.3529357910156,210.921875,488.3529357910156,247.671875,479.1764831542969,178.765625,473.058837890625,213.984375,468.4705810546875,250.734375,-1.0,-1.0,456.23529052734375,106.796875,-1.0,-1.0,460.8235168457031,108.328125
453.9047546386719,109.859375,469.1428527832031,125.171875,466.0952453613281,125.171875,467.6190490722656,155.796875,458.4761962890625,168.046875,472.19049072265625,125.171875,487.4285888671875,149.671875,478.28570556640625,169.578125,469.1428527832031,180.296875,461.5238037109375,210.921875,485.9047546386719,244.609375,476.76190185546875,180.296875,470.6666564941406,215.515625,469.1428527832031,252.265625,-1.0,-1.0,453.9047546386719,106.796875,-1.0,-1.0,460.0,108.328125
453.70587158203125,109.859375,469.0,125.171875,467.4705810546875,125.171875,-1.0,-1.0,-1.0,-1.0,472.058837890625,125.171875,487.3529357910156,149.671875,475.1176452636719,172.640625,469.0,180.296875,461.3529357910156,209.390625,485.82354736328125,244.609375,476.6470642089844,178.765625,469.0,213.984375,467.4705810546875,250.734375,-1.0,-1.0,455.23529052734375,106.796875,-1.0,-1.0,459.8235168457031,106.796875
453.70587158203125,109.859375,469.0,123.640625,467.4705810546875,123.640625,-1.0,-1.0,-1.0,-1.0,470.5294189453125,123.640625,485.82354736328125,149.671875,476.6470642089844,172.640625,467.4705810546875,180.296875,459.8235168457031,209.390625,485.82354736328125,243.078125,476.6470642089844,178.765625,467.4705810546875,213.984375,467.4705810546875,250.734375,-1.0,-1.0,455.23529052734375,106.796875,-1.0,-1.0,459.8235168457031,106.796875
452.9047546386719,109.859375,469.6666564941406,123.640625,466.6190490722656,123.640625,469.6666564941406,151.203125,459.0,172.640625,469.6666564941406,123.640625,-1.0,-1.0,-1.0,-1.0,469.6666564941406,178.765625,462.047607421875,210.921875,466.6190490722656,255.328125,477.28570556640625,177.234375,466.6190490722656,213.984375,468.1428527832031,253.796875,-1.0,-1.0,454.4285583496094,105.265625,-1.0,-1.0,459.0,106.796875
454.23529052734375,108.328125,469.5294189453125,123.640625,466.4705810546875,123.640625,-1.0,-1.0,-1.0,-1.0,469.5294189453125,123.640625,-1.0,-1.0,-1.0,-1.0,469.5294189453125,178.765625,463.4117736816406,212.453125,-1.0,-1.0,475.6470642089844,177.234375,466.4705810546875,213.984375,468.0,253.796875,-1.0,-1.0,454.23529052734375,105.265625,-1.0,-1.0,458.8235168457031,106.796875
454.23529052734375,108.328125,469.5294189453125,123.640625,466.4705810546875,123.640625,-1.0,-1.0,-1.0,-1.0,469.5294189453125,123.640625,-1.0,-1.0,-1.0,-1.0,469.5294189453125,178.765625,477.1764831542969,213.984375,492.4705810546875,258.390625,475.6470642089844,178.765625,469.5294189453125,213.984375,468.0,253.796875,-1.0,-1.0,454.23529052734375,105.265625,-1.0,-1.0,458.8235168457031,106.796875
453.5662536621094,109.01171875,468.9879455566406,124.40234375,465.90362548828125,124.40234375,-1.0,-1.0,-1.0,-1.0,470.5301208496094,124.40234375,484.4096374511719,149.02734375,478.240966796875,178.26953125,467.4457702636719,179.80859375,465.90362548828125,215.20703125,-1.0,-1.0,475.1566162109375,179.80859375,470.5301208496094,219.82421875,467.4457702636719,255.22265625,-1.0,-1.0,455.1084289550781,105.93359375,-1.0,-1.0,459.73492431640625,105.93359375
452.6071472167969,109.01171875,468.0833435058594,124.40234375,464.98809814453125,124.40234375,-1.0,-1.0,-1.0,-1.0,469.6309509277344,122.86328125,485.1071472167969,150.56640625,485.1071472167969,176.73046875,468.0833435058594,179.80859375,469.6309509277344,216.74609375,482.01190185546875,252.14453125,474.2738037109375,181.34765625,474.2738037109375,219.82421875,468.0833435058594,255.22265625,-1.0,-1.0,454.1547546386719,105.93359375,-1.0,-1.0,458.797607421875,105.93359375
452.6071472167969,109.01171875,468.0833435058594,124.40234375,464.98809814453125,124.40234375,-1.0,-1.0,-1.0,-1.0,471.1785583496094,122.86328125,485.1071472167969,149.02734375,483.55950927734375,178.26953125,468.0833435058594,179.80859375,471.1785583496094,215.20703125,469.6309509277344,255.22265625,474.2738037109375,179.80859375,474.2738037109375,216.74609375,468.0833435058594,256.76171875,-1.0,-1.0,454.1547546386719,105.93359375,-1.0,-1.0,458.797607421875,105.93359375
452.5662536621094,110.55078125,469.5301208496094,124.40234375,464.90362548828125,124.40234375,-1.0,-1.0,-1.0,-1.0,471.0722961425781,122.86328125,484.9518127441406,149.02734375,483.4096374511719,179.80859375,467.9879455566406,179.80859375,469.5301208496094,215.20703125,469.5301208496094,255.22265625,474.1566162109375,181.34765625,475.69879150390625,219.82421875,469.5301208496094,256.76171875,-1.0,-1.0,454.1084289550781,105.93359375,-1.0,-1.0,458.73492431640625,107.47265625
454.1084289550781,110.55078125,469.5301208496094,124.40234375,464.90362548828125,124.40234375,-1.0,-1.0,-1.0,-1.0,471.0722961425781,122.86328125,484.9518127441406,147.48828125,492.66265869140625,170.57421875,467.9879455566406,179.80859375,472.61444091796875,216.74609375,469.5301208496094,255.22265625,475.69879150390625,179.80859375,475.69879150390625,218.28515625,469.5301208496094,256.76171875,-1.0,-1.0,454.1084289550781,105.93359375,-1.0,-1.0,458.73492431640625,107.47265625
454.1084289550781,110.55078125,469.5301208496094,124.40234375,466.4457702636719,124.40234375,-1.0,-1.0,-1.0,-1.0,472.61444091796875,122.86328125,486.49395751953125,147.48828125,492.66265869140625,170.57421875,467.9879455566406,179.80859375,474.1566162109375,218.28515625,469.5301208496094,255.22265625,475.69879150390625,179.80859375,475.69879150390625,219.82421875,469.5301208496094,255.22265625,-1.0,-1.0,455.6506042480469,107.47265625,-1.0,-1.0,460.277099609375,107.47265625
454.1084289550781,110.55078125,471.0722961425781,124.40234375,466.4457702636719,125.94140625,-1.0,-1.0,-1.0,-1.0,472.61444091796875,122.86328125,488.0361328125,149.02734375,491.1204833984375,170.57421875,467.9879455566406,181.34765625,474.1566162109375,218.28515625,469.5301208496094,255.22265625,475.69879150390625,181.34765625,475.69879150390625,219.82421875,469.5301208496094,256.76171875,-1.0,-1.0,455.6506042480469,105.93359375,-1.0,-1.0,460.277099609375,105.93359375
455.6506042480469,110.55078125,471.0722961425781,124.40234375,466.4457702636719,125.94140625,-1.0,-1.0,-1.0,-1.0,472.61444091796875,122.86328125,488.0361328125,149.02734375,489.57830810546875,172.11328125,467.9879455566406,181.34765625,474.1566162109375,218.28515625,469.5301208496094,255.22265625,475.69879150390625,181.34765625,474.1566162109375,221.36328125,469.5301208496094,256.76171875,-1.0,-1.0,455.6506042480469,105.93359375,-1.0,-1.0,460.277099609375,105.93359375
455.6506042480469,110.55078125,471.0722961425781,124.40234375,466.4457702636719,125.94140625,-1.0,-1.0,-1.0,-1.0,474.1566162109375,124.40234375,489.57830810546875,149.02734375,488.0361328125,173.65234375,467.9879455566406,181.34765625,472.61444091796875,219.82421875,469.5301208496094,255.22265625,475.69879150390625,181.34765625,474.1566162109375,221.36328125,469.5301208496094,256.76171875,-1.0,-1.0,457.1927795410156,105.93359375,-1.0,-1.0,461.81927490234375,105.93359375
454.1084289550781,110.55078125,471.0722961425781,124.40234375,466.4457702636719,125.94140625,-1.0,-1.0,-1.0,-1.0,474.1566162109375,124.40234375,489.57830810546875,147.48828125,486.49395751953125,173.65234375,466.4457702636719,181.34765625,472.61444091796875,219.82421875,469.5301208496094,255.22265625,475.69879150390625,181.34765625,474.1566162109375,221.36328125,469.5301208496094,256.76171875,-1.0,-1.0,455.6506042480469,105.93359375,-1.0,-1.0,461.81927490234375,105.93359375
454.1084289550781,110.55078125,471.0722961425781,124.40234375,466.4457702636719,125.94140625,-1.0,-1.0,-1.0,-1.0,474.1566162109375,124.40234375,489.57830810546875,149.02734375,486.49395751953125,175.19140625,466.4457702636719,181.34765625,472.61444091796875,221.36328125,469.5301208496094,255.22265625,475.69879150390625,182.88671875,474.1566162109375,222.90234375,469.5301208496094,256.76171875,-1.0,-1.0,455.6506042480469,105.93359375,-1.0,-1.0,461.81927490234375,105.93359375
454.1084289550781,109.01171875,471.0722961425781,124.40234375,466.4457702636719,125.94140625,469.5301208496094,155.18359375,-1.0,-1.0,475.69879150390625,124.40234375,489.57830810546875,149.02734375,484.9518127441406,175.19140625,466.4457702636719,182.88671875,474.1566162109375,221.36328125,469.5301208496094,256.76171875,475.69879150390625,182.88671875,474.1566162109375,222.90234375,469.5301208496094,256.76171875,-1.0,-1.0,455.6506042480469,105.93359375,-1.0,-1.0,461.81927490234375,105.93359375
452.5662536621094,109.01171875,471.0722961425781,124.40234375,466.4457702636719,125.94140625,-1.0,-1.0,-1.0,-1.0,475.69879150390625,124.40234375,489.57830810546875,149.02734375,486.49395751953125,172.11328125,466.4457702636719,181.34765625,472.61444091796875,219.82421875,467.9879455566406,256.76171875,475.69879150390625,182.88671875,474.1566162109375,219.82421875,469.5301208496094,255.22265625,-1.0,-1.0,455.6506042480469,105.93359375,-1.0,-1.0,461.81927490234375,105.93359375
452.5662536621094,109.01171875,471.0722961425781,124.40234375,466.4457702636719,125.94140625,-1.0,-1.0,-1.0,-1.0,474.1566162109375,124.40234375,489.57830810546875,149.02734375,481.8674621582031,178.26953125,467.9879455566406,182.88671875,474.1566162109375,219.82421875,469.5301208496094,255.22265625,475.69879150390625,184.42578125,474.1566162109375,219.82421875,469.5301208496094,256.76171875,-1.0,-1.0,455.6506042480469,105.93359375,-1.0,-1.0,463.3614501953125,105.93359375
452.5662536621094,109.01171875,471.0722961425781,124.40234375,464.90362548828125,125.94140625,-1.0,-1.0,-1.0,-1.0,474.1566162109375,124.40234375,488.0361328125,149.02734375,483.4096374511719,172.11328125,466.4457702636719,182.88671875,472.61444091796875,218.28515625,469.5301208496094,255.22265625,475.69879150390625,182.88671875,474.1566162109375,218.28515625,469.5301208496094,256.76171875,-1.0,-1.0,454.1084289550781,105.93359375,-1.0,-1.0,461.81927490234375,105.93359375
452.5662536621094,109.01171875,469.5301208496094,124.40234375,464.90362548828125,125.94140625,-1.0,-1.0,-1.0,-1.0,474.1566162109375,124.40234375,488.0361328125,149.02734375,481.8674621582031,172.11328125,466.4457702636719,181.34765625,474.1566162109375,219.82421875,469.5301208496094,256.76171875,475.69879150390625,182.88671875,474.1566162109375,219.82421875,469.5301208496094,255.22265625,-1.0,-1.0,454.1084289550781,105.93359375,-1.0,-1.0,461.81927490234375,105.93359375
452.5662536621094,109.01171875,469.5301208496094,124.40234375,464.90362548828125,125.94140625,-1.0,-1.0,-1.0,-1.0,474.1566162109375,124.40234375,486.49395751953125,149.02734375,480.3252868652344,173.65234375,466.4457702636719,181.34765625,474.1566162109375,219.82421875,469.5301208496094,255.22265625,475.69879150390625,182.88671875,474.1566162109375,219.82421875,469.5301208496094,255.22265625,-1.0,-1.0,454.1084289550781,105.93359375,-1.0,-1.0,461.81927490234375,105.93359375
451.02410888671875,109.01171875,467.9879455566406,124.40234375,464.90362548828125,124.40234375,-1.0,-1.0,-1.0,-1.0,472.61444091796875,124.40234375,486.49395751953125,149.02734375,480.3252868652344,175.19140625,466.4457702636719,181.34765625,471.0722961425781,216.74609375,469.5301208496094,255.22265625,475.69879150390625,182.88671875,474.1566162109375,218.28515625,469.5301208496094,256.76171875,-1.0,-1.0,452.5662536621094,105.93359375,-1.0,-1.0,460.277099609375,105.93359375
451.02410888671875,109.01171875,467.9879455566406,124.40234375,464.90362548828125,124.40234375,-1.0,-1.0,-1.0,-1.0,471.0722961425781,124.40234375,486.49395751953125,149.02734375,480.3252868652344,173.65234375,466.4457702636719,181.34765625,471.0722961425781,216.74609375,469.5301208496094,255.22265625,475.69879150390625,182.88671875,474.1566162109375,218.28515625,469.5301208496094,256.76171875,-1.0,-1.0,452.5662536621094,105.93359375,-1.0,-1.0,458.73492431640625,105.93359375
449.48193359375,109.01171875,466.4457702636719,124.40234375,463.3614501953125,124.40234375,-1.0,-1.0,-1.0,-1.0,469.5301208496094,124.40234375,484.9518127441406,149.02734375,480.3252868652344,175.19140625,466.4457702636719,181.34765625,471.0722961425781,218.28515625,469.5301208496094,255.22265625,474.1566162109375,181.34765625,475.69879150390625,219.82421875,469.5301208496094,256.76171875,-1.0,-1.0,451.02410888671875,105.93359375,-1.0,-1.0,460.277099609375,105.93359375
449.48193359375,109.01171875,466.4457702636719,124.40234375,461.81927490234375,125.94140625,-1.0,-1.0,-1.0,-1.0,469.5301208496094,124.40234375,483.4096374511719,149.02734375,480.3252868652344,176.73046875,466.4457702636719,181.34765625,469.5301208496094,216.74609375,469.5301208496094,255.22265625,474.1566162109375,181.34765625,475.69879150390625,218.28515625,469.5301208496094,256.76171875,-1.0,-1.0,451.02410888671875,105.93359375,-1.0,-1.0,457.1927795410156,105.93359375
447.93975830078125,110.55078125,464.90362548828125,124.40234375,460.277099609375,125.94140625,-1.0,-1.0,-1.0,-1.0,467.9879455566406,124.40234375,481.8674621582031,149.02734375,480.3252868652344,175.19140625,466.4457702636719,181.34765625,469.5301208496094,219.82421875,469.5301208496094,255.22265625,474.1566162109375,182.88671875,474.1566162109375,219.82421875,469.5301208496094,255.22265625,-1.0,-1.0,449.48193359375,105.93359375,-1.0,-1.0,457.1927795410156,105.93359375
447.93975830078125,109.01171875,463.3614501953125,124.40234375,458.73492431640625,125.94140625,-1.0,-1.0,-1.0,-1.0,466.4457702636719,122.86328125,480.3252868652344,149.02734375,477.240966796875,179.80859375,464.90362548828125,181.34765625,469.5301208496094,216.74609375,469.5301208496094,253.68359375,474.1566162109375,181.34765625,472.61444091796875,216.74609375,467.9879455566406,255.22265625,-1.0,-1.0,449.48193359375,105.93359375,-1.0,-1.0,455.6506042480469,105.93359375
446.3975830078125,109.01171875,461.81927490234375,124.40234375,458.73492431640625,124.40234375,-1.0,-1.0,-1.0,-1.0,464.90362548828125,122.86328125,480.3252868652344,149.02734375,477.240966796875,178.26953125,463.3614501953125,181.34765625,466.4457702636719,215.20703125,467.9879455566406,252.14453125,472.61444091796875,181.34765625,474.1566162109375,218.28515625,467.9879455566406,255.22265625,-1.0,-1.0,447.93975830078125,105.93359375,-1.0,-1.0,454.1084289550781,105.93359375
