319.1788635253906,206.89453125,317.2601623535156,223.23046875,304.7886047363281,222.26953125,296.15447998046875,242.44921875,296.15447998046875,261.66796875,330.6910400390625,225.15234375,334.5284423828125,243.41015625,335.48779296875,245.33203125,307.6666564941406,260.70703125,308.6260070800781,285.69140625,308.6260070800781,299.14453125,323.9756164550781,262.62890625,323.9756164550781,282.80859375,323.0162658691406,294.33984375,317.2601623535156,204.97265625,322.0569152832031,204.97265625,314.3821105957031,205.93359375,325.8943176269531,205.93359375
321.1382141113281,206.89453125,319.2195129394531,224.19140625,305.7886047363281,223.23046875,298.11383056640625,243.41015625,300.03253173828125,263.58984375,331.6910400390625,224.19140625,337.4471435546875,242.44921875,338.406494140625,257.82421875,309.6260070800781,261.66796875,309.6260070800781,283.76953125,309.6260070800781,293.37890625,325.9349670410156,262.62890625,324.9756164550781,280.88671875,324.9756164550781,291.45703125,319.2195129394531,204.01171875,324.0162658691406,204.97265625,315.3821105957031,205.93359375,327.8536682128906,205.93359375
321.1788635253906,207.85546875,319.2601623535156,224.19140625,306.7886047363281,223.23046875,298.15447998046875,245.33203125,297.19512939453125,265.51171875,332.6910400390625,224.19140625,338.4471435546875,243.41015625,342.2845458984375,259.74609375,310.6260070800781,261.66796875,310.6260070800781,280.88671875,311.5853576660156,294.33984375,325.9756164550781,262.62890625,325.9756164550781,279.92578125,325.0162658691406,291.45703125,319.2601623535156,204.97265625,323.0975646972656,204.97265625,316.3821105957031,206.89453125,328.8536682128906,206.89453125
321.7200012207031,207.85546875,320.760009765625,224.19140625,308.2799987792969,223.23046875,300.6000061035156,241.48828125,297.7200012207031,265.51171875,334.20001220703125,225.15234375,339.0,243.41015625,339.0,256.86328125,312.1199951171875,259.74609375,313.0799865722656,276.08203125,313.0799865722656,288.57421875,327.4800109863281,260.70703125,326.5199890136719,276.08203125,325.55999755859375,288.57421875,319.79998779296875,204.97265625,323.6400146484375,204.97265625,315.9599914550781,207.85546875,329.3999938964844,205.93359375
323.45159912109375,207.953125,322.4838562011719,225.390625,309.9032287597656,224.421875,301.19354248046875,247.671875,304.0967712402344,267.046875,336.0322570800781,226.359375,342.80645751953125,244.765625,346.67742919921875,259.296875,312.80645751953125,266.078125,313.7742004394531,284.484375,-1.0,-1.0,329.258056640625,267.046875,327.32257080078125,284.484375,-1.0,-1.0,321.51611328125,205.046875,325.3870849609375,205.046875,318.6129150390625,207.953125,331.19354248046875,206.984375
323.0163879394531,207.953125,322.0491943359375,225.390625,309.47540283203125,224.421875,301.7377014160156,247.671875,305.6065673828125,267.046875,335.59014892578125,226.359375,341.3934326171875,244.765625,345.2622985839844,260.265625,313.3442687988281,267.046875,314.31146240234375,284.484375,-1.0,-1.0,329.7868957519531,266.078125,328.8196716308594,283.515625,326.88525390625,294.171875,322.0491943359375,205.046875,325.91802978515625,205.046875,319.1475524902344,207.953125,330.75408935546875,206.984375
323.0491943359375,207.953125,322.08197021484375,225.390625,309.5082092285156,224.421875,300.80328369140625,247.671875,305.63934326171875,267.046875,336.59014892578125,226.359375,341.4262390136719,245.734375,346.2622985839844,260.265625,313.3770446777344,267.046875,314.3442687988281,284.484375,-1.0,-1.0,328.8524475097656,267.046875,328.8524475097656,284.484375,326.91802978515625,295.140625,322.08197021484375,205.046875,325.9508056640625,205.046875,318.2131042480469,207.953125,330.7868957519531,206.984375
325.0163879394531,207.953125,324.0491943359375,226.359375,310.5082092285156,225.390625,303.7377014160156,249.609375,306.63934326171875,268.984375,337.59014892578125,226.359375,344.36065673828125,245.734375,346.2950744628906,263.171875,315.3442687988281,266.078125,316.31146240234375,290.296875,-1.0,-1.0,330.8196716308594,266.078125,327.91802978515625,293.203125,-1.0,-1.0,323.08197021484375,205.046875,326.9508056640625,205.046875,320.1803283691406,207.953125,331.7868957519531,206.015625
324.3057861328125,208.06640625,324.3057861328125,225.64453125,310.65289306640625,225.64453125,303.8264465332031,249.08203125,307.7272644042969,269.58984375,338.93389892578125,226.62109375,344.7851257324219,245.17578125,346.73553466796875,263.73046875,317.4793395996094,266.66015625,318.4545593261719,291.07421875,-1.0,-1.0,333.0826416015625,266.66015625,331.1322326660156,294.00390625,-1.0,-1.0,322.3553771972656,205.13671875,327.2314147949219,205.13671875,319.42974853515625,208.06640625,332.107421875,207.08984375
324.33056640625,207.08984375,325.3057861328125,224.66796875,311.65289306640625,224.66796875,304.8264465332031,248.10546875,308.7272644042969,270.56640625,338.95867919921875,225.64453125,345.7851257324219,245.17578125,347.73553466796875,263.73046875,317.5041198730469,265.68359375,319.4545593261719,290.09765625,-1.0,-1.0,333.107421875,265.68359375,333.107421875,291.07421875,-1.0,-1.0,322.3801574707031,205.13671875,326.281005859375,205.13671875,320.42974853515625,207.08984375,333.107421875,206.11328125
324.8536682128906,207.08984375,325.82928466796875,223.69140625,312.1707458496094,224.66796875,305.3414611816406,248.10546875,311.19512939453125,268.61328125,339.48779296875,223.69140625,347.2926940917969,246.15234375,348.268310546875,265.68359375,319.0,266.66015625,321.92681884765625,292.05078125,-1.0,-1.0,334.6097412109375,266.66015625,334.6097412109375,292.05078125,-1.0,-1.0,322.9024353027344,204.16015625,327.7804870605469,204.16015625,319.0,207.08984375,332.6585388183594,205.13671875
325.6451721191406,205.984375,327.5806579589844,223.421875,314.0322570800781,223.421875,306.2903137207031,247.640625,312.0967712402344,268.953125,340.1612854003906,223.421875,347.9032287597656,244.734375,349.8387145996094,264.109375,320.80645751953125,265.078125,323.7096862792969,291.234375,324.67742919921875,300.921875,337.258056640625,265.078125,338.2257995605469,290.265625,338.2257995605469,299.953125,323.7096862792969,204.046875,328.54840087890625,204.046875,320.80645751953125,206.953125,333.3870849609375,205.015625
325.8780517578125,206.08984375,327.82928466796875,222.69140625,314.1707458496094,223.66796875,307.3414611816406,248.08203125,312.2195129394531,269.56640625,341.48779296875,222.69140625,349.2926940917969,244.17578125,350.268310546875,265.66015625,321.9756164550781,267.61328125,325.8780517578125,295.93359375,-1.0,-1.0,339.5365905761719,266.63671875,340.51220703125,293.98046875,-1.0,-1.0,324.9024353027344,203.16015625,328.80487060546875,203.16015625,321.0,206.08984375,334.6585388183594,205.11328125
328.3553771972656,205.11328125,328.3553771972656,222.69140625,315.67767333984375,222.69140625,308.8512268066406,245.15234375,309.8264465332031,264.68359375,342.0082702636719,222.69140625,349.8099060058594,243.19921875,352.73553466796875,265.66015625,322.5041198730469,267.61328125,326.40496826171875,295.93359375,-1.0,-1.0,341.0330505371094,266.63671875,342.0082702636719,295.93359375,-1.0,-1.0,326.40496826171875,203.16015625,330.3057861328125,202.18359375,322.5041198730469,206.08984375,335.18182373046875,204.13671875
327.40496826171875,205.11328125,328.3801574707031,222.69140625,315.7024841308594,222.69140625,308.87603759765625,245.15234375,310.8264465332031,264.68359375,342.0330505371094,222.69140625,349.834716796875,244.17578125,352.76031494140625,267.61328125,322.5289306640625,267.61328125,326.42974853515625,295.93359375,-1.0,-1.0,341.057861328125,265.66015625,342.0330505371094,295.93359375,-1.0,-1.0,325.4545593261719,203.16015625,330.33056640625,202.18359375,322.5289306640625,206.08984375,335.20660400390625,203.16015625
327.42974853515625,205.11328125,328.40496826171875,222.69140625,315.7272644042969,222.69140625,308.90081787109375,245.15234375,311.8264465332031,263.70703125,342.057861328125,222.69140625,349.8594970703125,243.19921875,353.76031494140625,258.82421875,322.5537109375,265.66015625,326.4545593261719,293.98046875,-1.0,-1.0,340.107421875,265.66015625,342.057861328125,293.98046875,-1.0,-1.0,325.4793395996094,203.16015625,329.3801574707031,202.18359375,322.5537109375,206.08984375,335.2314147949219,204.13671875
331.5737609863281,204.2421875,331.5737609863281,221.9609375,318.7868957519531,221.9609375,311.9016418457031,243.6171875,314.8524475097656,264.2890625,345.3442687988281,221.9609375,353.2131042480469,240.6640625,357.1475524902344,260.3515625,325.672119140625,265.2734375,326.6557312011719,295.7890625,-1.0,-1.0,343.3770446777344,264.2890625,347.31146240234375,295.7890625,-1.0,-1.0,329.6065673828125,202.2734375,334.52459716796875,202.2734375,326.6557312011719,205.2265625,339.442626953125,203.2578125
331.59014892578125,204.2421875,332.5737609863281,220.9765625,319.7868957519531,220.9765625,312.9016418457031,242.6328125,316.8360595703125,261.3359375,346.3442687988281,221.9609375,353.2294921875,240.6640625,356.1803283691406,255.4296875,326.672119140625,266.2578125,326.672119140625,295.7890625,-1.0,-1.0,345.36065673828125,265.2734375,348.31146240234375,296.7734375,-1.0,-1.0,330.6065673828125,202.2734375,334.5409851074219,202.2734375,327.6557312011719,204.2421875,341.4262390136719,203.2578125
334.557373046875,204.2421875,333.5737609863281,220.9765625,320.7868957519531,220.9765625,314.88525390625,244.6015625,318.8196716308594,264.2890625,347.3442687988281,221.9609375,355.2131042480469,241.6484375,360.13116455078125,264.2890625,327.672119140625,267.2421875,326.68853759765625,295.7890625,-1.0,-1.0,346.36065673828125,267.2421875,349.31146240234375,298.7421875,-1.0,-1.0,331.6065673828125,201.2890625,336.52459716796875,201.2890625,328.6557312011719,205.2265625,342.4262390136719,203.2578125
334.5737609863281,204.2421875,334.5737609863281,220.9765625,321.7868957519531,220.9765625,315.88525390625,241.6484375,320.80328369140625,262.3203125,349.327880859375,221.9609375,356.2131042480469,242.6328125,362.11474609375,263.3046875,328.672119140625,267.2421875,327.68853759765625,296.7734375,-1.0,-1.0,347.36065673828125,268.2265625,349.327880859375,298.7421875,-1.0,-1.0,332.6065673828125,201.2890625,337.52459716796875,201.2890625,329.6557312011719,204.2421875,343.4262390136719,203.2578125
336.77685546875,203.37109375,336.77685546875,220.23828125,323.8843078613281,220.23828125,317.93389892578125,243.05859375,322.8925476074219,260.91796875,349.66943359375,221.23046875,356.611572265625,242.06640625,362.5619812011719,257.94140625,329.834716796875,269.84765625,327.8512268066406,297.62890625,-1.0,-1.0,348.67767333984375,268.85546875,351.65289306640625,300.60546875,-1.0,-1.0,334.79339599609375,201.38671875,338.76031494140625,200.39453125,331.81817626953125,204.36328125,345.7024841308594,202.37890625
338.2773132324219,204.36328125,337.28570556640625,221.23046875,324.39495849609375,221.23046875,318.44537353515625,242.06640625,325.3865661621094,260.91796875,351.1680603027344,221.23046875,357.1176452636719,242.06640625,362.07562255859375,254.96484375,331.33612060546875,268.85546875,329.3529357910156,298.62109375,-1.0,-1.0,349.18487548828125,267.86328125,352.15966796875,300.60546875,-1.0,-1.0,336.29412841796875,201.38671875,341.2521057128906,201.38671875,333.3193359375,204.36328125,346.2100830078125,203.37109375
340.7685852050781,205.35546875,339.77685546875,221.23046875,325.8925476074219,221.23046875,319.942138671875,242.06640625,326.8843078613281,260.91796875,352.66943359375,222.22265625,358.6198425292969,243.05859375,365.5619812011719,261.91015625,332.834716796875,268.85546875,329.8594970703125,298.62109375,-1.0,-1.0,350.6859436035156,268.85546875,352.66943359375,300.60546875,-1.0,-1.0,338.7851257324219,202.37890625,344.73553466796875,203.37109375,335.8099060058594,204.36328125,348.7024841308594,205.35546875
341.5409851074219,204.2265625,341.5409851074219,221.9453125,327.7705078125,221.9453125,322.8524475097656,244.5859375,329.7377014160156,260.3359375,355.31146240234375,222.9296875,360.2294921875,240.6484375,363.1803283691406,249.5078125,334.6557312011719,267.2265625,330.7213134765625,296.7578125,-1.0,-1.0,352.36065673828125,266.2421875,353.3442687988281,298.7265625,-1.0,-1.0,340.557373046875,201.2734375,345.47540283203125,202.2578125,336.6229553222656,204.2265625,350.3934326171875,204.2265625
344.5082092285156,206.1953125,342.5409851074219,221.9453125,329.75408935546875,221.9453125,324.8360595703125,244.5859375,330.7377014160156,261.3203125,356.31146240234375,222.9296875,362.2131042480469,244.5859375,365.1639404296875,263.2890625,336.63934326171875,266.2421875,331.7213134765625,296.7578125,-1.0,-1.0,353.36065673828125,266.2421875,354.3442687988281,298.7265625,-1.0,-1.0,342.5409851074219,203.2421875,347.4590148925781,203.2421875,339.59014892578125,204.2265625,351.3934326171875,205.2109375
346.7438049316406,206.33984375,344.76031494140625,223.20703125,331.8677673339844,222.21484375,325.9173583984375,246.02734375,332.8594970703125,260.91015625,359.6363525390625,223.20703125,364.59503173828125,246.02734375,368.5619812011719,265.87109375,338.8099060058594,267.85546875,332.8594970703125,298.61328125,-1.0,-1.0,355.66943359375,268.84765625,356.6611633300781,300.59765625,-1.0,-1.0,344.76031494140625,203.36328125,349.718994140625,203.36328125,341.7851257324219,205.34765625,353.6859436035156,205.34765625
349.7272644042969,205.34765625,347.7438049316406,223.20703125,333.8594970703125,222.21484375,327.9090881347656,247.01953125,334.8512268066406,262.89453125,361.62811279296875,223.20703125,365.59503173828125,245.03515625,369.5619812011719,267.85546875,339.8099060058594,269.83984375,333.8594970703125,300.59765625,-1.0,-1.0,358.65289306640625,269.83984375,360.6363525390625,303.57421875,-1.0,-1.0,347.7438049316406,203.36328125,352.7024841308594,203.36328125,343.77685546875,204.35546875,356.66943359375,205.34765625
350.7272644042969,203.36328125,349.73553466796875,222.21484375,335.8512268066406,222.21484375,329.90081787109375,244.04296875,333.8677673339844,262.89453125,362.62811279296875,222.21484375,369.57025146484375,247.01953125,372.5454406738281,268.84765625,341.8016662597656,269.83984375,336.8429870605469,298.61328125,-1.0,-1.0,359.65289306640625,269.83984375,362.62811279296875,301.58984375,-1.0,-1.0,349.73553466796875,201.37890625,354.6942138671875,201.37890625,345.7685852050781,203.36328125,358.6611633300781,203.36328125
352.718994140625,203.36328125,351.7272644042969,220.23046875,338.834716796875,220.23046875,329.9090881347656,243.05078125,334.8677673339844,263.88671875,364.6198425292969,221.22265625,370.57025146484375,245.03515625,374.5372009277344,267.85546875,343.79339599609375,267.85546875,339.8264465332031,299.60546875,-1.0,-1.0,362.6363525390625,268.84765625,364.6198425292969,302.58203125,-1.0,-1.0,351.7272644042969,200.38671875,355.6942138671875,200.38671875,347.76031494140625,203.36328125,361.6446228027344,202.37109375
355.5,202.5,353.5,220.5,340.5,219.5,332.5,242.5,335.5,263.5,367.5,221.5,373.5,247.5,377.5,268.5,345.5,269.5,341.5,300.5,-1.0,-1.0,364.5,270.5,365.5,302.5,-1.0,-1.0,353.5,200.5,358.5,200.5,350.5,202.5,363.5,202.5
359.0,204.5,357.0,221.5,343.0,219.5,336.0,236.5,-1.0,-1.0,371.0,222.5,376.0,246.5,379.0,270.5,347.0,268.5,344.0,301.5,-1.0,-1.0,366.0,270.5,367.0,304.5,-1.0,-1.0,357.0,201.5,362.0,201.5,353.0,203.5,365.0,203.5
359.28924560546875,202.63671875,357.2727355957031,220.77734375,344.165283203125,219.76953125,336.09918212890625,241.94140625,336.09918212890625,260.08203125,372.3966979980469,221.78515625,378.4462890625,245.97265625,380.4627990722656,270.16015625,348.1983337402344,266.12890625,347.1900939941406,298.37890625,-1.0,-1.0,367.3553771972656,268.14453125,368.3636474609375,301.40234375,-1.0,-1.0,357.2727355957031,199.61328125,362.3140563964844,199.61328125,354.2479248046875,202.63671875,367.3553771972656,202.63671875
358.7723693847656,202.63671875,357.76422119140625,220.77734375,343.650390625,219.76953125,335.5853576660156,241.94140625,335.5853576660156,261.08984375,371.8780517578125,221.78515625,377.92681884765625,245.97265625,381.9593505859375,270.16015625,347.68292236328125,267.13671875,346.6748046875,299.38671875,-1.0,-1.0,367.84552001953125,269.15234375,368.8536682128906,301.40234375,-1.0,-1.0,357.76422119140625,199.61328125,362.80487060546875,200.62109375,354.7398376464844,202.63671875,367.84552001953125,202.63671875
361.557373046875,202.7890625,359.52459716796875,221.0703125,346.31146240234375,219.0390625,338.1803283691406,242.3984375,335.1311340332031,264.7421875,373.75408935546875,222.0859375,380.86883544921875,246.4609375,383.91802978515625,269.8203125,350.3770446777344,267.7890625,349.36065673828125,301.3046875,-1.0,-1.0,368.672119140625,268.8046875,370.7049255371094,302.3203125,-1.0,-1.0,359.52459716796875,199.7421875,364.6065673828125,199.7421875,356.47540283203125,201.7734375,368.672119140625,201.7734375
362.0403137207031,201.7734375,362.0403137207031,220.0546875,347.81451416015625,219.0390625,337.6532287597656,237.3203125,342.7338562011719,256.6171875,376.26611328125,221.0703125,383.3790283203125,245.4453125,387.44354248046875,268.8046875,351.8790283203125,265.7578125,352.8951721191406,300.2890625,-1.0,-1.0,371.18548583984375,264.7421875,372.20159912109375,294.1953125,-1.0,-1.0,361.0242004394531,198.7265625,366.1048278808594,199.7421875,357.9757995605469,201.7734375,372.20159912109375,201.7734375
364.31707763671875,200.88671875,364.31707763671875,219.30859375,349.9756164550781,218.28515625,340.756103515625,234.66015625,-1.0,-1.0,379.68292236328125,220.33203125,386.8536682128906,243.87109375,390.95123291015625,267.41015625,353.04876708984375,264.33984375,354.07318115234375,296.06640625,-1.0,-1.0,372.51220703125,264.33984375,372.51220703125,291.97265625,372.51220703125,305.27734375,363.2926940917969,198.83984375,367.3902587890625,198.83984375,359.19512939453125,201.91015625,373.5365905761719,200.88671875
365.8160095214844,200.88671875,364.7919921875,219.30859375,351.4800109863281,218.28515625,342.2640075683594,235.68359375,347.3840026855469,261.26953125,380.1520080566406,221.35546875,386.2959899902344,243.87109375,389.3680114746094,265.36328125,354.552001953125,264.33984375,355.57598876953125,286.85546875,356.6000061035156,304.25390625,372.9840087890625,264.33984375,372.9840087890625,286.85546875,371.9599914550781,303.23046875,364.7919921875,197.81640625,368.88800048828125,197.81640625,360.6960144042969,200.88671875,374.00799560546875,199.86328125
367.31707763671875,201.91015625,366.2926940917969,219.30859375,351.95123291015625,218.28515625,341.7073059082031,241.82421875,341.7073059082031,261.26953125,381.6585388183594,220.33203125,388.8292541503906,241.82421875,391.9024353027344,262.29296875,356.04876708984375,263.31640625,360.1463317871094,296.06640625,-1.0,-1.0,375.51220703125,262.29296875,374.48779296875,286.85546875,374.48779296875,303.23046875,366.2926940917969,198.83984375,370.3902587890625,199.86328125,362.19512939453125,201.91015625,376.5365905761719,201.91015625
368.58062744140625,203.109375,367.54840087890625,219.609375,353.0967712402344,218.578125,343.80645751953125,241.265625,336.5806579589844,266.015625,383.0322570800781,220.640625,391.2903137207031,244.359375,393.3548278808594,263.953125,357.2257995605469,266.015625,362.3870849609375,297.984375,-1.0,-1.0,375.80645751953125,266.015625,374.7742004394531,289.734375,374.7742004394531,308.296875,367.54840087890625,200.015625,371.67742919921875,201.046875,364.45159912109375,201.046875,377.8709716796875,202.078125
369.8211364746094,201.18359375,369.8211364746094,218.84765625,355.2520446777344,218.84765625,344.84552001953125,241.70703125,337.56097412109375,264.56640625,384.3902587890625,219.88671875,392.7154541015625,242.74609375,397.918701171875,263.52734375,360.4552917480469,264.56640625,364.6178894042969,294.69921875,-1.0,-1.0,378.1463317871094,263.52734375,378.1463317871094,287.42578125,377.1056823730469,308.20703125,367.7398376464844,198.06640625,372.9430847167969,199.10546875,365.6585388183594,200.14453125,379.1869812011719,201.18359375
370.2799987792969,201.18359375,371.32000732421875,219.88671875,356.760009765625,218.84765625,346.3599853515625,239.62890625,340.1199951171875,262.48828125,384.8399963378906,220.92578125,395.239990234375,241.70703125,398.3599853515625,261.44921875,361.9599914550781,264.56640625,366.1199951171875,297.81640625,-1.0,-1.0,379.6400146484375,264.56640625,378.6000061035156,291.58203125,376.5199890136719,310.28515625,369.239990234375,199.10546875,373.3999938964844,199.10546875,367.1600036621094,201.18359375,380.67999267578125,202.22265625
372.2799987792969,202.22265625,372.2799987792969,220.92578125,357.7200012207031,219.88671875,348.3599853515625,239.62890625,341.0799865722656,258.33203125,386.8399963378906,221.96484375,395.1600036621094,242.74609375,399.32000732421875,259.37109375,362.91998291015625,264.56640625,368.1199951171875,298.85546875,-1.0,-1.0,381.6400146484375,264.56640625,379.55999755859375,291.58203125,-1.0,-1.0,370.20001220703125,199.10546875,374.3599853515625,200.14453125,-1.0,-1.0,381.6400146484375,202.22265625
372.74017333984375,203.26171875,374.81890869140625,220.92578125,360.2677001953125,219.88671875,349.8740234375,236.51171875,-1.0,-1.0,388.3307189941406,220.92578125,396.6456604003906,242.74609375,401.842529296875,260.41015625,364.4252014160156,265.60546875,369.6220397949219,298.85546875,-1.0,-1.0,382.094482421875,266.64453125,383.13385009765625,291.58203125,-1.0,-1.0,371.7007751464844,201.18359375,375.8582763671875,201.18359375,368.5826721191406,203.26171875,382.094482421875,202.22265625
374.7359924316406,203.62109375,375.7919921875,220.49609375,361.00799560546875,220.49609375,351.5039978027344,239.48046875,346.2239990234375,259.51953125,390.57598876953125,221.55078125,399.02398681640625,243.69921875,403.24798583984375,262.68359375,365.23199462890625,264.79296875,368.3999938964844,292.21484375,370.5119934082031,305.92578125,383.1839904785156,264.79296875,384.239990234375,291.16015625,382.12799072265625,304.87109375,372.6239929199219,200.45703125,376.8479919433594,200.45703125,369.45599365234375,202.56640625,383.1839904785156,201.51171875
375.18109130859375,203.62109375,376.2362060546875,221.55078125,362.5196838378906,220.49609375,351.968505859375,240.53515625,348.80316162109375,265.84765625,392.06298828125,221.55078125,400.5039367675781,243.69921875,403.6692810058594,263.73828125,365.6850280761719,266.90234375,368.85040283203125,292.21484375,368.85040283203125,303.81640625,384.6771545410156,266.90234375,383.6220397949219,291.16015625,384.6771545410156,303.81640625,374.1259765625,200.45703125,378.3464660644531,200.45703125,370.96063232421875,202.56640625,385.7322692871094,202.56640625
377.18109130859375,203.62109375,378.2362060546875,221.55078125,364.5196838378906,220.49609375,355.02362060546875,239.48046875,-1.0,-1.0,393.00787353515625,221.55078125,401.4488220214844,243.69921875,405.6692810058594,265.84765625,368.7401428222656,265.84765625,371.905517578125,295.37890625,371.905517578125,305.92578125,386.6771545410156,266.90234375,385.6220397949219,293.26953125,384.5669250488281,309.08984375,375.07086181640625,200.45703125,379.29132080078125,200.45703125,371.905517578125,202.56640625,386.6771545410156,202.56640625
377.34375,203.78125,379.46875,220.78125,365.65625,220.78125,357.15625,239.90625,357.15625,231.40625,393.28125,220.78125,402.84375,240.96875,404.96875,263.28125,370.96875,264.34375,374.15625,286.65625,376.28125,300.46875,389.03125,264.34375,389.03125,286.65625,386.90625,305.78125,376.28125,200.59375,380.53125,200.59375,373.09375,202.71875,387.96875,202.71875
377.21875,202.71875,380.40625,220.78125,366.59375,221.84375,355.96875,245.21875,353.84375,269.65625,395.28125,220.78125,404.84375,243.09375,405.90625,264.34375,372.96875,267.53125,377.21875,297.28125,-1.0,-1.0,392.09375,266.46875,393.15625,293.03125,393.15625,311.09375,376.15625,200.59375,380.40625,200.59375,372.96875,200.59375,388.90625,202.71875
378.9534912109375,202.94140625,382.16278076171875,221.13671875,367.18603515625,221.13671875,357.5581359863281,245.75390625,358.6278991699219,270.37109375,397.1395263671875,221.13671875,405.69769287109375,244.68359375,407.83721923828125,267.16015625,374.6744079589844,268.23046875,381.093017578125,300.33984375,-1.0,-1.0,393.93023681640625,267.16015625,398.20928955078125,297.12890625,-1.0,-1.0,376.81396484375,199.73046875,382.16278076171875,199.73046875,-1.0,-1.0,389.6511535644531,200.80078125
379.88372802734375,202.94140625,383.093017578125,221.13671875,367.0465087890625,222.20703125,362.7674560546875,239.33203125,371.3255920410156,241.47265625,398.06976318359375,221.13671875,405.5581359863281,243.61328125,409.83721923828125,266.08984375,375.6046447753906,268.23046875,380.9534912109375,299.26953125,-1.0,-1.0,395.93023681640625,268.23046875,401.2790832519531,296.05859375,-1.0,-1.0,378.81396484375,199.73046875,383.093017578125,199.73046875,375.6046447753906,201.87109375,390.5813903808594,201.87109375
381.0769348144531,202.0234375,385.3846130371094,220.3515625,370.30767822265625,221.4296875,363.8461608886719,238.6796875,362.76922607421875,226.8203125,400.4615478515625,220.3515625,408.0,244.0703125,412.30767822265625,269.9453125,376.76922607421875,267.7890625,381.0769348144531,299.0546875,-1.0,-1.0,397.23077392578125,267.7890625,403.69232177734375,295.8203125,-1.0,-1.0,380.0,199.8671875,384.30767822265625,199.8671875,376.76922607421875,200.9453125,391.8461608886719,200.9453125
382.0,200.9453125,386.30767822265625,220.3515625,371.23077392578125,220.3515625,364.76922607421875,240.8359375,363.69232177734375,267.7890625,401.3846130371094,219.2734375,408.923095703125,242.9921875,413.23077392578125,268.8671875,378.76922607421875,267.7890625,380.9230651855469,297.9765625,-1.0,-1.0,399.23077392578125,268.8671875,402.4615478515625,296.8984375,-1.0,-1.0,379.8461608886719,197.7109375,385.23077392578125,198.7890625,377.69232177734375,199.8671875,392.76922607421875,200.9453125
384.5833435058594,198.7890625,387.81060791015625,219.2734375,372.75,219.2734375,367.3712158203125,236.5234375,375.9772644042969,238.6796875,402.8712158203125,218.1953125,410.4015197753906,242.9921875,415.7803039550781,267.7890625,380.2803039550781,269.9453125,382.43182373046875,297.9765625,-1.0,-1.0,400.7196960449219,269.9453125,403.94696044921875,297.9765625,-1.0,-1.0,383.507568359375,196.6328125,387.81060791015625,196.6328125,379.2045593261719,198.7890625,394.26513671875,198.7890625
385.7251892089844,199.00390625,387.89312744140625,217.46484375,372.7175598144531,218.55078125,367.2976989746094,237.01171875,375.9694519042969,239.18359375,403.0686950683594,217.46484375,412.8244323730469,241.35546875,418.2442626953125,268.50390625,381.3893127441406,267.41796875,383.5572509765625,299.99609375,-1.0,-1.0,401.9847412109375,268.50390625,406.32061767578125,297.82421875,-1.0,-1.0,384.6412353515625,195.74609375,390.0610656738281,196.83203125,381.3893127441406,199.00390625,395.4809265136719,199.00390625
385.81817626953125,198.046875,390.18182373046875,217.734375,373.81817626953125,218.828125,369.4545593261719,242.890625,372.7272644042969,265.859375,405.4545593261719,217.734375,414.18182373046875,241.796875,419.6363525390625,265.859375,384.7272644042969,270.234375,385.81817626953125,304.140625,-1.0,-1.0,404.3636474609375,270.234375,408.7272644042969,300.859375,-1.0,-1.0,383.6363525390625,195.859375,389.0909118652344,195.859375,-1.0,-1.0,397.81817626953125,198.046875
387.81817626953125,198.046875,391.0909118652344,217.734375,375.81817626953125,217.734375,370.3636474609375,242.890625,374.7272644042969,264.765625,407.4545593261719,217.734375,416.18182373046875,241.796875,420.54547119140625,266.953125,385.6363525390625,270.234375,387.81817626953125,306.328125,-1.0,-1.0,406.3636474609375,270.234375,410.7272644042969,300.859375,-1.0,-1.0,385.6363525390625,195.859375,391.0909118652344,194.765625,-1.0,-1.0,397.6363525390625,196.953125
389.5413513183594,198.046875,392.8345947265625,217.734375,377.4661560058594,218.828125,371.9774475097656,243.984375,377.4661560058594,264.765625,409.3007507324219,217.734375,418.08270263671875,241.796875,422.47369384765625,264.765625,386.24810791015625,271.328125,388.443603515625,305.234375,-1.0,-1.0,407.1052551269531,270.234375,410.39849853515625,300.859375,-1.0,-1.0,387.3458557128906,195.859375,392.8345947265625,194.765625,-1.0,-1.0,400.518798828125,195.859375
392.14813232421875,198.046875,394.3407287597656,217.734375,380.0888977050781,217.734375,373.5111083984375,240.703125,378.9925842285156,261.484375,410.7851867675781,217.734375,419.5555419921875,241.796875,425.03704833984375,265.859375,387.7629699707031,269.140625,386.6666564941406,305.234375,-1.0,-1.0,407.4963073730469,269.140625,409.68890380859375,298.671875,-1.0,-1.0,389.95556640625,195.859375,395.4370422363281,195.859375,-1.0,-1.0,403.1111145019531,196.953125
391.8195495605469,197.3046875,397.3834533691406,218.3828125,380.6917419433594,219.4921875,375.1278076171875,242.7890625,381.80450439453125,260.5390625,412.96240234375,218.3828125,421.8646545410156,242.7890625,427.4285888671875,266.0859375,389.593994140625,270.5234375,388.481201171875,303.8046875,-1.0,-1.0,409.6240539550781,269.4140625,411.849609375,300.4765625,-1.0,-1.0,390.7067565917969,195.0859375,395.15789794921875,195.0859375,-1.0,-1.0,404.0601501464844,197.3046875
396.6666564941406,198.4140625,398.8888854980469,219.4921875,383.3333435058594,219.4921875,375.5555419921875,240.5703125,383.3333435058594,260.5390625,415.5555419921875,219.4921875,423.3333435058594,243.8984375,431.1111145019531,269.4140625,392.22222900390625,269.4140625,390.0,303.8046875,-1.0,-1.0,412.22222900390625,269.4140625,416.6666564941406,301.5859375,-1.0,-1.0,394.4444580078125,195.0859375,400.0,195.0859375,391.1111145019531,198.4140625,405.5555419921875,197.3046875
395.3333435058594,198.4140625,400.8888854980469,218.3828125,385.3333435058594,219.4921875,379.77777099609375,241.6796875,383.1111145019531,256.1015625,416.4444580078125,218.3828125,425.3333435058594,242.7890625,432.0,270.5234375,393.1111145019531,268.3046875,393.1111145019531,296.0390625,-1.0,-1.0,414.22222900390625,269.4140625,417.5555419921875,300.4765625,-1.0,-1.0,394.22222900390625,195.0859375,399.77777099609375,195.0859375,-1.0,-1.0,407.5555419921875,197.3046875
399.8529357910156,198.55078125,404.3235168457031,218.66015625,388.6764831542969,218.66015625,377.5,239.88671875,386.441162109375,261.11328125,418.8529357910156,219.77734375,427.79412841796875,243.23828125,433.3823547363281,270.05078125,395.3823547363281,270.05078125,392.0294189453125,303.56640625,-1.0,-1.0,416.6176452636719,271.16796875,421.0882263183594,305.80078125,-1.0,-1.0,398.73529052734375,195.19921875,403.20587158203125,195.19921875,-1.0,-1.0,411.0294189453125,197.43359375
400.73529052734375,198.55078125,404.0882263183594,219.77734375,388.441162109375,218.66015625,377.26470947265625,241.00390625,386.20587158203125,262.23046875,419.73529052734375,219.77734375,427.558837890625,243.23828125,433.1470642089844,270.05078125,395.1470642089844,270.05078125,392.9117736816406,304.68359375,-1.0,-1.0,416.3823547363281,270.05078125,420.8529357910156,305.80078125,-1.0,-1.0,398.5,195.19921875,404.0882263183594,195.19921875,-1.0,-1.0,411.9117736816406,197.43359375
402.4744567871094,198.8125,405.8467102050781,220.1875,390.1094970703125,219.0625,382.2408752441406,243.8125,387.861328125,264.0625,421.5839538574219,220.1875,430.5766296386719,244.9375,435.072998046875,270.8125,397.97808837890625,271.9375,394.6058349609375,301.1875,-1.0,-1.0,419.33575439453125,270.8125,422.7080383300781,303.4375,-1.0,-1.0,401.3503723144531,195.4375,405.8467102050781,195.4375,-1.0,-1.0,413.71533203125,197.6875
404.4744567871094,198.8125,407.8467102050781,219.0625,393.23358154296875,219.0625,383.1167907714844,241.5625,388.7372131347656,264.0625,423.5839538574219,220.1875,432.5766296386719,243.8125,437.072998046875,268.5625,399.97808837890625,271.9375,396.6058349609375,301.1875,-1.0,-1.0,421.33575439453125,270.8125,425.8321228027344,304.5625,-1.0,-1.0,403.3503723144531,195.4375,407.8467102050781,195.4375,-1.0,-1.0,415.71533203125,196.5625
407.9130554199219,197.82421875,411.3043518066406,219.34765625,396.60870361328125,218.21484375,384.1739196777344,238.60546875,392.0869445800781,258.99609375,427.13043212890625,219.34765625,435.0434875488281,243.13671875,438.4347839355469,269.19140625,403.39129638671875,270.32421875,401.13043212890625,299.77734375,-1.0,-1.0,424.86956787109375,270.32421875,427.13043212890625,302.04296875,-1.0,-1.0,406.7825927734375,194.42578125,411.3043518066406,194.42578125,-1.0,-1.0,419.2174072265625,196.69140625
411.0434875488281,197.82421875,413.3043518066406,218.21484375,398.60870361328125,218.21484375,387.3043518066406,239.73828125,391.8260803222656,263.52734375,429.13043212890625,218.21484375,438.1739196777344,242.00390625,441.5652160644531,265.79296875,404.2608642578125,269.19140625,403.13043212890625,299.77734375,-1.0,-1.0,425.7391357421875,269.19140625,429.13043212890625,302.04296875,-1.0,-1.0,408.7825927734375,194.42578125,414.4347839355469,194.42578125,405.39129638671875,197.82421875,421.2174072265625,196.69140625
415.0791320800781,196.69140625,415.0791320800781,217.08203125,400.3021545410156,217.08203125,391.2086181640625,242.00390625,391.2086181640625,265.79296875,432.1294860839844,217.08203125,441.2230224609375,242.00390625,443.49639892578125,264.66015625,407.122314453125,268.05859375,404.8489074707031,302.04296875,-1.0,-1.0,428.71942138671875,268.05859375,432.1294860839844,300.91015625,-1.0,-1.0,412.8057556152344,194.42578125,418.48919677734375,194.42578125,408.2590026855469,197.82421875,424.17266845703125,195.55859375
416.7825927734375,197.09765625,417.92755126953125,217.76953125,403.0434875488281,217.76953125,392.7391357421875,240.73828125,391.5942077636719,264.85546875,435.1014404296875,217.76953125,443.1159362792969,241.88671875,444.2608642578125,262.55859375,408.76812744140625,269.44921875,408.76812744140625,305.05078125,-1.0,-1.0,430.521728515625,269.44921875,432.81158447265625,303.90234375,-1.0,-1.0,415.6376953125,193.65234375,420.2174072265625,194.80078125,411.0579833984375,197.09765625,427.0869445800781,197.09765625
420.07244873046875,198.24609375,420.07244873046875,217.76953125,405.18841552734375,217.76953125,396.02899169921875,236.14453125,-1.0,-1.0,436.1014404296875,217.76953125,445.2608642578125,239.58984375,445.2608642578125,259.11328125,410.9130554199219,269.44921875,410.9130554199219,303.90234375,-1.0,-1.0,431.521728515625,268.30078125,433.81158447265625,303.90234375,-1.0,-1.0,418.92755126953125,195.94921875,424.65216064453125,195.94921875,414.34783935546875,198.24609375,429.23187255859375,197.09765625
420.05841064453125,198.390625,422.3649597167969,218.046875,406.218994140625,216.890625,396.9927062988281,241.171875,392.37957763671875,270.078125,438.5109558105469,218.046875,447.73724365234375,240.015625,446.58392333984375,258.515625,413.138671875,267.765625,414.2919616699219,300.140625,-1.0,-1.0,432.7445373535156,266.609375,433.8978271484375,298.984375,-1.0,-1.0,418.9051208496094,194.921875,423.51824951171875,194.921875,415.44525146484375,199.546875,430.4379577636719,197.234375
422.71112060546875,197.234375,423.8666687011719,216.890625,408.8444519042969,216.890625,398.4444580078125,242.328125,390.3555603027344,267.765625,440.04443359375,218.046875,449.28887939453125,240.015625,449.28887939453125,256.203125,414.6222229003906,266.609375,415.77777099609375,297.828125,413.4666748046875,314.015625,434.26666259765625,266.609375,435.4222412109375,296.671875,436.5777893066406,317.484375,420.3999938964844,196.078125,426.17779541015625,194.921875,416.933349609375,198.390625,433.1111145019531,197.234375
426.2426452636719,196.20703125,426.2426452636719,217.16015625,411.13970947265625,215.99609375,399.5220642089844,245.09765625,394.875,268.37890625,442.5073547363281,217.16015625,454.125,239.27734375,445.9926452636719,252.08203125,416.9485168457031,264.88671875,419.2720642089844,297.48046875,416.9485168457031,316.10546875,437.86029052734375,263.72265625,437.86029052734375,296.31640625,437.86029052734375,318.43359375,423.91912841796875,192.71484375,429.7279357910156,193.87890625,421.5955810546875,196.20703125,436.69854736328125,196.20703125
429.2255554199219,196.3359375,428.0526428222656,216.2578125,412.80450439453125,216.2578125,401.0751953125,239.6953125,397.556396484375,267.8203125,443.3007507324219,217.4296875,455.03009033203125,236.1796875,-1.0,-1.0,419.84210205078125,264.3046875,421.0150451660156,298.2890625,419.84210205078125,315.8671875,439.7819519042969,261.9609375,439.7819519042969,295.9453125,438.6090087890625,318.2109375,428.0526428222656,192.8203125,432.7443542480469,193.9921875,424.5338439941406,196.3359375,438.6090087890625,196.3359375
429.54815673828125,196.3359375,429.54815673828125,216.2578125,414.3333435058594,216.2578125,402.629638671875,239.6953125,399.1185302734375,271.3359375,444.7629699707031,216.2578125,456.4666748046875,236.1796875,448.2740783691406,247.8984375,421.3555603027344,264.3046875,423.6962890625,297.1171875,421.3555603027344,315.8671875,441.2518615722656,264.3046875,440.08148193359375,295.9453125,440.08148193359375,318.2109375,427.2073974609375,192.8203125,433.05926513671875,193.9921875,424.8666687011719,196.3359375,440.08148193359375,195.1640625
431.083984375,195.59375,431.083984375,216.96875,416.79388427734375,215.78125,403.69464111328125,237.15625,400.12213134765625,264.46875,447.7557373046875,216.96875,460.8549499511719,239.53125,448.9465637207031,244.28125,422.7480773925781,264.46875,423.9389343261719,298.90625,422.7480773925781,316.71875,442.99237060546875,264.46875,441.801513671875,296.53125,440.6106872558594,317.90625,428.7023010253906,193.21875,434.656494140625,193.21875,426.32061767578125,195.59375,441.801513671875,195.59375
431.3909912109375,195.59375,432.5789489746094,215.78125,417.1353454589844,215.78125,407.631591796875,234.78125,-1.0,-1.0,448.0225524902344,216.96875,461.0902099609375,239.53125,449.21051025390625,244.28125,424.2631530761719,264.46875,425.45111083984375,300.09375,424.2631530761719,317.90625,444.4586486816406,264.46875,443.27069091796875,297.71875,440.8947448730469,319.09375,430.2030029296875,193.21875,434.95489501953125,193.21875,-1.0,-1.0,443.27069091796875,195.59375
431.7023010253906,195.72265625,432.89312744140625,216.04296875,417.4122009277344,216.04296875,406.69464111328125,241.14453125,404.31298828125,268.63671875,449.56488037109375,217.23828125,459.09161376953125,238.75390625,455.5190734863281,243.53515625,424.5572509765625,263.85546875,425.7480773925781,298.51953125,425.7480773925781,318.83984375,444.801513671875,263.85546875,443.6106872558594,296.12890625,441.22900390625,317.64453125,430.5114440917969,193.33203125,435.2748107910156,193.33203125,428.1297607421875,194.52734375,442.41986083984375,196.91796875
434.0984802246094,195.72265625,435.29547119140625,217.23828125,419.73486328125,217.23828125,408.9621276855469,243.53515625,406.56817626953125,269.83203125,450.8560791015625,217.23828125,462.82574462890625,238.75390625,455.6439514160156,244.73046875,426.9166564941406,266.24609375,428.1136474609375,299.71484375,-1.0,-1.0,448.4621276855469,267.44140625,446.06817626953125,296.12890625,443.67425537109375,317.64453125,431.7045593261719,193.33203125,437.68939208984375,193.33203125,-1.0,-1.0,444.8712158203125,196.91796875
433.20001220703125,197.0546875,435.6000061035156,217.5078125,418.79998779296875,217.5078125,408.0,245.1796875,406.79998779296875,271.6484375,451.20001220703125,217.5078125,463.20001220703125,240.3671875,452.3999938964844,243.9765625,426.0,264.4296875,427.20001220703125,298.1171875,429.6000061035156,319.7734375,447.6000061035156,264.4296875,446.3999938964844,294.5078125,444.0,318.5703125,432.0,193.4453125,438.0,193.4453125,428.3999938964844,195.8515625,445.20001220703125,197.0546875
434.99237060546875,195.8515625,436.198486328125,217.5078125,419.31298828125,217.5078125,409.66412353515625,242.7734375,408.4580078125,270.4453125,453.083984375,217.5078125,463.9389343261719,239.1640625,454.2900695800781,243.9765625,427.7557373046875,265.6328125,427.7557373046875,298.1171875,431.3740539550781,318.5703125,449.46563720703125,265.6328125,448.2595520019531,294.5078125,445.8473205566406,316.1640625,432.58013916015625,193.4453125,438.6106872558594,193.4453125,428.9618225097656,195.8515625,445.8473205566406,197.0546875
435.279052734375,195.98046875,436.4883728027344,216.56640625,421.97674560546875,216.56640625,411.093017578125,243.20703125,411.093017578125,274.69140625,453.4186096191406,216.56640625,464.30230712890625,239.57421875,454.6278991699219,243.20703125,428.02325439453125,267.42578125,429.2325439453125,303.75390625,-1.0,-1.0,449.79071044921875,267.42578125,447.3721008300781,296.48828125,447.3721008300781,315.86328125,434.06976318359375,193.55859375,438.906982421875,193.55859375,430.4418640136719,197.19140625,444.9534912109375,195.98046875
435.5193786621094,196.46484375,437.968994140625,217.31640625,422.0465087890625,217.31640625,412.248046875,244.30078125,411.02325439453125,271.28515625,453.8914794921875,217.31640625,466.1395263671875,240.62109375,455.11627197265625,243.07421875,429.3953552246094,267.60546875,430.6201477050781,298.26953125,-1.0,-1.0,450.217041015625,266.37890625,450.217041015625,295.81640625,447.7674560546875,317.89453125,433.06976318359375,194.01171875,439.19378662109375,194.01171875,431.844970703125,196.46484375,446.5426330566406,196.46484375
437.00787353515625,196.46484375,439.4645690917969,217.31640625,423.4960632324219,217.31640625,414.89764404296875,240.62109375,412.4409484863281,268.83203125,455.4330749511719,217.31640625,468.94488525390625,240.62109375,456.6614074707031,243.07421875,430.86614990234375,267.60546875,429.6377868652344,301.94921875,-1.0,-1.0,451.748046875,268.83203125,450.5196838378906,297.04296875,448.06298828125,317.89453125,434.5511779785156,192.78515625,440.6929016113281,194.01171875,432.094482421875,195.23828125,446.83465576171875,196.46484375
438.1796875,196.6015625,440.6484375,217.5859375,424.6015625,217.5859375,415.9609375,241.0390625,418.4296875,266.9609375,456.6953125,216.3515625,470.2734375,239.8046875,459.1640625,243.5078125,433.2421875,265.7265625,433.2421875,295.3515625,435.7109375,318.8046875,452.9921875,266.9609375,454.2265625,292.8828125,450.5234375,316.3359375,435.7109375,192.8984375,441.8828125,192.8984375,433.2421875,194.1328125,448.0546875,196.6015625
437.19049072265625,195.3671875,440.9047546386719,216.3515625,426.047607421875,217.5859375,417.3809509277344,242.2734375,418.6190490722656,268.1953125,458.23809814453125,216.3515625,470.6190490722656,239.8046875,460.71429443359375,242.2734375,434.71429443359375,266.9609375,433.4761962890625,295.3515625,438.4285888671875,317.5703125,455.76190185546875,264.4921875,457.0,291.6484375,453.28570556640625,316.3359375,435.952392578125,192.8984375,440.9047546386719,192.8984375,-1.0,-1.0,448.3333435058594,195.3671875
437.7243957519531,194.25390625,441.4566955566406,215.37109375,426.5275573730469,216.61328125,417.81890869140625,240.21484375,420.3070983886719,266.30078125,458.8740234375,214.12890625,471.3149719238281,237.73046875,461.3622131347656,240.21484375,435.2362060546875,262.57421875,433.99212646484375,289.90234375,433.99212646484375,313.50390625,455.1417236328125,261.33203125,457.6299133300781,288.66015625,456.3858337402344,315.98828125,436.4803161621094,191.76953125,441.4566955566406,191.76953125,432.748046875,195.49609375,448.9212646484375,194.25390625
438.4803161621094,195.49609375,442.21258544921875,216.61328125,426.03936767578125,216.61328125,419.81890869140625,238.97265625,423.5511779785156,266.30078125,459.6299133300781,215.37109375,473.3149719238281,237.73046875,463.3622131347656,238.97265625,435.99212646484375,266.30078125,438.4803161621094,292.38671875,439.7243957519531,314.74609375,457.1417236328125,263.81640625,459.6299133300781,293.62890625,459.6299133300781,317.23046875,435.99212646484375,191.76953125,440.968505859375,191.76953125,433.5039367675781,193.01171875,449.6771545410156,194.25390625
439.0952453613281,194.375,442.8571472167969,215.625,427.80950927734375,216.875,421.5396728515625,238.125,426.5555419921875,268.125,460.4126892089844,214.375,472.952392578125,236.875,461.6666564941406,239.375,436.5873107910156,264.375,439.0952453613281,288.125,440.3492126464844,310.625,456.6507873535156,261.875,447.8730163574219,289.375,446.6190490722656,311.875,436.5873107910156,191.875,441.6031799316406,191.875,-1.0,-1.0,450.3809509277344,194.375
438.8080139160156,194.8828125,443.864013671875,216.3984375,428.6960144042969,216.3984375,423.6400146484375,237.9140625,443.864013671875,241.7109375,460.2959899902344,213.8671875,474.20001220703125,236.6484375,464.0880126953125,240.4453125,438.8080139160156,264.4921875,442.6000061035156,292.3359375,445.12799072265625,315.1171875,459.0320129394531,260.6953125,462.8240051269531,289.8046875,465.35198974609375,315.1171875,437.54400634765625,191.0859375,442.6000061035156,191.0859375,-1.0,-1.0,450.1839904785156,193.6171875
439.8412780761719,194.75390625,444.8571472167969,216.13671875,428.5555419921875,216.13671875,421.03173828125,238.77734375,427.30157470703125,267.70703125,461.1587219238281,214.87890625,474.952392578125,236.26171875,463.6666564941406,238.77734375,438.5873107910156,263.93359375,442.3492126464844,292.86328125,444.8571472167969,314.24609375,457.3968200683594,262.67578125,462.4126892089844,291.60546875,462.4126892089844,316.76171875,437.3333435058594,192.23828125,442.3492126464844,190.98046875,-1.0,-1.0,451.1269836425781,193.49609375
439.5873107910156,194.75390625,444.6031799316406,216.13671875,428.30157470703125,217.39453125,423.28570556640625,242.55078125,428.30157470703125,267.70703125,460.9047546386719,214.87890625,474.69842529296875,235.00390625,464.6666564941406,240.03515625,439.5873107910156,266.44921875,443.3492126464844,299.15234375,444.6031799316406,323.05078125,459.6507873535156,266.44921875,472.19049072265625,309.21484375,-1.0,-1.0,438.3333435058594,192.23828125,443.3492126464844,190.98046875,-1.0,-1.0,450.8730163574219,193.49609375
440.04840087890625,194.75390625,445.0806579589844,214.87890625,428.7257995605469,216.13671875,424.95159912109375,242.55078125,426.2096862792969,266.44921875,461.43548583984375,213.62109375,475.2742004394531,235.00390625,465.2096862792969,238.77734375,441.30645751953125,266.44921875,445.0806579589844,297.89453125,445.0806579589844,320.53515625,462.69354248046875,265.19140625,472.758056640625,307.95703125,465.2096862792969,321.79296875,438.7903137207031,190.98046875,443.82257080078125,190.98046875,433.758056640625,194.75390625,451.3709716796875,193.49609375
440.5873107910156,193.75390625,445.6031799316406,215.13671875,429.30157470703125,216.39453125,424.28570556640625,242.80859375,428.047607421875,266.70703125,463.1587219238281,213.87890625,475.69842529296875,234.00390625,468.1745910644531,239.03515625,443.0952453613281,266.70703125,445.6031799316406,296.89453125,445.6031799316406,319.53515625,463.1587219238281,265.44921875,473.19049072265625,306.95703125,468.1745910644531,324.56640625,439.3333435058594,191.23828125,444.3492126464844,189.98046875,433.0634765625,195.01171875,451.8730163574219,192.49609375
442.30645751953125,193.75390625,447.3387145996094,215.13671875,429.7257995605469,216.39453125,423.43548583984375,244.06640625,429.7257995605469,267.96484375,463.69354248046875,213.87890625,478.7903137207031,234.00390625,466.2096862792969,239.03515625,443.56451416015625,266.70703125,446.0806579589844,301.92578125,446.0806579589844,320.79296875,464.95159912109375,265.44921875,472.5,308.21484375,472.5,319.53515625,439.7903137207031,191.23828125,444.82257080078125,189.98046875,434.758056640625,193.75390625,452.3709716796875,191.23828125
442.8412780761719,193.75390625,447.8571472167969,215.13671875,430.30157470703125,216.39453125,424.03173828125,244.06640625,429.047607421875,266.70703125,465.4126892089844,213.87890625,479.20635986328125,234.00390625,466.6666564941406,239.03515625,444.0952453613281,267.96484375,445.3492126464844,303.18359375,446.6031799316406,320.79296875,466.6666564941406,267.96484375,472.9365234375,310.73046875,-1.0,-1.0,440.3333435058594,191.23828125,446.6031799316406,189.98046875,-1.0,-1.0,454.1269836425781,192.49609375
443.5365905761719,192.8828125,448.6097412109375,215.6640625,432.1219482421875,216.9296875,423.243896484375,242.2421875,429.5853576660156,266.2890625,466.3658447265625,214.3984375,480.31707763671875,234.6484375,468.9024353027344,239.7109375,444.80487060546875,268.8203125,446.07318115234375,306.7890625,447.3414611816406,320.7109375,467.6341552734375,268.8203125,473.9756164550781,314.3828125,-1.0,-1.0,441.0,190.3515625,447.3414611816406,189.0859375,-1.0,-1.0,454.95123291015625,191.6171875
445.0952453613281,192.75390625,448.8571472167969,215.39453125,431.30157470703125,217.91015625,423.77777099609375,243.06640625,430.047607421875,266.96484375,466.4126892089844,212.87890625,481.4603271484375,234.26171875,470.1745910644531,239.29296875,446.3492126464844,269.48046875,445.0952453613281,314.76171875,-1.0,-1.0,467.6666564941406,269.48046875,471.4285583496094,310.98828125,-1.0,-1.0,442.5873107910156,190.23828125,448.8571472167969,190.23828125,438.8254089355469,194.01171875,455.1269836425781,191.49609375
445.56451416015625,192.75390625,450.5967712402344,215.39453125,432.98388671875,216.65234375,425.43548583984375,241.80859375,429.2096862792969,266.96484375,468.2096862792969,214.13671875,483.30645751953125,233.00390625,470.7257995605469,239.29296875,445.56451416015625,269.48046875,446.82257080078125,307.21484375,446.82257080078125,323.56640625,468.2096862792969,268.22265625,471.98388671875,308.47265625,-1.0,-1.0,443.04840087890625,190.23828125,449.3387145996094,188.98046875,-1.0,-1.0,456.8870849609375,191.49609375
446.33599853515625,193.1484375,451.3919982910156,214.6640625,433.6960144042969,217.1953125,426.11199951171875,241.2421875,431.1679992675781,266.5546875,469.0880126953125,213.3984375,484.2560119628906,233.6484375,471.6159973144531,238.7109375,446.33599853515625,267.8203125,447.6000061035156,303.2578125,446.33599853515625,323.5078125,467.8240051269531,266.5546875,471.6159973144531,303.2578125,472.8800048828125,324.7734375,443.8080139160156,189.3515625,448.864013671875,189.3515625,440.0159912109375,196.9453125,456.447998046875,191.8828125
446.56451416015625,191.75390625,452.8548278808594,214.39453125,435.241943359375,216.91015625,426.43548583984375,242.06640625,428.95159912109375,265.96484375,470.4677429199219,213.13671875,485.56451416015625,233.26171875,471.7257995605469,238.29296875,446.56451416015625,268.48046875,446.56451416015625,303.69921875,446.56451416015625,322.56640625,469.2096862792969,267.22265625,471.7257995605469,303.69921875,-1.0,-1.0,444.04840087890625,189.23828125,450.3387145996094,187.98046875,439.01611328125,196.78515625,459.1451721191406,191.75390625
445.8412780761719,191.75390625,453.3650817871094,214.39453125,435.80950927734375,216.91015625,428.28570556640625,242.06640625,428.28570556640625,264.70703125,472.1745910644531,213.13671875,485.96826171875,234.51953125,472.1745910644531,238.29296875,447.0952453613281,269.73828125,447.0952453613281,315.01953125,447.0952453613281,325.08203125,469.6666564941406,268.48046875,473.4285583496094,311.24609375,-1.0,-1.0,443.3333435058594,189.23828125,449.6031799316406,187.98046875,439.5714416503906,198.04296875,459.6349182128906,190.49609375
448.0952453613281,191.75390625,454.3650817871094,214.39453125,438.0634765625,215.65234375,429.28570556640625,242.06640625,430.5396728515625,268.48046875,473.1745910644531,213.13671875,488.22222900390625,234.51953125,471.9206237792969,238.29296875,446.8412780761719,268.48046875,446.8412780761719,313.76171875,445.5873107910156,325.08203125,469.4126892089844,267.22265625,474.4285583496094,311.24609375,-1.0,-1.0,445.5873107910156,187.98046875,451.8571472167969,186.72265625,440.5714416503906,193.01171875,460.6349182128906,189.23828125
449.6000061035156,190.8828125,454.656005859375,213.6640625,436.9599914550781,216.1953125,429.3760070800781,241.5078125,430.6400146484375,266.8203125,472.35198974609375,212.3984375,487.52001953125,233.9140625,471.0880126953125,237.7109375,447.0719909667969,269.3515625,447.0719909667969,316.1796875,-1.0,-1.0,471.0880126953125,268.0859375,474.8800048828125,314.9140625,-1.0,-1.0,445.8080139160156,188.3515625,453.3919982910156,187.0859375,442.0159912109375,193.4140625,460.97601318359375,189.6171875
449.0952453613281,190.75390625,456.6190490722656,214.65234375,439.0634765625,215.91015625,431.5396728515625,242.32421875,430.28570556640625,268.73828125,475.4285583496094,213.39453125,489.22222900390625,232.26171875,474.1745910644531,237.29296875,449.0952453613281,269.99609375,447.8412780761719,316.53515625,-1.0,-1.0,471.6666564941406,268.73828125,475.4285583496094,315.27734375,-1.0,-1.0,445.3333435058594,188.23828125,452.8571472167969,186.98046875,-1.0,-1.0,461.6349182128906,189.49609375
450.3492126464844,190.75390625,457.8730163574219,214.65234375,440.31744384765625,215.91015625,431.5396728515625,241.06640625,432.79364013671875,266.22265625,475.4285583496094,213.39453125,490.4761962890625,233.51953125,472.9206237792969,238.55078125,449.0952453613281,269.99609375,447.8412780761719,315.27734375,447.8412780761719,324.08203125,472.9206237792969,268.73828125,475.4285583496094,315.27734375,-1.0,-1.0,447.8412780761719,188.23828125,454.1111145019531,186.98046875,-1.0,-1.0,462.8888854980469,189.49609375
450.0952453613281,190.75390625,458.8730163574219,213.39453125,441.31744384765625,215.91015625,432.5396728515625,241.06640625,431.28570556640625,268.73828125,476.4285583496094,213.39453125,491.4761962890625,233.51953125,473.9206237792969,237.29296875,450.0952453613281,268.73828125,447.5873107910156,315.27734375,447.5873107910156,320.30859375,472.6666564941406,268.73828125,476.4285583496094,312.76171875,-1.0,-1.0,448.8412780761719,188.23828125,455.1111145019531,186.98046875,-1.0,-1.0,462.6349182128906,189.49609375
451.3492126464844,190.75390625,458.8730163574219,214.65234375,441.31744384765625,215.91015625,432.5396728515625,243.58203125,431.28570556640625,269.99609375,477.68255615234375,213.39453125,492.73016357421875,233.51953125,473.9206237792969,237.29296875,450.0952453613281,268.73828125,447.5873107910156,315.27734375,447.5873107910156,319.05078125,472.6666564941406,267.48046875,475.1745910644531,306.47265625,-1.0,-1.0,450.0952453613281,188.23828125,455.1111145019531,186.98046875,-1.0,-1.0,463.8888854980469,189.49609375
453.0806579589844,190.75390625,460.6290283203125,214.65234375,443.01611328125,215.91015625,432.95159912109375,243.58203125,431.69354248046875,269.99609375,478.241943359375,213.39453125,494.5967712402344,233.51953125,475.7257995605469,237.29296875,450.56451416015625,268.73828125,448.04840087890625,305.21484375,-1.0,-1.0,473.2096862792969,268.73828125,475.7257995605469,306.47265625,475.7257995605469,330.37109375,451.82257080078125,188.23828125,456.8548278808594,186.98046875,448.04840087890625,190.75390625,464.4032287597656,189.49609375
453.6031799316406,190.75390625,461.1269836425781,214.65234375,443.5714416503906,215.91015625,433.5396728515625,243.58203125,431.03173828125,269.99609375,478.68255615234375,213.39453125,494.984130859375,233.51953125,474.9206237792969,238.55078125,451.0952453613281,268.73828125,448.5873107910156,315.27734375,448.5873107910156,319.05078125,473.6666564941406,268.73828125,474.9206237792969,303.95703125,474.9206237792969,324.08203125,451.0952453613281,188.23828125,457.3650817871094,186.98046875,-1.0,-1.0,464.8888854980469,190.75390625
451.0952453613281,190.75390625,461.1269836425781,213.39453125,443.5714416503906,215.91015625,433.5396728515625,244.83984375,431.03173828125,269.99609375,478.68255615234375,213.39453125,494.984130859375,233.51953125,476.1745910644531,238.55078125,451.0952453613281,269.99609375,448.5873107910156,316.53515625,-1.0,-1.0,473.6666564941406,268.73828125,476.1745910644531,312.76171875,-1.0,-1.0,451.0952453613281,188.23828125,456.1111145019531,186.98046875,-1.0,-1.0,464.8888854980469,189.49609375
451.56451416015625,190.75390625,461.6290283203125,213.39453125,444.01611328125,215.91015625,435.2096862792969,246.09765625,431.43548583984375,271.25390625,479.241943359375,213.39453125,495.5967712402344,233.51953125,475.4677429199219,237.29296875,451.56451416015625,268.73828125,449.04840087890625,316.53515625,449.04840087890625,321.56640625,474.2096862792969,268.73828125,475.4677429199219,311.50390625,-1.0,-1.0,451.56451416015625,188.23828125,456.5967712402344,186.98046875,-1.0,-1.0,464.1451721191406,189.49609375
450.8412780761719,192.01171875,462.1269836425781,213.39453125,444.5714416503906,215.91015625,435.79364013671875,244.83984375,432.03173828125,269.99609375,479.68255615234375,213.39453125,494.73016357421875,233.51953125,474.6666564941406,238.55078125,450.8412780761719,269.99609375,448.3333435058594,317.79296875,-1.0,-1.0,474.6666564941406,269.99609375,475.9206237792969,314.01953125,-1.0,-1.0,450.8412780761719,188.23828125,455.8571472167969,186.98046875,-1.0,-1.0,464.6349182128906,189.49609375
451.30645751953125,190.75390625,462.6290283203125,214.65234375,445.01611328125,217.16796875,437.4677429199219,246.09765625,432.43548583984375,269.99609375,480.241943359375,213.39453125,495.3387145996094,233.51953125,475.2096862792969,238.55078125,451.30645751953125,269.99609375,448.7903137207031,317.79296875,-1.0,-1.0,475.2096862792969,269.99609375,476.4677429199219,315.27734375,-1.0,-1.0,451.30645751953125,188.23828125,455.0806579589844,186.98046875,-1.0,-1.0,465.1451721191406,190.75390625
450.5873107910156,192.01171875,463.1269836425781,214.65234375,445.5714416503906,217.16796875,438.047607421875,244.83984375,434.28570556640625,269.99609375,480.68255615234375,213.39453125,495.73016357421875,233.51953125,474.4126892089844,238.55078125,451.8412780761719,269.99609375,449.3333435058594,316.53515625,-1.0,-1.0,474.4126892089844,269.99609375,475.6666564941406,314.01953125,-1.0,-1.0,450.5873107910156,189.49609375,454.3492126464844,188.23828125,-1.0,-1.0,464.3809509277344,190.75390625
451.8412780761719,192.01171875,463.1269836425781,214.65234375,446.8254089355469,215.91015625,438.047607421875,244.83984375,434.28570556640625,271.25390625,480.68255615234375,213.39453125,495.73016357421875,233.51953125,473.1587219238281,239.80859375,451.8412780761719,271.25390625,449.3333435058594,317.79296875,-1.0,-1.0,474.4126892089844,269.99609375,475.6666564941406,314.01953125,-1.0,-1.0,451.8412780761719,189.49609375,456.8571472167969,188.23828125,-1.0,-1.0,464.3809509277344,190.75390625
452.30645751953125,192.01171875,463.6290283203125,213.39453125,447.2742004394531,215.91015625,439.7257995605469,244.83984375,435.95159912109375,272.51171875,481.241943359375,213.39453125,495.08062744140625,233.51953125,474.95159912109375,239.80859375,452.30645751953125,268.73828125,449.7903137207031,316.53515625,-1.0,-1.0,474.95159912109375,269.99609375,476.2096862792969,314.01953125,-1.0,-1.0,452.30645751953125,189.49609375,456.0806579589844,188.23828125,-1.0,-1.0,464.8870849609375,190.75390625
