536.5137939453125,82.3515625,551.4495239257812,100.0234375,558.238525390625,100.0234375,-1.0,-1.0,-1.0,-1.0,541.9449462890625,101.3828125,537.87158203125,128.5703125,532.4403686523438,148.9609375,556.8807373046875,148.9609375,544.6605224609375,182.9453125,541.9449462890625,215.5703125,544.6605224609375,148.9609375,535.1559448242188,181.5859375,532.4403686523438,215.5703125,-1.0,-1.0,539.2293701171875,79.6328125,-1.0,-1.0,544.6605224609375,82.3515625
529.272705078125,80.9921875,549.727294921875,98.6640625,562.0,95.9453125,-1.0,-1.0,-1.0,-1.0,536.0908813476562,98.6640625,533.3636474609375,127.2109375,529.272705078125,147.6015625,555.1818237304688,146.2421875,541.5454711914062,180.2265625,549.727294921875,204.6953125,541.5454711914062,146.2421875,533.3636474609375,181.5859375,532.0,215.5703125,519.727294921875,78.2734375,532.0,78.2734375,514.272705078125,79.6328125,540.1818237304688,80.9921875
523.272705078125,82.3515625,542.3636474609375,95.9453125,553.272705078125,94.5859375,-1.0,-1.0,-1.0,-1.0,531.4545288085938,97.3046875,527.3636474609375,128.5703125,526.0,148.9609375,547.8181762695312,142.1640625,532.8181762695312,178.8671875,536.9091186523438,199.2578125,535.5454711914062,144.8828125,527.3636474609375,177.5078125,536.9091186523438,204.6953125,-1.0,-1.0,524.6363525390625,78.2734375,-1.0,-1.0,534.1818237304688,79.6328125
-1.0,-1.0,531.4259033203125,97.86328125,534.1666870117188,97.86328125,547.870361328125,115.63671875,-1.0,-1.0,524.5740966796875,96.49609375,523.2037353515625,123.83984375,523.2037353515625,144.34765625,536.9074096679688,144.34765625,527.3148193359375,178.52734375,539.6481323242188,204.50390625,527.3148193359375,145.71484375,512.24072265625,173.05859375,536.9074096679688,204.50390625,-1.0,-1.0,-1.0,-1.0,-1.0,-1.0,527.3148193359375,77.35546875
512.272705078125,80.08984375,527.272705078125,97.86328125,535.4545288085938,96.49609375,542.272705078125,121.10546875,-1.0,-1.0,519.0908813476562,96.49609375,517.727294921875,121.10546875,521.8181762695312,144.34765625,534.0908813476562,144.34765625,523.1818237304688,179.89453125,534.0908813476562,209.97265625,521.8181762695312,144.34765625,508.18182373046875,174.42578125,525.9091186523438,212.70703125,512.272705078125,75.98828125,515.0,75.98828125,-1.0,-1.0,524.5454711914062,78.72265625
504.9090881347656,78.72265625,518.5454711914062,96.49609375,524.0,96.49609375,536.272705078125,106.06640625,-1.0,-1.0,514.4545288085938,97.86328125,517.1818237304688,121.10546875,518.5454711914062,144.34765625,526.727294921875,144.34765625,524.0,181.26171875,529.4545288085938,214.07421875,515.8181762695312,144.34765625,502.18182373046875,175.79296875,504.9090881347656,215.44140625,504.9090881347656,75.98828125,509.0,75.98828125,-1.0,-1.0,517.1818237304688,78.72265625
492.6785583496094,79.9921875,506.25,97.6640625,511.6785583496094,97.6640625,-1.0,-1.0,-1.0,-1.0,503.53570556640625,99.0234375,507.6071472167969,127.5703125,507.6071472167969,146.6015625,513.0357055664062,143.8828125,487.25,172.4296875,484.53570556640625,203.6953125,503.53570556640625,145.2421875,502.1785583496094,173.7890625,506.25,207.7734375,-1.0,-1.0,495.3928527832031,75.9140625,-1.0,-1.0,503.53570556640625,79.9921875
492.1071472167969,79.9921875,505.6785583496094,97.6640625,511.1071472167969,97.6640625,-1.0,-1.0,-1.0,-1.0,502.96429443359375,97.6640625,507.03570556640625,124.8515625,507.03570556640625,143.8828125,513.8214111328125,142.5234375,517.8928833007812,176.5078125,527.3928833007812,207.7734375,505.6785583496094,143.8828125,486.6785583496094,171.0703125,483.96429443359375,206.4140625,-1.0,-1.0,496.1785583496094,77.2734375,-1.0,-1.0,504.3214111328125,79.9921875
480.07965087890625,84.0703125,496.4336242675781,99.0234375,499.1593017578125,99.0234375,-1.0,-1.0,-1.0,-1.0,488.25665283203125,101.7421875,496.4336242675781,128.9296875,499.1593017578125,147.9609375,504.6106262207031,145.2421875,508.6991271972656,175.1484375,525.0531005859375,207.7734375,493.70794677734375,146.6015625,493.70794677734375,175.1484375,496.4336242675781,196.8984375,-1.0,-1.0,482.8052978515625,81.3515625,-1.0,-1.0,489.6194763183594,82.7109375
474.07965087890625,84.0703125,489.07080078125,100.3828125,494.5221252441406,99.0234375,-1.0,-1.0,-1.0,-1.0,482.25665283203125,101.7421875,490.4336242675781,131.6484375,494.5221252441406,153.3984375,497.247802734375,149.3203125,502.6991271972656,177.8671875,521.7787475585938,210.4921875,480.893798828125,149.3203125,469.99114990234375,173.7890625,461.81414794921875,200.9765625,-1.0,-1.0,476.8052978515625,81.3515625,-1.0,-1.0,483.6194763183594,84.0703125
468.07965087890625,84.0703125,481.70794677734375,101.7421875,489.88494873046875,101.7421875,502.15045166015625,116.6953125,-1.0,-1.0,474.893798828125,104.4609375,483.07080078125,133.0078125,485.79644775390625,157.4765625,491.247802734375,141.1640625,489.88494873046875,176.5078125,511.6902770996094,198.2578125,477.6194763183594,145.2421875,462.6283264160156,171.0703125,455.81414794921875,202.3359375,-1.0,-1.0,469.4424743652344,81.3515625,-1.0,-1.0,476.25665283203125,84.0703125
462.15789794921875,83.19140625,475.84210205078125,102.33203125,484.0526428222656,103.69921875,489.52630615234375,129.67578125,495.0,143.34765625,469.0,103.69921875,-1.0,-1.0,-1.0,-1.0,484.0526428222656,146.08203125,485.4210510253906,181.62890625,500.47369384765625,196.66796875,470.368408203125,148.81640625,458.0526428222656,177.52734375,452.5789489746094,204.87109375,462.15789794921875,79.08984375,463.52630615234375,80.45703125,-1.0,-1.0,471.7368469238281,84.55859375
456.15789794921875,83.19140625,468.47369384765625,100.96484375,475.3157958984375,100.96484375,483.52630615234375,128.30859375,487.631591796875,144.71484375,464.368408203125,102.33203125,467.1052551269531,128.30859375,468.47369384765625,152.91796875,472.5789489746094,148.81640625,476.6842041015625,181.62890625,497.21051025390625,199.40234375,467.1052551269531,150.18359375,447.9473571777344,178.89453125,447.9473571777344,210.33984375,456.15789794921875,79.08984375,458.8947448730469,81.82421875,-1.0,-1.0,467.1052551269531,84.55859375
449.387939453125,84.55859375,461.64654541015625,98.23046875,467.0948181152344,98.23046875,-1.0,-1.0,-1.0,-1.0,458.92242431640625,100.96484375,460.28448486328125,124.20703125,458.92242431640625,143.34765625,469.8189697265625,139.24609375,467.0948181152344,176.16015625,484.8017272949219,199.40234375,461.64654541015625,141.98046875,446.6637878417969,176.16015625,446.6637878417969,208.97265625,450.75,79.08984375,452.112060546875,80.45703125,-1.0,-1.0,460.28448486328125,84.55859375
444.31304931640625,81.7109375,457.8782653808594,99.3828125,463.3043518066406,98.0234375,471.4434814453125,123.8515625,-1.0,-1.0,451.09564208984375,100.7421875,449.7391357421875,126.5703125,445.6695556640625,144.2421875,464.6608581542969,142.8828125,444.31304931640625,176.8671875,445.6695556640625,213.5703125,453.8086853027344,145.6015625,447.0260925292969,178.2265625,445.6695556640625,212.2109375,-1.0,-1.0,447.0260925292969,78.9921875,-1.0,-1.0,453.8086853027344,81.7109375
439.75,80.3515625,454.7327575683594,98.0234375,462.9051818847656,96.6640625,468.35345458984375,117.0546875,461.5430908203125,122.4921875,445.1982727050781,99.3828125,441.112060546875,123.8515625,437.0258483886719,137.4453125,460.1810302734375,137.4453125,449.28448486328125,176.8671875,466.99139404296875,201.3359375,447.92242431640625,140.1640625,445.1982727050781,176.8671875,446.5603332519531,209.4921875,-1.0,-1.0,441.112060546875,78.9921875,-1.0,-1.0,447.92242431640625,80.3515625
436.4741516113281,81.7109375,451.4569091796875,96.6640625,460.99139404296875,95.3046875,466.4396667480469,111.6171875,-1.0,-1.0,441.92242431640625,98.0234375,435.112060546875,123.8515625,429.6637878417969,134.7265625,454.1810302734375,137.4453125,443.28448486328125,176.8671875,451.4569091796875,204.0546875,441.92242431640625,137.4453125,440.5603332519531,178.2265625,447.3706970214844,212.2109375,-1.0,-1.0,437.8362121582031,78.9921875,-1.0,-1.0,441.92242431640625,78.9921875
-1.0,-1.0,440.00860595703125,98.0234375,445.4569091796875,98.0234375,-1.0,-1.0,-1.0,-1.0,434.5603332519531,98.0234375,427.75,122.4921875,422.3017272949219,130.6484375,448.1810302734375,141.5234375,437.28448486328125,176.8671875,445.4569091796875,208.1328125,437.28448486328125,141.5234375,437.28448486328125,178.2265625,446.8189697265625,210.8515625,-1.0,-1.0,-1.0,-1.0,-1.0,-1.0,434.5603332519531,81.7109375
-1.0,-1.0,435.8983154296875,98.0234375,442.677978515625,98.0234375,445.38983154296875,119.7734375,-1.0,-1.0,427.7627258300781,98.0234375,420.9830627441406,121.1328125,415.559326171875,112.9765625,444.0339050292969,142.8828125,423.6949157714844,172.7890625,430.4745788574219,208.1328125,431.83050537109375,142.8828125,435.8983154296875,176.8671875,446.7457580566406,210.8515625,-1.0,-1.0,-1.0,-1.0,441.322021484375,81.7109375,429.11865234375,81.7109375
-1.0,-1.0,430.18804931640625,97.23046875,437.025634765625,97.23046875,-1.0,-1.0,-1.0,-1.0,421.98291015625,98.59765625,413.77777099609375,119.10546875,-1.0,-1.0,437.025634765625,145.08203125,434.29058837890625,176.52734375,441.1282043457031,203.87109375,426.0854797363281,143.71484375,416.5128173828125,172.42578125,419.24786376953125,206.60546875,-1.0,-1.0,-1.0,-1.0,438.3931579589844,80.82421875,424.71795654296875,79.45703125
413.3389892578125,82.19140625,429.8135681152344,98.59765625,438.05084228515625,98.59765625,-1.0,-1.0,-1.0,-1.0,418.83050537109375,98.59765625,411.9660949707031,124.57421875,-1.0,-1.0,433.93218994140625,143.71484375,432.559326171875,176.52734375,444.9152526855469,207.97265625,421.5762634277344,143.71484375,407.84747314453125,172.42578125,406.4745788574219,205.23828125,-1.0,-1.0,414.71185302734375,79.45703125,-1.0,-1.0,420.2033996582031,80.82421875
405.9660949707031,82.19140625,416.94915771484375,99.96484375,422.440673828125,98.59765625,-1.0,-1.0,-1.0,-1.0,411.4576416015625,101.33203125,401.84747314453125,120.47265625,393.61016845703125,121.83984375,426.559326171875,142.34765625,427.93218994140625,175.16015625,443.0339050292969,210.70703125,415.5762634277344,143.71484375,403.2203369140625,173.79296875,396.3559265136719,202.50390625,-1.0,-1.0,408.71185302734375,79.45703125,-1.0,-1.0,414.2033996582031,82.19140625
400.4621887207031,84.7890625,411.3529357910156,102.4609375,418.15966796875,101.1015625,411.3529357910156,124.2109375,-1.0,-1.0,404.54620361328125,102.4609375,395.0168151855469,121.4921875,384.12603759765625,124.2109375,420.8823547363281,144.6015625,426.3277282714844,179.9453125,442.66387939453125,211.2109375,408.6302490234375,145.9609375,396.3781433105469,173.1484375,390.9327697753906,198.9765625,-1.0,-1.0,403.18487548828125,82.0703125,-1.0,-1.0,407.2689208984375,83.4296875
400.4627990722656,83.4296875,411.3057861328125,102.4609375,418.0826416015625,101.1015625,-1.0,-1.0,-1.0,-1.0,404.5289306640625,102.4609375,393.6859436035156,121.4921875,380.1322326660156,125.5703125,420.79339599609375,144.6015625,424.8594970703125,178.5859375,442.4793395996094,209.8515625,408.59503173828125,145.9609375,396.3966979980469,173.1484375,389.6198425292969,200.3359375,-1.0,-1.0,403.1735534667969,82.0703125,-1.0,-1.0,407.23968505859375,83.4296875
394.9075622558594,84.7890625,407.15966796875,101.1015625,415.3277282714844,99.7421875,-1.0,-1.0,-1.0,-1.0,400.3529357910156,102.4609375,388.100830078125,118.7734375,377.2100830078125,122.8515625,415.3277282714844,141.8828125,418.0504150390625,175.8671875,439.8319396972656,211.2109375,404.4369812011719,143.2421875,390.8235168457031,173.1484375,382.65545654296875,200.3359375,-1.0,-1.0,396.2689208984375,82.0703125,-1.0,-1.0,401.71429443359375,83.4296875
389.4621887207031,86.1484375,400.3529357910156,102.4609375,408.52099609375,99.7421875,-1.0,-1.0,-1.0,-1.0,393.54620361328125,103.8203125,379.9327697753906,120.1328125,374.4873962402344,117.4140625,407.15966796875,143.2421875,381.29412841796875,171.7890625,379.9327697753906,196.2578125,397.6302490234375,144.6015625,409.8823547363281,175.8671875,433.02520751953125,201.6953125,-1.0,-1.0,390.8235168457031,83.4296875,-1.0,-1.0,394.9075622558594,84.7890625
382.65545654296875,87.5078125,392.18487548828125,102.4609375,397.6302490234375,102.4609375,-1.0,-1.0,-1.0,-1.0,386.739501953125,103.8203125,377.2100830078125,118.7734375,-1.0,-1.0,400.3529357910156,140.5234375,398.9916076660156,170.4296875,398.9916076660156,178.5859375,392.18487548828125,141.8828125,396.2689208984375,171.7890625,398.9916076660156,181.3046875,-1.0,-1.0,384.0168151855469,84.7890625,-1.0,-1.0,389.4621887207031,86.1484375
