33.315067291259766,42.625,19.287670135498047,65.375,8.767123222351074,65.375,-1.7534246444702148,93.375,-1.0,-1.0,29.80821990966797,65.375,33.315067291259766,96.875,40.328765869140625,114.375,19.287670135498047,121.375,33.315067291259766,163.375,40.328765869140625,203.625,33.315067291259766,119.625,26.301368713378906,163.375,40.328765869140625,210.625,28.054794311523438,37.375,33.315067291259766,35.625,17.53424644470215,42.625,-1.0,-1.0
39.0684928894043,42.625,21.53424644470215,65.375,12.767123222351074,63.625,2.246575355529785,91.625,18.02739715576172,110.875,30.301368713378906,65.375,-1.0,-1.0,-1.0,-1.0,23.287670135498047,123.125,37.315067291259766,165.125,40.82191848754883,203.625,35.5616455078125,123.125,32.05479431152344,166.875,40.82191848754883,212.375,33.80821990966797,37.375,-1.0,-1.0,23.287670135498047,42.625,-1.0,-1.0
44.82191848754883,42.48828125,25.53424644470215,65.13671875,16.76712417602539,63.39453125,-1.0,-1.0,-1.0,-1.0,34.301368713378906,65.13671875,41.315067291259766,103.46484375,46.575340270996094,120.88671875,27.287670135498047,122.62890625,37.80821990966797,164.44140625,41.315067291259766,204.51171875,36.05479431152344,120.88671875,37.80821990966797,164.44140625,41.315067291259766,211.48046875,39.5616455078125,37.26171875,-1.0,-1.0,27.287670135498047,42.48828125,-1.0,-1.0
48.82191848754883,44.23046875,27.78082275390625,65.13671875,20.76712417602539,63.39453125,10.246575355529785,96.49609375,-1.0,-1.0,34.79452133178711,65.13671875,47.0684928894043,106.94921875,55.83561706542969,133.08203125,31.287670135498047,124.37109375,38.301368713378906,166.18359375,40.05479431152344,209.73828125,40.05479431152344,124.37109375,41.80821990966797,166.18359375,41.80821990966797,207.99609375,45.315067291259766,39.00390625,-1.0,-1.0,33.04109573364258,42.48828125,-1.0,-1.0
52.82191848754883,39.875,33.53424835205078,64.375,24.76712417602539,64.375,12.49315071105957,99.375,-1.0,-1.0,42.301368713378906,66.125,51.0684928894043,102.875,56.328765869140625,122.125,33.53424835205078,123.875,37.04109573364258,164.125,38.79452133178711,206.125,44.05479431152344,122.125,42.301368713378906,164.125,42.301368713378906,202.625,47.5616455078125,36.375,-1.0,-1.0,35.28767013549805,41.625,-1.0,-1.0
56.82191848754883,41.48828125,37.53424835205078,64.13671875,28.76712417602539,62.39453125,20.0,95.49609375,30.52054786682129,114.66015625,42.79452133178711,64.13671875,55.0684928894043,104.20703125,58.575340270996094,119.88671875,37.53424835205078,123.37109375,39.28767013549805,165.18359375,39.28767013549805,208.73828125,48.05479431152344,123.37109375,49.80821990966797,166.92578125,39.28767013549805,200.02734375,53.315067291259766,36.26171875,-1.0,-1.0,41.04109573364258,39.74609375,-1.0,-1.0
60.82191848754883,39.74609375,43.28767013549805,62.39453125,34.520545959472656,62.39453125,25.75342559814453,92.01171875,29.260272979736328,119.88671875,52.05479431152344,64.13671875,-1.0,-1.0,-1.0,-1.0,43.28767013549805,121.62890625,41.53424835205078,165.18359375,38.02739715576172,206.99609375,59.0684928894043,121.62890625,64.32876586914062,163.44140625,45.04109573364258,193.05859375,57.315067291259766,36.26171875,-1.0,-1.0,45.04109573364258,39.74609375,-1.0,-1.0
64.82191467285156,38.875,49.04109573364258,63.375,38.520545959472656,61.625,33.26027297973633,96.625,40.27397155761719,128.125,61.315067291259766,65.125,64.82191467285156,96.625,71.83561706542969,119.375,47.28767013549805,122.875,45.53424835205078,164.875,38.520545959472656,208.625,64.82191467285156,121.125,70.08219146728516,161.375,50.79452133178711,206.875,61.315067291259766,35.375,-1.0,-1.0,49.04109573364258,38.875,-1.0,-1.0
68.82191467285156,38.875,53.04109573364258,65.125,44.27397155761719,63.375,40.76712417602539,94.875,53.04109573364258,124.625,61.80821990966797,65.125,72.32876586914062,100.125,77.58904266357422,121.125,58.301368713378906,121.125,56.547943115234375,163.125,42.520545959472656,206.875,70.5753402709961,119.375,74.08219146728516,163.125,67.06849670410156,205.125,63.5616455078125,35.375,-1.0,-1.0,51.28767013549805,40.625,-1.0,-1.0
72.875,40.625,53.625,65.125,48.375,65.125,50.125,96.625,64.125,121.125,60.625,63.375,69.375,93.125,78.125,119.375,53.625,122.875,46.625,163.125,39.625,203.375,69.375,121.125,79.875,161.375,72.875,206.875,67.625,35.375,-1.0,-1.0,55.375,40.625,-1.0,-1.0
76.06849670410156,41.48828125,56.78082275390625,65.87890625,49.76712417602539,65.87890625,56.78082275390625,98.98046875,76.06849670410156,121.62890625,62.04109573364258,64.13671875,72.5616455078125,93.75390625,88.34246826171875,119.88671875,56.78082275390625,125.11328125,58.53424835205078,165.18359375,51.520545959472656,196.54296875,67.3013687133789,125.11328125,84.83561706542969,161.69921875,83.08219146728516,203.51171875,72.5616455078125,36.26171875,-1.0,-1.0,60.28767013549805,39.74609375,-1.0,-1.0
79.3150634765625,41.625,61.78082275390625,64.375,54.76712417602539,64.375,60.02739715576172,94.125,84.5753402709961,118.625,67.04109191894531,64.375,75.80821990966797,92.375,88.08219146728516,118.625,58.27397155761719,123.875,53.01369857788086,162.375,46.0,192.125,72.3013687133789,122.125,88.08219146728516,162.375,95.09588623046875,204.375,75.80821990966797,38.125,-1.0,-1.0,65.28767395019531,39.875,-1.0,-1.0
84.3150634765625,42.48828125,65.02739715576172,65.13671875,58.01369857788086,65.13671875,68.53424835205078,96.49609375,94.83561706542969,117.40234375,70.28767395019531,65.13671875,79.05479431152344,91.26953125,98.34246826171875,115.66015625,63.27397155761719,124.37109375,58.01369857788086,166.18359375,49.24657440185547,195.80078125,77.3013687133789,122.62890625,89.5753402709961,162.69921875,103.60273742675781,204.51171875,80.80821990966797,39.00390625,-1.0,-1.0,70.28767395019531,42.48828125,-1.0,-1.0
90.125,42.48828125,70.875,66.87890625,62.125,66.87890625,74.375,96.49609375,100.625,113.91796875,76.125,65.13671875,84.875,93.01171875,102.375,112.17578125,69.125,126.11328125,63.875,171.41015625,62.125,216.70703125,81.375,124.37109375,95.375,164.44140625,109.375,206.25390625,84.875,39.00390625,-1.0,-1.0,72.625,42.48828125,-1.0,-1.0
93.3150634765625,44.375,75.78082275390625,67.125,68.76712036132812,67.125,79.28767395019531,96.875,107.34246826171875,112.625,81.04109191894531,65.375,89.80821990966797,93.375,-1.0,-1.0,72.27397155761719,123.125,70.52054595947266,170.375,75.78082275390625,215.875,88.05479431152344,121.375,100.32876586914062,163.375,110.84931945800781,208.875,89.80821990966797,39.125,-1.0,-1.0,77.53424835205078,42.625,-1.0,-1.0
98.3150634765625,41.74609375,82.53424835205078,66.13671875,73.76712036132812,66.13671875,86.04109191894531,97.49609375,114.09588623046875,113.17578125,87.79452514648438,64.39453125,100.06849670410156,95.75390625,115.84931945800781,107.94921875,75.52054595947266,125.37109375,73.76712036132812,168.92578125,87.79452514648438,215.96484375,93.05479431152344,123.62890625,105.32876586914062,163.69921875,112.34246826171875,207.25390625,94.80821990966797,38.26171875,-1.0,-1.0,84.28767395019531,41.74609375,-1.0,-1.0
104.125,41.74609375,88.375,66.13671875,79.625,66.13671875,91.875,95.75390625,118.125,114.91796875,97.125,66.13671875,105.875,94.01171875,119.875,113.17578125,81.375,125.37109375,79.625,172.41015625,97.125,219.44921875,97.125,123.62890625,109.375,165.44140625,112.875,214.22265625,98.875,38.26171875,104.125,36.51953125,88.375,41.74609375,-1.0,-1.0
109.06849670410156,43.625,91.53424835205078,64.625,82.76712036132812,64.625,95.04109191894531,96.125,121.34246826171875,117.125,98.54794311523438,64.625,110.82191467285156,94.375,124.84931945800781,113.625,88.02739715576172,124.125,86.27397155761719,171.375,102.05479431152344,216.875,103.80821990966797,122.375,112.5753402709961,167.875,112.5753402709961,213.375,105.5616455078125,38.375,-1.0,-1.0,93.28767395019531,40.125,-1.0,-1.0
114.06849670410156,44.48828125,94.78082275390625,63.65234375,87.76712036132812,63.65234375,96.53424835205078,93.26953125,122.83561706542969,115.91796875,100.04109191894531,61.91015625,108.80821990966797,89.78515625,122.83561706542969,101.98046875,93.02739715576172,126.37109375,91.27397155761719,173.41015625,101.79452514648438,215.22265625,110.5616455078125,122.88671875,115.82191467285156,171.66796875,112.3150634765625,215.22265625,110.5616455078125,39.26171875,-1.0,-1.0,98.28767395019531,39.26171875,-1.0,-1.0
117.3150634765625,44.625,98.02739715576172,62.125,92.76712036132812,63.875,99.78082275390625,95.375,124.32876586914062,118.125,101.53424835205078,60.375,-1.0,-1.0,-1.0,-1.0,98.02739715576172,123.375,98.02739715576172,170.625,106.79452514648438,216.125,110.3013687133789,121.625,115.5616455078125,168.875,124.32876586914062,200.375,113.80821990966797,37.625,-1.0,-1.0,103.28767395019531,39.375,-1.0,-1.0
121.375,41.125,103.875,63.875,98.625,67.375,102.125,95.375,123.125,118.125,107.375,62.125,117.875,88.375,-1.0,-1.0,103.875,123.375,100.375,167.125,109.125,214.375,116.125,121.625,-1.0,-1.0,-1.0,-1.0,116.125,39.375,-1.0,-1.0,102.125,39.375,-1.0,-1.0
128.06849670410156,40.26171875,105.27397155761719,61.16796875,96.50685119628906,62.91015625,101.76712036132812,97.75390625,124.5616455078125,120.40234375,112.28767395019531,61.16796875,121.05479431152344,85.55859375,128.06849670410156,122.14453125,101.76712036132812,120.40234375,105.27397155761719,167.44140625,108.78082275390625,216.22265625,115.79452514648438,122.14453125,121.05479431152344,163.95703125,126.3150634765625,209.25390625,122.80821990966797,35.03515625,-1.0,-1.0,108.78082275390625,36.77734375,-1.0,-1.0
129.82191467285156,42.00390625,112.28767395019531,66.39453125,105.27397155761719,68.13671875,105.27397155761719,101.23828125,-1.0,-1.0,119.3013687133789,64.65234375,-1.0,-1.0,-1.0,-1.0,119.3013687133789,118.66015625,112.28767395019531,162.21484375,108.78082275390625,214.48046875,126.3150634765625,118.66015625,122.80821990966797,162.21484375,126.3150634765625,210.99609375,126.3150634765625,35.03515625,-1.0,-1.0,114.04109191894531,38.51953125,-1.0,-1.0
