-1.0,-1.0,30.515789031982422,118.30859375,43.77894592285156,118.30859375,49.08420944213867,144.71484375,-1.0,-1.0,15.926315307617188,118.30859375,-1.0,-1.0,-1.0,-1.0,35.82105255126953,167.16015625,35.82105255126953,201.48828125,31.842103958129883,234.49609375,15.926315307617188,165.83984375,18.578947067260742,197.52734375,7.96842098236084,223.93359375,-1.0,-1.0,-1.0,-1.0,42.45262908935547,103.78515625,25.210525512695312,102.46484375
-1.0,-1.0,32.51578903198242,118.30859375,44.45262908935547,118.30859375,53.736839294433594,144.71484375,55.06315612792969,161.87890625,19.25263214111328,116.98828125,19.25263214111328,134.15234375,-1.0,-1.0,36.49473571777344,167.16015625,36.49473571777344,200.16796875,31.189472198486328,233.17578125,17.926315307617188,165.83984375,21.905261993408203,197.52734375,11.294736862182617,225.25390625,-1.0,-1.0,-1.0,-1.0,43.12631607055664,103.78515625,27.210525512695312,102.46484375
-1.0,-1.0,32.711341857910156,119.62890625,45.9072151184082,119.62890625,52.50515365600586,146.03515625,56.46391677856445,155.27734375,20.835050582885742,118.30859375,-1.0,-1.0,-1.0,-1.0,36.670101165771484,165.83984375,37.989688873291016,200.16796875,32.711341857910156,231.85546875,19.515464782714844,163.19921875,23.474225997924805,196.20703125,16.87628936767578,223.93359375,-1.0,-1.0,-1.0,-1.0,44.58762741088867,103.78515625,28.75257682800293,102.46484375
-1.0,-1.0,33.90625,121.71875,47.03125,120.40625,53.59375,147.96875,58.84375,155.84375,22.09375,120.40625,15.53125,130.90625,-1.0,-1.0,39.15625,167.65625,39.15625,200.46875,33.90625,230.65625,22.09375,166.34375,27.34375,197.84375,26.03125,230.65625,-1.0,-1.0,-1.0,-1.0,48.34375,105.96875,31.28125,103.34375
-1.0,-1.0,33.28125,123.03125,43.78125,125.65625,55.59375,151.90625,66.09375,157.15625,24.09375,120.40625,17.53125,130.90625,-1.0,-1.0,38.53125,167.65625,39.84375,200.46875,33.28125,230.65625,24.09375,166.34375,30.65625,199.15625,30.65625,231.96875,-1.0,-1.0,-1.0,-1.0,49.03125,107.28125,31.96875,103.34375
-1.0,-1.0,35.9793815612793,123.79296875,45.07216262817383,127.70703125,55.46391677856445,151.19140625,64.55670166015625,155.10546875,25.587627410888672,122.48828125,19.092782974243164,131.62109375,-1.0,-1.0,39.87628936767578,168.15234375,41.175254821777344,199.46484375,34.68041229248047,229.47265625,24.288658142089844,166.84765625,33.38144302368164,199.46484375,32.08247375488281,232.08203125,-1.0,-1.0,-1.0,-1.0,50.26803970336914,106.83203125,34.68041229248047,105.52734375
-1.0,-1.0,36.68041229248047,126.40234375,45.773193359375,129.01171875,54.8659782409668,152.49609375,67.85566711425781,157.71484375,27.587627410888672,125.09765625,21.092782974243164,132.92578125,-1.0,-1.0,40.57731628417969,168.15234375,41.87628936767578,200.76953125,34.08247375488281,232.08203125,26.288658142089844,165.54296875,35.38144302368164,200.76953125,39.278350830078125,229.47265625,-1.0,-1.0,-1.0,-1.0,50.96907043457031,108.13671875,35.38144302368164,106.83203125
-1.0,-1.0,40.42857360839844,123.79296875,53.48979568481445,123.79296875,56.1020393371582,151.19140625,-1.0,-1.0,31.28571319580078,122.48828125,-1.0,-1.0,-1.0,-1.0,43.04081726074219,168.15234375,44.34693908691406,199.46484375,44.34693908691406,230.77734375,28.67346954345703,166.84765625,36.51020431518555,200.76953125,32.591835021972656,230.77734375,-1.0,-1.0,-1.0,-1.0,53.48979568481445,106.83203125,39.1224479675293,106.83203125
-1.0,-1.0,44.87628936767578,121.9609375,56.56700897216797,121.9609375,73.45360565185547,147.8984375,64.36082458496094,132.3359375,33.18556594848633,120.6640625,-1.0,-1.0,-1.0,-1.0,44.87628936767578,168.6484375,43.57731628417969,201.0703125,33.18556594848633,230.8984375,30.587627410888672,167.3515625,39.68041229248047,201.0703125,52.670101165771484,227.0078125,-1.0,-1.0,-1.0,-1.0,55.26803970336914,107.6953125,39.68041229248047,106.3984375
-1.0,-1.0,45.57731628417969,121.9609375,58.56700897216797,120.6640625,71.55670166015625,146.6015625,-1.0,-1.0,32.58762741088867,121.9609375,27.391752243041992,149.1953125,-1.0,-1.0,46.87628936767578,167.3515625,42.9793815612793,201.0703125,32.58762741088867,229.6015625,32.58762741088867,166.0546875,49.47422409057617,202.3671875,54.670101165771484,228.3046875,-1.0,-1.0,-1.0,-1.0,57.26803970336914,106.3984375,41.68041229248047,106.3984375
-1.0,-1.0,47.090911865234375,122.73828125,60.02020263671875,122.73828125,75.53535461425781,149.80859375,-1.0,-1.0,36.747474670410156,122.73828125,26.404041290283203,139.49609375,-1.0,-1.0,48.38383865356445,167.85546875,45.79798126220703,198.79296875,32.86868667602539,229.73046875,34.16161346435547,166.56640625,49.67676544189453,200.08203125,57.43434524536133,227.15234375,-1.0,-1.0,-1.0,-1.0,57.43434524536133,108.55859375,43.212120056152344,107.26953125
-1.0,-1.0,47.0,125.31640625,61.14285659790039,122.73828125,70.14285278320312,136.91796875,-1.0,-1.0,38.0,125.31640625,-1.0,-1.0,-1.0,-1.0,49.57142639160156,169.14453125,47.0,200.08203125,31.571428298950195,231.01953125,36.71428680419922,167.85546875,52.14285659790039,201.37109375,56.0,229.73046875,-1.0,-1.0,-1.0,-1.0,58.57142639160156,108.55859375,44.42857360839844,108.55859375
-1.0,-1.0,52.85714340209961,122.73828125,63.14285659790039,121.44921875,72.14285278320312,140.78515625,81.14285278320312,151.09765625,38.71428680419922,127.89453125,32.28571319580078,149.80859375,-1.0,-1.0,51.57142639160156,169.14453125,47.71428680419922,201.37109375,33.57142639160156,229.73046875,38.71428680419922,167.85546875,52.85714340209961,202.66015625,56.71428680419922,231.01953125,-1.0,-1.0,-1.0,-1.0,60.57142639160156,108.55859375,46.42857360839844,108.55859375
-1.0,-1.0,54.36000061035156,120.953125,64.5999984741211,122.234375,-1.0,-1.0,-1.0,-1.0,42.84000015258789,123.515625,-1.0,-1.0,-1.0,-1.0,54.36000061035156,168.359375,50.519996643066406,199.109375,33.880001068115234,228.578125,40.279998779296875,165.796875,50.519996643066406,199.109375,56.91999816894531,228.578125,-1.0,-1.0,-1.0,-1.0,58.20000076293945,106.859375,-1.0,-1.0
-1.0,-1.0,54.57142639160156,122.234375,66.14285278320312,123.515625,77.71428680419922,144.015625,84.14285278320312,155.546875,44.28571319580078,122.234375,35.28571319580078,150.421875,-1.0,-1.0,55.85714340209961,169.640625,53.28571319580078,201.671875,57.14285659790039,231.140625,43.0,167.078125,50.71428680419922,201.671875,35.28571319580078,229.859375,-1.0,-1.0,-1.0,-1.0,61.0,106.859375,49.42857360839844,108.140625
-1.0,-1.0,56.41584014892578,121.74609375,67.82177734375,123.01953125,81.76237487792969,147.21484375,85.5643539428711,156.12890625,46.27722930908203,123.01953125,38.67326736450195,149.76171875,-1.0,-1.0,57.68316650390625,172.68359375,55.14851379394531,205.79296875,56.41584014892578,233.80859375,43.742576599121094,170.13671875,52.613861083984375,204.51953125,43.742576599121094,229.98828125,-1.0,-1.0,-1.0,-1.0,65.28712463378906,107.73828125,51.346534729003906,107.73828125
-1.0,-1.0,57.909088134765625,123.01953125,69.36363220214844,123.01953125,82.09091186523438,145.94140625,87.18181610107422,156.12890625,46.45454406738281,121.74609375,-1.0,-1.0,-1.0,-1.0,60.45454406738281,173.95703125,57.909088134765625,207.06640625,56.6363639831543,235.08203125,45.18181610107422,171.41015625,51.54545593261719,205.79296875,46.45454406738281,222.34765625,-1.0,-1.0,-1.0,-1.0,66.81817626953125,107.73828125,52.81818389892578,107.73828125
-1.0,-1.0,58.6363639831543,121.74609375,71.36363220214844,123.01953125,85.36363220214844,147.21484375,-1.0,-1.0,47.18181610107422,121.74609375,-1.0,-1.0,-1.0,-1.0,62.45454406738281,172.68359375,58.6363639831543,209.61328125,58.6363639831543,223.62109375,47.18181610107422,170.13671875,52.272727966308594,210.88671875,-1.0,-1.0,-1.0,-1.0,-1.0,-1.0,67.54545593261719,107.73828125,53.54545593261719,107.73828125
-1.0,-1.0,61.41584014892578,122.5390625,74.089111328125,123.8046875,84.22772216796875,144.0546875,90.5643539428711,154.1796875,48.742576599121094,121.2734375,-1.0,-1.0,-1.0,-1.0,65.21781921386719,170.6328125,66.48515319824219,199.7421875,60.14851379394531,221.2578125,48.742576599121094,169.3671875,52.5445556640625,201.0078125,51.27722930908203,219.9921875,-1.0,-1.0,-1.0,-1.0,69.01980590820312,108.6171875,55.07920837402344,108.6171875
-1.0,-1.0,61.349998474121094,122.5390625,73.94999694824219,123.8046875,85.29000091552734,142.7890625,91.58999633789062,154.1796875,50.01000213623047,123.8046875,46.22999954223633,145.3203125,-1.0,-1.0,63.869998931884766,169.3671875,72.69000244140625,193.4140625,61.349998474121094,222.5234375,50.01000213623047,168.1015625,53.790000915527344,198.4765625,52.529998779296875,222.5234375,-1.0,-1.0,-1.0,-1.0,70.16999816894531,107.3515625,56.30999755859375,107.3515625
-1.0,-1.0,63.14851379394531,122.5390625,74.55445861816406,123.8046875,88.49504852294922,145.3203125,93.5643539428711,154.1796875,51.742576599121094,122.5390625,-1.0,-1.0,-1.0,-1.0,66.95049285888672,166.8359375,-1.0,-1.0,-1.0,-1.0,50.47524642944336,165.5703125,-1.0,-1.0,-1.0,-1.0,-1.0,-1.0,-1.0,-1.0,72.01980590820312,108.6171875,58.07920837402344,108.6171875
-1.0,-1.0,63.881187438964844,123.5390625,75.28712463378906,123.5390625,86.69306945800781,141.2578125,93.02970123291016,153.9140625,52.47524642944336,123.5390625,46.138614654541016,145.0546875,-1.0,-1.0,66.41584014892578,166.5703125,81.62376403808594,194.4140625,-1.0,-1.0,49.94059371948242,166.5703125,-1.0,-1.0,-1.0,-1.0,-1.0,-1.0,-1.0,-1.0,74.01980590820312,108.3515625,60.07920837402344,108.3515625
-1.0,-1.0,65.08999633789062,123.5390625,77.69000244140625,124.8046875,90.29000091552734,147.5859375,95.33000183105469,155.1796875,53.75,122.2734375,-1.0,-1.0,-1.0,-1.0,67.61000061035156,167.8359375,82.72999572753906,196.9453125,70.1300048828125,229.8515625,52.48999786376953,167.8359375,57.529998779296875,199.4765625,60.04999923706055,229.8515625,-1.0,-1.0,-1.0,-1.0,75.16999816894531,109.6171875,61.30999755859375,108.3515625
-1.0,-1.0,66.60784149169922,124.33203125,79.1568603515625,124.33203125,91.70588684082031,146.97265625,96.72549438476562,154.51953125,55.31372833251953,125.58984375,-1.0,-1.0,-1.0,-1.0,70.37255096435547,168.35546875,84.17646789550781,197.28515625,75.39215850830078,229.98828125,54.05882263183594,168.35546875,57.82353210449219,199.80078125,59.07843017578125,232.50390625,-1.0,-1.0,-1.0,-1.0,77.90196228027344,109.23828125,64.09803771972656,109.23828125
-1.0,-1.0,68.08999633789062,124.33203125,80.69000244140625,124.33203125,94.55000305175781,149.48828125,98.33000183105469,157.03515625,56.75,123.07421875,-1.0,-1.0,-1.0,-1.0,71.8699951171875,169.61328125,85.72999572753906,196.02734375,83.20999908447266,228.73046875,54.22999954223633,168.35546875,59.27000045776367,199.80078125,59.27000045776367,232.50390625,-1.0,-1.0,-1.0,-1.0,79.43000030517578,110.49609375,65.56999969482422,109.23828125
-1.0,-1.0,70.86274719238281,124.33203125,82.1568603515625,125.58984375,97.21568298339844,150.74609375,-1.0,-1.0,59.568626403808594,123.07421875,-1.0,-1.0,-1.0,-1.0,73.37255096435547,169.61328125,85.92156982421875,194.76953125,87.17646789550781,228.73046875,57.05882263183594,168.35546875,59.568626403808594,198.54296875,60.82353210449219,231.24609375,-1.0,-1.0,-1.0,-1.0,80.90196228027344,110.49609375,68.35294342041016,110.49609375
-1.0,-1.0,71.60784149169922,123.875,82.90196228027344,125.125,97.96078491210938,148.875,102.98039245605469,155.125,61.568626403808594,123.875,-1.0,-1.0,-1.0,-1.0,76.62745666503906,171.375,89.17646789550781,198.875,91.686279296875,230.125,59.05882263183594,170.125,60.31372833251953,202.625,59.05882263183594,231.375,-1.0,-1.0,-1.0,-1.0,82.90196228027344,111.375,69.09803771972656,111.375
-1.0,-1.0,74.69306945800781,125.125,85.92079162597656,126.375,98.39604187011719,147.625,104.6336669921875,155.125,64.71287536621094,123.875,-1.0,-1.0,-1.0,-1.0,77.18811798095703,170.125,89.66336059570312,198.875,94.6534652709961,230.125,59.72277069091797,168.875,60.970298767089844,202.625,58.47524642944336,231.375,-1.0,-1.0,-1.0,-1.0,84.67326354980469,111.375,72.1980209350586,111.375
-1.0,-1.0,76.20388793945312,127.16015625,87.38835144042969,127.16015625,101.05825805664062,149.51953125,104.78640747070312,154.48828125,65.01941680908203,127.16015625,-1.0,-1.0,-1.0,-1.0,79.93203735351562,171.87890625,92.35922241210938,201.69140625,96.0873794555664,231.50390625,62.53398132324219,170.63671875,61.291263580322266,202.93359375,58.805824279785156,231.50390625,-1.0,-1.0,-1.0,-1.0,87.38835144042969,112.25390625,73.71844482421875,112.25390625
-1.0,-1.0,78.20388793945312,127.16015625,89.38835144042969,127.16015625,104.30097198486328,150.76171875,105.54368591308594,154.48828125,68.26213836669922,128.40234375,-1.0,-1.0,-1.0,-1.0,83.17475891113281,170.63671875,93.11650085449219,201.69140625,96.84466552734375,229.01953125,65.77670288085938,168.15234375,64.53398132324219,200.44921875,60.805824279785156,230.26171875,-1.0,-1.0,-1.0,-1.0,89.38835144042969,112.25390625,74.4757308959961,112.25390625
-1.0,-1.0,81.68932342529297,128.40234375,92.87378692626953,129.64453125,106.54368591308594,153.24609375,-1.0,-1.0,70.50485229492188,128.40234375,64.291259765625,148.27734375,-1.0,-1.0,86.66019439697266,171.87890625,94.11650085449219,201.69140625,96.60194396972656,227.77734375,69.26213836669922,169.39453125,65.53398132324219,202.93359375,60.563106536865234,230.26171875,-1.0,-1.0,-1.0,-1.0,92.87378692626953,113.49609375,77.96116638183594,112.25390625
-1.0,-1.0,83.38461303710938,128.95703125,95.69230651855469,128.95703125,108.0,152.26171875,-1.0,-1.0,72.30769348144531,128.95703125,66.15384674072266,146.12890625,-1.0,-1.0,88.30769348144531,170.66015625,95.69230651855469,201.32421875,96.92308044433594,228.30859375,71.07691955566406,169.43359375,67.38461303710938,201.32421875,60.0,228.30859375,-1.0,-1.0,-1.0,-1.0,95.69230651855469,114.23828125,80.92308044433594,114.23828125
-1.0,-1.0,89.30769348144531,127.73046875,100.38461303710938,128.95703125,109.0,152.26171875,-1.0,-1.0,78.23077392578125,126.50390625,72.07691955566406,151.03515625,-1.0,-1.0,94.23077392578125,171.88671875,97.92308044433594,202.55078125,97.92308044433594,231.98828125,77.0,170.66015625,72.07691955566406,201.32421875,63.46154022216797,227.08203125,-1.0,-1.0,-1.0,-1.0,100.38461303710938,114.23828125,85.61538696289062,113.01171875
-1.0,-1.0,88.64077758789062,127.73046875,99.65048217773438,127.73046875,110.66019439697266,152.26171875,108.21359252929688,170.66015625,78.8543701171875,126.50390625,70.291259765625,152.26171875,-1.0,-1.0,93.53398132324219,171.88671875,97.2038803100586,203.77734375,98.42718505859375,230.76171875,76.40776824951172,169.43359375,72.73786163330078,201.32421875,62.951454162597656,227.08203125,-1.0,-1.0,-1.0,-1.0,99.65048217773438,114.23828125,84.97087097167969,113.01171875
-1.0,-1.0,92.30769348144531,127.73046875,103.38461303710938,128.95703125,114.46154022216797,152.26171875,110.76923370361328,168.20703125,81.23077392578125,126.50390625,-1.0,-1.0,-1.0,-1.0,97.23077392578125,170.66015625,99.69230651855469,202.55078125,98.46154022216797,230.76171875,80.0,168.20703125,77.53845977783203,200.09765625,67.69230651855469,225.85546875,-1.0,-1.0,-1.0,-1.0,102.15384674072266,113.01171875,88.61538696289062,111.78515625
-1.0,-1.0,94.0873794555664,128.95703125,105.09708404541016,128.95703125,114.88349151611328,153.48828125,113.66019439697266,173.11328125,83.07766723632812,127.73046875,-1.0,-1.0,-1.0,-1.0,98.98058319091797,171.88671875,100.2038803100586,203.77734375,98.98058319091797,230.76171875,81.8543701171875,170.66015625,80.63106536865234,200.09765625,72.06796264648438,222.17578125,-1.0,-1.0,-1.0,-1.0,105.09708404541016,113.01171875,90.41747283935547,111.78515625
-1.0,-1.0,95.0873794555664,128.515625,107.32038879394531,129.734375,115.88349151611328,154.109375,114.66019439697266,172.390625,84.07766723632812,128.515625,-1.0,-1.0,-1.0,-1.0,101.2038803100586,171.171875,99.98058319091797,201.640625,97.53398132324219,230.890625,84.07766723632812,169.953125,84.07766723632812,200.421875,74.291259765625,223.578125,-1.0,-1.0,-1.0,-1.0,106.09708404541016,112.671875,92.64077758789062,111.453125
107.64422607421875,113.76953125,96.74038696289062,129.51171875,107.64422607421875,129.51171875,111.27884674072266,153.73046875,-1.0,-1.0,85.83654022216797,128.30078125,-1.0,-1.0,-1.0,-1.0,102.79808044433594,171.89453125,100.375,203.37890625,99.16345977783203,231.23046875,85.83654022216797,170.68359375,87.04808044433594,200.95703125,78.56730651855469,226.38671875,104.00961303710938,111.34765625,107.64422607421875,110.13671875,96.74038696289062,112.55859375,-1.0,-1.0
-1.0,-1.0,96.52884674072266,129.51171875,107.43269348144531,129.51171875,119.54808044433594,151.30859375,115.91345977783203,139.19921875,85.625,128.30078125,-1.0,-1.0,-1.0,-1.0,102.58653259277344,171.89453125,101.375,203.37890625,98.95191955566406,231.23046875,85.625,169.47265625,86.83654022216797,199.74609375,77.14423370361328,227.59765625,-1.0,-1.0,-1.0,-1.0,105.00961303710938,113.76953125,92.89422607421875,112.55859375
-1.0,-1.0,96.82353210449219,130.72265625,106.54902648925781,130.72265625,113.8431396484375,154.94140625,-1.0,-1.0,87.09803771972656,129.51171875,-1.0,-1.0,-1.0,-1.0,102.90196228027344,173.10546875,101.686279296875,203.37890625,98.03921508789062,230.01953125,87.09803771972656,171.89453125,89.52941131591797,199.74609375,84.66667175292969,225.17578125,-1.0,-1.0,-1.0,-1.0,106.54902648925781,114.98046875,93.17646789550781,113.76953125
-1.0,-1.0,98.31730651855469,129.51171875,110.43269348144531,129.51171875,122.54808044433594,152.51953125,-1.0,-1.0,87.41345977783203,129.51171875,-1.0,-1.0,-1.0,-1.0,104.375,173.10546875,103.16345977783203,203.37890625,98.31730651855469,230.01953125,88.625,171.89453125,92.25961303710938,200.95703125,91.04808044433594,228.80859375,-1.0,-1.0,-1.0,-1.0,109.22115325927734,114.98046875,94.68269348144531,114.98046875
-1.0,-1.0,100.80000305175781,129.0859375,111.60000610351562,129.0859375,123.60000610351562,153.1484375,120.0,172.3984375,88.80000305175781,127.8828125,-1.0,-1.0,-1.0,-1.0,105.60000610351562,172.3984375,103.19999694824219,203.6796875,98.4000015258789,230.1484375,90.0,171.1953125,94.80000305175781,201.2734375,94.80000305175781,227.7421875,-1.0,-1.0,-1.0,-1.0,110.4000015258789,113.4453125,96.0,112.2421875
-1.0,-1.0,101.10679626464844,129.0859375,111.9417495727539,129.0859375,117.96116638183594,154.3515625,120.36893463134766,171.1953125,90.27184295654297,129.0859375,-1.0,-1.0,-1.0,-1.0,105.92233276367188,171.1953125,104.71844482421875,203.6796875,101.10679626464844,230.1484375,90.27184295654297,171.1953125,96.291259765625,202.4765625,97.49514770507812,228.9453125,-1.0,-1.0,-1.0,-1.0,111.9417495727539,114.6484375,97.49514770507812,114.6484375
-1.0,-1.0,102.60000610351562,130.06640625,113.4000015258789,128.87109375,118.19999694824219,155.16796875,-1.0,-1.0,93.0,128.87109375,-1.0,-1.0,-1.0,-1.0,106.19999694824219,171.90234375,105.0,202.98046875,100.19999694824219,230.47265625,93.0,171.90234375,99.0,201.78515625,99.0,226.88671875,-1.0,-1.0,-1.0,-1.0,113.4000015258789,114.52734375,99.0,114.52734375
-1.0,-1.0,103.78846740722656,131.26171875,115.71154022216797,130.06640625,127.63461303710938,151.58203125,-1.0,-1.0,94.25,130.06640625,-1.0,-1.0,-1.0,-1.0,107.36538696289062,173.09765625,104.98077392578125,202.98046875,100.21154022216797,230.47265625,94.25,171.90234375,100.21154022216797,202.98046875,106.17308044433594,226.88671875,-1.0,-1.0,-1.0,-1.0,114.51922607421875,115.72265625,100.21154022216797,114.52734375
-1.0,-1.0,103.59615325927734,134.40625,111.94230651855469,135.59375,120.28846740722656,156.96875,-1.0,-1.0,95.25,133.21875,-1.0,-1.0,-1.0,-1.0,108.36538696289062,174.78125,107.17308044433594,203.28125,102.40384674072266,229.40625,95.25,174.78125,101.21154022216797,203.28125,103.59615325927734,229.40625,-1.0,-1.0,-1.0,-1.0,-1.0,-1.0,100.01923370361328,114.21875
-1.0,-1.0,107.98077392578125,132.03125,118.71154022216797,132.03125,121.09615325927734,155.78125,-1.0,-1.0,96.05769348144531,132.03125,93.67308044433594,155.78125,-1.0,-1.0,109.17308044433594,175.96875,109.17308044433594,203.28125,104.40384674072266,229.40625,97.25,175.96875,103.21154022216797,204.46875,103.21154022216797,228.21875,-1.0,-1.0,-1.0,-1.0,117.51922607421875,116.59375,102.01923370361328,115.40625
-1.0,-1.0,108.98077392578125,132.03125,119.71154022216797,132.03125,123.28846740722656,155.78125,-1.0,-1.0,97.05769348144531,132.03125,92.28845977783203,156.96875,-1.0,-1.0,110.17308044433594,175.96875,108.98077392578125,204.46875,113.75,228.21875,99.44230651855469,175.96875,104.21154022216797,205.65625,100.63461303710938,229.40625,-1.0,-1.0,-1.0,-1.0,117.32691955566406,117.78125,103.01923370361328,116.59375
-1.0,-1.0,107.40384674072266,133.21875,118.13461303710938,133.21875,124.09615325927734,158.15625,131.25,159.34375,97.86538696289062,133.21875,93.09615325927734,156.96875,-1.0,-1.0,112.17308044433594,175.96875,109.78846740722656,204.46875,114.55769348144531,229.40625,100.25,173.59375,106.21154022216797,204.46875,100.25,229.40625,-1.0,-1.0,-1.0,-1.0,116.94230651855469,118.96875,102.63461303710938,115.40625
-1.0,-1.0,109.88571166992188,132.98046875,120.5142822265625,132.98046875,134.6857147216797,155.39453125,-1.0,-1.0,99.25714111328125,134.16015625,93.35237884521484,156.57421875,-1.0,-1.0,111.06666564941406,175.44921875,109.88571166992188,204.94140625,114.60952758789062,228.53515625,101.61904907226562,173.08984375,107.52381134033203,204.94140625,100.43809509277344,228.53515625,-1.0,-1.0,-1.0,-1.0,116.971435546875,117.64453125,103.98095703125,115.28515625
108.24528503417969,113.8203125,111.75471496582031,132.5703125,101.2264175415039,133.7421875,96.54717254638672,154.8359375,-1.0,-1.0,122.28302001953125,132.5703125,135.15093994140625,156.0078125,128.132080078125,143.1171875,107.07546997070312,175.9296875,110.58490753173828,205.2265625,114.09434509277344,229.8359375,117.60377502441406,175.9296875,109.41510009765625,206.3984375,103.5660400390625,228.6640625,107.07546997070312,111.4765625,114.09434509277344,110.3046875,108.24528503417969,116.1640625,118.77359008789062,117.3359375
107.9056625366211,112.6484375,112.58490753173828,133.7421875,100.88679504394531,133.7421875,99.71697998046875,156.0078125,-1.0,-1.0,123.11320495605469,132.5703125,134.8113250732422,154.8359375,128.96226501464844,141.9453125,111.41510009765625,175.9296875,112.58490753173828,206.3984375,112.58490753173828,229.8359375,117.26415252685547,175.9296875,110.24528503417969,206.3984375,105.5660400390625,227.4921875,106.73584747314453,111.4765625,111.41510009765625,110.3046875,105.5660400390625,113.8203125,118.4339599609375,114.9921875
106.5660400390625,111.4765625,113.58490753173828,132.5703125,124.11320495605469,132.5703125,133.47169494628906,153.6640625,-1.0,-1.0,101.88679504394531,132.5703125,99.54717254638672,153.6640625,-1.0,-1.0,118.26415252685547,175.9296875,117.09434509277344,207.5703125,112.41510009765625,228.6640625,105.39622497558594,174.7578125,110.07546997070312,206.3984375,108.9056625366211,225.1484375,-1.0,-1.0,110.07546997070312,110.3046875,120.60377502441406,117.3359375,108.9056625366211,116.1640625
108.04808044433594,111.4765625,115.08653259277344,132.5703125,125.64422607421875,133.7421875,127.99038696289062,154.8359375,-1.0,-1.0,103.35576629638672,133.7421875,101.00961303710938,154.8359375,-1.0,-1.0,119.77883911132812,174.7578125,115.08653259277344,211.0859375,-1.0,-1.0,105.70191955566406,174.7578125,115.08653259277344,211.0859375,118.60576629638672,226.3203125,108.04808044433594,110.3046875,111.56730651855469,110.3046875,120.95191955566406,118.5078125,116.25961303710938,114.9921875
-1.0,-1.0,115.41510009765625,132.5703125,125.94339752197266,132.5703125,138.8113250732422,154.8359375,-1.0,-1.0,103.71697998046875,132.5703125,101.37735748291016,153.6640625,-1.0,-1.0,120.09434509277344,174.7578125,123.60377502441406,204.0546875,117.75471496582031,227.4921875,106.05660247802734,173.5859375,110.73584747314453,204.0546875,111.9056625366211,227.4921875,-1.0,-1.0,-1.0,-1.0,122.4339599609375,118.5078125,109.5660400390625,117.3359375
-1.0,-1.0,116.04762268066406,132.17578125,126.5047607421875,132.17578125,139.2857208251953,153.12890625,-1.0,-1.0,105.5904769897461,132.17578125,102.10476684570312,154.29296875,-1.0,-1.0,119.53333282470703,174.08203125,126.5047607421875,199.69140625,120.69523620605469,222.97265625,106.75238037109375,172.91796875,110.23809814453125,200.85546875,110.23809814453125,221.80859375,-1.0,-1.0,-1.0,-1.0,123.01905059814453,118.20703125,110.23809814453125,118.20703125
-1.0,-1.0,116.7735824584961,131.953125,127.132080078125,131.953125,139.79244995117188,153.921875,-1.0,-1.0,105.26415252685547,133.109375,102.96226501464844,155.078125,-1.0,-1.0,120.22640991210938,174.734375,130.58489990234375,199.015625,120.22640991210938,223.296875,107.5660400390625,172.421875,112.16981506347656,200.171875,111.01886749267578,222.140625,-1.0,-1.0,-1.0,-1.0,124.83018493652344,118.078125,111.01886749267578,116.921875
-1.0,-1.0,117.62264251708984,131.953125,127.98113250732422,130.796875,139.49057006835938,151.609375,145.2452850341797,157.390625,106.11320495605469,133.109375,103.81132507324219,156.234375,-1.0,-1.0,121.07546997070312,173.578125,132.58489990234375,197.859375,121.07546997070312,223.296875,108.41509246826172,172.421875,113.01886749267578,200.171875,113.01886749267578,223.296875,-1.0,-1.0,-1.0,-1.0,125.67924499511719,119.234375,113.01886749267578,118.078125
-1.0,-1.0,117.47169494628906,133.109375,128.98114013671875,131.953125,139.33963012695312,151.609375,147.39622497558594,157.390625,107.11320495605469,133.109375,105.96226501464844,156.234375,-1.0,-1.0,122.07546997070312,173.578125,133.58489990234375,197.859375,124.37735748291016,226.765625,109.41509246826172,172.421875,114.01886749267578,200.171875,115.16981506347656,226.765625,-1.0,-1.0,-1.0,-1.0,125.52830505371094,119.234375,114.01886749267578,118.078125
-1.0,-1.0,120.11538696289062,132.73046875,130.5,132.73046875,142.0384521484375,153.40234375,-1.0,-1.0,108.57691955566406,133.87890625,106.26923370361328,157.99609375,-1.0,-1.0,123.57691955566406,174.07421875,133.96153259277344,198.19140625,128.1923065185547,226.90234375,110.88461303710938,172.92578125,113.19230651855469,201.63671875,114.34615325927734,228.05078125,-1.0,-1.0,-1.0,-1.0,129.34616088867188,118.94921875,115.5,117.80078125
-1.0,-1.0,121.62264251708984,133.87890625,131.98114013671875,133.87890625,144.64151000976562,153.40234375,-1.0,-1.0,110.11320495605469,133.87890625,107.81132507324219,155.69921875,-1.0,-1.0,125.07546997070312,174.07421875,135.4339599609375,198.19140625,129.6792449951172,226.90234375,111.26415252685547,172.92578125,113.5660400390625,201.63671875,114.71697998046875,229.19921875,-1.0,-1.0,-1.0,-1.0,129.6792449951172,118.94921875,115.867919921875,117.80078125
-1.0,-1.0,122.62264251708984,133.87890625,132.98114013671875,133.87890625,145.64151000976562,155.69921875,-1.0,-1.0,111.11320495605469,133.87890625,108.81132507324219,155.69921875,-1.0,-1.0,126.07546997070312,174.07421875,135.28302001953125,198.19140625,135.28302001953125,226.90234375,112.26415252685547,172.92578125,114.5660400390625,201.63671875,114.5660400390625,229.19921875,-1.0,-1.0,-1.0,-1.0,131.83018493652344,120.09765625,118.01886749267578,117.80078125
-1.0,-1.0,123.28571319580078,133.6484375,133.57142639160156,133.6484375,145.0,154.1796875,149.57142639160156,156.4609375,113.0,133.6484375,109.57142639160156,155.3203125,-1.0,-1.0,126.71428680419922,173.5703125,137.0,202.0859375,138.14285278320312,228.3203125,113.0,172.4296875,115.28571319580078,200.9453125,115.28571319580078,229.4609375,-1.0,-1.0,-1.0,-1.0,132.42857360839844,119.9609375,119.85714721679688,118.8203125
-1.0,-1.0,124.79438781738281,133.6484375,135.0560760498047,134.7890625,146.45794677734375,155.3203125,-1.0,-1.0,114.53271484375,134.7890625,111.11215209960938,154.1796875,-1.0,-1.0,129.35513305664062,174.7109375,138.4766387939453,202.0859375,140.7570037841797,227.1796875,114.53271484375,173.5703125,115.67289733886719,202.0859375,115.67289733886719,229.4609375,-1.0,-1.0,-1.0,-1.0,135.0560760498047,119.9609375,121.37383270263672,118.8203125
-1.0,-1.0,126.03773498535156,134.41796875,137.35848999023438,134.41796875,149.81130981445312,154.80859375,152.07546997070312,157.07421875,115.84906005859375,134.41796875,111.32075500488281,154.80859375,-1.0,-1.0,130.5660400390625,175.19921875,139.6226348876953,202.38671875,141.8867950439453,227.30859375,114.71697998046875,174.06640625,114.71697998046875,204.65234375,114.71697998046875,229.57421875,-1.0,-1.0,-1.0,-1.0,136.22640991210938,120.82421875,122.64151000976562,119.69140625
-1.0,-1.0,127.03773498535156,134.41796875,138.35848999023438,135.55078125,149.6792449951172,155.94140625,156.47169494628906,158.20703125,116.84906005859375,134.41796875,112.32075500488281,153.67578125,-1.0,-1.0,132.6981201171875,175.19921875,139.49057006835938,203.51953125,142.8867950439453,229.57421875,116.84906005859375,174.06640625,116.84906005859375,203.51953125,115.71697998046875,230.70703125,-1.0,-1.0,-1.0,-1.0,137.22640991210938,121.95703125,123.64151000976562,121.95703125
-1.0,-1.0,129.03773498535156,134.41796875,139.22640991210938,135.55078125,150.5471649169922,155.94140625,156.20755004882812,159.33984375,118.84906005859375,135.55078125,113.18867492675781,154.80859375,-1.0,-1.0,134.6981201171875,175.19921875,141.49057006835938,203.51953125,143.7547149658203,228.44140625,117.71697998046875,174.06640625,117.71697998046875,203.51953125,116.58490753173828,229.57421875,-1.0,-1.0,-1.0,-1.0,139.22640991210938,121.95703125,125.64151000976562,121.95703125
-1.0,-1.0,131.16981506347656,135.55078125,141.35848999023438,136.68359375,152.6792449951172,157.07421875,158.33963012695312,159.33984375,120.98113250732422,135.55078125,-1.0,-1.0,-1.0,-1.0,135.6981201171875,175.19921875,142.49057006835938,203.51953125,143.6226348876953,229.57421875,119.84906005859375,174.06640625,118.71697998046875,203.51953125,117.58490753173828,230.70703125,-1.0,-1.0,-1.0,-1.0,140.22640991210938,123.08984375,127.7735824584961,121.95703125
-1.0,-1.0,132.971435546875,135.3125,143.08572387695312,136.4375,150.952392578125,157.8125,-1.0,-1.0,121.73333740234375,135.3125,116.11428833007812,157.8125,-1.0,-1.0,137.4666748046875,175.8125,143.08572387695312,202.8125,143.08572387695312,228.6875,121.73333740234375,174.6875,120.60952758789062,201.6875,116.11428833007812,227.5625,-1.0,-1.0,-1.0,-1.0,141.9619140625,121.8125,128.4761962890625,120.6875
-1.0,-1.0,134.4766387939453,136.07421875,144.57009887695312,136.07421875,152.42056274414062,160.65234375,-1.0,-1.0,123.26168060302734,134.95703125,116.53271484375,158.41796875,-1.0,-1.0,140.0841064453125,176.29296875,144.57009887695312,204.22265625,144.57009887695312,228.80078125,123.26168060302734,175.17578125,121.01869201660156,200.87109375,116.53271484375,227.68359375,-1.0,-1.0,-1.0,-1.0,143.4486083984375,122.66796875,129.99066162109375,120.43359375
-1.0,-1.0,135.71697998046875,134.95703125,145.73585510253906,136.07421875,157.98114013671875,159.53515625,151.3018798828125,143.89453125,125.69811248779297,133.83984375,121.24528503417969,158.41796875,-1.0,-1.0,142.39622497558594,175.17578125,144.62265014648438,203.10546875,144.62265014648438,227.68359375,125.69811248779297,174.05859375,123.47169494628906,199.75390625,117.9056625366211,224.33203125,-1.0,-1.0,-1.0,-1.0,144.62265014648438,122.66796875,131.26416015625,119.31640625
-1.0,-1.0,136.71697998046875,134.95703125,147.84906005859375,136.07421875,158.98114013671875,157.30078125,162.3207550048828,160.65234375,126.69811248779297,134.95703125,123.35848999023438,157.30078125,-1.0,-1.0,143.39622497558594,175.17578125,146.73585510253906,201.98828125,145.62265014648438,228.80078125,126.69811248779297,172.94140625,124.47169494628906,200.87109375,118.9056625366211,224.33203125,-1.0,-1.0,-1.0,-1.0,145.62265014648438,122.66796875,132.26416015625,120.43359375
-1.0,-1.0,138.4766387939453,134.95703125,148.57009887695312,134.95703125,160.9065399169922,159.53515625,-1.0,-1.0,127.26168060302734,134.95703125,-1.0,-1.0,-1.0,-1.0,145.2056121826172,175.17578125,146.3271026611328,203.10546875,146.3271026611328,228.80078125,128.3831787109375,174.05859375,126.14019012451172,201.98828125,120.53271484375,223.21484375,-1.0,-1.0,-1.0,-1.0,147.4486083984375,121.55078125,133.99066162109375,121.55078125
-1.0,-1.0,139.71697998046875,134.95703125,149.73585510253906,134.95703125,161.98114013671875,158.41796875,159.7547149658203,175.17578125,128.58489990234375,134.95703125,125.24528503417969,159.53515625,-1.0,-1.0,146.39622497558594,175.17578125,146.39622497558594,203.10546875,145.28302001953125,228.80078125,130.8113250732422,174.05859375,128.58489990234375,201.98828125,120.79244995117188,222.09765625,-1.0,-1.0,-1.0,-1.0,148.62265014648438,122.66796875,135.26416015625,122.66796875
-1.0,-1.0,140.42202758789062,135.49609375,151.4311981201172,135.49609375,163.54129028320312,157.52734375,161.33944702148438,175.15234375,129.412841796875,135.49609375,126.11009216308594,157.52734375,-1.0,-1.0,148.12844848632812,175.15234375,147.02752685546875,202.69140625,145.92660522460938,228.02734375,131.61468505859375,174.05078125,130.51376342773438,201.58984375,123.90825653076172,222.51953125,-1.0,-1.0,-1.0,-1.0,149.22935485839844,122.27734375,137.1192626953125,122.27734375
-1.0,-1.0,142.01869201660156,136.59765625,153.04672241210938,135.49609375,166.28036499023438,158.62890625,168.48597717285156,167.44140625,130.99066162109375,136.59765625,125.47663879394531,159.73046875,-1.0,-1.0,148.63551330566406,175.15234375,148.63551330566406,202.69140625,145.3271026611328,229.12890625,133.19625854492188,175.15234375,132.0934600830078,202.69140625,127.68224334716797,221.41796875,-1.0,-1.0,-1.0,-1.0,149.73831176757812,123.37890625,137.60748291015625,123.37890625
-1.0,-1.0,143.01869201660156,136.59765625,154.04672241210938,135.49609375,167.28036499023438,158.62890625,161.766357421875,172.94921875,131.99066162109375,136.59765625,126.47663879394531,157.52734375,-1.0,-1.0,149.63551330566406,175.15234375,148.53271484375,203.79296875,145.22430419921875,229.12890625,134.19625854492188,175.15234375,134.19625854492188,202.69140625,128.68223571777344,224.72265625,-1.0,-1.0,-1.0,-1.0,151.84112548828125,123.37890625,139.7102813720703,123.37890625
-1.0,-1.0,144.61904907226562,135.49609375,154.56190490722656,135.49609375,167.8190460205078,157.52734375,162.2952423095703,174.05078125,134.6761932373047,134.39453125,126.94285583496094,155.32421875,-1.0,-1.0,150.14285278320312,175.15234375,150.14285278320312,203.79296875,145.72381591796875,228.02734375,134.6761932373047,174.05078125,135.78094482421875,201.58984375,132.4666748046875,225.82421875,-1.0,-1.0,-1.0,-1.0,153.4571533203125,123.37890625,140.1999969482422,124.48046875
-1.0,-1.0,145.95370483398438,135.171875,156.879638671875,135.171875,168.8981475830078,157.046875,163.4351806640625,172.359375,135.02777099609375,135.171875,124.10185241699219,150.484375,-1.0,-1.0,151.4166717529297,176.734375,150.32406616210938,205.171875,147.04629516601562,227.046875,135.02777099609375,175.640625,139.3981475830078,202.984375,139.3981475830078,227.046875,-1.0,-1.0,-1.0,-1.0,154.69444274902344,123.140625,140.49073791503906,123.140625
-1.0,-1.0,147.5471649169922,135.171875,158.49057006835938,135.171875,170.52830505371094,157.046875,163.96226501464844,173.453125,135.50942993164062,135.171875,124.5660400390625,149.390625,-1.0,-1.0,151.92453002929688,175.640625,151.92453002929688,204.078125,147.5471649169922,227.046875,136.60377502441406,174.546875,139.8867950439453,201.890625,140.98114013671875,225.953125,-1.0,-1.0,-1.0,-1.0,154.1132049560547,120.953125,140.98114013671875,119.859375
-1.0,-1.0,148.5471649169922,136.265625,159.49057006835938,135.171875,170.4339599609375,158.140625,-1.0,-1.0,137.60377502441406,136.265625,128.84906005859375,154.859375,-1.0,-1.0,151.83018493652344,174.546875,150.73585510253906,202.984375,146.35848999023438,227.046875,137.60377502441406,173.453125,140.8867950439453,201.890625,140.8867950439453,224.859375,-1.0,-1.0,-1.0,-1.0,156.20755004882812,122.046875,144.16981506347656,120.953125
-1.0,-1.0,149.5471649169922,136.265625,160.49057006835938,136.265625,170.33963012695312,159.234375,163.77359008789062,167.984375,138.60377502441406,136.265625,133.132080078125,159.234375,133.132080078125,171.265625,152.83018493652344,175.640625,150.64151000976562,202.984375,147.35848999023438,225.953125,137.50942993164062,173.453125,142.98114013671875,201.890625,142.98114013671875,223.765625,-1.0,-1.0,-1.0,-1.0,157.20755004882812,122.046875,145.16981506347656,120.953125
-1.0,-1.0,150.64151000976562,136.265625,161.58489990234375,136.265625,172.52830505371094,158.140625,-1.0,-1.0,139.6981201171875,136.265625,133.132080078125,159.234375,134.22640991210938,172.359375,152.83018493652344,175.640625,151.73585510253906,202.984375,147.35848999023438,227.046875,138.60377502441406,173.453125,144.07546997070312,201.890625,147.35848999023438,221.578125,-1.0,-1.0,-1.0,-1.0,158.3018798828125,122.046875,147.35848999023438,120.953125
-1.0,-1.0,150.81307983398438,137.03515625,161.65420532226562,137.03515625,172.49533081054688,158.75390625,165.99066162109375,176.12890625,139.97195434570312,137.03515625,134.55140686035156,159.83984375,-1.0,-1.0,154.0654296875,176.12890625,151.89720153808594,204.36328125,147.5607452392578,228.25390625,139.97195434570312,175.04296875,145.39251708984375,204.36328125,150.81307983398438,224.99609375,-1.0,-1.0,-1.0,-1.0,158.40187072753906,121.83203125,145.39251708984375,121.83203125
148.05714416503906,117.48828125,151.3142852783203,137.03515625,162.1714324951172,137.03515625,169.77142333984375,158.75390625,-1.0,-1.0,140.45713806152344,137.03515625,133.94285583496094,159.83984375,-1.0,-1.0,153.4857177734375,176.12890625,152.39999389648438,204.36328125,148.05714416503906,228.25390625,140.45713806152344,175.04296875,145.88571166992188,203.27734375,149.14285278320312,226.08203125,148.05714416503906,116.40234375,152.39999389648438,116.40234375,157.82858276367188,124.00390625,156.74285888671875,119.66015625
-1.0,-1.0,152.3142852783203,138.12109375,164.25714111328125,138.12109375,172.94285583496094,159.83984375,167.5142822265625,170.69921875,141.45713806152344,138.12109375,136.028564453125,159.83984375,-1.0,-1.0,155.57142639160156,176.12890625,153.39999389648438,203.27734375,150.14285278320312,227.16796875,142.54286193847656,175.04296875,146.88571166992188,202.19140625,147.971435546875,224.99609375,-1.0,-1.0,-1.0,-1.0,159.91429138183594,124.00390625,147.971435546875,122.91796875
-1.0,-1.0,153.89720153808594,139.20703125,164.73831176757812,139.20703125,174.49533081054688,159.83984375,167.99066162109375,168.52734375,141.97195434570312,139.20703125,137.63551330566406,157.66796875,-1.0,-1.0,156.0654296875,176.12890625,153.89720153808594,204.36328125,149.5607452392578,228.25390625,143.0560760498047,173.95703125,147.39251708984375,203.27734375,150.64486694335938,224.99609375,-1.0,-1.0,-1.0,-1.0,159.3177490234375,125.08984375,147.39251708984375,125.08984375
-1.0,-1.0,153.03773498535156,138.8828125,164.867919921875,138.8828125,174.5471649169922,160.4453125,-1.0,-1.0,142.28302001953125,138.8828125,137.9811248779297,159.3671875,-1.0,-1.0,156.26414489746094,176.6171875,154.1132049560547,204.6484375,149.8113250732422,227.2890625,144.4339599609375,175.5390625,148.73583984375,203.5703125,153.03773498535156,225.1328125,-1.0,-1.0,-1.0,-1.0,160.5660400390625,123.7890625,147.66036987304688,123.7890625
-1.0,-1.0,154.299072265625,139.71484375,164.95327758789062,139.71484375,174.54205322265625,160.05078125,169.21495056152344,165.40234375,142.57943725585938,139.71484375,138.3177490234375,158.98046875,-1.0,-1.0,157.49533081054688,177.17578125,154.299072265625,202.86328125,151.10279846191406,227.48046875,144.7102813720703,175.03515625,148.97195434570312,201.79296875,148.97195434570312,224.26953125,-1.0,-1.0,-1.0,-1.0,160.69158935546875,125.80078125,148.97195434570312,125.80078125
-1.0,-1.0,155.36448669433594,139.71484375,166.01869201660156,138.64453125,175.60748291015625,160.05078125,170.28036499023438,176.10546875,142.57943725585938,139.71484375,138.3177490234375,160.05078125,-1.0,-1.0,158.5607452392578,177.17578125,156.42990112304688,202.86328125,150.03738403320312,226.41015625,146.84112548828125,176.10546875,148.97195434570312,201.79296875,152.16822814941406,224.26953125,-1.0,-1.0,-1.0,-1.0,160.69158935546875,125.80078125,148.97195434570312,125.80078125
-1.0,-1.0,155.299072265625,139.71484375,165.95327758789062,138.64453125,175.54205322265625,158.98046875,177.6728973388672,166.47265625,143.57943725585938,139.71484375,139.3177490234375,160.05078125,140.3831787109375,166.47265625,159.5607452392578,177.17578125,157.42990112304688,202.86328125,151.03738403320312,226.41015625,147.84112548828125,176.10546875,148.9065399169922,201.79296875,152.10279846191406,223.19921875,-1.0,-1.0,-1.0,-1.0,161.69158935546875,124.73046875,148.9065399169922,125.80078125
-1.0,-1.0,156.299072265625,138.64453125,166.95327758789062,138.64453125,176.54205322265625,160.05078125,172.28036499023438,176.10546875,144.57943725585938,139.71484375,140.3177490234375,158.98046875,142.44859313964844,166.47265625,160.5607452392578,177.17578125,158.42990112304688,202.86328125,154.16822814941406,224.26953125,146.7102813720703,176.10546875,149.9065399169922,202.86328125,152.03738403320312,222.12890625,-1.0,-1.0,-1.0,-1.0,162.69158935546875,124.73046875,149.9065399169922,125.80078125
-1.0,-1.0,156.8000030517578,138.34375,168.53334045410156,138.34375,177.06666564941406,159.59375,171.73333740234375,168.09375,145.06666564941406,138.34375,140.8000030517578,158.53125,-1.0,-1.0,162.13333129882812,177.65625,161.06666564941406,203.15625,156.8000030517578,224.40625,148.26666259765625,176.59375,150.39999389648438,203.15625,151.4666748046875,223.34375,-1.0,-1.0,-1.0,-1.0,163.1999969482422,124.53125,150.39999389648438,124.53125
-1.0,-1.0,156.233642578125,138.34375,167.95327758789062,138.34375,177.54205322265625,159.59375,178.60748291015625,169.15625,145.57943725585938,138.34375,140.25233459472656,158.53125,141.3177490234375,167.03125,162.62615966796875,177.65625,163.69158935546875,203.15625,158.36448669433594,223.34375,148.77569580078125,176.59375,150.9065399169922,203.15625,149.84112548828125,222.28125,-1.0,-1.0,-1.0,-1.0,163.69158935546875,125.59375,150.9065399169922,124.53125
-1.0,-1.0,156.73333740234375,138.34375,168.4666748046875,138.34375,178.06666564941406,159.59375,172.73333740234375,167.03125,146.06666564941406,138.34375,141.8000030517578,159.59375,142.86666870117188,168.09375,163.13333129882812,176.59375,164.1999969482422,203.15625,159.93333435058594,223.34375,148.1999969482422,175.53125,151.39999389648438,203.15625,150.3333282470703,225.46875,-1.0,-1.0,-1.0,-1.0,164.1999969482422,125.59375,151.39999389648438,124.53125
-1.0,-1.0,157.73333740234375,138.34375,168.39999389648438,138.34375,178.0,159.59375,174.8000030517578,169.15625,147.06666564941406,138.34375,142.8000030517578,159.59375,143.86666870117188,167.03125,164.13333129882812,176.59375,166.26666259765625,202.09375,160.93333435058594,222.28125,149.1999969482422,175.53125,151.3333282470703,202.09375,150.26666259765625,224.40625,-1.0,-1.0,-1.0,-1.0,165.1999969482422,125.59375,152.39999389648438,125.59375
-1.0,-1.0,157.97116088867188,139.11328125,169.60577392578125,138.05859375,178.0673065185547,160.20703125,173.83653259277344,168.64453125,146.33653259277344,138.05859375,142.10577392578125,161.26171875,143.16346740722656,167.58984375,164.3173065185547,177.08203125,167.49038696289062,201.33984375,163.25961303710938,223.48828125,148.45191955566406,176.02734375,152.6826934814453,203.44921875,154.79808044433594,224.54296875,-1.0,-1.0,-1.0,-1.0,165.375,125.40234375,152.6826934814453,125.40234375
-1.0,-1.0,158.47169494628906,139.11328125,170.09434509277344,139.11328125,179.60377502441406,159.15234375,180.66036987304688,167.58984375,146.84906005859375,139.11328125,142.6226348876953,160.20703125,144.73585510253906,167.58984375,164.8113250732422,177.08203125,169.03773498535156,201.33984375,163.7547149658203,225.59765625,148.96226501464844,176.02734375,153.1886749267578,202.39453125,156.35848999023438,225.59765625,-1.0,-1.0,-1.0,-1.0,165.867919921875,125.40234375,154.2452850341797,125.40234375
-1.0,-1.0,159.47169494628906,139.11328125,170.03773498535156,139.11328125,179.5471649169922,160.20703125,177.4339599609375,168.64453125,147.84906005859375,139.11328125,144.6792449951172,160.20703125,145.73585510253906,167.58984375,165.8113250732422,176.02734375,168.98114013671875,201.33984375,164.7547149658203,225.59765625,149.96226501464844,174.97265625,153.132080078125,202.39453125,155.2452850341797,227.70703125,-1.0,-1.0,-1.0,-1.0,166.867919921875,125.40234375,155.2452850341797,125.40234375
-1.0,-1.0,159.97116088867188,139.11328125,170.54808044433594,139.11328125,180.0673065185547,159.15234375,182.1826934814453,166.53515625,148.33653259277344,139.11328125,144.10577392578125,161.26171875,-1.0,-1.0,166.3173065185547,176.02734375,170.54808044433594,199.23046875,168.4326934814453,225.59765625,150.45191955566406,174.97265625,153.625,202.39453125,156.79808044433594,226.65234375,-1.0,-1.0,-1.0,-1.0,167.375,126.45703125,154.6826934814453,126.45703125
-1.0,-1.0,160.1904754638672,139.9296875,171.71429443359375,139.9296875,181.14285278320312,158.7734375,184.2857208251953,165.0546875,149.71429443359375,139.9296875,146.57142639160156,160.8671875,-1.0,-1.0,167.5238037109375,176.5703125,170.6666717529297,200.6484375,171.71429443359375,223.6796875,150.76190185546875,175.5234375,153.90475463867188,201.6953125,154.95237731933594,226.8203125,-1.0,-1.0,-1.0,-1.0,168.57142639160156,127.3671875,156.0,126.3203125
-1.0,-1.0,160.9811248779297,139.65234375,172.39622497558594,139.65234375,179.66036987304688,160.43359375,184.84906005859375,165.62890625,150.60377502441406,139.65234375,146.4528350830078,160.43359375,-1.0,-1.0,167.20755004882812,177.05859375,171.35848999023438,200.95703125,173.4339599609375,222.77734375,151.64151000976562,176.01953125,153.71697998046875,203.03515625,154.7547149658203,226.93359375,-1.0,-1.0,-1.0,-1.0,169.28302001953125,126.14453125,157.867919921875,125.10546875
-1.0,-1.0,160.94338989257812,140.69140625,172.35848999023438,140.69140625,181.6981201171875,160.43359375,185.84906005859375,166.66796875,150.5660400390625,140.69140625,146.41510009765625,161.47265625,-1.0,-1.0,168.20755004882812,177.05859375,171.3207550048828,203.03515625,172.35848999023438,225.89453125,152.64151000976562,176.01953125,153.6792449951172,203.03515625,155.7547149658203,226.93359375,-1.0,-1.0,-1.0,-1.0,169.2452850341797,127.18359375,157.83018493652344,127.18359375
-1.0,-1.0,161.94338989257812,140.69140625,173.35848999023438,140.69140625,182.6981201171875,161.47265625,185.81130981445312,167.70703125,151.5660400390625,140.69140625,147.41510009765625,161.47265625,-1.0,-1.0,169.20755004882812,177.05859375,171.28302001953125,203.03515625,171.28302001953125,225.89453125,153.64151000976562,177.05859375,154.6792449951172,204.07421875,155.71697998046875,226.93359375,-1.0,-1.0,-1.0,-1.0,170.2452850341797,128.22265625,158.83018493652344,127.18359375
-1.0,-1.0,163.48077392578125,141.73046875,173.86538696289062,141.73046875,182.17308044433594,162.51171875,183.2115478515625,169.78515625,153.09616088867188,141.73046875,149.98077392578125,161.47265625,-1.0,-1.0,169.7115478515625,178.09765625,171.78846740722656,203.03515625,171.78846740722656,224.85546875,155.17308044433594,177.05859375,155.17308044433594,203.03515625,156.21153259277344,226.93359375,-1.0,-1.0,-1.0,-1.0,170.75,128.22265625,159.32691955566406,128.22265625
-1.0,-1.0,164.2429962158203,142.484375,174.5233612060547,141.453125,181.71963500976562,163.109375,179.66355895996094,174.453125,153.96261596679688,141.453125,149.8504638671875,161.046875,-1.0,-1.0,170.41122436523438,177.546875,172.46728515625,202.296875,171.4392547607422,224.984375,154.99066162109375,176.515625,154.99066162109375,203.328125,154.99066162109375,227.046875,-1.0,-1.0,-1.0,-1.0,172.46728515625,129.078125,160.13084411621094,129.078125
-1.0,-1.0,165.77142333984375,142.484375,176.05714416503906,142.484375,185.3142852783203,162.078125,180.1714324951172,174.453125,155.4857177734375,142.484375,152.39999389648438,162.078125,-1.0,-1.0,170.91429138183594,177.546875,172.971435546875,202.296875,171.94285583496094,226.015625,156.5142822265625,176.515625,155.4857177734375,203.328125,155.4857177734375,227.046875,-1.0,-1.0,-1.0,-1.0,172.971435546875,129.078125,161.6571502685547,129.078125
-1.0,-1.0,164.71429443359375,142.484375,176.028564453125,142.484375,184.25714111328125,163.109375,180.14285278320312,175.484375,154.42857360839844,142.484375,151.34286499023438,162.078125,-1.0,-1.0,170.88571166992188,177.546875,171.91429138183594,202.296875,170.88571166992188,226.015625,156.4857177734375,176.515625,156.4857177734375,203.328125,155.45713806152344,226.015625,-1.0,-1.0,-1.0,-1.0,173.971435546875,129.078125,161.62857055664062,129.078125
-1.0,-1.0,165.71429443359375,142.484375,177.028564453125,142.484375,186.2857208251953,163.109375,181.14285278320312,174.453125,155.42857360839844,142.484375,152.34286499023438,162.078125,-1.0,-1.0,172.91429138183594,177.546875,172.91429138183594,202.296875,172.91429138183594,224.984375,157.4857177734375,176.515625,157.4857177734375,202.296875,155.42857360839844,223.953125,-1.0,-1.0,-1.0,-1.0,173.94285583496094,129.078125,162.62857055664062,129.078125
-1.0,-1.0,166.74285888671875,142.484375,177.028564453125,142.484375,185.25714111328125,163.109375,182.1714324951172,173.421875,157.4857177734375,142.484375,153.37142944335938,161.046875,-1.0,-1.0,172.91429138183594,177.546875,173.94285583496094,202.296875,172.91429138183594,224.984375,158.5142822265625,176.515625,157.4857177734375,202.296875,156.45713806152344,223.953125,-1.0,-1.0,-1.0,-1.0,174.971435546875,129.078125,164.6857147216797,129.078125
-1.0,-1.0,167.49057006835938,142.21484375,177.6792449951172,142.21484375,185.8302001953125,162.68359375,183.79244995117188,172.91796875,158.3207550048828,142.21484375,154.2452850341797,160.63671875,-1.0,-1.0,173.60377502441406,177.01171875,174.62265014648438,202.59765625,173.60377502441406,225.11328125,159.33963012695312,175.98828125,158.3207550048828,202.59765625,157.3018798828125,224.08984375,-1.0,-1.0,-1.0,-1.0,176.66036987304688,128.91015625,165.4528350830078,128.91015625
-1.0,-1.0,169.00961303710938,142.21484375,179.20191955566406,142.21484375,186.33653259277344,162.68359375,184.29808044433594,172.91796875,158.8173065185547,142.21484375,155.75961303710938,160.63671875,-1.0,-1.0,175.125,177.01171875,175.125,202.59765625,173.08653259277344,225.11328125,160.85577392578125,175.98828125,159.83653259277344,201.57421875,157.79808044433594,222.04296875,-1.0,-1.0,-1.0,-1.0,177.1634521484375,129.93359375,165.95191955566406,129.93359375
-1.0,-1.0,170.00961303710938,142.21484375,180.20191955566406,142.21484375,188.35577392578125,163.70703125,186.3173065185547,173.94140625,159.8173065185547,143.23828125,155.74038696289062,161.66015625,-1.0,-1.0,177.14422607421875,178.03515625,176.125,202.59765625,173.0673065185547,225.11328125,162.875,177.01171875,160.83653259277344,202.59765625,156.75961303710938,225.11328125,-1.0,-1.0,-1.0,-1.0,179.1826934814453,130.95703125,167.97116088867188,129.93359375
-1.0,-1.0,170.50942993164062,141.9765625,180.6981201171875,141.9765625,189.867919921875,163.3046875,186.8113250732422,175.4921875,161.33963012695312,142.9921875,156.2452850341797,162.2890625,-1.0,-1.0,177.64151000976562,177.5234375,176.62265014648438,202.9140625,173.5660400390625,224.2421875,163.3773651123047,176.5078125,161.33963012695312,201.8984375,158.28302001953125,220.1796875,-1.0,-1.0,-1.0,-1.0,180.6981201171875,130.8046875,168.47169494628906,129.7890625
-1.0,-1.0,172.26666259765625,141.73046875,182.36190795898438,141.73046875,190.43809509277344,162.89453125,187.40953063964844,173.98046875,162.1714324951172,141.73046875,157.12380981445312,160.87890625,-1.0,-1.0,177.3142852783203,177.00390625,176.3047637939453,202.19921875,173.27618408203125,225.37890625,164.1904754638672,175.99609375,163.1809539794922,201.19140625,160.15237426757812,219.33203125,-1.0,-1.0,-1.0,-1.0,180.34286499023438,130.64453125,168.22857666015625,130.64453125
-1.0,-1.0,172.25714111328125,141.73046875,183.36190795898438,141.73046875,191.43809509277344,162.89453125,188.40953063964844,172.97265625,163.1714324951172,141.73046875,157.11428833007812,160.87890625,-1.0,-1.0,178.3142852783203,178.01171875,176.2952423095703,203.20703125,173.26666259765625,223.36328125,165.1904754638672,175.99609375,164.1809539794922,201.19140625,163.1714324951172,220.33984375,-1.0,-1.0,-1.0,-1.0,181.34286499023438,130.64453125,169.22857666015625,130.64453125
-1.0,-1.0,173.76699829101562,141.73046875,183.86407470703125,141.73046875,193.96116638183594,159.87109375,191.94174194335938,167.93359375,162.66018676757812,141.73046875,157.6116485595703,160.87890625,-1.0,-1.0,178.81553649902344,177.00390625,175.78640747070312,204.21484375,173.76699829101562,223.36328125,164.6796112060547,175.99609375,167.708740234375,202.19921875,166.69903564453125,223.36328125,-1.0,-1.0,-1.0,-1.0,180.8349609375,130.64453125,169.7281494140625,130.64453125
-1.0,-1.0,173.25714111328125,141.73046875,184.36190795898438,141.73046875,191.42857360839844,160.87890625,189.40953063964844,172.97265625,163.1619110107422,141.73046875,157.10476684570312,161.88671875,-1.0,-1.0,179.3142852783203,177.00390625,176.2857208251953,201.19140625,174.26666259765625,221.34765625,166.1904754638672,174.98828125,167.1999969482422,200.18359375,169.21905517578125,221.34765625,-1.0,-1.0,-1.0,-1.0,182.34286499023438,130.64453125,170.22857666015625,129.63671875
-1.0,-1.0,174.76699829101562,142.73828125,185.873779296875,142.73828125,193.9514617919922,160.87890625,189.91262817382812,172.97265625,163.66018676757812,142.73828125,158.6116485595703,162.89453125,-1.0,-1.0,179.81553649902344,177.00390625,175.77670288085938,202.19921875,173.7572784423828,223.36328125,166.68931579589844,174.98828125,167.69903564453125,201.19140625,169.71844482421875,222.35546875,-1.0,-1.0,-1.0,-1.0,182.84466552734375,130.64453125,170.7281494140625,130.64453125
-1.0,-1.0,175.5,142.5,185.5,142.5,194.5,160.5,195.5,163.5,164.5,142.5,159.5,164.5,-1.0,-1.0,179.5,176.5,176.5,202.5,172.5,223.5,166.5,175.5,168.5,200.5,170.5,223.5,-1.0,-1.0,-1.0,-1.0,182.5,131.5,171.5,130.5
-1.0,-1.0,175.5,142.5,186.5,142.5,191.5,162.5,190.5,175.5,165.5,143.5,159.5,165.5,-1.0,-1.0,179.5,178.5,176.5,203.5,173.5,223.5,166.5,177.5,169.5,201.5,170.5,222.5,-1.0,-1.0,-1.0,-1.0,183.5,130.5,171.5,130.5
-1.0,-1.0,176.5,143.5,187.5,143.5,194.5,161.5,190.5,176.5,166.5,143.5,162.5,161.5,-1.0,-1.0,180.5,178.5,177.5,204.5,173.5,224.5,167.5,177.5,169.5,202.5,169.5,222.5,-1.0,-1.0,-1.0,-1.0,184.5,131.5,172.5,131.5
-1.0,-1.0,176.5,143.5,187.5,143.5,195.5,161.5,190.5,176.5,166.5,143.5,161.5,163.5,-1.0,-1.0,180.5,178.5,176.5,204.5,173.5,224.5,167.5,178.5,169.5,203.5,170.5,222.5,-1.0,-1.0,-1.0,-1.0,183.5,131.5,172.5,131.5
-1.0,-1.0,177.2427215576172,144.26171875,187.1456298828125,144.26171875,195.06796264648438,162.12109375,191.10679626464844,175.01953125,167.33981323242188,144.26171875,161.39805603027344,164.10546875,-1.0,-1.0,181.20388793945312,178.98828125,177.2427215576172,203.79296875,174.2718505859375,224.62890625,167.33981323242188,177.99609375,170.31068420410156,202.80078125,170.31068420410156,222.64453125,-1.0,-1.0,-1.0,-1.0,184.1747589111328,132.35546875,173.28155517578125,132.35546875
-1.0,-1.0,178.2427215576172,144.26171875,188.1456298828125,144.26171875,196.06796264648438,163.11328125,-1.0,-1.0,168.33981323242188,144.26171875,162.39805603027344,164.10546875,-1.0,-1.0,181.21359252929688,178.98828125,177.25242614746094,204.78515625,173.291259765625,224.62890625,168.33981323242188,177.99609375,171.31068420410156,203.79296875,173.291259765625,222.64453125,-1.0,-1.0,-1.0,-1.0,184.18446350097656,132.35546875,173.291259765625,132.35546875
-1.0,-1.0,178.74285888671875,145.25390625,188.64761352539062,145.25390625,196.57142639160156,164.10546875,-1.0,-1.0,167.84762573242188,145.25390625,163.88571166992188,163.11328125,-1.0,-1.0,181.7142791748047,178.98828125,178.74285888671875,202.80078125,173.7904815673828,223.63671875,169.8285675048828,177.99609375,171.8095245361328,201.80859375,176.76190185546875,221.65234375,-1.0,-1.0,-1.0,-1.0,184.6857147216797,132.35546875,173.7904815673828,132.35546875
-1.0,-1.0,178.99038696289062,145.9921875,188.79808044433594,145.0078125,196.64422607421875,163.7109375,189.77883911132812,175.5234375,168.20191955566406,145.0078125,164.27883911132812,163.7109375,-1.0,-1.0,182.91346740722656,178.4765625,178.99038696289062,202.1015625,175.0673065185547,223.7578125,170.16346740722656,178.4765625,172.125,201.1171875,176.04808044433594,220.8046875,-1.0,-1.0,-1.0,-1.0,184.875,133.1953125,174.08653259277344,134.1796875
-1.0,-1.0,179.99038696289062,145.9921875,189.79808044433594,145.9921875,196.6634521484375,163.7109375,191.75961303710938,177.4921875,169.20191955566406,145.0078125,165.27883911132812,163.7109375,-1.0,-1.0,183.91346740722656,179.4609375,179.99038696289062,202.1015625,175.08653259277344,222.7734375,171.16346740722656,178.4765625,173.125,201.1171875,175.08653259277344,220.8046875,-1.0,-1.0,-1.0,-1.0,184.89422607421875,133.1953125,174.10577392578125,134.1796875
-1.0,-1.0,179.50979614257812,145.76171875,190.2941131591797,144.78515625,198.1372528076172,164.31640625,193.23529052734375,177.01171875,169.7058868408203,145.76171875,165.78431701660156,165.29296875,-1.0,-1.0,184.41175842285156,178.96484375,180.49020385742188,202.40234375,174.60784912109375,222.91015625,171.6666717529297,177.98828125,172.64706420898438,201.42578125,174.60784912109375,220.95703125,-1.0,-1.0,-1.0,-1.0,186.37254333496094,133.06640625,174.60784912109375,133.06640625
-1.0,-1.0,180.99038696289062,145.76171875,190.79808044433594,144.78515625,197.6634521484375,163.33984375,194.72116088867188,177.98828125,170.20191955566406,145.76171875,165.29808044433594,164.31640625,-1.0,-1.0,184.91346740722656,179.94140625,180.99038696289062,202.40234375,176.08653259277344,221.93359375,172.16346740722656,178.96484375,173.14422607421875,201.42578125,174.125,219.98046875,-1.0,-1.0,-1.0,-1.0,185.89422607421875,133.06640625,175.10577392578125,134.04296875
-1.0,-1.0,181.00961303710938,145.76171875,190.8173065185547,145.76171875,198.6634521484375,163.33984375,-1.0,-1.0,170.22116088867188,145.76171875,166.29808044433594,164.31640625,-1.0,-1.0,184.9326934814453,178.96484375,182.97116088867188,201.42578125,179.04808044433594,219.98046875,172.1826934814453,177.98828125,173.16346740722656,201.42578125,174.14422607421875,219.98046875,-1.0,-1.0,-1.0,-1.0,186.89422607421875,133.06640625,175.125,134.04296875
-1.0,-1.0,181.50979614257812,144.78515625,191.313720703125,144.78515625,199.1568603515625,163.33984375,196.21568298339844,177.01171875,170.72549438476562,145.76171875,166.80392456054688,164.31640625,-1.0,-1.0,185.43136596679688,177.98828125,185.43136596679688,201.42578125,179.54901123046875,220.95703125,171.7058868408203,177.01171875,173.6666717529297,201.42578125,174.64706420898438,220.95703125,-1.0,-1.0,-1.0,-1.0,187.39215087890625,133.06640625,175.62745666503906,134.04296875
-1.0,-1.0,180.81553649902344,144.578125,191.49514770507812,144.578125,199.2621307373047,162.984375,197.3203887939453,174.609375,171.10679626464844,145.546875,168.1941680908203,162.984375,-1.0,-1.0,185.66990661621094,178.484375,186.64077758789062,202.703125,180.81553649902344,222.078125,173.0485382080078,177.515625,174.0194091796875,202.703125,174.99029541015625,223.046875,-1.0,-1.0,-1.0,-1.0,186.64077758789062,132.953125,176.93203735351562,133.921875
-1.0,-1.0,181.78640747070312,144.578125,191.49514770507812,144.578125,199.2621307373047,162.984375,197.3203887939453,179.453125,172.07766723632812,144.578125,168.1941680908203,162.984375,-1.0,-1.0,185.66990661621094,178.484375,188.58251953125,201.734375,181.78640747070312,223.046875,173.0485382080078,177.515625,174.0194091796875,202.703125,174.99029541015625,223.046875,-1.0,-1.0,-1.0,-1.0,187.6116485595703,132.953125,176.93203735351562,133.921875
-1.0,-1.0,181.81553649902344,144.578125,192.49514770507812,144.578125,200.2621307373047,163.953125,194.4368896484375,171.703125,172.10679626464844,145.546875,168.22329711914062,162.984375,-1.0,-1.0,186.66990661621094,178.484375,189.58251953125,200.765625,182.78640747070312,219.171875,174.0485382080078,177.515625,175.0194091796875,201.734375,175.99029541015625,220.140625,-1.0,-1.0,-1.0,-1.0,188.6116485595703,132.953125,177.93203735351562,133.921875
-1.0,-1.0,182.31683349609375,144.578125,192.99009704589844,144.578125,200.75247192382812,162.984375,-1.0,-1.0,172.61386108398438,145.546875,169.70297241210938,162.984375,-1.0,-1.0,187.16831970214844,178.484375,191.04949951171875,200.765625,184.25743103027344,220.140625,173.5841522216797,177.515625,175.52474975585938,202.703125,175.52474975585938,223.046875,-1.0,-1.0,-1.0,-1.0,189.10891723632812,132.953125,178.43563842773438,133.921875
-1.0,-1.0,183.31683349609375,144.578125,193.01980590820312,145.546875,200.7821807861328,163.953125,-1.0,-1.0,173.61386108398438,144.578125,169.732666015625,164.921875,-1.0,-1.0,188.16831970214844,179.453125,190.10891723632812,201.734375,187.19802856445312,222.078125,174.5841522216797,177.515625,176.52474975585938,201.734375,177.49505615234375,223.046875,-1.0,-1.0,-1.0,-1.0,189.13861083984375,132.953125,178.46534729003906,132.953125
-1.0,-1.0,183.59616088867188,145.34765625,194.17308044433594,145.34765625,201.86538696289062,163.60546875,-1.0,-1.0,173.98077392578125,145.34765625,170.13461303710938,164.56640625,-1.0,-1.0,188.40383911132812,178.01953125,191.2884521484375,202.04296875,188.40383911132812,222.22265625,174.9423065185547,178.01953125,175.90383911132812,201.08203125,178.78846740722656,223.18359375,-1.0,-1.0,-1.0,-1.0,189.36538696289062,132.85546875,179.75,133.81640625
-1.0,-1.0,184.09803771972656,145.34765625,194.6666717529297,145.34765625,202.35293579101562,164.56640625,-1.0,-1.0,174.49020385742188,145.34765625,170.64706420898438,165.52734375,-1.0,-1.0,188.90196228027344,178.01953125,191.78431701660156,201.08203125,189.8627471923828,223.18359375,175.4509735107422,178.01953125,176.41175842285156,202.04296875,179.2941131591797,223.18359375,-1.0,-1.0,-1.0,-1.0,190.8235321044922,133.81640625,180.25489807128906,133.81640625
-1.0,-1.0,184.4077606201172,146.0703125,193.92233276367188,145.1171875,202.48544311523438,164.1796875,-1.0,-1.0,174.89320373535156,146.0703125,170.13592529296875,166.0859375,-1.0,-1.0,189.16505432128906,178.4765625,192.0194091796875,202.3046875,191.06796264648438,223.2734375,175.84466552734375,177.5234375,176.79611206054688,202.3046875,177.74757385253906,223.2734375,-1.0,-1.0,-1.0,-1.0,191.06796264648438,133.6796875,180.60194396972656,134.6328125
-1.0,-1.0,185.35922241210938,145.1171875,194.873779296875,146.0703125,203.4368896484375,164.1796875,-1.0,-1.0,175.84466552734375,146.0703125,172.99029541015625,165.1328125,-1.0,-1.0,190.1165008544922,178.4765625,192.9708709716797,202.3046875,192.0194091796875,223.2734375,177.74757385253906,177.5234375,177.74757385253906,202.3046875,177.74757385253906,224.2265625,-1.0,-1.0,-1.0,-1.0,192.0194091796875,133.6796875,181.55340576171875,133.6796875
-1.0,-1.0,187.08653259277344,146.83203125,196.50961303710938,146.83203125,204.04808044433594,164.79296875,-1.0,-1.0,176.72116088867188,146.83203125,173.89422607421875,165.73828125,-1.0,-1.0,190.85577392578125,178.97265625,193.6826934814453,203.55078125,191.79808044433594,223.40234375,178.60577392578125,178.02734375,178.60577392578125,202.60546875,178.60577392578125,222.45703125,-1.0,-1.0,-1.0,-1.0,193.6826934814453,135.48828125,182.375,134.54296875
-1.0,-1.0,187.14422607421875,147.77734375,196.5673065185547,147.77734375,205.04808044433594,164.79296875,-1.0,-1.0,177.72116088867188,147.77734375,174.89422607421875,164.79296875,-1.0,-1.0,191.85577392578125,179.91796875,193.74038696289062,203.55078125,191.85577392578125,224.34765625,178.66346740722656,178.97265625,179.60577392578125,203.55078125,179.60577392578125,224.34765625,-1.0,-1.0,-1.0,-1.0,193.74038696289062,135.48828125,183.375,134.54296875
-1.0,-1.0,188.58824157714844,147.77734375,198.0,147.77734375,206.4705810546875,164.79296875,-1.0,-1.0,179.1764678955078,147.77734375,175.41175842285156,164.79296875,-1.0,-1.0,192.35293579101562,179.91796875,194.23529052734375,204.49609375,192.35293579101562,225.29296875,180.11764526367188,178.97265625,180.11764526367188,203.55078125,179.1764678955078,224.34765625,-1.0,-1.0,-1.0,-1.0,195.1764678955078,135.48828125,184.8235321044922,133.59765625
-1.0,-1.0,189.08653259277344,147.77734375,198.50961303710938,147.77734375,206.99038696289062,164.79296875,-1.0,-1.0,179.66346740722656,146.83203125,176.83653259277344,164.79296875,-1.0,-1.0,193.79808044433594,179.91796875,194.74038696289062,204.49609375,192.85577392578125,225.29296875,180.60577392578125,178.02734375,180.60577392578125,202.60546875,179.66346740722656,223.40234375,-1.0,-1.0,-1.0,-1.0,195.6826934814453,135.48828125,186.25961303710938,134.54296875
-1.0,-1.0,190.5294189453125,148.53125,199.94117736816406,148.53125,207.4705810546875,165.40625,-1.0,-1.0,181.11764526367188,147.59375,177.35293579101562,165.40625,-1.0,-1.0,194.2941131591797,179.46875,196.1764678955078,203.84375,194.2941131591797,225.40625,181.11764526367188,178.53125,181.11764526367188,201.96875,180.1764678955078,221.65625,-1.0,-1.0,-1.0,-1.0,197.11764526367188,136.34375,186.76470947265625,136.34375
-1.0,-1.0,190.58824157714844,148.53125,200.94117736816406,148.53125,209.41177368164062,165.40625,-1.0,-1.0,181.1764678955078,148.53125,178.35293579101562,166.34375,-1.0,-1.0,195.2941131591797,179.46875,196.23529052734375,203.84375,194.35293579101562,225.40625,182.11764526367188,177.59375,182.11764526367188,201.03125,179.2941131591797,219.78125,-1.0,-1.0,-1.0,-1.0,198.11764526367188,137.28125,187.76470947265625,136.34375
-1.0,-1.0,191.08999633789062,149.46875,200.49000549316406,149.46875,208.9499969482422,166.34375,-1.0,-1.0,182.6300048828125,149.46875,178.8699951171875,166.34375,-1.0,-1.0,195.7899932861328,179.46875,197.6699981689453,202.90625,194.85000610351562,224.46875,183.57000732421875,177.59375,182.6300048828125,200.09375,179.80999755859375,217.90625,-1.0,-1.0,-1.0,-1.0,196.72999572753906,136.34375,188.27000427246094,135.40625
-1.0,-1.0,192.53846740722656,148.1171875,201.76922607421875,148.1171875,210.07691955566406,165.6328125,-1.0,-1.0,184.23077392578125,148.1171875,178.6923065185547,164.7109375,-1.0,-1.0,198.07691955566406,178.5390625,198.07691955566406,202.5078125,194.38461303710938,223.7109375,185.15383911132812,177.6171875,184.23077392578125,200.6640625,180.53846740722656,222.7890625,-1.0,-1.0,-1.0,-1.0,199.92308044433594,136.1328125,190.6923065185547,135.2109375
-1.0,-1.0,193.96078491210938,148.1171875,203.1764678955078,148.1171875,210.54901123046875,165.6328125,-1.0,-1.0,184.74510192871094,149.0390625,180.1372528076172,163.7890625,-1.0,-1.0,198.56863403320312,179.4609375,198.56863403320312,203.4296875,194.88235473632812,224.6328125,186.58824157714844,177.6171875,184.74510192871094,200.6640625,181.05882263183594,222.7890625,-1.0,-1.0,-1.0,-1.0,200.41175842285156,136.1328125,190.27450561523438,136.1328125
-1.0,-1.0,194.96078491210938,148.1171875,203.25489807128906,148.1171875,211.54901123046875,165.6328125,-1.0,-1.0,186.6666717529297,148.1171875,181.1372528076172,163.7890625,-1.0,-1.0,198.64706420898438,179.4609375,198.64706420898438,201.5859375,194.96078491210938,221.8671875,186.6666717529297,177.6171875,185.74510192871094,200.6640625,182.9803924560547,220.0234375,-1.0,-1.0,-1.0,-1.0,201.41175842285156,137.0546875,191.27450561523438,137.0546875
-1.0,-1.0,194.77227783203125,147.96484375,202.97030639648438,147.96484375,211.16831970214844,166.24609375,-1.0,-1.0,185.66336059570312,147.96484375,179.28712463378906,165.33203125,-1.0,-1.0,199.3267364501953,179.95703125,197.50494384765625,202.80859375,195.68316650390625,222.00390625,186.5742645263672,178.12890625,185.66336059570312,200.98046875,182.93069458007812,219.26171875,-1.0,-1.0,-1.0,-1.0,201.1485137939453,137.91015625,192.03961181640625,136.99609375
-1.0,-1.0,195.2718505859375,147.05078125,204.39805603027344,147.05078125,211.69903564453125,165.33203125,-1.0,-1.0,186.1456298828125,147.05078125,180.66990661621094,164.41796875,-1.0,-1.0,199.83494567871094,179.95703125,198.00970458984375,204.63671875,196.18446350097656,222.00390625,187.05825805664062,179.04296875,186.1456298828125,202.80859375,183.4077606201172,218.34765625,-1.0,-1.0,-1.0,-1.0,201.66018676757812,136.08203125,191.62135314941406,136.08203125
-1.0,-1.0,196.45098876953125,147.734375,205.4705810546875,147.734375,211.78431701660156,164.953125,-1.0,-1.0,186.5294189453125,147.734375,182.0196075439453,164.046875,-1.0,-1.0,200.96078491210938,179.453125,198.25489807128906,203.015625,195.54901123046875,221.140625,188.3333282470703,178.546875,187.43136596679688,201.203125,186.5294189453125,220.234375,-1.0,-1.0,-1.0,-1.0,201.8627471923828,135.953125,192.8431396484375,135.953125
-1.0,-1.0,196.54901123046875,147.734375,206.4705810546875,147.734375,212.78431701660156,165.859375,211.88235473632812,178.546875,187.5294189453125,146.828125,182.11764526367188,163.140625,-1.0,-1.0,201.05882263183594,178.546875,199.25489807128906,202.109375,195.64706420898438,222.046875,188.43136596679688,178.546875,188.43136596679688,200.296875,187.5294189453125,220.234375,-1.0,-1.0,-1.0,-1.0,202.8627471923828,135.953125,193.8431396484375,135.953125
-1.0,-1.0,197.0500030517578,147.60546875,206.9499969482422,147.60546875,214.14999389648438,164.67578125,-1.0,-1.0,188.0500030517578,147.60546875,183.5500030517578,163.77734375,-1.0,-1.0,202.4499969482422,179.05078125,198.85000610351562,203.30859375,196.14999389648438,222.17578125,188.9499969482422,178.15234375,189.85000610351562,200.61328125,188.0500030517578,218.58203125,-1.0,-1.0,-1.0,-1.0,203.35000610351562,135.92578125,193.4499969482422,135.92578125
-1.0,-1.0,198.45098876953125,147.60546875,207.4705810546875,147.60546875,214.686279296875,165.57421875,-1.0,-1.0,188.5294189453125,147.60546875,184.0196075439453,163.77734375,-1.0,-1.0,202.96078491210938,179.94921875,199.35293579101562,202.41015625,195.74510192871094,221.27734375,189.43136596679688,179.05078125,189.43136596679688,201.51171875,189.43136596679688,219.48046875,-1.0,-1.0,-1.0,-1.0,203.8627471923828,136.82421875,193.94117736816406,136.82421875
-1.0,-1.0,198.0500030517578,148.50390625,207.9499969482422,147.60546875,214.25,165.57421875,-1.0,-1.0,188.14999389648438,148.50390625,185.4499969482422,163.77734375,-1.0,-1.0,202.5500030517578,179.94921875,198.9499969482422,203.30859375,196.25,221.27734375,189.9499969482422,179.05078125,190.85000610351562,201.51171875,190.85000610351562,220.37890625,-1.0,-1.0,-1.0,-1.0,204.35000610351562,137.72265625,194.4499969482422,136.82421875
-1.0,-1.0,198.38613891601562,148.3828125,209.07920837402344,148.3828125,215.31683349609375,166.1953125,-1.0,-1.0,188.5841522216797,149.2734375,185.01980590820312,164.4140625,-1.0,-1.0,202.84158325195312,180.4453125,199.2772216796875,203.6015625,195.71287536621094,221.4140625,190.3663330078125,179.5546875,190.3663330078125,201.8203125,190.3663330078125,220.5234375,-1.0,-1.0,-1.0,-1.0,204.62376403808594,137.6953125,194.82177734375,137.6953125
-1.0,-1.0,199.94117736816406,149.04296875,208.76470947265625,148.16015625,214.94117736816406,166.69921875,214.05882263183594,156.10546875,189.35293579101562,149.04296875,185.8235321044922,164.93359375,-1.0,-1.0,203.4705810546875,180.82421875,199.94117736816406,203.77734375,196.41175842285156,221.43359375,190.23529052734375,179.94140625,191.11764526367188,202.01171875,190.23529052734375,221.43359375,-1.0,-1.0,-1.0,-1.0,205.23529052734375,137.56640625,194.64706420898438,137.56640625
-1.0,-1.0,200.94117736816406,149.04296875,209.76470947265625,149.04296875,215.94117736816406,166.69921875,-1.0,-1.0,190.35293579101562,149.04296875,185.94117736816406,164.93359375,-1.0,-1.0,203.58824157714844,180.82421875,199.1764678955078,203.77734375,196.5294189453125,221.43359375,191.23529052734375,179.05859375,191.23529052734375,202.01171875,191.23529052734375,220.55078125,-1.0,-1.0,-1.0,-1.0,205.35293579101562,139.33203125,195.64706420898438,138.44921875
-1.0,-1.0,199.910888671875,149.8125,209.49505615234375,149.8125,216.46534729003906,166.4375,-1.0,-1.0,190.3267364501953,149.8125,185.9702911376953,165.5625,-1.0,-1.0,203.3960418701172,180.4375,200.7821807861328,202.3125,196.42575073242188,220.6875,192.06930541992188,179.5625,192.9405975341797,202.3125,193.81187438964844,219.8125,-1.0,-1.0,-1.0,-1.0,206.00990295410156,139.3125,195.55445861816406,139.3125
-1.0,-1.0,200.03961181640625,149.8125,209.62376403808594,149.8125,217.46534729003906,167.3125,-1.0,-1.0,191.3267364501953,149.8125,186.9702911376953,165.5625,-1.0,-1.0,204.3960418701172,181.3125,200.910888671875,203.1875,196.55445861816406,220.6875,193.06930541992188,179.5625,193.9405975341797,202.3125,194.81187438964844,218.9375,-1.0,-1.0,-1.0,-1.0,205.267333984375,139.3125,195.68316650390625,139.3125
-1.0,-1.0,200.910888671875,149.8125,209.62376403808594,149.8125,218.33663940429688,167.3125,214.8514862060547,157.6875,192.19801330566406,150.6875,187.84158325195312,166.4375,195.68316650390625,168.1875,204.3960418701172,181.3125,200.910888671875,202.3125,197.42575073242188,220.6875,193.06930541992188,180.4375,195.68316650390625,202.3125,195.68316650390625,218.9375,-1.0,-1.0,-1.0,-1.0,205.267333984375,139.3125,195.68316650390625,139.3125
-1.0,-1.0,201.7058868408203,150.3515625,210.3333282470703,150.3515625,218.09803771972656,167.5390625,215.50979614257812,158.0859375,192.21568298339844,150.3515625,187.90196228027344,166.6796875,-1.0,-1.0,205.1568603515625,180.4296875,202.56863403320312,201.0546875,199.11764526367188,219.1015625,193.94117736816406,179.5703125,195.6666717529297,201.0546875,196.5294189453125,217.3828125,-1.0,-1.0,-1.0,-1.0,206.0196075439453,139.1796875,196.5294189453125,139.1796875
-1.0,-1.0,201.35000610351562,150.3515625,209.9499969482422,149.4921875,217.69000244140625,166.6796875,-1.0,-1.0,191.88999938964844,150.3515625,188.4499969482422,166.6796875,-1.0,-1.0,205.64999389648438,180.4296875,203.07000732421875,201.9140625,199.6300048828125,219.9609375,194.47000122070312,180.4296875,196.19000244140625,201.9140625,197.91000366210938,218.2421875,-1.0,-1.0,-1.0,-1.0,206.50999450683594,139.1796875,196.19000244140625,140.0390625
-1.0,-1.0,201.49000549316406,150.3515625,210.9499969482422,150.3515625,217.8300018310547,167.5390625,-1.0,-1.0,192.88999938964844,151.2109375,188.58999633789062,167.5390625,-1.0,-1.0,205.79000854492188,180.4296875,204.92999267578125,201.0546875,201.49000549316406,218.2421875,194.61000061035156,179.5703125,195.47000122070312,201.0546875,197.19000244140625,217.3828125,-1.0,-1.0,-1.0,-1.0,206.64999389648438,139.1796875,197.19000244140625,140.0390625
-1.0,-1.0,200.88119506835938,151.12109375,211.09901428222656,150.26953125,217.0594024658203,167.30078125,-1.0,-1.0,192.3663330078125,151.12109375,190.66336059570312,167.30078125,-1.0,-1.0,205.99009704589844,181.77734375,205.99009704589844,202.21484375,201.732666015625,220.09765625,194.92079162597656,180.07421875,195.77227783203125,201.36328125,194.92079162597656,220.09765625,-1.0,-1.0,-1.0,-1.0,206.84158325195312,139.19921875,196.62376403808594,140.05078125
-1.0,-1.0,202.732666015625,150.26953125,211.24752807617188,149.41796875,219.7623748779297,167.30078125,-1.0,-1.0,193.3663330078125,151.12109375,190.81187438964844,167.30078125,-1.0,-1.0,207.84158325195312,180.92578125,208.6930694580078,202.21484375,202.732666015625,220.09765625,195.92079162597656,180.92578125,197.62376403808594,202.21484375,196.77227783203125,221.80078125,-1.0,-1.0,-1.0,-1.0,206.99009704589844,138.34765625,197.62376403808594,139.19921875
-1.0,-1.0,203.242431640625,150.26953125,211.72727966308594,149.41796875,218.51515197753906,168.15234375,217.6666717529297,174.96484375,193.90908813476562,150.26953125,190.51515197753906,166.44921875,-1.0,-1.0,208.3333282470703,180.92578125,210.03030395507812,201.36328125,204.09091186523438,216.69140625,196.4545440673828,180.07421875,198.15151977539062,201.36328125,198.15151977539062,218.39453125,-1.0,-1.0,-1.0,-1.0,207.48484802246094,139.19921875,198.15151977539062,140.05078125
-1.0,-1.0,203.22000122070312,149.98828125,212.45999145507812,149.15234375,220.86000061035156,167.54296875,-1.0,-1.0,193.97999572753906,150.82421875,193.13999938964844,167.54296875,-1.0,-1.0,209.10000610351562,180.91796875,211.6199951171875,200.98046875,205.74000549316406,216.02734375,197.33999633789062,180.08203125,198.17999267578125,200.98046875,197.33999633789062,220.20703125,-1.0,-1.0,-1.0,-1.0,208.25999450683594,139.12109375,198.17999267578125,139.12109375
-1.0,-1.0,204.05999755859375,149.98828125,212.45999145507812,149.15234375,221.6999969482422,166.70703125,219.17999267578125,180.91796875,194.82000732421875,150.82421875,193.13999938964844,167.54296875,-1.0,-1.0,209.94000244140625,180.91796875,212.45999145507812,201.81640625,207.4199981689453,216.86328125,198.17999267578125,180.08203125,199.02000427246094,201.81640625,197.33999633789062,221.87890625,-1.0,-1.0,-1.0,-1.0,209.10000610351562,139.12109375,199.02000427246094,139.12109375
-1.0,-1.0,205.05999755859375,149.98828125,213.45999145507812,149.15234375,221.86000061035156,166.70703125,220.17999267578125,181.75390625,194.97999572753906,150.82421875,194.13999938964844,167.54296875,194.97999572753906,180.08203125,210.94000244140625,180.91796875,213.45999145507812,201.81640625,209.25999450683594,218.53515625,198.33999633789062,180.08203125,200.02000427246094,202.65234375,198.33999633789062,222.71484375,-1.0,-1.0,-1.0,-1.0,210.10000610351562,139.12109375,200.02000427246094,139.12109375
-1.0,-1.0,204.97979736328125,150.7734375,214.09091186523438,149.9453125,221.5454559326172,166.5078125,219.88888549804688,180.5859375,195.86868286132812,150.7734375,194.21212768554688,168.9921875,195.0404052734375,180.5859375,210.77777099609375,180.5859375,214.09091186523438,201.2890625,211.60606384277344,219.5078125,199.18182373046875,180.5859375,200.01010131835938,201.2890625,199.18182373046875,221.1640625,-1.0,-1.0,-1.0,-1.0,209.94949340820312,139.1796875,200.01010131835938,140.0078125
-1.0,-1.0,205.46534729003906,150.7734375,214.61386108398438,149.9453125,222.09901428222656,165.6796875,223.7623748779297,171.4765625,196.31683349609375,150.7734375,195.4851531982422,168.1640625,-1.0,-1.0,211.28712463378906,180.5859375,213.7821807861328,202.1171875,212.11880493164062,221.1640625,199.64356994628906,180.5859375,200.47525024414062,202.1171875,199.64356994628906,221.1640625,-1.0,-1.0,-1.0,-1.0,211.28712463378906,139.1796875,201.3069305419922,140.0078125
-1.0,-1.0,205.80999755859375,151.37890625,214.8300018310547,149.73828125,222.20999145507812,166.14453125,221.38999938964844,180.08984375,196.7899932861328,151.37890625,195.97000122070312,168.60546875,195.14999389648438,180.91015625,211.5500030517578,180.91015625,214.00999450683594,202.23828125,214.00999450683594,221.10546875,200.07000732421875,180.08984375,200.88999938964844,201.41796875,199.25,221.10546875,-1.0,-1.0,-1.0,-1.0,211.5500030517578,139.89453125,201.7100067138672,140.71484375
215.98019409179688,141.59375,206.2376251220703,151.34375,215.16831970214844,150.53125,222.47525024414062,166.78125,225.7227783203125,170.84375,197.3069305419922,152.15625,-1.0,-1.0,-1.0,-1.0,211.92079162597656,180.59375,214.35643005371094,201.71875,216.79208374023438,218.78125,200.55445861816406,179.78125,200.55445861816406,200.90625,200.55445861816406,221.21875,215.16831970214844,140.78125,-1.0,-1.0,211.92079162597656,140.78125,202.17822265625,140.78125
-1.0,-1.0,207.3265380859375,152.15625,216.30612182617188,151.34375,224.46939086914062,168.40625,222.02041625976562,180.59375,198.34693908691406,152.15625,197.53060913085938,168.40625,-1.0,-1.0,213.0408172607422,181.40625,215.4897918701172,202.53125,217.12245178222656,219.59375,201.61224365234375,180.59375,201.61224365234375,200.90625,199.97959899902344,220.40625,-1.0,-1.0,-1.0,-1.0,213.0408172607422,140.78125,-1.0,-1.0
217.79208374023438,143.21875,207.2376251220703,152.96875,216.16831970214844,152.15625,225.09901428222656,168.40625,-1.0,-1.0,199.93069458007812,152.15625,-1.0,-1.0,-1.0,-1.0,212.92079162597656,181.40625,215.35643005371094,202.53125,216.98019409179688,219.59375,202.3663330078125,180.59375,201.55445861816406,200.90625,200.74256896972656,220.40625,216.98019409179688,140.78125,-1.0,-1.0,213.732666015625,141.59375,-1.0,-1.0
218.93878173828125,143.21875,209.14285278320312,152.15625,218.12245178222656,152.15625,224.65306091308594,167.59375,228.7346954345703,170.84375,200.97959899902344,152.96875,199.34693908691406,168.40625,-1.0,-1.0,214.85714721679688,181.40625,216.4897918701172,202.53125,218.12245178222656,219.59375,203.42857360839844,179.78125,202.61224365234375,200.90625,200.16326904296875,219.59375,217.30612182617188,141.59375,-1.0,-1.0,214.0408172607422,142.40625,-1.0,-1.0
219.93878173828125,143.21875,210.14285278320312,152.15625,219.12245178222656,152.15625,225.65306091308594,168.40625,228.91836547851562,171.65625,201.97959899902344,152.96875,200.34693908691406,168.40625,-1.0,-1.0,215.85714721679688,181.40625,217.4897918701172,203.34375,217.4897918701172,220.40625,204.42857360839844,179.78125,203.61224365234375,200.90625,200.34693908691406,219.59375,219.12245178222656,141.59375,-1.0,-1.0,215.85714721679688,142.40625,-1.0,-1.0
221.4158477783203,144.03125,210.86138916015625,152.96875,218.98019409179688,152.96875,224.66336059570312,170.03125,229.53465270996094,173.28125,202.74256896972656,153.78125,200.3069305419922,170.03125,201.11880493164062,181.40625,217.35643005371094,182.21875,218.16831970214844,203.34375,218.16831970214844,219.59375,205.17822265625,180.59375,204.3663330078125,200.09375,201.11880493164062,218.78125,219.79208374023438,142.40625,-1.0,-1.0,217.35643005371094,143.21875,210.04949951171875,143.21875
221.8787841796875,143.27734375,210.56565856933594,154.54296875,218.64646911621094,154.54296875,227.5353546142578,171.44140625,-1.0,-1.0,203.2929229736328,154.54296875,201.67677307128906,169.02734375,-1.0,-1.0,217.83837890625,181.90234375,219.4545440673828,203.62890625,218.64646911621094,220.52734375,206.52525329589844,180.29296875,204.90908813476562,200.41015625,200.86868286132812,218.11328125,219.4545440673828,141.66796875,-1.0,-1.0,217.03030395507812,143.27734375,-1.0,-1.0
222.94117736816406,142.47265625,212.49020385742188,154.54296875,220.5294189453125,154.54296875,228.56863403320312,171.44140625,-1.0,-1.0,205.25489807128906,153.73828125,202.8431396484375,169.83203125,-1.0,-1.0,218.92156982421875,181.90234375,220.5294189453125,203.62890625,219.72549438476562,221.33203125,207.6666717529297,180.29296875,206.05882263183594,200.41015625,202.03921508789062,218.11328125,221.3333282470703,140.86328125,-1.0,-1.0,218.92156982421875,143.27734375,211.686279296875,143.27734375
-1.0,-1.0,214.7979736328125,153.73828125,223.68687438964844,153.73828125,229.3434295654297,170.63671875,229.3434295654297,184.31640625,206.71717834472656,153.73828125,203.48484802246094,168.22265625,-1.0,-1.0,220.4545440673828,181.90234375,220.4545440673828,202.82421875,220.4545440673828,220.52734375,209.14141845703125,180.29296875,206.71717834472656,201.21484375,202.67677307128906,216.50390625,-1.0,-1.0,-1.0,-1.0,222.07070922851562,141.66796875,212.3737335205078,143.27734375
225.03961181640625,141.78125,215.29702758789062,152.34375,224.22772216796875,152.34375,229.910888671875,169.40625,231.53465270996094,175.09375,206.3663330078125,152.34375,-1.0,-1.0,-1.0,-1.0,220.98019409179688,182.40625,220.98019409179688,204.34375,219.35643005371094,221.40625,209.61386108398438,181.59375,207.99009704589844,201.90625,203.11880493164062,217.34375,224.22772216796875,140.96875,-1.0,-1.0,221.79208374023438,141.78125,213.6732635498047,142.59375
-1.0,-1.0,215.4851531982422,152.34375,224.4158477783203,152.34375,230.910888671875,169.40625,233.34652709960938,175.09375,207.3663330078125,152.34375,204.11880493164062,167.78125,-1.0,-1.0,221.16831970214844,181.59375,221.16831970214844,202.71875,219.5445556640625,221.40625,210.61386108398438,180.78125,209.80198669433594,200.28125,204.93069458007812,213.28125,-1.0,-1.0,-1.0,-1.0,222.79208374023438,141.78125,214.6732635498047,142.59375
-1.0,-1.0,216.5918426513672,152.34375,225.57142639160156,151.53125,232.10205078125,166.96875,232.91836547851562,179.15625,208.42857360839844,152.34375,204.34693908691406,167.78125,-1.0,-1.0,222.30612182617188,180.78125,222.30612182617188,201.90625,220.6734619140625,220.59375,210.87754821777344,179.96875,210.87754821777344,200.28125,207.61224365234375,213.28125,-1.0,-1.0,-1.0,-1.0,223.93878173828125,141.78125,214.9591827392578,141.78125
-1.0,-1.0,217.29702758789062,152.34375,226.22772216796875,151.53125,232.7227783203125,167.78125,232.7227783203125,178.34375,209.17822265625,153.15625,205.93069458007812,166.15625,-1.0,-1.0,222.98019409179688,180.78125,222.16831970214844,201.90625,219.732666015625,220.59375,212.4257354736328,179.96875,212.4257354736328,200.28125,208.3663330078125,214.09375,-1.0,-1.0,-1.0,-1.0,223.79208374023438,140.96875,214.86138916015625,142.59375
-1.0,-1.0,218.4081573486328,152.34375,227.38775634765625,152.34375,232.2857208251953,168.59375,-1.0,-1.0,211.06121826171875,152.34375,207.79591369628906,166.96875,-1.0,-1.0,223.30612182617188,180.78125,222.4897918701172,201.90625,220.0408172607422,220.59375,213.5102081298828,179.96875,212.69387817382812,200.28125,210.24490356445312,215.71875,-1.0,-1.0,-1.0,-1.0,224.93878173828125,140.96875,215.9591827392578,141.78125
-1.0,-1.0,219.92079162597656,153.15625,228.03961181640625,152.34375,236.15841674804688,167.78125,-1.0,-1.0,211.80198669433594,152.34375,208.55445861816406,168.59375,-1.0,-1.0,224.79208374023438,182.40625,223.16831970214844,203.53125,219.92079162597656,221.40625,213.4257354736328,180.78125,214.2376251220703,201.09375,213.4257354736328,220.59375,-1.0,-1.0,-1.0,-1.0,226.4158477783203,141.78125,217.4851531982422,143.40625
-1.0,-1.0,220.2244873046875,153.15625,228.38775634765625,152.34375,235.7346954345703,168.59375,-1.0,-1.0,212.06121826171875,152.34375,208.79591369628906,167.78125,-1.0,-1.0,225.12245178222656,181.59375,223.4897918701172,202.71875,220.2244873046875,221.40625,213.69387817382812,180.78125,214.5102081298828,201.09375,213.69387817382812,219.78125,-1.0,-1.0,-1.0,-1.0,226.75509643554688,141.78125,216.9591827392578,143.40625
-1.0,-1.0,221.732666015625,153.15625,229.8514862060547,153.15625,236.34652709960938,168.59375,-1.0,-1.0,212.80198669433594,153.15625,208.74256896972656,168.59375,-1.0,-1.0,224.98019409179688,181.59375,223.35643005371094,202.71875,220.92079162597656,219.78125,214.4257354736328,179.96875,215.2376251220703,201.09375,216.86138916015625,218.96875,-1.0,-1.0,-1.0,-1.0,227.4158477783203,141.78125,217.6732635498047,143.40625
-1.0,-1.0,221.7058868408203,153.12890625,229.74510192871094,153.12890625,234.56863403320312,169.22265625,-1.0,-1.0,213.6666717529297,153.12890625,211.25489807128906,166.00390625,-1.0,-1.0,224.92156982421875,182.09765625,223.313720703125,204.62890625,220.09803771972656,220.72265625,215.27450561523438,181.29296875,216.88235473632812,202.21484375,215.27450561523438,219.91796875,-1.0,-1.0,-1.0,-1.0,228.1372528076172,142.66796875,218.49020385742188,143.47265625
229.68687438964844,144.27734375,222.4141387939453,153.93359375,230.4949493408203,153.93359375,229.68687438964844,169.22265625,-1.0,-1.0,215.14141845703125,153.93359375,211.90908813476562,168.41796875,-1.0,-1.0,224.03030395507812,181.29296875,224.03030395507812,203.82421875,219.98989868164062,221.52734375,215.14141845703125,181.29296875,219.18182373046875,202.21484375,217.56565856933594,220.72265625,228.8787841796875,142.66796875,-1.0,-1.0,227.26263427734375,143.47265625,-1.0,-1.0
230.74510192871094,144.27734375,223.50979614257812,153.93359375,231.5490264892578,153.93359375,237.9803924560547,168.41796875,-1.0,-1.0,215.4705810546875,153.93359375,216.27450561523438,168.41796875,-1.0,-1.0,225.92156982421875,182.09765625,223.50979614257812,203.01953125,221.09803771972656,219.91796875,216.27450561523438,181.29296875,220.2941131591797,201.41015625,221.90196228027344,219.91796875,229.1372528076172,142.66796875,-1.0,-1.0,228.3333282470703,143.47265625,219.49020385742188,144.27734375
-1.0,-1.0,223.4141387939453,153.93359375,232.3030242919922,153.93359375,238.76766967773438,170.02734375,-1.0,-1.0,215.3333282470703,153.93359375,211.2929229736328,168.41796875,-1.0,-1.0,226.64646911621094,182.90234375,224.22222900390625,203.01953125,220.98989868164062,219.91796875,216.94949340820312,181.29296875,219.3737335205078,202.21484375,221.7979736328125,219.11328125,-1.0,-1.0,-1.0,-1.0,229.07070922851562,143.47265625,219.3737335205078,144.27734375
227.16831970214844,147.65625,223.92079162597656,154.15625,216.61386108398438,153.34375,216.61386108398438,169.59375,227.16831970214844,171.21875,232.03961181640625,153.34375,238.53465270996094,167.96875,-1.0,-1.0,226.35643005371094,181.78125,223.10891723632812,203.71875,220.6732635498047,219.96875,217.4257354736328,180.96875,221.4851531982422,202.90625,220.6732635498047,219.96875,226.35643005371094,145.21875,229.6039581298828,143.59375,225.5445556640625,145.21875,231.22772216796875,142.78125
-1.0,-1.0,224.2244873046875,154.15625,232.38775634765625,154.15625,238.10205078125,169.59375,-1.0,-1.0,216.06121826171875,154.15625,211.97959899902344,168.78125,-1.0,-1.0,227.4897918701172,181.78125,225.0408172607422,202.90625,220.9591827392578,219.96875,216.87754821777344,181.78125,220.9591827392578,201.28125,219.3265380859375,218.34375,-1.0,-1.0,-1.0,-1.0,229.93878173828125,144.40625,220.9591827392578,145.21875
-1.0,-1.0,223.5918426513672,154.96875,232.57142639160156,154.96875,239.10205078125,171.21875,-1.0,-1.0,216.24490356445312,154.96875,211.34693908691406,168.78125,-1.0,-1.0,228.4897918701172,182.59375,225.2244873046875,202.90625,221.9591827392578,219.15625,217.87754821777344,181.78125,220.3265380859375,202.09375,219.5102081298828,218.34375,-1.0,-1.0,-1.0,-1.0,230.12245178222656,145.21875,221.9591827392578,145.21875
-1.0,-1.0,223.4851531982422,155.78125,231.6039581298828,155.78125,238.910888671875,170.40625,-1.0,-1.0,216.17822265625,154.96875,211.3069305419922,168.78125,-1.0,-1.0,228.35643005371094,181.78125,225.92079162597656,202.09375,223.4851531982422,217.53125,218.61386108398438,180.96875,221.04949951171875,201.28125,219.4257354736328,215.90625,-1.0,-1.0,-1.0,-1.0,229.16831970214844,145.21875,221.86138916015625,145.21875
-1.0,-1.0,223.7755126953125,155.78125,231.93878173828125,155.78125,237.65306091308594,171.21875,236.83673095703125,161.46875,216.42857360839844,154.96875,212.34693908691406,167.96875,-1.0,-1.0,228.6734619140625,181.78125,227.0408172607422,202.09375,223.7755126953125,217.53125,218.87754821777344,181.78125,220.5102081298828,201.28125,219.69387817382812,216.71875,-1.0,-1.0,-1.0,-1.0,230.30612182617188,145.21875,222.9591827392578,145.21875
-1.0,-1.0,224.4851531982422,154.96875,232.6039581298828,154.96875,235.8514862060547,172.03125,237.47525024414062,180.96875,216.3663330078125,154.96875,213.11880493164062,168.78125,-1.0,-1.0,229.35643005371094,182.59375,227.732666015625,202.09375,224.4851531982422,216.71875,219.61386108398438,181.78125,221.2376251220703,201.28125,222.04949951171875,215.90625,-1.0,-1.0,-1.0,-1.0,230.16831970214844,145.21875,222.86138916015625,146.03125
234.57142639160156,146.03125,225.5918426513672,154.96875,233.75509643554688,154.96875,240.2857208251953,170.40625,237.83673095703125,161.46875,217.42857360839844,154.96875,213.34693908691406,168.78125,-1.0,-1.0,229.6734619140625,181.78125,230.4897918701172,200.46875,226.4081573486328,215.09375,219.87754821777344,181.78125,221.5102081298828,201.28125,223.9591827392578,215.09375,233.75509643554688,144.40625,-1.0,-1.0,231.30612182617188,145.21875,223.14285278320312,145.21875
-1.0,-1.0,225.4851531982422,154.96875,233.6039581298828,154.96875,240.09901428222656,171.21875,-1.0,-1.0,218.17822265625,154.96875,213.3069305419922,168.78125,-1.0,-1.0,229.5445556640625,182.59375,231.98019409179688,201.28125,226.29702758789062,216.71875,220.61386108398438,181.78125,222.2376251220703,202.09375,223.86138916015625,215.90625,-1.0,-1.0,-1.0,-1.0,231.98019409179688,145.21875,223.04949951171875,145.21875
-1.0,-1.0,225.49020385742188,154.93359375,233.5294189453125,154.93359375,239.96078491210938,171.02734375,-1.0,-1.0,218.25489807128906,154.93359375,213.43136596679688,168.61328125,220.6666717529297,171.83203125,231.11764526367188,183.09765625,232.72549438476562,200.80078125,228.7058868408203,215.28515625,221.4705810546875,182.29296875,223.07843017578125,201.60546875,223.07843017578125,216.89453125,-1.0,-1.0,-1.0,-1.0,232.72549438476562,145.27734375,223.07843017578125,145.27734375
-1.0,-1.0,226.98989868164062,154.93359375,235.07070922851562,154.93359375,242.3434295654297,171.02734375,-1.0,-1.0,218.90908813476562,154.93359375,214.86868286132812,168.61328125,221.3333282470703,171.02734375,231.83837890625,182.29296875,235.07070922851562,201.60546875,228.60606384277344,216.08984375,221.3333282470703,181.48828125,223.757568359375,202.41015625,224.56565856933594,219.30859375,-1.0,-1.0,-1.0,-1.0,232.64646911621094,145.27734375,223.757568359375,145.27734375
-1.0,-1.0,227.2941131591797,154.93359375,235.3333282470703,154.93359375,239.35293579101562,171.83203125,-1.0,-1.0,219.25489807128906,154.93359375,216.03921508789062,168.61328125,-1.0,-1.0,232.11764526367188,182.29296875,235.3333282470703,201.60546875,229.7058868408203,215.28515625,221.6666717529297,182.29296875,224.07843017578125,201.60546875,224.88235473632812,217.69921875,-1.0,-1.0,-1.0,-1.0,232.92156982421875,144.47265625,224.88235473632812,145.27734375
-1.0,-1.0,226.9591827392578,155.15625,235.12245178222656,155.96875,240.02041625976562,171.40625,239.20408630371094,181.15625,219.61224365234375,155.15625,217.16326904296875,169.78125,-1.0,-1.0,232.6734619140625,181.96875,235.93878173828125,201.46875,231.85714721679688,216.90625,222.87754821777344,181.15625,224.5102081298828,202.28125,225.3265380859375,220.15625,-1.0,-1.0,-1.0,-1.0,234.30612182617188,144.59375,225.3265380859375,145.40625
232.5445556640625,147.03125,227.6732635498047,155.15625,234.98019409179688,155.96875,242.28712463378906,172.21875,-1.0,-1.0,220.3663330078125,155.15625,217.93069458007812,168.15625,-1.0,-1.0,233.35643005371094,181.96875,236.6039581298828,202.28125,232.5445556640625,219.34375,223.61386108398438,181.15625,224.4257354736328,202.28125,225.2376251220703,220.15625,230.10891723632812,144.59375,234.16831970214844,143.78125,230.10891723632812,146.21875,237.4158477783203,144.59375
-1.0,-1.0,228.7755126953125,155.15625,236.93878173828125,155.15625,243.46939086914062,172.21875,-1.0,-1.0,220.61224365234375,155.15625,218.97959899902344,169.78125,-1.0,-1.0,234.4897918701172,181.96875,236.93878173828125,201.46875,235.30612182617188,218.53125,223.87754821777344,181.15625,225.5102081298828,202.28125,226.3265380859375,220.96875,-1.0,-1.0,-1.0,-1.0,232.85714721679688,146.21875,226.3265380859375,145.40625
233.5445556640625,147.84375,227.86138916015625,155.96875,233.5445556640625,157.59375,242.47525024414062,173.03125,-1.0,-1.0,221.3663330078125,155.15625,218.93069458007812,169.78125,-1.0,-1.0,234.35643005371094,181.96875,236.79208374023438,202.28125,235.98019409179688,220.15625,224.61386108398438,181.96875,225.4257354736328,202.28125,226.2376251220703,220.96875,231.92079162597656,145.40625,235.16831970214844,144.59375,230.29702758789062,146.21875,238.4158477783203,145.40625
234.5445556640625,147.84375,230.4851531982422,155.96875,238.6039581298828,155.96875,242.66336059570312,173.03125,243.47525024414062,182.78125,222.3663330078125,155.15625,220.74256896972656,169.78125,-1.0,-1.0,235.35643005371094,182.78125,237.79208374023438,203.09375,236.98019409179688,221.78125,224.80198669433594,181.96875,225.61386108398438,202.28125,225.61386108398438,221.78125,232.92079162597656,145.40625,236.16831970214844,144.59375,232.92079162597656,147.03125,227.2376251220703,146.21875
239.75509643554688,147.03125,230.7755126953125,155.96875,238.93878173828125,155.96875,243.02041625976562,172.21875,-1.0,-1.0,222.61224365234375,155.96875,-1.0,-1.0,-1.0,-1.0,236.4897918701172,182.78125,238.12245178222656,203.09375,237.30612182617188,220.96875,225.87754821777344,181.96875,225.06121826171875,202.28125,225.87754821777344,220.96875,238.93878173828125,145.40625,-1.0,-1.0,235.6734619140625,146.21875,-1.0,-1.0
-1.0,-1.0,232.4081573486328,155.96875,239.75509643554688,155.96875,244.65306091308594,172.21875,243.83673095703125,180.34375,225.06121826171875,155.96875,-1.0,-1.0,-1.0,-1.0,236.4897918701172,183.59375,238.93878173828125,203.09375,238.12245178222656,221.78125,226.69387817382812,182.78125,226.69387817382812,202.28125,226.69387817382812,222.59375,-1.0,-1.0,-1.0,-1.0,237.30612182617188,146.21875,231.5918426513672,147.03125
