394.3493957519531,218.27734375,389.4337463378906,228.12109375,383.69879150390625,228.12109375,381.240966796875,242.06640625,382.06024169921875,251.91015625,394.3493957519531,227.30078125,396.8072204589844,239.60546875,397.6264953613281,250.26953125,386.97589111328125,251.08984375,389.4337463378906,268.31640625,387.795166015625,285.54296875,393.5301208496094,250.26953125,395.9879455566406,267.49609375,395.1686706542969,281.44140625,392.7108459472656,216.63671875,394.3493957519531,216.63671875,387.795166015625,217.45703125,-1.0,-1.0
395.5301208496094,215.81640625,390.6144714355469,227.30078125,385.69879150390625,228.12109375,381.6024169921875,242.06640625,383.240966796875,253.55078125,396.3493957519531,227.30078125,397.9879455566406,240.42578125,399.6264953613281,251.08984375,388.1566162109375,251.91015625,389.795166015625,273.23828125,388.97589111328125,288.82421875,396.3493957519531,251.08984375,398.8072204589844,273.23828125,393.0722961425781,288.00390625,393.8915710449219,214.17578125,-1.0,-1.0,389.795166015625,215.81640625,-1.0,-1.0
395.0722961425781,216.63671875,390.97589111328125,227.30078125,385.240966796875,227.30078125,381.9638671875,241.24609375,383.6024169921875,254.37109375,396.7108459472656,227.30078125,399.1686706542969,240.42578125,400.8072204589844,251.08984375,389.33734130859375,251.91015625,389.33734130859375,273.23828125,389.33734130859375,288.82421875,396.7108459472656,251.91015625,399.1686706542969,274.05859375,393.4337463378906,287.18359375,393.4337463378906,214.99609375,395.8915710449219,214.99609375,390.1566162109375,216.63671875,-1.0,-1.0
395.76470947265625,215.81640625,390.8235168457031,228.12109375,385.058837890625,227.30078125,381.76470947265625,241.24609375,382.5882263183594,255.19140625,396.5882263183594,227.30078125,399.058837890625,241.24609375,399.8823547363281,251.91015625,388.3529357910156,251.91015625,389.1764831542969,273.23828125,389.1764831542969,289.64453125,396.5882263183594,251.91015625,399.058837890625,273.23828125,391.6470642089844,288.00390625,394.1176452636719,214.17578125,-1.0,-1.0,390.0,215.81640625,-1.0,-1.0
401.8823547363281,217.45703125,396.941162109375,228.94140625,391.1764831542969,229.76171875,393.6470642089844,245.34765625,396.1176452636719,253.55078125,401.8823547363281,228.94140625,403.5294189453125,243.70703125,406.0,253.55078125,392.0,251.91015625,391.1764831542969,271.59765625,388.70587158203125,288.00390625,400.23529052734375,252.73046875,406.0,270.77734375,406.0,284.72265625,400.23529052734375,215.81640625,-1.0,-1.0,396.1176452636719,216.63671875,-1.0,-1.0
403.8823547363281,219.09765625,396.4705810546875,229.76171875,392.3529357910156,229.76171875,397.29412841796875,243.70703125,405.5294189453125,251.08984375,401.4117736816406,228.94140625,403.8823547363281,241.24609375,408.8235168457031,253.55078125,394.0,253.55078125,392.3529357910156,272.41796875,389.058837890625,288.82421875,401.4117736816406,253.55078125,407.1764831542969,272.41796875,408.8235168457031,284.72265625,402.23529052734375,216.63671875,-1.0,-1.0,395.6470642089844,218.27734375,-1.0,-1.0
405.058837890625,219.09765625,399.29412841796875,229.76171875,394.3529357910156,230.58203125,398.4705810546875,244.52734375,407.5294189453125,252.73046875,405.058837890625,228.94140625,405.8823547363281,241.24609375,410.8235168457031,255.19140625,395.1764831542969,253.55078125,394.3529357910156,272.41796875,388.5882263183594,289.64453125,403.4117736816406,253.55078125,410.0,273.23828125,411.6470642089844,285.54296875,403.4117736816406,217.45703125,-1.0,-1.0,398.4705810546875,218.27734375,-1.0,-1.0
404.5882263183594,220.1171875,399.6470642089844,229.2265625,393.8823547363281,230.0546875,398.0,243.3046875,407.058837890625,252.4140625,404.5882263183594,228.3984375,406.23529052734375,240.8203125,-1.0,-1.0,394.70587158203125,253.2421875,393.058837890625,273.9453125,388.1176452636719,289.6796875,402.941162109375,253.2421875,410.3529357910156,275.6015625,412.0,289.6796875,403.76470947265625,217.6328125,406.23529052734375,216.8046875,398.8235168457031,217.6328125,-1.0,-1.0
407.75860595703125,220.1171875,401.137939453125,230.8828125,397.0,230.8828125,401.137939453125,244.1328125,409.4137878417969,254.0703125,406.10345458984375,230.8828125,406.10345458984375,242.4765625,412.7241516113281,256.5546875,397.0,254.8984375,394.5172424316406,273.9453125,388.7241516113281,290.5078125,405.27587890625,254.8984375,411.89654541015625,274.7734375,414.3793029785156,289.6796875,406.10345458984375,217.6328125,407.75860595703125,215.1484375,400.3103332519531,219.2890625,-1.0,-1.0
407.0454406738281,219.27734375,400.5,229.94140625,395.5909118652344,230.76171875,399.68182373046875,243.88671875,409.5,254.55078125,406.2272644042969,229.94140625,407.0454406738281,243.06640625,412.7727355957031,256.19140625,397.2272644042969,254.55078125,394.7727355957031,274.23828125,389.8636474609375,289.82421875,405.4090881347656,254.55078125,412.7727355957031,275.87890625,413.5909118652344,289.00390625,404.5909118652344,217.63671875,-1.0,-1.0,399.68182373046875,218.45703125,-1.0,-1.0
410.68182373046875,219.27734375,405.7727355957031,231.58203125,399.2272644042969,231.58203125,395.9545593261719,246.34765625,410.68182373046875,251.26953125,412.31817626953125,230.76171875,413.9545593261719,243.88671875,-1.0,-1.0,401.68182373046875,253.73046875,398.4090881347656,275.05859375,395.1363525390625,289.00390625,411.5,254.55078125,417.2272644042969,277.51953125,417.2272644042969,289.82421875,408.2272644042969,217.63671875,-1.0,-1.0,404.1363525390625,219.27734375,-1.0,-1.0
414.31817626953125,218.45703125,406.9545593261719,230.76171875,401.2272644042969,230.76171875,406.1363525390625,243.88671875,414.31817626953125,251.26953125,412.68182373046875,230.76171875,415.1363525390625,243.88671875,418.4090881347656,254.55078125,403.68182373046875,252.91015625,402.8636474609375,273.41796875,400.4090881347656,284.90234375,412.68182373046875,253.73046875,417.5909118652344,273.41796875,419.2272644042969,289.00390625,412.68182373046875,216.81640625,-1.0,-1.0,406.9545593261719,217.63671875,-1.0,-1.0
415.022216796875,218.45703125,409.26666259765625,229.94140625,405.1555480957031,229.94140625,409.26666259765625,245.52734375,418.31109619140625,253.73046875,413.3777770996094,229.94140625,415.022216796875,243.88671875,-1.0,-1.0,407.6222229003906,255.37109375,406.79998779296875,273.41796875,405.977783203125,286.54296875,415.022216796875,255.37109375,419.1333312988281,272.59765625,419.95556640625,287.36328125,413.3777770996094,216.81640625,-1.0,-1.0,409.26666259765625,218.45703125,-1.0,-1.0
417.2808837890625,219.4609375,410.62921142578125,230.2265625,407.3033752441406,230.2265625,411.4606628417969,245.9609375,416.4494323730469,254.2421875,414.7865295410156,230.2265625,418.11236572265625,242.6484375,-1.0,-1.0,409.7977600097656,254.2421875,420.60675048828125,276.6015625,420.60675048828125,291.5078125,414.7865295410156,254.2421875,408.9662780761719,277.4296875,403.9775390625,289.8515625,415.61798095703125,216.9765625,-1.0,-1.0,412.2921447753906,218.6328125,-1.0,-1.0
420.9438171386719,216.1484375,413.4606628417969,229.3984375,408.471923828125,229.3984375,410.13482666015625,246.7890625,415.9550476074219,256.7265625,418.4494323730469,228.5703125,422.60675048828125,241.8203125,425.9325866699219,252.5859375,413.4606628417969,255.0703125,413.4606628417969,273.2890625,415.12359619140625,285.7109375,421.7752685546875,255.0703125,421.7752685546875,274.1171875,421.7752685546875,286.5390625,419.2808837890625,214.4921875,-1.0,-1.0,413.4606628417969,216.1484375,-1.0,-1.0
423.24139404296875,215.3203125,415.7930908203125,228.5703125,410.82757568359375,229.3984375,412.4827575683594,248.4453125,414.96551513671875,257.5546875,420.75860595703125,227.7421875,424.89654541015625,242.6484375,427.3793029785156,253.4140625,416.6206970214844,255.8984375,416.6206970214844,273.2890625,414.137939453125,288.1953125,423.24139404296875,255.0703125,424.0689697265625,273.2890625,421.5862121582031,285.7109375,421.5862121582031,214.4921875,-1.0,-1.0,415.7930908203125,216.1484375,-1.0,-1.0
423.9438171386719,216.1484375,418.12359619140625,228.5703125,412.3033752441406,229.3984375,412.3033752441406,247.6171875,414.7977600097656,259.2109375,423.9438171386719,227.7421875,427.2696533203125,242.6484375,429.7640380859375,253.4140625,418.12359619140625,255.8984375,419.7865295410156,275.7734375,419.7865295410156,289.8515625,425.60675048828125,254.2421875,427.2696533203125,275.7734375,427.2696533203125,290.6796875,423.11236572265625,214.4921875,-1.0,-1.0,418.12359619140625,216.1484375,-1.0,-1.0
424.8444519042969,216.17578125,420.73333740234375,227.66015625,414.1555480957031,228.48046875,413.3333435058594,244.06640625,413.3333435058594,256.37109375,426.4888916015625,226.83984375,428.95556640625,239.96484375,431.4222106933594,252.26953125,419.0888977050781,253.08984375,422.3777770996094,274.41796875,419.0888977050781,289.18359375,427.31109619140625,252.26953125,427.31109619140625,274.41796875,427.31109619140625,290.00390625,423.20001220703125,215.35546875,-1.0,-1.0,419.9111022949219,216.17578125,-1.0,-1.0
427.6666564941406,216.17578125,421.9111022949219,227.66015625,416.1555480957031,228.48046875,413.68890380859375,243.24609375,414.5111083984375,254.73046875,427.6666564941406,226.83984375,430.1333312988281,239.14453125,430.1333312988281,252.26953125,419.4444580078125,252.26953125,425.20001220703125,273.59765625,424.3777770996094,291.64453125,426.8444519042969,252.26953125,429.31109619140625,274.41796875,428.4888916015625,290.00390625,426.022216796875,215.35546875,-1.0,-1.0,421.9111022949219,216.17578125,-1.0,-1.0
430.4888916015625,216.17578125,423.9111022949219,227.66015625,418.1555480957031,228.48046875,414.04443359375,243.24609375,414.04443359375,255.55078125,429.6666564941406,226.83984375,431.31109619140625,241.60546875,431.31109619140625,254.73046875,420.6222229003906,253.08984375,426.3777770996094,273.59765625,424.73333740234375,291.64453125,428.022216796875,253.08984375,426.3777770996094,274.41796875,423.0888977050781,290.82421875,428.8444519042969,214.53515625,-1.0,-1.0,424.73333740234375,215.35546875,-1.0,-1.0
430.51611328125,216.99609375,423.9784851074219,229.30078125,419.8924865722656,229.30078125,415.80645751953125,244.06640625,-1.0,-1.0,428.06451416015625,228.48046875,428.8817138671875,243.24609375,432.1505432128906,252.26953125,422.3440856933594,253.08984375,427.247314453125,274.41796875,427.247314453125,291.64453125,428.06451416015625,253.08984375,428.8817138671875,274.41796875,-1.0,-1.0,429.69891357421875,215.35546875,-1.0,-1.0,424.7956848144531,216.99609375,-1.0,-1.0
433.1956481933594,215.4921875,428.2391357421875,228.7421875,423.2825927734375,229.5703125,419.15216064453125,242.8203125,416.6739196777344,255.2421875,434.021728515625,227.9140625,434.84783935546875,241.9921875,435.6739196777344,252.7578125,424.9347839355469,253.5859375,426.5869445800781,275.1171875,424.9347839355469,290.8515625,432.36956787109375,253.5859375,434.84783935546875,274.2890625,438.15216064453125,293.3359375,430.7173767089844,214.6640625,-1.0,-1.0,428.2391357421875,216.3203125,-1.0,-1.0
438.5,216.3203125,430.2391357421875,229.5703125,424.4565124511719,230.3984375,420.3260803222656,243.6484375,421.15216064453125,257.7265625,436.84783935546875,228.7421875,438.5,241.9921875,439.3260803222656,253.5859375,427.7608642578125,254.4140625,436.84783935546875,274.2890625,440.15216064453125,294.9921875,435.1956481933594,254.4140625,427.7608642578125,273.4609375,426.9347839355469,287.5390625,436.021728515625,214.6640625,-1.0,-1.0,431.0652160644531,216.3203125,-1.0,-1.0
439.6739196777344,216.3203125,432.2391357421875,229.5703125,426.4565124511719,230.3984375,421.5,245.3046875,423.15216064453125,257.7265625,438.021728515625,228.7421875,438.84783935546875,244.4765625,439.6739196777344,254.4140625,429.7608642578125,255.2421875,429.7608642578125,272.6328125,425.63043212890625,289.1953125,436.36956787109375,255.2421875,440.5,275.9453125,442.978271484375,295.8203125,438.021728515625,214.6640625,-1.0,-1.0,433.0652160644531,216.3203125,-1.0,-1.0
441.2127685546875,217.1484375,434.574462890625,229.5703125,428.7659606933594,230.3984375,424.6170349121094,243.6484375,423.7872314453125,254.4140625,440.38299560546875,229.5703125,441.2127685546875,243.6484375,442.04254150390625,255.2421875,431.25531005859375,254.4140625,442.04254150390625,275.1171875,-1.0,-1.0,438.723388671875,254.4140625,442.8723449707031,275.9453125,443.7021179199219,296.6484375,439.5531921386719,215.4921875,-1.0,-1.0,434.574462890625,216.3203125,-1.0,-1.0
442.38299560546875,217.1484375,435.74468994140625,229.5703125,430.7659606933594,230.3984375,426.6170349121094,243.6484375,424.95745849609375,252.7578125,441.5531921386719,228.7421875,442.38299560546875,242.8203125,444.04254150390625,254.4140625,434.0851135253906,255.2421875,443.2127685546875,274.2890625,444.8723449707031,294.9921875,441.5531921386719,254.4140625,436.574462890625,274.2890625,427.4468078613281,288.3671875,440.723388671875,215.4921875,442.38299560546875,214.6640625,435.74468994140625,217.1484375,-1.0,-1.0
443.6842041015625,217.17578125,437.93682861328125,229.48046875,433.0105285644531,229.48046875,428.9052734375,242.60546875,426.4421081542969,251.62890625,442.8631591796875,228.66015625,444.5052490234375,242.60546875,445.3263244628906,256.55078125,435.47369384765625,254.91015625,444.5052490234375,276.23828125,445.3263244628906,295.92578125,442.0421142578125,254.91015625,439.5789489746094,276.23828125,427.2631530761719,290.18359375,442.0421142578125,215.53515625,443.6842041015625,215.53515625,437.11578369140625,216.35546875,-1.0,-1.0
444.723388671875,217.3203125,439.74468994140625,229.7421875,434.7659606933594,229.7421875,430.6170349121094,242.9921875,428.95745849609375,254.5859375,444.723388671875,228.9140625,446.38299560546875,242.9921875,448.04254150390625,253.7578125,437.25531005859375,254.5859375,444.723388671875,276.9453125,445.5531921386719,296.8203125,443.89361572265625,254.5859375,442.2340393066406,277.7734375,428.95745849609375,290.1953125,443.0638427734375,215.6640625,445.5531921386719,214.8359375,438.0851135253906,216.4921875,-1.0,-1.0
445.5670166015625,217.3203125,441.44329833984375,228.9140625,436.4948425292969,229.7421875,432.3711242675781,243.8203125,429.89691162109375,255.4140625,445.5670166015625,228.0859375,446.3917541503906,241.3359375,448.865966796875,255.4140625,438.9690856933594,253.7578125,445.5670166015625,276.1171875,444.7422790527344,295.9921875,444.7422790527344,253.7578125,446.3917541503906,275.2890625,431.54638671875,291.0234375,444.7422790527344,215.6640625,446.3917541503906,215.6640625,440.6185607910156,216.4921875,-1.0,-1.0
448.3917541503906,215.6640625,443.44329833984375,228.9140625,438.4948425292969,228.9140625,434.3711242675781,244.6484375,435.19586181640625,257.0703125,448.3917541503906,228.0859375,449.21649169921875,241.3359375,450.865966796875,252.1015625,440.9690856933594,253.7578125,447.5670166015625,275.2890625,445.0927734375,296.8203125,447.5670166015625,253.7578125,449.21649169921875,275.2890625,446.7422790527344,290.1953125,446.7422790527344,214.0078125,-1.0,-1.0,442.6185607910156,215.6640625,-1.0,-1.0
449.723388671875,216.4921875,445.574462890625,227.2578125,440.5957336425781,228.0859375,437.276611328125,242.9921875,437.276611328125,256.2421875,451.38299560546875,226.4296875,-1.0,-1.0,-1.0,-1.0,443.9148864746094,252.1015625,448.0638427734375,274.4609375,444.74468994140625,291.8515625,451.38299560546875,251.2734375,453.8723449707031,274.4609375,449.723388671875,286.8828125,448.0638427734375,214.0078125,449.723388671875,214.8359375,443.9148864746094,216.4921875,-1.0,-1.0
452.5531921386719,216.4921875,447.574462890625,227.2578125,441.7659606933594,228.0859375,440.10638427734375,244.6484375,440.9361572265625,257.0703125,452.5531921386719,227.2578125,455.8723449707031,241.3359375,460.0212707519531,254.5859375,445.0851135253906,254.5859375,448.4042663574219,276.1171875,445.0851135253906,295.9921875,452.5531921386719,253.7578125,455.8723449707031,275.2890625,448.4042663574219,288.5390625,450.0638427734375,214.0078125,453.38299560546875,212.3515625,445.0851135253906,214.8359375,-1.0,-1.0
454.5531921386719,215.6640625,448.74468994140625,227.2578125,443.7659606933594,228.0859375,443.7659606933594,244.6484375,446.25531005859375,255.4140625,454.5531921386719,226.4296875,457.04254150390625,241.3359375,459.53192138671875,253.7578125,447.9148864746094,254.5859375,448.74468994140625,276.9453125,444.5957336425781,296.8203125,454.5531921386719,253.7578125,459.53192138671875,275.2890625,449.574462890625,295.9921875,452.89361572265625,214.0078125,455.38299560546875,213.1796875,447.9148864746094,214.8359375,-1.0,-1.0
456.0833435058594,215.79296875,450.25,227.49609375,445.25,228.33203125,449.4166564941406,244.21484375,452.75,255.91796875,455.25,226.66015625,457.75,242.54296875,461.9166564941406,255.08203125,446.9166564941406,255.08203125,448.5833435058594,275.98046875,445.25,295.20703125,455.25,255.08203125,461.0833435058594,276.81640625,455.25,296.87890625,454.4166564941406,214.12109375,456.9166564941406,212.44921875,449.4166564941406,214.95703125,-1.0,-1.0
457.52630615234375,215.765625,452.47369384765625,227.578125,447.4210510253906,227.578125,451.631591796875,243.609375,462.5789489746094,253.734375,457.52630615234375,227.578125,460.0526428222656,242.765625,464.2631530761719,254.578125,448.2631530761719,253.734375,449.1052551269531,276.515625,445.7368469238281,295.921875,456.6842041015625,253.734375,462.5789489746094,276.515625,460.0526428222656,296.765625,455.84210205078125,214.078125,457.52630615234375,214.921875,450.78948974609375,215.765625,-1.0,-1.0
459.52630615234375,215.765625,454.47369384765625,227.578125,448.5789489746094,227.578125,451.9473571777344,241.078125,461.2105407714844,252.046875,459.52630615234375,227.578125,460.368408203125,241.078125,462.0526428222656,254.578125,449.4210510253906,253.734375,449.4210510253906,274.828125,445.2105407714844,295.921875,457.84210205078125,253.734375,464.5789489746094,275.671875,465.4210510253906,296.765625,457.84210205078125,213.234375,459.52630615234375,214.078125,451.9473571777344,215.765625,-1.0,-1.0
460.6842041015625,216.609375,455.631591796875,228.421875,450.5789489746094,229.265625,453.9473571777344,242.765625,464.8947448730469,253.734375,461.52630615234375,228.421875,462.368408203125,242.765625,465.7368469238281,254.578125,450.5789489746094,255.421875,449.7368469238281,276.515625,445.52630615234375,295.921875,459.84210205078125,254.578125,467.4210510253906,277.359375,469.9473571777344,298.453125,459.84210205078125,214.078125,461.52630615234375,214.078125,453.9473571777344,215.765625,-1.0,-1.0
461.36083984375,216.609375,455.44329833984375,228.421875,450.3711242675781,228.421875,454.5979309082031,242.765625,465.5876159667969,253.734375,461.36083984375,228.421875,463.0515441894531,242.765625,465.5876159667969,255.421875,451.21649169921875,254.578125,450.3711242675781,276.515625,445.2989807128906,296.765625,459.67010498046875,254.578125,467.2783508300781,276.515625,469.8144226074219,297.609375,459.67010498046875,214.078125,461.36083984375,214.078125,454.5979309082031,215.765625,-1.0,-1.0
462.5154724121094,216.609375,457.44329833984375,228.421875,452.3711242675781,228.421875,456.5979309082031,241.921875,465.89691162109375,252.046875,463.36083984375,228.421875,465.0515441894531,242.765625,467.5876159667969,251.203125,454.0618591308594,255.421875,451.5257873535156,277.359375,445.6082458496094,296.765625,462.5154724121094,254.578125,468.4329833984375,275.671875,470.96905517578125,291.703125,460.8247375488281,214.921875,463.36083984375,214.078125,455.7525634765625,215.765625,-1.0,-1.0
465.1979064941406,216.75390625,459.21875,229.52734375,454.9479064941406,229.52734375,459.21875,243.15234375,469.46875,252.51953125,465.1979064941406,228.67578125,466.90625,242.30078125,470.3229064941406,254.22265625,456.65625,255.07421875,453.2395935058594,276.36328125,446.40625,295.09765625,465.1979064941406,254.22265625,470.3229064941406,275.51171875,473.7395935058594,293.39453125,463.4895935058594,215.05078125,-1.0,-1.0,458.3645935058594,216.75390625,-1.0,-1.0
464.6354064941406,218.45703125,462.0729064941406,229.52734375,456.09375,229.52734375,460.3645935058594,243.15234375,470.6145935058594,251.66796875,468.0520935058594,228.67578125,470.6145935058594,241.44921875,473.1770935058594,252.51953125,458.65625,254.22265625,455.2395935058594,276.36328125,446.6979064941406,295.94921875,467.1979064941406,254.22265625,473.1770935058594,277.21484375,475.7395935058594,297.65234375,462.0729064941406,216.75390625,-1.0,-1.0,459.5104064941406,218.45703125,-1.0,-1.0
469.1979064941406,217.60546875,463.21875,229.52734375,458.09375,230.37890625,462.3645935058594,243.15234375,473.46875,252.51953125,470.0520935058594,229.52734375,471.7604064941406,243.15234375,476.03125,254.22265625,460.65625,255.92578125,458.09375,277.21484375,447.84375,295.09765625,470.0520935058594,255.07421875,475.1770935058594,278.91796875,476.03125,299.35546875,467.4895935058594,215.90234375,-1.0,-1.0,462.3645935058594,216.75390625,-1.0,-1.0
466.6363525390625,217.60546875,466.6363525390625,229.52734375,460.69696044921875,229.52734375,465.7878723144531,244.85546875,475.1212158203125,252.51953125,471.7272644042969,228.67578125,473.42425537109375,243.15234375,477.6666564941406,254.22265625,463.242431640625,255.07421875,460.69696044921875,277.21484375,449.6666564941406,295.94921875,471.7272644042969,255.07421875,476.81817626953125,278.06640625,476.81817626953125,298.50390625,465.7878723144531,215.90234375,468.3333435058594,215.05078125,463.242431640625,217.60546875,471.7272644042969,216.75390625
475.42425537109375,215.05078125,471.18182373046875,228.67578125,465.242431640625,229.52734375,467.7878723144531,245.70703125,477.9696960449219,255.07421875,477.1212158203125,227.82421875,478.81817626953125,244.00390625,482.2121276855469,255.92578125,467.7878723144531,255.07421875,468.6363525390625,277.21484375,465.242431640625,291.69140625,476.2727355957031,255.92578125,479.6666564941406,277.21484375,477.9696960449219,296.80078125,474.57574462890625,213.34765625,-1.0,-1.0,469.48486328125,215.90234375,-1.0,-1.0
479.1212158203125,215.05078125,472.3333435058594,228.67578125,467.242431640625,228.67578125,468.0909118652344,244.00390625,473.18182373046875,253.37109375,478.2727355957031,227.82421875,479.9696960449219,242.30078125,481.6666564941406,254.22265625,469.7878723144531,255.07421875,473.18182373046875,276.36328125,478.2727355957031,297.65234375,478.2727355957031,255.92578125,479.1212158203125,277.21484375,478.2727355957031,297.65234375,477.42425537109375,212.49609375,-1.0,-1.0,472.3333435058594,214.19921875,-1.0,-1.0
480.1428527832031,215.1796875,474.1428527832031,228.0703125,468.1428527832031,228.9296875,471.5714416503906,244.3984375,475.0,256.4296875,480.1428527832031,227.2109375,481.8571472167969,241.8203125,485.28570556640625,254.7109375,471.5714416503906,256.4296875,468.1428527832031,278.7734375,463.8571472167969,297.6796875,481.0,257.2890625,480.1428527832031,279.6328125,478.4285583496094,300.2578125,479.28570556640625,212.6015625,-1.0,-1.0,474.1428527832031,214.3203125,-1.0,-1.0
482.5299987792969,215.1796875,475.6499938964844,227.2109375,469.6300048828125,228.9296875,471.3500061035156,246.1171875,474.7900085449219,258.1484375,482.5299987792969,226.3515625,484.25,241.8203125,485.9700012207031,252.1328125,474.7900085449219,256.4296875,472.2099914550781,280.4921875,468.7699890136719,299.3984375,481.6700134277344,256.4296875,480.80999755859375,279.6328125,479.0899963378906,299.3984375,481.6700134277344,213.4609375,-1.0,-1.0,475.6499938964844,214.3203125,-1.0,-1.0
483.6700134277344,215.1796875,477.6499938964844,227.2109375,472.489990234375,228.0703125,470.7699890136719,245.2578125,472.489990234375,259.0078125,483.6700134277344,226.3515625,486.25,240.9609375,487.9700012207031,251.2734375,476.7900085449219,253.8515625,480.2300109863281,277.0546875,476.7900085449219,298.5390625,484.5299987792969,252.9921875,481.95001220703125,277.9140625,478.510009765625,296.8203125,482.80999755859375,213.4609375,-1.0,-1.0,476.7900085449219,215.1796875,-1.0,-1.0
484.28570556640625,215.1796875,478.28570556640625,227.2109375,472.28570556640625,228.9296875,471.4285583496094,246.9765625,473.1428527832031,259.8671875,484.28570556640625,226.3515625,485.1428527832031,239.2421875,486.8571472167969,249.5546875,476.5714416503906,253.8515625,480.0,277.9140625,477.4285583496094,298.5390625,484.28570556640625,252.9921875,481.71429443359375,277.9140625,478.28570556640625,297.6796875,482.5714416503906,213.4609375,-1.0,-1.0,477.4285583496094,215.1796875,-1.0,-1.0
488.8571472167969,216.0390625,482.0,227.2109375,476.0,228.0703125,473.4285583496094,242.6796875,471.71429443359375,254.7109375,488.8571472167969,227.2109375,489.71429443359375,241.8203125,490.5714416503906,253.8515625,479.4285583496094,253.8515625,486.28570556640625,276.1953125,485.4285583496094,297.6796875,487.1428527832031,253.8515625,485.4285583496094,276.1953125,478.5714416503906,298.5390625,486.28570556640625,213.4609375,-1.0,-1.0,480.28570556640625,215.1796875,-1.0,-1.0
490.0,216.0390625,484.0,228.0703125,477.1428527832031,228.0703125,472.8571472167969,242.6796875,471.1428527832031,254.7109375,490.8571472167969,227.2109375,490.8571472167969,240.9609375,492.5714416503906,252.1328125,480.5714416503906,253.8515625,490.0,276.1953125,490.8571472167969,296.8203125,488.28570556640625,253.8515625,484.0,276.1953125,479.71429443359375,295.9609375,488.28570556640625,213.4609375,490.0,213.4609375,482.28570556640625,216.0390625,-1.0,-1.0
491.83837890625,216.17578125,485.757568359375,228.31640625,478.8080749511719,228.31640625,474.46466064453125,243.05859375,471.85858154296875,254.33203125,492.7070617675781,227.44921875,491.83837890625,240.45703125,492.7070617675781,251.73046875,481.4141540527344,254.33203125,491.83837890625,276.87890625,495.3131408691406,297.69140625,489.2323303222656,254.33203125,483.1515197753906,276.87890625,479.6767578125,296.82421875,490.10101318359375,214.44140625,-1.0,-1.0,484.02020263671875,216.17578125,-1.0,-1.0
493.83837890625,216.17578125,487.757568359375,228.31640625,480.8080749511719,229.18359375,476.46466064453125,241.32421875,472.1212158203125,254.33203125,493.83837890625,228.31640625,493.83837890625,239.58984375,-1.0,-1.0,483.4141540527344,254.33203125,492.9696960449219,276.87890625,497.3131408691406,296.82421875,491.2323303222656,255.19921875,484.2828369140625,276.01171875,480.8080749511719,295.95703125,492.10101318359375,214.44140625,-1.0,-1.0,486.02020263671875,216.17578125,-1.0,-1.0
494.9696960449219,216.17578125,488.8888854980469,228.31640625,481.93939208984375,229.18359375,476.7272644042969,243.92578125,472.38385009765625,254.33203125,495.83837890625,229.18359375,496.7070617675781,242.19140625,498.4444580078125,252.59765625,485.4141540527344,254.33203125,495.83837890625,276.87890625,500.18182373046875,296.82421875,493.2323303222656,254.33203125,486.2828369140625,276.87890625,481.0707092285156,296.82421875,492.3636474609375,215.30859375,494.9696960449219,215.30859375,487.1515197753906,217.04296875,-1.0,-1.0
497.83837890625,216.17578125,491.757568359375,229.18359375,484.8080749511719,229.18359375,477.85858154296875,243.05859375,472.6464538574219,254.33203125,498.7070617675781,229.18359375,500.4444580078125,243.05859375,500.4444580078125,253.46484375,488.2828369140625,255.19921875,497.83837890625,276.87890625,501.3131408691406,296.82421875,496.10101318359375,255.19921875,489.1515197753906,276.01171875,481.3333435058594,295.95703125,496.10101318359375,214.44140625,497.83837890625,214.44140625,489.1515197753906,216.17578125,-1.0,-1.0
500.23760986328125,216.17578125,493.267333984375,229.18359375,485.4257507324219,230.05078125,480.1980285644531,243.05859375,473.22772216796875,254.33203125,500.23760986328125,229.18359375,501.9801940917969,243.92578125,502.85150146484375,255.19921875,489.78216552734375,254.33203125,500.23760986328125,276.87890625,503.7227783203125,299.42578125,498.49505615234375,255.19921875,492.3960266113281,276.87890625,481.9405822753906,295.95703125,498.49505615234375,213.57421875,501.9801940917969,212.70703125,490.6534729003906,216.17578125,-1.0,-1.0
501.3663330078125,216.17578125,495.267333984375,229.18359375,487.4257507324219,230.05078125,481.32672119140625,243.05859375,475.22772216796875,255.19921875,503.1089172363281,229.18359375,503.9801940917969,243.92578125,503.9801940917969,255.19921875,492.6534729003906,255.19921875,502.23760986328125,277.74609375,504.85150146484375,298.55859375,501.3663330078125,255.19921875,495.267333984375,276.87890625,483.0693054199219,295.08984375,498.7524719238281,214.44140625,501.3663330078125,213.57421875,492.6534729003906,217.04296875,-1.0,-1.0
502.49505615234375,216.3125,497.267333984375,228.5625,490.2970275878906,229.4375,483.32672119140625,242.5625,478.0989990234375,254.8125,504.23760986328125,228.5625,505.1089172363281,241.6875,506.85150146484375,251.3125,494.6534729003906,255.6875,502.49505615234375,276.6875,505.1089172363281,298.5625,503.3663330078125,254.8125,497.267333984375,277.5625,486.8118896484375,294.1875,500.7524719238281,214.5625,502.49505615234375,213.6875,494.6534729003906,216.3125,-1.0,-1.0
504.49505615234375,216.3125,499.267333984375,228.5625,492.2970275878906,228.5625,487.0693054199219,242.5625,480.0989990234375,254.8125,506.23760986328125,227.6875,507.9801940917969,241.6875,509.7227783203125,251.3125,496.6534729003906,255.6875,504.49505615234375,279.3125,505.3663330078125,298.5625,505.3663330078125,254.8125,511.46533203125,269.6875,492.2970275878906,294.1875,501.8811950683594,213.6875,504.49505615234375,212.8125,495.78216552734375,216.3125,-1.0,-1.0
506.49505615234375,215.4375,500.3960266113281,227.6875,494.2970275878906,228.5625,489.0693054199219,243.4375,484.7128601074219,254.8125,507.3663330078125,227.6875,507.3663330078125,240.8125,509.9801940917969,251.3125,497.78216552734375,253.9375,505.6237487792969,276.6875,505.6237487792969,296.8125,505.6237487792969,253.0625,513.46533203125,267.9375,494.2970275878906,295.0625,503.8811950683594,213.6875,506.49505615234375,212.8125,498.6534729003906,215.4375,-1.0,-1.0
508.0194091796875,215.4375,502.7767028808594,227.6875,496.6601867675781,227.6875,491.41748046875,243.4375,489.6698913574219,254.8125,509.7669982910156,226.8125,510.6407775878906,239.9375,510.6407775878906,251.3125,501.02911376953125,253.9375,506.2718505859375,276.6875,505.3980712890625,298.5625,508.8931884765625,253.0625,505.3980712890625,277.5625,504.5242614746094,296.8125,506.2718505859375,213.6875,508.0194091796875,212.8125,501.02911376953125,215.4375,-1.0,-1.0
510.76470947265625,214.68359375,505.4705810546875,227.04296875,498.4117736816406,227.04296875,495.76470947265625,242.05078125,494.0,254.41015625,511.6470642089844,226.16015625,511.6470642089844,240.28515625,513.4117431640625,250.87890625,501.941162109375,253.52734375,506.3529357910156,275.59765625,504.5882263183594,296.78515625,509.8823547363281,253.52734375,508.1176452636719,275.59765625,509.0,291.48828125,508.1176452636719,213.80078125,509.8823547363281,212.91796875,502.8235168457031,214.68359375,-1.0,-1.0
511.4038391113281,214.68359375,507.8653869628906,226.16015625,500.7884521484375,227.04296875,498.1346130371094,241.16796875,498.1346130371094,252.64453125,514.0576782226562,227.04296875,515.826904296875,239.40234375,517.5961303710938,249.99609375,504.3269348144531,252.64453125,507.8653869628906,274.71484375,505.2115478515625,295.01953125,512.2884521484375,252.64453125,511.4038391113281,275.59765625,506.98077392578125,293.25390625,508.75,212.91796875,511.4038391113281,212.03515625,504.3269348144531,214.68359375,-1.0,-1.0
512.5192260742188,213.80078125,508.98077392578125,226.16015625,502.7884521484375,227.04296875,501.01922607421875,242.05078125,501.9038391113281,256.17578125,515.173095703125,226.16015625,517.826904296875,240.28515625,518.7115478515625,249.99609375,505.44232177734375,254.41015625,507.2115478515625,276.48046875,505.44232177734375,297.66796875,514.2884521484375,254.41015625,516.9423217773438,274.71484375,510.75,296.78515625,510.75,212.03515625,513.4038696289062,210.26953125,506.3269348144531,214.68359375,-1.0,-1.0
-1.0,-1.0,510.4905700683594,226.3828125,504.28302001953125,227.2734375,503.396240234375,241.5234375,506.0566101074219,255.7734375,516.6981201171875,226.3828125,518.4716796875,237.9609375,519.3585205078125,248.6484375,507.8302001953125,253.9921875,508.71697998046875,278.9296875,510.4905700683594,296.7421875,515.8113403320312,253.9921875,513.1509399414062,278.9296875,506.0566101074219,298.5234375,-1.0,-1.0,-1.0,-1.0,507.8302001953125,214.8046875,-1.0,-1.0
517.2285766601562,214.82421875,511.8571472167969,226.50390625,506.4857177734375,226.50390625,508.27618408203125,241.77734375,511.8571472167969,256.15234375,518.123779296875,225.60546875,519.914306640625,239.98046875,-1.0,-1.0,507.3809509277344,255.25390625,507.3809509277344,278.61328125,505.5904846191406,300.17578125,518.123779296875,254.35546875,522.5999755859375,277.71484375,519.01904296875,300.17578125,514.5428466796875,212.12890625,517.2285766601562,210.33203125,510.0666809082031,213.92578125,-1.0,-1.0
519.6448364257812,213.92578125,514.2616577148438,226.50390625,508.8785095214844,226.50390625,512.46728515625,242.67578125,518.7476806640625,252.55859375,519.6448364257812,225.60546875,521.4392700195312,239.08203125,-1.0,-1.0,508.8785095214844,255.25390625,508.8785095214844,277.71484375,505.28973388671875,300.17578125,518.7476806640625,255.25390625,524.130859375,277.71484375,525.0280151367188,301.97265625,516.9532470703125,212.12890625,-1.0,-1.0,512.46728515625,213.92578125,-1.0,-1.0
520.603759765625,214.953125,516.9811401367188,226.734375,510.6415100097656,227.640625,514.26416015625,243.046875,521.5094604492188,253.015625,522.4151000976562,226.734375,527.8490600585938,240.328125,-1.0,-1.0,510.6415100097656,254.828125,509.73583984375,279.296875,506.11322021484375,301.046875,519.6981201171875,254.828125,525.132080078125,276.578125,527.8490600585938,293.796875,518.79248046875,213.140625,520.603759765625,214.046875,514.26416015625,214.953125,-1.0,-1.0
521.2129516601562,214.953125,516.6759033203125,226.734375,510.3240661621094,227.640625,514.861083984375,243.046875,522.120361328125,252.109375,523.9351806640625,226.734375,529.379638671875,240.328125,525.75,253.015625,510.3240661621094,254.828125,509.4166564941406,278.390625,506.6944580078125,299.234375,521.2129516601562,255.734375,524.8425903320312,276.578125,527.5648193359375,294.703125,519.3981323242188,213.140625,521.2129516601562,213.140625,513.9536743164062,214.953125,-1.0,-1.0
523.2129516601562,215.859375,518.6759033203125,227.640625,511.4166564941406,227.640625,516.861083984375,243.046875,526.8425903320312,253.921875,525.0277709960938,227.640625,528.6574096679688,242.140625,528.6574096679688,255.734375,513.2315063476562,254.828125,510.5092468261719,277.484375,506.879638671875,298.328125,523.2129516601562,255.734375,529.5648193359375,277.484375,534.1018676757812,300.140625,521.3981323242188,213.140625,524.120361328125,213.140625,515.9536743164062,214.953125,-1.0,-1.0
525.9449462890625,215.99609375,520.4403686523438,227.87890625,514.935791015625,227.87890625,518.6055297851562,243.41796875,528.697265625,251.64453125,526.8623657226562,226.96484375,529.6146850585938,240.67578125,531.4495239257812,252.55859375,516.7706298828125,255.30078125,513.1008911132812,276.32421875,508.5137634277344,297.34765625,525.0275268554688,254.38671875,530.5321044921875,276.32421875,535.1192626953125,296.43359375,524.110107421875,214.16796875,525.9449462890625,214.16796875,517.6880493164062,215.08203125,-1.0,-1.0
527.9449462890625,217.82421875,523.3577880859375,228.79296875,516.935791015625,228.79296875,520.6055297851562,243.41796875,531.6146850585938,252.55859375,530.697265625,228.79296875,533.4495239257812,242.50390625,534.366943359375,252.55859375,519.6880493164062,255.30078125,517.8532104492188,275.41015625,519.6880493164062,289.12109375,527.9449462890625,255.30078125,531.6146850585938,274.49609375,535.284423828125,293.69140625,525.1926879882812,215.99609375,527.9449462890625,215.08203125,519.6880493164062,216.91015625,-1.0,-1.0
529.8623657226562,218.73828125,526.1926879882812,228.79296875,519.7706298828125,228.79296875,523.4403686523438,243.41796875,534.4495239257812,251.64453125,533.5321044921875,229.70703125,535.366943359375,243.41796875,537.2018432617188,252.55859375,520.6880493164062,256.21484375,518.8532104492188,277.23828125,515.1834716796875,290.03515625,530.77978515625,256.21484375,535.366943359375,278.15234375,538.1192626953125,297.34765625,527.110107421875,216.91015625,530.77978515625,216.91015625,522.52294921875,216.91015625,-1.0,-1.0
534.6146850585938,215.99609375,528.1926879882812,229.70703125,520.8532104492188,230.62109375,526.3577880859375,245.24609375,535.5321044921875,251.64453125,534.6146850585938,228.79296875,536.4495239257812,243.41796875,538.284423828125,251.64453125,523.6055297851562,256.21484375,521.7706298828125,277.23828125,519.935791015625,289.12109375,533.697265625,256.21484375,537.366943359375,278.15234375,539.2018432617188,295.51953125,532.77978515625,213.25390625,534.6146850585938,212.33984375,524.52294921875,215.08203125,-1.0,-1.0
536.1351318359375,214.2890625,529.7026977539062,228.1171875,525.1080932617188,228.1171875,528.7838134765625,244.7109375,538.8919067382812,253.9296875,535.2161865234375,228.1171875,537.0540771484375,242.8671875,540.729736328125,253.0078125,526.0270385742188,254.8515625,526.0270385742188,275.1328125,525.1080932617188,287.1171875,534.2973022460938,254.8515625,537.9729614257812,274.2109375,539.810791015625,291.7265625,533.3783569335938,212.4453125,536.1351318359375,209.6796875,526.9459228515625,215.2109375,-1.0,-1.0
538.1351318359375,215.2109375,532.6216430664062,228.1171875,527.1080932617188,228.1171875,529.8648681640625,243.7890625,539.9729614257812,253.9296875,539.0540771484375,228.1171875,539.9729614257812,243.7890625,542.729736328125,253.0078125,528.9459228515625,254.8515625,528.9459228515625,274.2109375,528.0270385742188,288.0390625,536.2973022460938,255.7734375,538.1351318359375,273.2890625,537.2161865234375,289.8828125,535.3783569335938,213.3671875,539.0540771484375,212.4453125,529.8648681640625,216.1328125,-1.0,-1.0
540.5,215.2109375,534.9444580078125,228.1171875,528.4629516601562,228.1171875,531.24072265625,242.8671875,539.5740966796875,253.9296875,541.4259033203125,227.1953125,542.3518676757812,243.7890625,544.2037353515625,253.9296875,530.3148193359375,255.7734375,531.24072265625,282.5078125,527.5370483398438,295.4140625,538.6481323242188,255.7734375,544.2037353515625,279.7421875,542.3518676757812,298.1796875,537.7222290039062,213.3671875,541.4259033203125,212.4453125,532.1666870117188,215.2109375,-1.0,-1.0
543.0485229492188,210.51171875,536.6602172851562,227.87890625,531.1844482421875,227.87890625,533.0097045898438,244.33203125,540.3106689453125,256.21484375,543.961181640625,227.87890625,543.961181640625,243.41796875,547.6116333007812,252.55859375,533.9223022460938,255.30078125,534.8349609375,280.89453125,527.5339965820312,290.94921875,542.1359252929688,256.21484375,544.873779296875,279.98046875,542.1359252929688,298.26171875,540.3106689453125,209.59765625,-1.0,-1.0,534.8349609375,212.33984375,-1.0,-1.0
545.8163452148438,211.4453125,539.3877563476562,227.1171875,532.9591674804688,227.1171875,534.7958984375,243.7109375,541.2244873046875,257.5390625,545.8163452148438,226.1953125,547.653076171875,242.7890625,549.4898071289062,253.8515625,536.6326293945312,255.6953125,543.9796142578125,280.5859375,542.1428833007812,299.0234375,544.89794921875,255.6953125,547.653076171875,278.7421875,541.2244873046875,299.9453125,543.9796142578125,208.6796875,-1.0,-1.0,536.6326293945312,212.3671875,-1.0,-1.0
548.2916870117188,211.33984375,541.875,226.87890625,535.4583129882812,227.79296875,536.375,245.16015625,540.9583129882812,257.04296875,548.2916870117188,225.96484375,551.0416870117188,241.50390625,-1.0,-1.0,540.0416870117188,255.21484375,543.7083129882812,280.80859375,540.9583129882812,298.17578125,548.2916870117188,254.30078125,548.2916870117188,281.72265625,543.7083129882812,298.17578125,546.4583129882812,208.59765625,-1.0,-1.0,539.125,212.25390625,-1.0,-1.0
548.888916015625,211.33984375,541.5999755859375,226.87890625,535.2222290039062,227.79296875,537.04443359375,246.98828125,543.4222412109375,263.44140625,547.977783203125,225.96484375,549.7999877929688,241.50390625,-1.0,-1.0,539.7777709960938,256.12890625,543.4222412109375,280.80859375,541.5999755859375,301.83203125,547.977783203125,255.21484375,547.066650390625,281.72265625,542.5111083984375,300.91796875,546.1555786132812,208.59765625,-1.0,-1.0,538.8666381835938,212.25390625,-1.0,-1.0
552.876708984375,213.41015625,545.4246826171875,226.42578125,539.8356323242188,227.35546875,537.9725952148438,245.01953125,538.9041137695312,260.82421875,552.876708984375,226.42578125,-1.0,-1.0,-1.0,-1.0,545.4246826171875,255.24609375,549.1506958007812,279.41796875,543.5616455078125,298.94140625,553.8082275390625,253.38671875,548.2191772460938,279.41796875,547.2876586914062,298.01171875,550.0822143554688,210.62109375,-1.0,-1.0,545.4246826171875,211.55078125,-1.0,-1.0
553.0843505859375,212.53515625,546.5301513671875,226.48046875,539.9758911132812,226.48046875,536.6987915039062,245.34765625,539.1566162109375,259.29296875,553.9036254882812,226.48046875,-1.0,-1.0,-1.0,-1.0,545.7108154296875,254.37109375,548.9879760742188,276.51953125,548.168701171875,294.56640625,553.0843505859375,253.55078125,546.5301513671875,276.51953125,542.4337158203125,296.20703125,551.44580078125,210.07421875,-1.0,-1.0,545.7108154296875,211.71484375,-1.0,-1.0
