-1.0,-1.0,265.42529296875,129.67578125,290.02301025390625,127.21484375,304.7816162109375,164.12890625,-1.0,-1.0,238.36781311035156,132.13671875,238.36781311035156,178.89453125,238.36781311035156,213.34765625,287.563232421875,201.04296875,285.10345458984375,267.48828125,280.18389892578125,338.85546875,258.0459899902344,205.96484375,265.42529296875,267.48828125,262.96551513671875,319.16796875,-1.0,-1.0,-1.0,-1.0,277.7241516113281,100.14453125,253.12643432617188,102.60546875
-1.0,-1.0,260.42529296875,132.13671875,285.02301025390625,127.21484375,299.7816162109375,166.58984375,-1.0,-1.0,235.8275909423828,132.13671875,230.90805053710938,176.43359375,233.36781311035156,210.88671875,282.563232421875,203.50390625,277.6436767578125,269.94921875,272.7241516113281,338.85546875,253.0459747314453,205.96484375,260.42529296875,267.48828125,257.96551513671875,324.08984375,-1.0,-1.0,-1.0,-1.0,272.7241516113281,100.14453125,248.12643432617188,105.06640625
-1.0,-1.0,254.42529296875,132.13671875,279.02301025390625,127.21484375,293.7816162109375,166.58984375,-1.0,-1.0,229.8275909423828,134.59765625,224.90805053710938,178.89453125,224.90805053710938,213.34765625,276.563232421875,205.96484375,271.6436767578125,269.94921875,264.2643737792969,336.39453125,247.0459747314453,205.96484375,254.42529296875,267.48828125,259.3448181152344,331.47265625,-1.0,-1.0,-1.0,-1.0,266.7241516113281,102.60546875,239.6666717529297,105.06640625
-1.0,-1.0,248.31817626953125,132.13671875,272.8636474609375,129.67578125,285.1363525390625,166.58984375,267.95452880859375,171.51171875,223.77273559570312,134.59765625,218.86363220214844,181.35546875,218.86363220214844,213.34765625,267.95452880859375,208.42578125,263.04547119140625,269.94921875,258.1363525390625,338.85546875,240.9545440673828,208.42578125,250.77273559570312,267.48828125,253.22726440429688,333.93359375,-1.0,-1.0,-1.0,-1.0,258.1363525390625,102.60546875,236.0454559326172,105.06640625
-1.0,-1.0,243.42529296875,134.59765625,265.563232421875,129.67578125,280.32183837890625,166.58984375,263.10345458984375,169.05078125,218.8275909423828,137.05859375,213.90805053710938,183.81640625,211.44827270507812,215.80859375,263.10345458984375,210.88671875,260.6436767578125,272.41015625,250.80459594726562,338.85546875,236.0459747314453,210.88671875,245.8850555419922,269.94921875,248.34483337402344,338.85546875,-1.0,-1.0,-1.0,-1.0,253.26437377929688,105.06640625,231.12643432617188,107.52734375
-1.0,-1.0,234.86363220214844,132.13671875,259.4090881347656,129.67578125,274.1363525390625,169.05078125,261.8636474609375,178.89453125,212.77273559570312,134.59765625,207.86363220214844,183.81640625,207.86363220214844,220.73046875,256.95452880859375,210.88671875,252.0454559326172,272.41015625,244.68182373046875,341.31640625,229.9545440673828,213.34765625,239.77273559570312,272.41015625,242.22726440429688,341.31640625,-1.0,-1.0,-1.0,-1.0,247.13636779785156,105.06640625,225.0454559326172,107.52734375
-1.0,-1.0,229.96551513671875,132.13671875,252.10345458984375,129.67578125,269.32183837890625,169.05078125,279.1609191894531,198.58203125,205.36781311035156,134.59765625,200.44827270507812,183.81640625,202.90805053710938,233.03515625,252.10345458984375,213.34765625,247.1839141845703,274.87109375,239.80459594726562,338.85546875,222.58621215820312,215.80859375,232.42529296875,274.87109375,237.34483337402344,341.31640625,-1.0,-1.0,-1.0,-1.0,242.26437377929688,105.06640625,220.12643432617188,105.06640625
-1.0,-1.0,223.86363220214844,132.13671875,245.9545440673828,129.67578125,260.68182373046875,169.05078125,272.95452880859375,186.27734375,201.77273559570312,134.59765625,196.86363220214844,178.89453125,194.40908813476562,210.88671875,243.5,210.88671875,241.0454559326172,272.41015625,233.68182373046875,336.39453125,216.5,210.88671875,228.77273559570312,272.41015625,228.77273559570312,341.31640625,-1.0,-1.0,-1.0,-1.0,236.13636779785156,105.06640625,214.0454559326172,105.06640625
-1.0,-1.0,218.96551513671875,132.359375,241.10345458984375,129.890625,255.86207580566406,171.859375,268.1609191894531,166.921875,196.8275909423828,132.359375,191.90805053710938,181.734375,189.44827270507812,216.296875,238.6436767578125,211.359375,236.1839141845703,275.546875,231.26437377929688,334.796875,209.12643432617188,211.359375,223.8850555419922,275.546875,221.42529296875,339.734375,-1.0,-1.0,-1.0,-1.0,231.26437377929688,105.203125,209.12643432617188,105.203125
-1.0,-1.0,213.41378784179688,132.359375,233.27584838867188,129.890625,248.1724090576172,171.859375,263.0689697265625,166.921875,191.0689697265625,132.359375,186.10345458984375,189.140625,186.10345458984375,223.703125,233.27584838867188,211.359375,230.7930908203125,278.015625,215.89654541015625,342.203125,205.96551513671875,213.828125,218.37930297851562,278.015625,225.82757568359375,334.796875,-1.0,-1.0,-1.0,-1.0,225.82757568359375,105.203125,203.48275756835938,105.203125
-1.0,-1.0,207.50575256347656,132.359375,227.1839141845703,129.890625,239.48275756835938,169.390625,254.2413787841797,174.328125,185.36781311035156,132.359375,180.44827270507812,186.671875,180.44827270507812,221.234375,224.72413635253906,211.359375,222.26437377929688,278.015625,209.96551513671875,339.734375,197.6666717529297,213.828125,212.42529296875,278.015625,224.72413635253906,332.328125,-1.0,-1.0,-1.0,-1.0,219.80459594726562,105.203125,197.6666717529297,105.203125
-1.0,-1.0,198.96551513671875,132.359375,221.31033325195312,129.890625,233.72413635253906,169.390625,251.10345458984375,171.859375,179.10345458984375,134.828125,176.62069702148438,181.734375,176.62069702148438,223.703125,218.82757568359375,211.359375,221.31033325195312,278.015625,206.41378784179688,334.796875,191.51724243164062,213.828125,206.41378784179688,275.546875,213.862060546875,332.328125,-1.0,-1.0,-1.0,-1.0,216.34481811523438,102.734375,194.0,102.734375
-1.0,-1.0,193.12643432617188,129.890625,215.26437377929688,127.421875,227.56321716308594,166.921875,244.7816162109375,176.796875,170.98851013183594,132.359375,170.98851013183594,171.859375,175.90805053710938,228.640625,212.80459594726562,213.828125,217.72413635253906,275.546875,200.50575256347656,332.328125,183.287353515625,213.828125,200.50575256347656,273.078125,205.42529296875,329.859375,-1.0,-1.0,-1.0,-1.0,207.8850555419922,102.734375,185.74713134765625,105.203125
-1.0,-1.0,187.0,129.890625,209.34481811523438,127.421875,221.7586212158203,166.921875,239.13792419433594,174.328125,167.13792419433594,134.828125,162.1724090576172,171.859375,-1.0,-1.0,211.82757568359375,213.828125,216.7930908203125,280.484375,196.9310302734375,329.859375,179.55172729492188,216.296875,196.9310302734375,275.546875,196.9310302734375,327.390625,-1.0,-1.0,-1.0,-1.0,204.37930297851562,102.734375,182.03448486328125,105.203125
208.26437377929688,102.734375,183.6666717529297,129.890625,203.34483337402344,127.421875,218.10345458984375,166.921875,235.32183837890625,174.328125,161.5287322998047,134.828125,159.0689697265625,176.796875,166.44827270507812,211.359375,203.34483337402344,211.359375,213.1839141845703,278.015625,191.0459747314453,324.921875,176.287353515625,213.828125,191.0459747314453,275.546875,191.0459747314453,327.390625,203.34483337402344,97.796875,-1.0,-1.0,198.42529296875,105.203125,178.74713134765625,107.671875
204.82757568359375,100.265625,180.0,129.890625,199.862060546875,127.421875,212.27584838867188,166.921875,229.65516662597656,176.796875,157.65516662597656,132.359375,155.1724090576172,179.265625,160.13792419433594,216.296875,199.862060546875,208.890625,212.27584838867188,270.609375,189.9310302734375,324.921875,172.55172729492188,213.828125,184.96551513671875,273.078125,187.44827270507812,324.921875,199.862060546875,97.796875,-1.0,-1.0,194.89654541015625,102.734375,177.51724243164062,105.203125
201.26437377929688,100.265625,176.6666717529297,129.890625,196.34483337402344,127.421875,208.6436767578125,169.390625,225.86207580566406,174.328125,154.5287322998047,132.359375,152.0689697265625,171.859375,-1.0,-1.0,198.80459594726562,208.890625,211.10345458984375,270.609375,188.96551513671875,324.921875,169.287353515625,213.828125,181.58621215820312,273.078125,181.58621215820312,324.921875,196.34483337402344,97.796875,-1.0,-1.0,191.42529296875,102.734375,-1.0,-1.0
200.31033325195312,100.265625,173.0,127.421875,192.862060546875,124.953125,205.27584838867188,169.390625,220.1724090576172,176.796875,153.13792419433594,129.890625,148.1724090576172,169.390625,-1.0,-1.0,195.34481811523438,206.421875,210.2413787841797,268.140625,187.89654541015625,327.390625,165.55172729492188,208.890625,177.96551513671875,270.609375,180.44827270507812,329.859375,195.34481811523438,95.328125,-1.0,-1.0,187.89654541015625,100.265625,-1.0,-1.0
196.72413635253906,100.265625,169.6666717529297,124.953125,189.34483337402344,124.953125,201.6436767578125,169.390625,216.4022979736328,176.796875,149.98851013183594,124.953125,145.0689697265625,159.515625,-1.0,-1.0,194.26437377929688,206.421875,206.56321716308594,268.140625,191.80459594726562,327.390625,162.287353515625,208.890625,172.12643432617188,273.078125,177.0459747314453,337.265625,191.80459594726562,95.328125,-1.0,-1.0,184.42529296875,97.796875,-1.0,-1.0
195.7930908203125,100.265625,168.48275756835938,124.953125,188.34481811523438,124.953125,198.27584838867188,166.921875,215.65516662597656,179.265625,151.10345458984375,124.953125,143.65516662597656,157.046875,-1.0,-1.0,193.31033325195312,203.953125,208.20689392089844,265.671875,193.31033325195312,332.328125,161.03448486328125,206.421875,168.48275756835938,273.078125,170.96551513671875,337.265625,193.31033325195312,97.796875,-1.0,-1.0,183.37930297851562,97.796875,-1.0,-1.0
194.6436767578125,102.734375,167.58621215820312,127.421875,187.26437377929688,127.421875,197.10345458984375,169.390625,211.86207580566406,179.265625,150.36781311035156,124.953125,140.5287322998047,154.578125,-1.0,-1.0,189.72413635253906,203.953125,204.48275756835938,268.140625,197.10345458984375,332.328125,160.20689392089844,208.890625,165.12643432617188,273.078125,165.12643432617188,339.734375,192.1839141845703,97.796875,194.6436767578125,97.796875,177.42529296875,100.265625,-1.0,-1.0
198.72413635253906,102.734375,168.9310302734375,127.421875,186.31033325195312,127.421875,198.72413635253906,169.390625,211.13792419433594,184.203125,149.0689697265625,129.890625,141.62069702148438,157.046875,-1.0,-1.0,191.27584838867188,211.359375,201.20689392089844,270.609375,201.20689392089844,334.796875,159.0,211.359375,163.96551513671875,275.546875,163.96551513671875,342.203125,193.7586212158203,97.796875,-1.0,-1.0,181.34481811523438,100.265625,-1.0,-1.0
197.10345458984375,105.203125,167.58621215820312,127.421875,187.26437377929688,127.421875,197.10345458984375,171.859375,209.4022979736328,181.734375,150.36781311035156,129.890625,138.0689697265625,159.515625,-1.0,-1.0,189.72413635253906,211.359375,199.56321716308594,275.546875,209.4022979736328,334.796875,157.74713134765625,211.359375,160.20689392089844,275.546875,162.6666717529297,342.203125,192.1839141845703,97.796875,197.10345458984375,97.796875,182.34483337402344,100.265625,-1.0,-1.0
198.27584838867188,105.203125,170.96551513671875,129.890625,190.82757568359375,127.421875,200.7586212158203,171.859375,213.1724090576172,179.265625,151.10345458984375,132.359375,141.1724090576172,159.515625,-1.0,-1.0,190.82757568359375,211.359375,200.7586212158203,275.546875,213.1724090576172,332.328125,158.55172729492188,211.359375,161.03448486328125,275.546875,158.55172729492188,342.203125,195.7930908203125,100.265625,200.7586212158203,100.265625,183.37930297851562,105.203125,-1.0,-1.0
201.6436767578125,105.203125,172.12643432617188,132.359375,191.80459594726562,127.421875,201.6436767578125,174.328125,218.86207580566406,179.265625,152.44827270507812,134.828125,142.60919189453125,161.984375,-1.0,-1.0,189.34483337402344,211.359375,201.6436767578125,275.546875,213.94253540039062,332.328125,162.287353515625,211.359375,162.287353515625,275.546875,157.36781311035156,342.203125,194.26437377929688,100.265625,201.6436767578125,100.265625,184.42529296875,105.203125,-1.0,-1.0
202.7930908203125,105.203125,175.48275756835938,132.359375,197.82757568359375,129.890625,205.27584838867188,174.328125,-1.0,-1.0,158.10345458984375,132.359375,145.6896514892578,161.984375,-1.0,-1.0,192.862060546875,208.890625,205.27584838867188,278.015625,215.20689392089844,334.796875,163.0689697265625,208.890625,165.55172729492188,275.546875,158.10345458984375,342.203125,197.82757568359375,100.265625,205.27584838867188,97.796875,187.89654541015625,105.203125,-1.0,-1.0
206.1839141845703,105.203125,179.12643432617188,134.828125,198.80459594726562,129.890625,208.6436767578125,174.328125,225.86207580566406,169.390625,161.90805053710938,134.828125,149.60919189453125,159.515625,-1.0,-1.0,198.80459594726562,211.359375,208.6436767578125,278.015625,216.0229949951172,334.796875,169.287353515625,211.359375,171.74713134765625,275.546875,156.98851013183594,342.203125,201.26437377929688,100.265625,208.6436767578125,97.796875,188.96551513671875,105.203125,-1.0,-1.0
211.6436767578125,105.203125,182.12643432617188,132.359375,204.26437377929688,129.890625,214.10345458984375,174.328125,-1.0,-1.0,162.44827270507812,132.359375,155.0689697265625,161.984375,-1.0,-1.0,201.80459594726562,211.359375,211.6436767578125,278.015625,216.56321716308594,334.796875,172.287353515625,211.359375,174.74713134765625,275.546875,157.5287322998047,339.734375,206.72413635253906,102.734375,-1.0,-1.0,194.42529296875,105.203125,-1.0,-1.0
215.6436767578125,105.203125,186.12643432617188,132.359375,208.26437377929688,129.890625,218.10345458984375,174.328125,230.4022979736328,208.890625,168.90805053710938,132.359375,156.60919189453125,164.453125,-1.0,-1.0,208.26437377929688,213.828125,215.6436767578125,278.015625,218.10345458984375,337.265625,176.287353515625,213.828125,181.20689392089844,278.015625,161.5287322998047,334.796875,210.72413635253906,100.265625,215.6436767578125,97.796875,198.42529296875,102.734375,-1.0,-1.0
218.6436767578125,105.203125,189.12643432617188,132.359375,211.26437377929688,129.890625,223.56321716308594,174.328125,-1.0,-1.0,169.44827270507812,134.828125,162.0689697265625,166.921875,-1.0,-1.0,211.26437377929688,213.828125,218.6436767578125,278.015625,218.6436767578125,337.265625,181.74713134765625,216.296875,189.12643432617188,275.546875,166.98851013183594,329.859375,216.1839141845703,100.265625,-1.0,-1.0,206.34483337402344,102.734375,-1.0,-1.0
224.7586212158203,105.203125,199.9310302734375,132.359375,217.31033325195312,129.890625,229.72413635253906,171.859375,-1.0,-1.0,180.0689697265625,134.828125,172.62069702148438,161.984375,-1.0,-1.0,217.31033325195312,211.359375,222.27584838867188,278.015625,222.27584838867188,337.265625,190.0,211.359375,194.96551513671875,275.546875,172.62069702148438,327.390625,222.27584838867188,100.265625,-1.0,-1.0,209.862060546875,102.734375,-1.0,-1.0
228.10345458984375,105.203125,203.50575256347656,132.359375,220.72413635253906,129.890625,233.0229949951172,171.859375,-1.0,-1.0,183.8275909423828,132.359375,178.90805053710938,159.515625,-1.0,-1.0,218.26437377929688,206.421875,223.1839141845703,275.546875,223.1839141845703,337.265625,193.6666717529297,206.421875,198.58621215820312,275.546875,178.90805053710938,324.921875,225.6436767578125,97.796875,-1.0,-1.0,215.80459594726562,105.203125,-1.0,-1.0
234.2413787841797,105.203125,206.9310302734375,129.890625,226.7930908203125,127.421875,239.20689392089844,171.859375,239.20689392089844,169.390625,187.0689697265625,132.359375,182.10345458984375,161.984375,-1.0,-1.0,224.31033325195312,206.421875,226.7930908203125,278.015625,224.31033325195312,337.265625,197.0,206.421875,204.44827270507812,273.078125,189.55172729492188,322.453125,229.27584838867188,100.265625,-1.0,-1.0,221.82757568359375,105.203125,-1.0,-1.0
240.0229949951172,105.203125,212.96551513671875,129.890625,232.6436767578125,127.421875,242.48275756835938,171.859375,247.4022979736328,166.921875,193.287353515625,129.890625,188.36781311035156,161.984375,-1.0,-1.0,227.72413635253906,203.953125,227.72413635253906,273.078125,225.26437377929688,337.265625,200.6666717529297,203.953125,210.50575256347656,268.140625,198.20689392089844,319.984375,235.10345458984375,100.265625,-1.0,-1.0,225.26437377929688,105.203125,-1.0,-1.0
243.72413635253906,105.203125,216.41378784179688,129.890625,236.27584838867188,127.421875,246.20689392089844,171.859375,256.137939453125,166.921875,194.0689697265625,132.359375,191.58621215820312,164.453125,-1.0,-1.0,231.31033325195312,206.421875,231.31033325195312,275.546875,226.34481811523438,337.265625,204.0,206.421875,221.37930297851562,273.078125,206.48275756835938,315.046875,238.7586212158203,100.265625,-1.0,-1.0,231.31033325195312,105.203125,-1.0,-1.0
246.8636474609375,106.06640625,219.86363220214844,130.67578125,239.5,128.21484375,249.31817626953125,170.05078125,261.5909118652344,172.51171875,200.22727966308594,130.67578125,195.31817626953125,162.66796875,-1.0,-1.0,237.0454559326172,206.96484375,232.13636779785156,275.87109375,227.22726440429688,337.39453125,210.0454559326172,206.96484375,224.77273559570312,275.87109375,222.31817626953125,332.47265625,241.9545440673828,101.14453125,-1.0,-1.0,237.0454559326172,106.06640625,-1.0,-1.0
251.0229949951172,108.52734375,223.96551513671875,130.67578125,243.6436767578125,128.21484375,255.94253540039062,172.51171875,263.32183837890625,167.58984375,204.287353515625,133.13671875,196.90805053710938,165.12890625,-1.0,-1.0,238.72413635253906,206.96484375,236.26437377929688,278.33203125,228.8850555419922,337.39453125,214.12643432617188,209.42578125,228.8850555419922,278.33203125,226.42529296875,339.85546875,246.10345458984375,103.60546875,-1.0,-1.0,238.72413635253906,106.06640625,219.0459747314453,108.52734375
-1.0,-1.0,227.96551513671875,130.67578125,250.10345458984375,128.21484375,259.9425354003906,170.05078125,272.24139404296875,170.05078125,208.287353515625,133.13671875,200.90805053710938,160.20703125,-1.0,-1.0,242.72413635253906,206.96484375,240.26437377929688,278.33203125,232.8850555419922,339.85546875,218.12643432617188,206.96484375,232.8850555419922,278.33203125,232.8850555419922,337.39453125,-1.0,-1.0,-1.0,-1.0,245.1839141845703,106.06640625,220.58621215820312,106.06640625
-1.0,-1.0,231.41378784179688,133.359375,253.7586212158203,130.890625,263.68963623046875,170.390625,273.6206970214844,187.671875,211.55172729492188,135.828125,204.10345458984375,165.453125,-1.0,-1.0,248.7930908203125,207.421875,241.34481811523438,276.546875,231.41378784179688,343.203125,223.96551513671875,209.890625,248.7930908203125,276.546875,253.7586212158203,330.859375,-1.0,-1.0,-1.0,-1.0,248.7930908203125,108.671875,223.96551513671875,111.140625
-1.0,-1.0,237.31817626953125,134.13671875,259.4090881347656,131.67578125,269.2272644042969,175.97265625,-1.0,-1.0,215.22727966308594,136.59765625,207.86363220214844,163.66796875,-1.0,-1.0,252.0454559326172,207.96484375,244.68182373046875,276.87109375,234.86363220214844,340.85546875,227.5,210.42578125,254.5,276.87109375,264.31817626953125,333.47265625,-1.0,-1.0,-1.0,-1.0,254.5,109.52734375,229.9545440673828,111.98828125
-1.0,-1.0,241.42529296875,136.59765625,263.563232421875,131.67578125,273.40228271484375,175.97265625,-1.0,-1.0,219.287353515625,136.59765625,211.90805053710938,163.66796875,-1.0,-1.0,256.18389892578125,210.42578125,248.80459594726562,274.41015625,236.50575256347656,340.85546875,231.58621215820312,212.88671875,258.6436767578125,274.41015625,270.9425354003906,328.55078125,-1.0,-1.0,-1.0,-1.0,258.6436767578125,111.98828125,231.58621215820312,114.44921875
-1.0,-1.0,245.42529296875,136.59765625,267.563232421875,134.13671875,277.40228271484375,175.97265625,-1.0,-1.0,223.287353515625,139.05859375,220.8275909423828,168.58984375,-1.0,-1.0,262.6436767578125,212.88671875,252.80459594726562,279.33203125,238.0459747314453,343.31640625,238.0459747314453,212.88671875,265.10345458984375,279.33203125,277.40228271484375,328.55078125,-1.0,-1.0,-1.0,-1.0,262.6436767578125,111.98828125,238.0459747314453,111.98828125
-1.0,-1.0,251.37930297851562,136.828125,273.72412109375,134.359375,281.17242431640625,173.859375,-1.0,-1.0,229.03448486328125,136.828125,224.0689697265625,168.921875,-1.0,-1.0,266.2758483886719,205.953125,258.82757568359375,275.078125,238.96551513671875,341.734375,241.44827270507812,208.421875,271.24139404296875,272.609375,283.6551513671875,331.859375,-1.0,-1.0,-1.0,-1.0,266.2758483886719,112.140625,243.9310302734375,109.671875
-1.0,-1.0,252.31817626953125,135.13671875,276.8636474609375,132.67578125,284.2272644042969,174.51171875,-1.0,-1.0,230.22727966308594,140.05859375,230.22727966308594,181.89453125,232.68182373046875,221.26953125,269.5,208.96484375,264.5909118652344,272.94921875,242.5,339.39453125,242.5,213.88671875,274.4090881347656,270.48828125,286.68182373046875,332.01171875,-1.0,-1.0,-1.0,-1.0,269.5,110.52734375,247.40908813476562,110.52734375
-1.0,-1.0,256.42529296875,135.13671875,278.563232421875,132.67578125,288.40228271484375,174.51171875,-1.0,-1.0,236.74713134765625,137.59765625,231.8275909423828,176.97265625,236.74713134765625,218.80859375,273.6436767578125,208.96484375,271.18389892578125,272.94921875,246.58621215820312,334.47265625,246.58621215820312,211.42578125,276.10345458984375,272.94921875,285.9425354003906,334.47265625,-1.0,-1.0,-1.0,-1.0,271.18389892578125,110.52734375,246.58621215820312,112.98828125
-1.0,-1.0,260.42529296875,135.13671875,280.10345458984375,132.67578125,289.9425354003906,172.05078125,302.24139404296875,164.66796875,240.74713134765625,135.13671875,238.287353515625,169.58984375,-1.0,-1.0,277.6436767578125,211.42578125,275.18389892578125,277.87109375,250.58621215820312,329.55078125,253.0459747314453,211.42578125,275.18389892578125,275.41015625,287.4827575683594,334.47265625,-1.0,-1.0,-1.0,-1.0,272.7241516113281,108.06640625,250.58621215820312,110.52734375
-1.0,-1.0,263.89654541015625,135.359375,283.75860595703125,132.890625,293.68963623046875,169.921875,303.6206970214844,182.265625,241.55172729492188,137.828125,239.0689697265625,174.859375,-1.0,-1.0,281.2758483886719,211.890625,283.75860595703125,276.078125,253.96551513671875,327.921875,253.96551513671875,211.890625,276.3103332519531,276.078125,288.72412109375,335.328125,-1.0,-1.0,-1.0,-1.0,276.3103332519531,108.203125,253.96551513671875,110.671875
-1.0,-1.0,266.3023376464844,133.4609375,286.02325439453125,131.0078125,298.3488464355469,170.2578125,-1.0,-1.0,244.11627197265625,138.3671875,241.6511688232422,175.1640625,-1.0,-1.0,286.02325439453125,211.9609375,293.4186096191406,273.2890625,261.3721008300781,319.8984375,256.4418640136719,211.9609375,276.16278076171875,270.8359375,290.9534912109375,334.6171875,-1.0,-1.0,-1.0,-1.0,278.6278991699219,106.4765625,256.4418640136719,106.4765625
-1.0,-1.0,266.3953552246094,133.24609375,288.3721008300781,130.80078125,300.5813903808594,172.37109375,-1.0,-1.0,246.86045837402344,135.69140625,239.53488159179688,172.37109375,-1.0,-1.0,288.3721008300781,209.05078125,298.1395263671875,272.62890625,268.83721923828125,326.42578125,259.06976318359375,213.94140625,278.6046447753906,275.07421875,288.3721008300781,333.76171875,-1.0,-1.0,-1.0,-1.0,281.0465087890625,103.90234375,256.6278991699219,106.34765625
-1.0,-1.0,269.3953552246094,133.81640625,291.3721008300781,131.38671875,301.1395263671875,172.69140625,-1.0,-1.0,249.86045837402344,136.24609375,247.41860961914062,177.55078125,-1.0,-1.0,288.93023681640625,209.13671875,306.02325439453125,269.87890625,279.16278076171875,318.47265625,259.6278991699219,211.56640625,279.16278076171875,269.87890625,279.16278076171875,318.47265625,-1.0,-1.0,-1.0,-1.0,284.0465087890625,104.66015625,259.6278991699219,107.08984375
-1.0,-1.0,271.9534912109375,131.1796875,293.720947265625,131.1796875,303.3953552246094,169.9296875,298.5581359863281,182.0390625,252.60464477539062,133.6015625,247.76744079589844,174.7734375,-1.0,-1.0,291.30230712890625,206.2578125,308.2325439453125,269.2265625,284.0465087890625,320.0859375,262.279052734375,208.6796875,276.79071044921875,269.2265625,279.20928955078125,317.6640625,-1.0,-1.0,-1.0,-1.0,286.4651184082031,104.5390625,262.279052734375,106.9609375
-1.0,-1.0,274.5116271972656,131.765625,296.06976318359375,129.359375,305.6511535644531,170.265625,-1.0,-1.0,252.9534912109375,134.171875,250.55813598632812,170.265625,-1.0,-1.0,296.06976318359375,206.359375,312.83721923828125,266.515625,293.6744079589844,321.859375,264.93023681640625,211.171875,276.906982421875,271.328125,281.6976623535156,326.671875,-1.0,-1.0,-1.0,-1.0,288.88372802734375,105.296875,264.93023681640625,107.703125
-1.0,-1.0,275.20001220703125,131.55859375,299.20001220703125,129.16015625,308.79998779296875,169.93359375,-1.0,-1.0,253.60000610351562,133.95703125,251.1999969482422,172.33203125,-1.0,-1.0,299.20001220703125,205.91015625,313.6000061035156,265.87109375,306.3999938964844,323.43359375,268.0,210.70703125,280.0,273.06640625,287.20001220703125,333.02734375,-1.0,-1.0,-1.0,-1.0,289.6000061035156,102.77734375,268.0,105.17578125
-1.0,-1.0,279.48809814453125,131.3515625,301.1309509277344,131.3515625,313.1547546386719,171.9921875,317.96429443359375,193.5078125,255.4404754638672,131.3515625,253.03570556640625,164.8203125,-1.0,-1.0,303.53570556640625,207.8515625,315.55950927734375,267.6171875,313.1547546386719,329.7734375,269.8690490722656,210.2421875,279.48809814453125,274.7890625,286.702392578125,334.5546875,-1.0,-1.0,-1.0,-1.0,291.51190185546875,102.6640625,269.8690490722656,105.0546875
-1.0,-1.0,280.7764587402344,134.3125,304.5411682128906,131.9375,314.04705810546875,172.3125,314.04705810546875,191.3125,257.01177978515625,136.6875,257.01177978515625,167.5625,-1.0,-1.0,304.5411682128906,207.9375,316.42352294921875,267.3125,321.17645263671875,329.0625,271.2705993652344,210.3125,280.7764587402344,272.0625,285.5294189453125,336.1875,-1.0,-1.0,-1.0,-1.0,295.0352783203125,103.4375,273.6470642089844,105.8125
-1.0,-1.0,283.25,134.09765625,306.8214416503906,131.73046875,316.25,171.97265625,-1.0,-1.0,259.6785583496094,136.46484375,259.6785583496094,171.97265625,-1.0,-1.0,306.8214416503906,209.84765625,318.6071472167969,271.39453125,325.6785888671875,328.20703125,273.8214416503906,212.21484375,280.8928527832031,273.76171875,285.6071472167969,337.67578125,-1.0,-1.0,-1.0,-1.0,295.03570556640625,105.69140625,273.8214416503906,108.05859375
-1.0,-1.0,286.3252868652344,134.66796875,309.93975830078125,132.31640625,319.3855285644531,172.29296875,-1.0,-1.0,262.7108459472656,137.01953125,260.3493957519531,172.29296875,-1.0,-1.0,309.93975830078125,209.91796875,319.3855285644531,273.41015625,333.55419921875,327.49609375,276.8795166015625,212.26953125,281.6024169921875,273.41015625,286.3252868652344,341.60546875,-1.0,-1.0,-1.0,-1.0,300.49395751953125,106.44921875,276.8795166015625,106.44921875
-1.0,-1.0,291.240966796875,136.796875,314.61444091796875,134.453125,321.6264953613281,174.296875,-1.0,-1.0,265.5301208496094,139.140625,263.1927795410156,171.953125,-1.0,-1.0,309.93975830078125,207.109375,321.6264953613281,272.734375,335.6506042480469,326.640625,279.5542297363281,211.796875,284.2289123535156,272.734375,286.5662536621094,343.046875,-1.0,-1.0,-1.0,-1.0,300.5903625488281,106.328125,279.5542297363281,108.671875
-1.0,-1.0,293.1463317871094,136.57421875,316.56097412109375,131.90234375,325.92681884765625,171.61328125,328.2682800292969,187.96484375,267.3902587890625,138.91015625,265.04876708984375,173.94921875,276.756103515625,204.31640625,314.2195129394531,208.98828125,323.5853576660156,272.05859375,337.6341552734375,325.78515625,281.43902587890625,211.32421875,286.1219482421875,272.05859375,286.1219482421875,342.13671875,-1.0,-1.0,-1.0,-1.0,304.8536682128906,106.20703125,283.7804870605469,108.54296875
-1.0,-1.0,296.795166015625,134.80859375,319.9277038574219,132.48828125,329.18072509765625,174.25390625,-1.0,-1.0,271.3493957519531,139.44921875,266.722900390625,171.93359375,-1.0,-1.0,319.9277038574219,211.37890625,326.8674621582031,274.02734375,336.1204833984375,327.39453125,285.2289123535156,213.69921875,287.54217529296875,274.02734375,285.2289123535156,341.31640625,-1.0,-1.0,-1.0,-1.0,308.3614501953125,106.96484375,285.2289123535156,109.28515625
-1.0,-1.0,298.795166015625,134.80859375,324.240966796875,132.48828125,331.18072509765625,171.93359375,-1.0,-1.0,275.66265869140625,139.44921875,273.3493957519531,176.57421875,-1.0,-1.0,321.9277038574219,211.37890625,328.8674621582031,271.70703125,335.8072204589844,327.39453125,287.2289123535156,213.69921875,291.85540771484375,271.70703125,284.9156494140625,336.67578125,-1.0,-1.0,-1.0,-1.0,310.3614501953125,104.64453125,289.54217529296875,106.96484375
-1.0,-1.0,301.795166015625,134.80859375,327.240966796875,130.16796875,336.49395751953125,169.61328125,-1.0,-1.0,278.66265869140625,137.12890625,276.3493957519531,174.25390625,285.6024169921875,204.41796875,324.9277038574219,209.05859375,331.8674621582031,269.38671875,336.49395751953125,327.39453125,290.2289123535156,211.37890625,294.85540771484375,271.70703125,285.6024169921875,334.35546875,-1.0,-1.0,-1.0,-1.0,313.3614501953125,104.64453125,292.54217529296875,106.96484375
-1.0,-1.0,306.1084289550781,132.48828125,329.240966796875,130.16796875,340.8072204589844,167.29296875,345.4337158203125,183.53515625,282.97589111328125,134.80859375,280.66265869140625,171.93359375,282.97589111328125,206.73828125,326.9277038574219,204.41796875,333.8674621582031,269.38671875,338.49395751953125,329.71484375,294.54217529296875,206.73828125,299.1686706542969,271.70703125,287.6024169921875,329.71484375,-1.0,-1.0,-1.0,-1.0,315.3614501953125,102.32421875,294.54217529296875,106.96484375
-1.0,-1.0,308.0243835449219,132.48828125,333.51220703125,130.16796875,342.7804870605469,169.61328125,-1.0,-1.0,284.8536682128906,134.80859375,282.5365905761719,176.57421875,287.17071533203125,206.73828125,331.19512939453125,209.05859375,335.82928466796875,271.70703125,338.1463317871094,327.39453125,298.756103515625,211.37890625,305.7073059082031,271.70703125,291.80487060546875,329.71484375,-1.0,-1.0,-1.0,-1.0,319.6097412109375,104.64453125,296.43902587890625,106.96484375
-1.0,-1.0,311.1084289550781,132.48828125,336.55419921875,127.84765625,345.8072204589844,167.29296875,-1.0,-1.0,287.97589111328125,134.80859375,285.66265869140625,176.57421875,287.97589111328125,204.41796875,331.9277038574219,209.05859375,336.55419921875,269.38671875,338.8674621582031,332.03515625,301.85540771484375,211.37890625,306.48193359375,271.70703125,297.2289123535156,322.75390625,-1.0,-1.0,-1.0,-1.0,322.6746826171875,104.64453125,299.54217529296875,106.96484375
-1.0,-1.0,315.3414611816406,130.16796875,338.51220703125,127.84765625,352.4146423339844,164.97265625,-1.0,-1.0,289.8536682128906,134.80859375,287.5365905761719,178.89453125,292.17071533203125,206.73828125,333.8780517578125,209.05859375,338.51220703125,271.70703125,340.82928466796875,332.03515625,303.756103515625,209.05859375,310.7073059082031,267.06640625,303.756103515625,315.79296875,-1.0,-1.0,-1.0,-1.0,324.6097412109375,102.32421875,303.756103515625,104.64453125
-1.0,-1.0,318.42169189453125,130.16796875,341.55419921875,127.84765625,355.4337158203125,164.97265625,362.37347412109375,185.85546875,292.97589111328125,134.80859375,290.66265869140625,178.89453125,295.2891540527344,206.73828125,336.9277038574219,209.05859375,339.240966796875,271.70703125,341.55419921875,334.35546875,306.85540771484375,209.05859375,313.795166015625,267.06640625,309.1686706542969,318.11328125,-1.0,-1.0,-1.0,-1.0,327.6746826171875,102.32421875,304.54217529296875,104.64453125
-1.0,-1.0,320.3414611816406,130.16796875,345.82928466796875,127.84765625,359.731689453125,162.65234375,362.04876708984375,185.85546875,294.8536682128906,130.16796875,292.5365905761719,176.57421875,292.5365905761719,209.05859375,338.8780517578125,206.73828125,341.19512939453125,269.38671875,343.51220703125,332.03515625,308.756103515625,209.05859375,318.0243835449219,267.06640625,315.7073059082031,315.79296875,-1.0,-1.0,-1.0,-1.0,329.6097412109375,102.32421875,306.43902587890625,102.32421875
-1.0,-1.0,323.42169189453125,130.16796875,348.8674621582031,127.84765625,362.7469787597656,164.97265625,360.4337158203125,192.81640625,297.97589111328125,132.48828125,295.66265869140625,174.25390625,297.97589111328125,204.41796875,341.9277038574219,206.73828125,344.240966796875,267.06640625,344.240966796875,327.39453125,309.54217529296875,209.05859375,318.795166015625,264.74609375,321.1084289550781,318.11328125,-1.0,-1.0,-1.0,-1.0,332.6746826171875,102.32421875,309.54217529296875,104.64453125
-1.0,-1.0,325.42169189453125,130.16796875,350.8674621582031,127.84765625,364.7469787597656,167.29296875,355.49395751953125,188.17578125,299.97589111328125,132.48828125,295.3493957519531,176.57421875,295.3493957519531,206.73828125,341.61444091796875,209.05859375,343.9277038574219,269.38671875,343.9277038574219,332.03515625,313.85540771484375,209.05859375,323.1084289550781,267.06640625,327.73492431640625,318.11328125,-1.0,-1.0,-1.0,-1.0,334.6746826171875,102.32421875,311.54217529296875,104.64453125
-1.0,-1.0,328.42169189453125,130.16796875,353.8674621582031,127.84765625,367.7469787597656,164.97265625,363.1204833984375,188.17578125,302.97589111328125,132.48828125,298.3493957519531,176.57421875,296.0361328125,209.05859375,344.61444091796875,206.73828125,346.9277038574219,269.38671875,344.61444091796875,334.35546875,316.85540771484375,206.73828125,326.1084289550781,269.38671875,333.0481872558594,325.07421875,-1.0,-1.0,-1.0,-1.0,337.6746826171875,102.32421875,314.54217529296875,104.64453125
-1.0,-1.0,330.42169189453125,130.16796875,355.8674621582031,127.84765625,369.7469787597656,164.97265625,369.7469787597656,190.49609375,304.97589111328125,132.48828125,300.3493957519531,176.57421875,298.0361328125,209.05859375,346.61444091796875,204.41796875,348.9277038574219,267.06640625,344.30120849609375,332.03515625,318.85540771484375,204.41796875,328.1084289550781,267.06640625,339.6746826171875,327.39453125,-1.0,-1.0,-1.0,-1.0,339.6746826171875,102.32421875,316.54217529296875,104.64453125
-1.0,-1.0,331.1084289550781,130.16796875,358.8674621582031,127.84765625,370.4337158203125,162.65234375,372.7469787597656,188.17578125,307.97589111328125,132.48828125,303.3493957519531,174.25390625,303.3493957519531,206.73828125,349.61444091796875,199.77734375,349.61444091796875,264.74609375,344.9879455566406,329.71484375,321.85540771484375,202.09765625,331.1084289550781,264.74609375,340.3614501953125,327.39453125,-1.0,-1.0,-1.0,-1.0,340.3614501953125,102.32421875,319.54217529296875,104.64453125
-1.0,-1.0,333.1084289550781,130.16796875,358.55419921875,127.84765625,372.4337158203125,160.33203125,377.06024169921875,188.17578125,309.97589111328125,132.48828125,305.3493957519531,174.25390625,303.0361328125,206.73828125,351.61444091796875,197.45703125,351.61444091796875,264.74609375,346.9879455566406,332.03515625,323.85540771484375,199.77734375,333.1084289550781,262.42578125,340.0481872558594,322.75390625,-1.0,-1.0,-1.0,-1.0,342.3614501953125,102.32421875,321.54217529296875,104.64453125
-1.0,-1.0,335.3414611816406,130.16796875,360.82928466796875,127.84765625,372.4146423339844,162.65234375,377.04876708984375,190.49609375,309.8536682128906,132.48828125,305.2195129394531,178.89453125,302.9024353027344,211.37890625,353.8780517578125,199.77734375,353.8780517578125,267.06640625,349.243896484375,329.71484375,326.07318115234375,202.09765625,335.3414611816406,264.74609375,342.2926940917969,318.11328125,-1.0,-1.0,-1.0,-1.0,344.6097412109375,102.32421875,321.43902587890625,104.64453125
-1.0,-1.0,335.8292541503906,131.6953125,361.5853576660156,127.0390625,375.6341552734375,164.2890625,375.6341552734375,189.8984375,312.4146423339844,134.0234375,307.7317199707031,178.2578125,305.3902587890625,210.8515625,354.56097412109375,199.2109375,356.9024353027344,264.3984375,352.2195129394531,329.5859375,326.4634094238281,201.5390625,335.8292541503906,264.3984375,345.19512939453125,322.6015625,-1.0,-1.0,-1.0,-1.0,345.19512939453125,101.4296875,321.7804870605469,106.0859375
-1.0,-1.0,336.3414611816406,131.48828125,361.82928466796875,126.84765625,373.4146423339844,163.97265625,373.4146423339844,189.49609375,313.17071533203125,133.80859375,308.5365905761719,180.21484375,303.9024353027344,212.69921875,354.8780517578125,198.77734375,354.8780517578125,266.06640625,350.243896484375,331.03515625,327.07318115234375,203.41796875,336.3414611816406,263.74609375,345.6097412109375,321.75390625,-1.0,-1.0,-1.0,-1.0,343.2926940917969,101.32421875,322.43902587890625,105.96484375
-1.0,-1.0,337.42169189453125,131.48828125,362.8674621582031,126.84765625,374.4337158203125,163.97265625,376.7469787597656,189.49609375,311.97589111328125,136.12890625,309.66265869140625,180.21484375,305.0361328125,212.69921875,355.9277038574219,201.09765625,355.9277038574219,266.06640625,351.30120849609375,331.03515625,328.1686706542969,203.41796875,339.73492431640625,266.06640625,348.9879455566406,324.07421875,-1.0,-1.0,-1.0,-1.0,344.3614501953125,101.32421875,323.54217529296875,105.96484375
-1.0,-1.0,336.8292541503906,130.6953125,362.5853576660156,126.0390625,376.6341552734375,163.2890625,376.6341552734375,186.5703125,313.4146423339844,135.3515625,311.07318115234375,181.9140625,306.3902587890625,212.1796875,357.9024353027344,200.5390625,357.9024353027344,263.3984375,353.2195129394531,330.9140625,329.80487060546875,202.8671875,339.17071533203125,263.3984375,350.8780517578125,323.9296875,-1.0,-1.0,-1.0,-1.0,346.19512939453125,100.4296875,322.7804870605469,105.0859375
-1.0,-1.0,338.42169189453125,130.48828125,363.8674621582031,125.84765625,375.4337158203125,160.65234375,380.06024169921875,186.17578125,312.97589111328125,132.80859375,310.66265869140625,179.21484375,306.0361328125,211.69921875,356.9277038574219,200.09765625,359.240966796875,262.74609375,354.61444091796875,327.71484375,329.1686706542969,204.73828125,340.73492431640625,265.06640625,349.9879455566406,323.07421875,-1.0,-1.0,-1.0,-1.0,345.3614501953125,100.32421875,324.54217529296875,104.96484375
-1.0,-1.0,338.42169189453125,130.48828125,363.8674621582031,125.84765625,375.4337158203125,160.65234375,377.7469787597656,186.17578125,312.97589111328125,132.80859375,310.66265869140625,179.21484375,306.0361328125,211.69921875,356.9277038574219,195.45703125,361.55419921875,260.42578125,354.61444091796875,325.39453125,326.85540771484375,202.41796875,340.73492431640625,265.06640625,352.30120849609375,323.07421875,-1.0,-1.0,-1.0,-1.0,345.3614501953125,100.32421875,324.54217529296875,104.96484375
-1.0,-1.0,337.8292541503906,127.3671875,363.5853576660156,122.7109375,377.6341552734375,162.2890625,375.29266357421875,185.5703125,312.07318115234375,132.0234375,309.7317199707031,180.9140625,307.3902587890625,211.1796875,358.9024353027344,201.8671875,363.5853576660156,269.3828125,354.2195129394531,327.5859375,328.4634094238281,208.8515625,340.17071533203125,274.0390625,354.2195129394531,325.2578125,-1.0,-1.0,-1.0,-1.0,347.19512939453125,99.4296875,323.7804870605469,104.0859375
-1.0,-1.0,336.1084289550781,129.48828125,363.8674621582031,124.84765625,375.4337158203125,159.65234375,377.7469787597656,185.17578125,312.97589111328125,131.80859375,308.3493957519531,180.53515625,306.0361328125,210.69921875,359.240966796875,201.41796875,361.55419921875,268.70703125,354.61444091796875,329.03515625,326.85540771484375,206.05859375,340.73492431640625,273.34765625,352.30120849609375,326.71484375,-1.0,-1.0,-1.0,-1.0,345.3614501953125,99.32421875,324.54217529296875,103.96484375
-1.0,-1.0,336.1084289550781,127.16796875,363.8674621582031,124.84765625,375.4337158203125,159.65234375,377.7469787597656,185.17578125,312.97589111328125,131.80859375,308.3493957519531,180.53515625,306.0361328125,210.69921875,359.240966796875,201.41796875,361.55419921875,268.70703125,354.61444091796875,326.71484375,326.85540771484375,206.05859375,340.73492431640625,273.34765625,352.30120849609375,326.71484375,-1.0,-1.0,-1.0,-1.0,345.3614501953125,99.32421875,324.54217529296875,103.96484375
-1.0,-1.0,335.48779296875,128.6953125,363.5853576660156,121.7109375,377.6341552734375,161.2890625,375.29266357421875,186.8984375,309.7317199707031,133.3515625,309.7317199707031,179.9140625,307.3902587890625,210.1796875,358.9024353027344,200.8671875,363.5853576660156,266.0546875,354.2195129394531,326.5859375,326.1219482421875,203.1953125,340.17071533203125,266.0546875,351.8780517578125,324.2578125,-1.0,-1.0,-1.0,-1.0,344.8536682128906,98.4296875,323.7804870605469,103.0859375
-1.0,-1.0,336.1084289550781,128.48828125,363.8674621582031,123.84765625,375.4337158203125,160.97265625,375.4337158203125,188.81640625,310.66265869140625,133.12890625,308.3493957519531,177.21484375,308.3493957519531,207.37890625,356.9277038574219,200.41796875,361.55419921875,263.06640625,359.240966796875,316.43359375,326.85540771484375,205.05859375,338.42169189453125,267.70703125,349.9879455566406,328.03515625,-1.0,-1.0,-1.0,-1.0,345.3614501953125,98.32421875,322.2289123535156,102.96484375
-1.0,-1.0,336.1084289550781,126.16796875,363.8674621582031,123.84765625,375.4337158203125,160.97265625,375.4337158203125,188.81640625,310.66265869140625,130.80859375,308.3493957519531,174.89453125,308.3493957519531,207.37890625,356.9277038574219,198.09765625,361.55419921875,260.74609375,361.55419921875,314.11328125,324.54217529296875,200.41796875,338.42169189453125,265.38671875,347.6746826171875,330.35546875,-1.0,-1.0,-1.0,-1.0,345.3614501953125,98.32421875,322.2289123535156,102.96484375
-1.0,-1.0,335.48779296875,127.6953125,361.243896484375,123.0390625,372.95123291015625,160.2890625,372.95123291015625,188.2265625,309.7317199707031,132.3515625,307.3902587890625,174.2578125,307.3902587890625,204.5234375,356.56097412109375,197.5390625,361.243896484375,260.3984375,361.243896484375,320.9296875,326.1219482421875,202.1953125,337.8292541503906,265.0546875,347.19512939453125,332.5703125,-1.0,-1.0,-1.0,-1.0,344.8536682128906,99.7578125,321.43902587890625,104.4140625
-1.0,-1.0,334.48779296875,127.6953125,360.243896484375,125.3671875,371.95123291015625,160.2890625,374.29266357421875,190.5546875,306.3902587890625,132.3515625,306.3902587890625,178.9140625,308.7317199707031,209.1796875,357.9024353027344,202.1953125,360.243896484375,260.3984375,360.243896484375,320.9296875,325.1219482421875,204.5234375,336.8292541503906,267.3828125,348.5365905761719,332.5703125,-1.0,-1.0,-1.0,-1.0,341.51220703125,99.7578125,320.43902587890625,104.4140625
-1.0,-1.0,333.48779296875,127.6953125,359.243896484375,125.3671875,370.95123291015625,160.2890625,370.95123291015625,190.5546875,307.7317199707031,132.3515625,305.3902587890625,176.5859375,305.3902587890625,209.1796875,354.56097412109375,202.1953125,356.9024353027344,262.7265625,359.243896484375,323.2578125,324.1219482421875,206.8515625,335.8292541503906,269.7109375,345.19512939453125,330.2421875,-1.0,-1.0,-1.0,-1.0,340.51220703125,99.7578125,319.43902587890625,104.4140625
-1.0,-1.0,332.0243835449219,127.6953125,357.51220703125,125.3671875,369.0975646972656,162.6171875,371.4146423339844,190.5546875,306.5365905761719,132.3515625,304.2195129394531,176.5859375,304.2195129394531,206.8515625,352.8780517578125,199.8671875,355.19512939453125,262.7265625,357.51220703125,320.9296875,322.756103515625,204.5234375,334.3414611816406,269.7109375,345.92681884765625,330.2421875,-1.0,-1.0,-1.0,-1.0,338.9756164550781,99.7578125,318.1219482421875,104.4140625
-1.0,-1.0,332.8292541503906,130.0234375,358.5853576660156,127.6953125,367.95123291015625,164.9453125,370.29266357421875,192.8828125,307.07318115234375,132.3515625,304.7317199707031,176.5859375,304.7317199707031,204.5234375,353.9024353027344,202.1953125,356.243896484375,262.7265625,356.243896484375,323.2578125,323.4634094238281,206.8515625,335.17071533203125,269.7109375,344.5365905761719,332.5703125,-1.0,-1.0,-1.0,-1.0,339.8536682128906,102.0859375,318.7804870605469,106.7421875
-1.0,-1.0,331.8292541503906,132.3515625,357.5853576660156,127.6953125,369.29266357421875,164.9453125,369.29266357421875,192.8828125,306.07318115234375,132.3515625,301.3902587890625,176.5859375,303.7317199707031,206.8515625,352.9024353027344,204.5234375,352.9024353027344,262.7265625,355.243896484375,318.6015625,322.4634094238281,206.8515625,334.17071533203125,269.7109375,343.5365905761719,332.5703125,-1.0,-1.0,-1.0,-1.0,338.8536682128906,102.0859375,317.7804870605469,106.7421875
-1.0,-1.0,330.3414611816406,132.3515625,353.51220703125,130.0234375,367.4146423339844,167.2734375,362.7804870605469,188.2265625,304.8536682128906,134.6796875,300.2195129394531,176.5859375,300.2195129394531,204.5234375,348.8780517578125,204.5234375,351.19512939453125,262.7265625,353.51220703125,318.6015625,321.07318115234375,206.8515625,330.3414611816406,269.7109375,341.92681884765625,332.5703125,-1.0,-1.0,-1.0,-1.0,337.2926940917969,104.4140625,314.1219482421875,106.7421875
-1.0,-1.0,328.8292541503906,130.0234375,352.243896484375,127.6953125,368.6341552734375,167.2734375,363.95123291015625,188.2265625,300.7317199707031,134.6796875,298.3902587890625,178.9140625,298.3902587890625,206.8515625,349.9024353027344,202.1953125,349.9024353027344,262.7265625,349.9024353027344,320.9296875,319.4634094238281,206.8515625,328.8292541503906,269.7109375,340.5365905761719,330.2421875,-1.0,-1.0,-1.0,-1.0,335.8536682128906,104.4140625,314.7804870605469,106.7421875
-1.0,-1.0,327.8292541503906,130.0234375,351.243896484375,127.6953125,367.6341552734375,164.9453125,360.6097412109375,185.8984375,302.07318115234375,132.3515625,297.3902587890625,176.5859375,297.3902587890625,204.5234375,348.9024353027344,202.1953125,346.56097412109375,262.7265625,348.9024353027344,323.2578125,318.4634094238281,204.5234375,327.8292541503906,269.7109375,337.19512939453125,330.2421875,-1.0,-1.0,-1.0,-1.0,334.8536682128906,102.0859375,313.7804870605469,106.7421875
-1.0,-1.0,325.8292541503906,130.0234375,349.243896484375,125.3671875,365.6341552734375,162.6171875,363.29266357421875,188.2265625,300.07318115234375,132.3515625,297.7317199707031,174.2578125,295.3902587890625,204.5234375,346.9024353027344,199.8671875,346.9024353027344,262.7265625,344.56097412109375,325.5859375,316.4634094238281,204.5234375,325.8292541503906,269.7109375,335.19512939453125,327.9140625,-1.0,-1.0,-1.0,-1.0,332.8536682128906,102.0859375,311.7804870605469,104.4140625
-1.0,-1.0,324.42169189453125,128.48828125,347.55419921875,126.16796875,363.7469787597656,160.97265625,352.18072509765625,184.17578125,298.97589111328125,133.12890625,294.3493957519531,177.21484375,294.3493957519531,205.05859375,342.9277038574219,198.09765625,342.9277038574219,267.70703125,340.61444091796875,325.71484375,312.85540771484375,202.73828125,322.1084289550781,272.34765625,333.6746826171875,328.03515625,-1.0,-1.0,-1.0,-1.0,331.3614501953125,100.64453125,308.2289123535156,105.28515625
-1.0,-1.0,321.3414611816406,128.48828125,344.51220703125,123.84765625,363.04876708984375,158.65234375,363.04876708984375,191.13671875,295.8536682128906,133.12890625,293.5365905761719,179.53515625,291.2195129394531,209.69921875,342.19512939453125,200.41796875,342.19512939453125,267.70703125,339.8780517578125,323.39453125,312.07318115234375,205.05859375,319.0243835449219,270.02734375,330.6097412109375,321.07421875,-1.0,-1.0,-1.0,-1.0,328.2926940917969,98.32421875,307.43902587890625,102.96484375
-1.0,-1.0,321.17071533203125,126.3671875,342.243896484375,121.7109375,360.9756164550781,156.6328125,344.5853576660156,165.9453125,295.4146423339844,131.0234375,293.07318115234375,177.5859375,288.3902587890625,207.8515625,342.243896484375,200.8671875,339.9024353027344,268.3828125,339.9024353027344,324.2578125,311.80487060546875,205.5234375,316.48779296875,270.7109375,328.19512939453125,317.2734375,-1.0,-1.0,-1.0,-1.0,328.19512939453125,98.4296875,307.1219482421875,100.7578125
-1.0,-1.0,319.17071533203125,128.6953125,342.5853576660156,124.0390625,358.9756164550781,154.3046875,340.243896484375,168.2734375,293.4146423339844,133.3515625,291.07318115234375,179.9140625,286.3902587890625,210.1796875,337.9024353027344,205.5234375,340.243896484375,268.3828125,340.243896484375,324.2578125,309.80487060546875,207.8515625,314.48779296875,270.7109375,326.19512939453125,314.9453125,-1.0,-1.0,-1.0,-1.0,326.19512939453125,98.4296875,305.1219482421875,103.0859375
-1.0,-1.0,315.42169189453125,129.48828125,340.8674621582031,122.52734375,357.06024169921875,152.69140625,-1.0,-1.0,289.97589111328125,134.12890625,287.66265869140625,180.53515625,285.3493957519531,210.69921875,338.55419921875,208.37890625,336.240966796875,266.38671875,338.55419921875,324.39453125,308.48193359375,210.69921875,310.795166015625,268.70703125,324.6746826171875,315.11328125,-1.0,-1.0,-1.0,-1.0,324.6746826171875,99.32421875,303.85540771484375,101.64453125
-1.0,-1.0,313.42169189453125,129.48828125,338.8674621582031,122.52734375,355.06024169921875,152.69140625,-1.0,-1.0,287.97589111328125,134.12890625,287.97589111328125,178.21484375,283.3493957519531,210.69921875,334.240966796875,203.73828125,334.240966796875,266.38671875,336.55419921875,324.39453125,306.48193359375,206.05859375,308.795166015625,266.38671875,320.3614501953125,312.79296875,-1.0,-1.0,-1.0,-1.0,322.6746826171875,99.32421875,301.85540771484375,103.96484375
-1.0,-1.0,313.17071533203125,127.3671875,336.5853576660156,122.7109375,352.9756164550781,152.9765625,-1.0,-1.0,287.4146423339844,132.0234375,285.07318115234375,178.5859375,280.3902587890625,211.1796875,334.243896484375,206.5234375,334.243896484375,271.7109375,334.243896484375,329.9140625,303.80487060546875,206.5234375,306.1463317871094,267.0546875,317.8536682128906,313.6171875,-1.0,-1.0,-1.0,-1.0,322.5365905761719,99.4296875,299.1219482421875,104.0859375
-1.0,-1.0,312.9756164550781,129.6953125,333.82928466796875,125.0390625,350.04876708984375,150.6484375,-1.0,-1.0,287.48779296875,132.0234375,282.8536682128906,180.9140625,278.2195129394531,213.5078125,331.51220703125,208.8515625,329.19512939453125,269.3828125,331.51220703125,329.9140625,301.3902587890625,208.8515625,303.7073059082031,267.0546875,315.2926940917969,320.6015625,-1.0,-1.0,-1.0,-1.0,319.92681884765625,101.7578125,296.756103515625,104.0859375
-1.0,-1.0,311.0481872558594,128.16796875,334.18072509765625,123.52734375,348.06024169921875,146.73046875,-1.0,-1.0,285.6024169921875,132.80859375,280.97589111328125,179.21484375,276.3493957519531,216.33984375,329.55419921875,204.73828125,329.55419921875,269.70703125,329.55419921875,332.35546875,299.48193359375,207.05859375,304.1084289550781,267.38671875,311.0481872558594,323.07421875,-1.0,-1.0,-1.0,-1.0,317.9879455566406,100.32421875,294.85540771484375,104.96484375
-1.0,-1.0,306.73492431640625,128.16796875,329.8674621582031,123.52734375,343.7469787597656,149.05078125,348.37347412109375,130.48828125,283.6024169921875,132.80859375,281.2891540527344,179.21484375,274.3493957519531,216.33984375,327.55419921875,204.73828125,327.55419921875,267.38671875,327.55419921875,327.71484375,297.48193359375,204.73828125,302.1084289550781,267.38671875,306.73492431640625,325.39453125,-1.0,-1.0,-1.0,-1.0,315.9879455566406,100.32421875,292.85540771484375,104.96484375
-1.0,-1.0,305.9756164550781,130.48828125,329.1463317871094,123.52734375,343.04876708984375,149.05078125,-1.0,-1.0,280.48779296875,135.12890625,278.17071533203125,181.53515625,271.2195129394531,216.33984375,326.82928466796875,204.73828125,326.82928466796875,272.02734375,326.82928466796875,327.71484375,296.7073059082031,207.05859375,299.0243835449219,269.70703125,301.3414611816406,325.39453125,-1.0,-1.0,-1.0,-1.0,312.92681884765625,102.64453125,289.756103515625,104.96484375
-1.0,-1.0,303.51220703125,130.6953125,326.92681884765625,126.0390625,340.9756164550781,149.3203125,-1.0,-1.0,277.756103515625,135.3515625,277.756103515625,179.5859375,273.07318115234375,212.1796875,324.5853576660156,200.5390625,324.5853576660156,268.0546875,326.92681884765625,330.9140625,294.1463317871094,205.1953125,298.8292541503906,270.3828125,298.8292541503906,323.9296875,-1.0,-1.0,-1.0,-1.0,310.5365905761719,102.7578125,289.4634094238281,107.4140625
-1.0,-1.0,301.51220703125,130.6953125,324.92681884765625,126.0390625,334.29266357421875,156.3046875,-1.0,-1.0,275.756103515625,135.3515625,273.4146423339844,181.9140625,271.07318115234375,214.5078125,322.5853576660156,202.8671875,324.92681884765625,270.3828125,324.92681884765625,328.5859375,292.1463317871094,207.5234375,296.8292541503906,270.3828125,296.8292541503906,321.6015625,-1.0,-1.0,-1.0,-1.0,308.5365905761719,102.7578125,287.4634094238281,107.4140625
-1.0,-1.0,298.9756164550781,131.48828125,322.1463317871094,129.16796875,331.4146423339844,154.69140625,-1.0,-1.0,273.48779296875,138.44921875,271.17071533203125,182.53515625,266.5365905761719,215.01953125,319.82928466796875,205.73828125,322.1463317871094,268.38671875,324.4634094238281,328.71484375,289.7073059082031,210.37890625,294.3414611816406,270.70703125,294.3414611816406,321.75390625,-1.0,-1.0,-1.0,-1.0,303.6097412109375,103.64453125,282.756103515625,108.28515625
-1.0,-1.0,297.0481872558594,133.80859375,320.18072509765625,129.16796875,329.4337158203125,157.01171875,-1.0,-1.0,271.6024169921875,138.44921875,269.2891540527344,182.53515625,264.66265869140625,215.01953125,317.8674621582031,205.73828125,320.18072509765625,268.38671875,322.49395751953125,328.71484375,287.795166015625,210.37890625,292.42169189453125,270.70703125,294.73492431640625,324.07421875,-1.0,-1.0,-1.0,-1.0,301.6746826171875,103.64453125,280.85540771484375,108.28515625
-1.0,-1.0,295.0481872558594,133.80859375,318.18072509765625,129.16796875,327.4337158203125,157.01171875,-1.0,-1.0,269.6024169921875,138.44921875,264.97589111328125,182.53515625,262.66265869140625,215.01953125,313.55419921875,205.73828125,318.18072509765625,268.38671875,322.8072204589844,331.03515625,283.48193359375,210.37890625,290.42169189453125,270.70703125,295.0481872558594,326.39453125,-1.0,-1.0,-1.0,-1.0,299.6746826171875,103.64453125,278.85540771484375,108.28515625
-1.0,-1.0,291.9756164550781,131.6953125,312.82928466796875,127.0390625,329.04876708984375,152.6484375,-1.0,-1.0,266.48779296875,136.3515625,264.17071533203125,182.9140625,259.5365905761719,213.1796875,312.82928466796875,206.1953125,315.1463317871094,269.0546875,319.7804870605469,324.9296875,282.7073059082031,208.5234375,287.3414611816406,271.3828125,291.9756164550781,327.2578125,-1.0,-1.0,-1.0,-1.0,298.92681884765625,103.7578125,275.756103515625,106.0859375
-1.0,-1.0,289.51220703125,131.6953125,312.92681884765625,127.0390625,326.9756164550781,150.3203125,-1.0,-1.0,263.756103515625,136.3515625,261.4146423339844,182.9140625,256.7317199707031,213.1796875,310.5853576660156,206.1953125,312.92681884765625,269.0546875,317.6097412109375,320.2734375,280.1463317871094,210.8515625,287.17071533203125,273.7109375,291.8536682128906,327.2578125,-1.0,-1.0,-1.0,-1.0,296.5365905761719,103.7578125,273.1219482421875,106.0859375
-1.0,-1.0,285.73492431640625,132.48828125,311.18072509765625,127.84765625,320.4337158203125,155.69140625,-1.0,-1.0,260.2891540527344,137.12890625,257.97589111328125,181.21484375,253.34939575195312,211.37890625,306.55419921875,204.41796875,311.18072509765625,269.38671875,315.8072204589844,320.43359375,276.48193359375,209.05859375,283.42169189453125,274.02734375,290.3614501953125,327.39453125,-1.0,-1.0,-1.0,-1.0,294.9879455566406,104.64453125,269.54217529296875,106.96484375
-1.0,-1.0,284.9756164550781,132.48828125,308.1463317871094,127.84765625,322.04876708984375,151.05078125,-1.0,-1.0,259.48779296875,134.80859375,257.17071533203125,178.89453125,252.53659057617188,211.37890625,305.82928466796875,204.41796875,308.1463317871094,267.06640625,312.7804870605469,318.11328125,275.7073059082031,206.73828125,284.9756164550781,271.70703125,289.6097412109375,327.39453125,-1.0,-1.0,-1.0,-1.0,291.92681884765625,104.64453125,268.756103515625,106.96484375
-1.0,-1.0,280.73492431640625,132.48828125,303.8674621582031,127.84765625,320.06024169921875,153.37109375,-1.0,-1.0,255.28915405273438,134.80859375,252.9759063720703,178.89453125,248.34939575195312,211.37890625,301.55419921875,204.41796875,306.18072509765625,267.06640625,310.8072204589844,320.43359375,271.48193359375,206.73828125,283.0481872558594,271.70703125,287.6746826171875,329.71484375,-1.0,-1.0,-1.0,-1.0,289.9879455566406,104.64453125,266.85540771484375,104.64453125
-1.0,-1.0,278.73492431640625,130.16796875,301.8674621582031,127.84765625,318.06024169921875,151.05078125,308.8072204589844,123.20703125,253.28915405273438,134.80859375,250.9759063720703,178.89453125,246.34939575195312,209.05859375,299.55419921875,202.09765625,301.8674621582031,267.06640625,306.49395751953125,320.43359375,271.795166015625,204.41796875,281.0481872558594,271.70703125,287.9879455566406,332.03515625,-1.0,-1.0,-1.0,-1.0,287.9879455566406,104.64453125,264.85540771484375,104.64453125
-1.0,-1.0,279.0481872558594,130.96875,299.8674621582031,128.65625,316.06024169921875,147.15625,309.1204833984375,124.03125,253.6024169921875,133.28125,248.9759063720703,174.90625,244.34939575195312,207.28125,297.55419921875,200.34375,299.8674621582031,267.40625,304.49395751953125,325.21875,269.795166015625,202.65625,279.0481872558594,272.03125,288.30120849609375,332.15625,-1.0,-1.0,-1.0,-1.0,285.9879455566406,105.53125,262.85540771484375,105.53125
-1.0,-1.0,277.0481872558594,129.46484375,297.8674621582031,127.16015625,314.06024169921875,147.90234375,307.1204833984375,124.85546875,251.6024169921875,134.07421875,246.9759063720703,175.55859375,240.03614807128906,205.51953125,295.55419921875,198.60546875,297.8674621582031,267.74609375,302.49395751953125,323.05859375,267.795166015625,200.91015625,279.3614501953125,272.35546875,286.30120849609375,334.58203125,-1.0,-1.0,-1.0,-1.0,283.9879455566406,104.11328125,260.85540771484375,106.41796875
-1.0,-1.0,275.0481872558594,129.46484375,298.18072509765625,124.85546875,312.06024169921875,147.90234375,305.1204833984375,124.85546875,249.6024169921875,134.07421875,242.6626434326172,177.86328125,238.03614807128906,205.51953125,293.55419921875,198.60546875,295.8674621582031,267.74609375,300.49395751953125,323.05859375,265.795166015625,203.21484375,277.3614501953125,272.35546875,286.61444091796875,334.58203125,-1.0,-1.0,-1.0,-1.0,281.9879455566406,104.11328125,258.85540771484375,106.41796875
-1.0,-1.0,272.4285888671875,130.2734375,295.28570556640625,125.6796875,309.0,148.6484375,-1.0,-1.0,247.2857208251953,134.8671875,240.42857360839844,176.2109375,235.85714721679688,206.0703125,290.71429443359375,199.1796875,293.0,265.7890625,297.5714416503906,323.2109375,263.28570556640625,203.7734375,274.71429443359375,270.3828125,283.8571472167969,334.6953125,-1.0,-1.0,-1.0,-1.0,281.5714416503906,105.0078125,256.4285888671875,107.3046875
-1.0,-1.0,270.5060119628906,130.2734375,291.1084289550781,127.9765625,304.8433837890625,150.9453125,307.1325378417969,134.8671875,245.32530212402344,134.8671875,238.45782470703125,176.2109375,233.8795166015625,206.0703125,288.81927490234375,201.4765625,291.1084289550781,265.7890625,293.3975830078125,325.5078125,259.06024169921875,203.7734375,272.795166015625,270.3828125,281.9518127441406,334.6953125,-1.0,-1.0,-1.0,-1.0,277.3735046386719,105.0078125,254.48193359375,107.3046875
-1.0,-1.0,268.5060119628906,133.37109375,289.1084289550781,131.08203125,305.1325378417969,149.39453125,305.1325378417969,135.66015625,243.32530212402344,137.94921875,236.45782470703125,181.44140625,231.8795166015625,208.91015625,286.81927490234375,204.33203125,289.1084289550781,266.13671875,293.686767578125,314.20703125,259.3493957519531,206.62109375,270.795166015625,270.71484375,282.240966796875,337.09765625,-1.0,-1.0,-1.0,-1.0,277.66265869140625,108.19140625,252.48193359375,108.19140625
-1.0,-1.0,264.21685791015625,133.37109375,287.1084289550781,128.79296875,300.8433837890625,151.68359375,303.1325378417969,135.66015625,241.32530212402344,135.66015625,234.45782470703125,179.15234375,229.8795166015625,206.62109375,284.81927490234375,204.33203125,284.81927490234375,268.42578125,291.686767578125,311.91796875,257.3493957519531,206.62109375,268.795166015625,273.00390625,280.240966796875,337.09765625,-1.0,-1.0,-1.0,-1.0,275.66265869140625,108.19140625,252.77108764648438,108.19140625
-1.0,-1.0,264.5060119628906,131.890625,285.1084289550781,129.609375,301.1325378417969,150.140625,-1.0,-1.0,239.32530212402344,136.453125,234.7469940185547,179.796875,227.8795166015625,207.171875,282.81927490234375,204.890625,285.1084289550781,266.484375,289.686767578125,305.265625,255.34939575195312,207.171875,266.795166015625,273.328125,278.240966796875,334.921875,-1.0,-1.0,-1.0,-1.0,273.66265869140625,106.796875,250.77108764648438,109.078125
-1.0,-1.0,261.8928527832031,132.69921875,284.51190185546875,130.42578125,298.08331298828125,153.16015625,-1.0,-1.0,237.01190185546875,134.97265625,232.48809814453125,180.44140625,227.9642791748047,207.72265625,282.25,205.44921875,282.25,266.83203125,286.7738037109375,300.93359375,252.84524536132812,207.72265625,264.1547546386719,271.37890625,275.46429443359375,335.03515625,-1.0,-1.0,-1.0,-1.0,270.94049072265625,107.69140625,248.32142639160156,109.96484375
-1.0,-1.0,259.8928527832031,132.69921875,280.25,130.42578125,296.08331298828125,153.16015625,-1.0,-1.0,235.01190185546875,134.97265625,232.75,175.89453125,225.9642791748047,205.44921875,280.25,203.17578125,280.25,262.28515625,284.7738037109375,294.11328125,250.84524536132812,205.44921875,262.1547546386719,269.10546875,273.46429443359375,335.03515625,-1.0,-1.0,-1.0,-1.0,268.94049072265625,109.96484375,246.32142639160156,109.96484375
-1.0,-1.0,258.8928527832031,134.97265625,279.25,130.42578125,295.08331298828125,150.88671875,-1.0,-1.0,234.01190185546875,137.24609375,229.48809814453125,180.44140625,224.9642791748047,207.72265625,279.25,203.17578125,276.98809814453125,264.55859375,279.25,298.66015625,249.84524536132812,207.72265625,261.1547546386719,271.37890625,270.202392578125,335.03515625,-1.0,-1.0,-1.0,-1.0,267.94049072265625,109.96484375,245.32142639160156,109.96484375
-1.0,-1.0,256.8928527832031,132.69921875,279.51190185546875,130.42578125,293.08331298828125,148.61328125,-1.0,-1.0,232.01190185546875,134.97265625,227.48809814453125,178.16796875,222.9642791748047,203.17578125,277.25,205.44921875,277.25,264.55859375,270.46429443359375,330.48828125,247.84524536132812,207.72265625,259.1547546386719,271.37890625,268.202392578125,332.76171875,-1.0,-1.0,-1.0,-1.0,265.94049072265625,107.69140625,243.32142639160156,107.69140625
-1.0,-1.0,255.89285278320312,134.97265625,280.7738037109375,132.69921875,292.08331298828125,150.88671875,-1.0,-1.0,231.01190185546875,137.24609375,224.2261962890625,182.71484375,221.9642791748047,214.54296875,276.25,205.44921875,273.98809814453125,266.83203125,269.46429443359375,328.21484375,246.84524536132812,209.99609375,253.63095092773438,273.65234375,264.94049072265625,330.48828125,-1.0,-1.0,-1.0,-1.0,264.94049072265625,109.96484375,240.0595245361328,107.69140625
-1.0,-1.0,254.89285278320312,137.24609375,279.7738037109375,134.97265625,291.08331298828125,171.34765625,-1.0,-1.0,230.01190185546875,137.24609375,223.2261962890625,182.71484375,220.9642791748047,219.08984375,275.25,209.99609375,270.7261962890625,269.10546875,268.46429443359375,323.66796875,245.84524536132812,212.26953125,250.36904907226562,278.19921875,263.94049072265625,328.21484375,-1.0,-1.0,-1.0,-1.0,263.94049072265625,107.69140625,239.0595245361328,109.96484375
-1.0,-1.0,253.89285278320312,134.97265625,278.7738037109375,132.69921875,287.8214111328125,173.62109375,290.08331298828125,194.08203125,226.75,134.97265625,219.9642791748047,180.44140625,219.9642791748047,212.26953125,271.98809814453125,209.99609375,269.7261962890625,273.65234375,265.202392578125,335.03515625,242.5833282470703,212.26953125,247.10714721679688,278.19921875,260.6785583496094,330.48828125,-1.0,-1.0,-1.0,-1.0,262.94049072265625,107.69140625,238.0595245361328,107.69140625
-1.0,-1.0,251.89285278320312,137.24609375,276.7738037109375,132.69921875,288.08331298828125,175.89453125,-1.0,-1.0,227.01190185546875,137.24609375,220.2261962890625,184.98828125,217.9642791748047,221.36328125,269.98809814453125,214.54296875,267.7261962890625,273.65234375,263.202392578125,328.21484375,240.5833282470703,216.81640625,245.10714721679688,275.92578125,258.6785583496094,323.66796875,-1.0,-1.0,-1.0,-1.0,263.202392578125,107.69140625,238.32142639160156,107.69140625
-1.0,-1.0,250.89285278320312,134.97265625,275.7738037109375,130.42578125,287.08331298828125,180.44140625,-1.0,-1.0,226.01190185546875,137.24609375,221.48809814453125,182.71484375,216.9642791748047,216.81640625,268.98809814453125,214.54296875,268.98809814453125,271.37890625,264.46429443359375,323.66796875,239.5833282470703,214.54296875,241.84524536132812,273.65234375,257.6785583496094,323.66796875,-1.0,-1.0,-1.0,-1.0,262.202392578125,107.69140625,237.32142639160156,107.69140625
-1.0,-1.0,253.15475463867188,134.97265625,278.03570556640625,130.42578125,284.8214111328125,180.44140625,287.08331298828125,203.17578125,226.01190185546875,137.24609375,223.75,182.71484375,216.9642791748047,214.54296875,268.98809814453125,214.54296875,266.7261962890625,271.37890625,264.46429443359375,328.21484375,239.5833282470703,216.81640625,241.84524536132812,271.37890625,250.89285278320312,314.57421875,-1.0,-1.0,-1.0,-1.0,262.202392578125,105.41796875,237.32142639160156,105.41796875
-1.0,-1.0,253.15475463867188,137.24609375,278.03570556640625,137.24609375,287.08331298828125,182.71484375,282.55950927734375,200.90234375,228.2738037109375,139.51953125,223.75,182.71484375,219.2261962890625,214.54296875,268.98809814453125,216.81640625,266.7261962890625,271.37890625,266.7261962890625,332.76171875,241.84524536132812,216.81640625,241.84524536132812,266.83203125,250.89285278320312,323.66796875,-1.0,-1.0,-1.0,-1.0,264.46429443359375,105.41796875,239.5833282470703,107.69140625
-1.0,-1.0,253.15475463867188,137.24609375,280.297607421875,130.42578125,287.08331298828125,182.71484375,287.08331298828125,203.17578125,228.2738037109375,139.51953125,223.75,184.98828125,221.48809814453125,216.81640625,271.25,216.81640625,268.98809814453125,271.37890625,268.98809814453125,335.03515625,241.84524536132812,219.08984375,244.10714721679688,269.10546875,250.89285278320312,323.66796875,-1.0,-1.0,-1.0,-1.0,264.46429443359375,105.41796875,239.5833282470703,107.69140625
-1.0,-1.0,253.15475463867188,137.24609375,278.03570556640625,130.42578125,-1.0,-1.0,-1.0,-1.0,228.2738037109375,139.51953125,223.75,187.26171875,223.75,216.81640625,271.25,221.36328125,271.25,273.65234375,268.98809814453125,335.03515625,244.10714721679688,221.36328125,246.36904907226562,269.10546875,250.89285278320312,328.21484375,-1.0,-1.0,-1.0,-1.0,266.7261962890625,107.69140625,241.84524536132812,107.69140625
-1.0,-1.0,255.41665649414062,134.97265625,278.03570556640625,128.15234375,287.08331298828125,128.15234375,-1.0,-1.0,230.53570556640625,139.51953125,226.01190185546875,184.98828125,223.75,216.81640625,275.7738037109375,212.26953125,273.51190185546875,273.65234375,271.25,335.03515625,246.36904907226562,216.81640625,246.36904907226562,271.37890625,250.89285278320312,330.48828125,-1.0,-1.0,-1.0,-1.0,266.7261962890625,107.69140625,241.84524536132812,107.69140625
-1.0,-1.0,255.41665649414062,137.24609375,280.297607421875,128.15234375,-1.0,-1.0,-1.0,-1.0,230.53570556640625,141.79296875,226.01190185546875,189.53515625,226.01190185546875,216.81640625,278.03570556640625,216.81640625,275.7738037109375,271.37890625,273.51190185546875,337.30859375,246.36904907226562,219.08984375,248.63095092773438,271.37890625,250.89285278320312,330.48828125,-1.0,-1.0,-1.0,-1.0,266.7261962890625,107.69140625,241.84524536132812,107.69140625
-1.0,-1.0,257.6785583496094,139.51953125,284.8214111328125,132.69921875,-1.0,-1.0,-1.0,-1.0,232.79762268066406,144.06640625,228.2738037109375,189.53515625,226.01190185546875,219.08984375,280.297607421875,214.54296875,278.03570556640625,271.37890625,275.7738037109375,337.30859375,248.63095092773438,216.81640625,250.89285278320312,273.65234375,248.63095092773438,328.21484375,-1.0,-1.0,-1.0,-1.0,268.98809814453125,112.23828125,244.10714721679688,112.23828125
-1.0,-1.0,259.94049072265625,144.06640625,284.8214111328125,141.79296875,289.3452453613281,178.16796875,-1.0,-1.0,232.79762268066406,148.61328125,228.2738037109375,191.80859375,226.01190185546875,212.26953125,282.55950927734375,212.26953125,278.03570556640625,269.10546875,278.03570556640625,337.30859375,250.89285278320312,216.81640625,253.15475463867188,273.65234375,248.63095092773438,328.21484375,-1.0,-1.0,-1.0,-1.0,271.25,114.51171875,246.36904907226562,114.51171875
-1.0,-1.0,259.8928527832031,141.06640625,287.03570556640625,131.97265625,-1.0,-1.0,-1.0,-1.0,232.75,147.88671875,228.2261962890625,193.35546875,225.9642791748047,218.36328125,282.51190185546875,213.81640625,280.25,270.65234375,280.25,338.85546875,250.84524536132812,218.36328125,255.36904907226562,275.19921875,253.10714721679688,327.48828125,-1.0,-1.0,-1.0,-1.0,271.202392578125,111.51171875,246.32142639160156,111.51171875
