157.8333282470703,45.9140625,147.8333282470703,70.9921875,132.8333282470703,72.6640625,127.83333587646484,104.4296875,131.1666717529297,127.8359375,162.8333282470703,70.9921875,176.16665649414062,97.7421875,181.16665649414062,72.6640625,142.8333282470703,132.8515625,136.1666717529297,172.9765625,137.8333282470703,209.7578125,161.16665649414062,131.1796875,167.8333282470703,171.3046875,176.16665649414062,208.0859375,152.8333282470703,44.2421875,157.8333282470703,42.5703125,141.1666717529297,49.2578125,-1.0,-1.0
160.8333282470703,45.79296875,150.8333282470703,70.75390625,137.5,72.41796875,132.5,102.37109375,135.8333282470703,128.99609375,165.8333282470703,70.75390625,180.8333282470703,95.71484375,185.8333282470703,74.08203125,147.5,130.66015625,140.8333282470703,170.59765625,140.8333282470703,210.53515625,165.8333282470703,130.66015625,172.5,170.59765625,177.5,205.54296875,155.8333282470703,44.12890625,160.8333282470703,42.46484375,144.1666717529297,49.12109375,-1.0,-1.0
162.1886749267578,46.671875,155.5471649169922,69.859375,142.26414489746094,69.859375,135.6226348876953,99.671875,138.94338989257812,126.171875,170.49057006835938,71.515625,185.4339599609375,98.015625,190.41510009765625,76.484375,150.5660400390625,131.140625,145.58489990234375,172.546875,142.26414489746094,207.328125,168.83018493652344,129.484375,175.47169494628906,169.234375,178.79244995117188,207.328125,157.20755004882812,43.359375,163.84906005859375,43.359375,148.90565490722656,48.328125,-1.0,-1.0
166.11428833007812,46.671875,159.4857177734375,69.859375,144.57142639160156,69.859375,139.60000610351562,101.328125,141.25714111328125,127.828125,174.39999389648438,69.859375,186.0,99.671875,194.28570556640625,76.484375,152.85714721679688,131.140625,147.88571166992188,174.203125,152.85714721679688,208.984375,172.74285888671875,131.140625,179.37142944335938,170.890625,181.028564453125,207.328125,161.14285278320312,43.359375,167.77142333984375,43.359375,151.1999969482422,48.328125,-1.0,-1.0
169.21153259277344,45.015625,162.59616088867188,69.859375,149.36538696289062,68.203125,142.75,99.671875,144.40383911132812,127.828125,175.82691955566406,69.859375,187.40383911132812,99.671875,197.32691955566406,76.484375,157.63461303710938,129.484375,154.32691955566406,169.234375,151.01922607421875,199.046875,175.82691955566406,129.484375,180.7884521484375,169.234375,180.7884521484375,208.984375,164.25,43.359375,170.86538696289062,41.703125,155.98077392578125,48.328125,-1.0,-1.0
172.23529052734375,44.90234375,167.2941131591797,67.98046875,154.11764526367188,67.98046875,145.88235473632812,100.94921875,147.5294189453125,127.32421875,180.4705810546875,67.98046875,190.35293579101562,96.00390625,200.23529052734375,77.87109375,160.7058868408203,128.97265625,157.41175842285156,171.83203125,147.5294189453125,208.09765625,180.4705810546875,128.97265625,182.11764526367188,170.18359375,180.4705810546875,208.09765625,167.2941131591797,43.25390625,173.88235473632812,41.60546875,160.7058868408203,48.19921875,177.1764678955078,44.90234375
176.88235473632812,44.90234375,170.2941131591797,69.62890625,157.11764526367188,67.98046875,150.5294189453125,97.65234375,150.5294189453125,125.67578125,185.11764526367188,69.62890625,193.35293579101562,99.30078125,204.88235473632812,76.22265625,167.0,128.97265625,160.41175842285156,168.53515625,155.4705810546875,208.09765625,185.11764526367188,128.97265625,183.4705810546875,170.18359375,181.8235321044922,206.44921875,171.94117736816406,41.60546875,178.5294189453125,41.60546875,163.7058868408203,46.55078125,181.8235321044922,43.25390625
180.80197143554688,44.1484375,174.22772216796875,68.7578125,161.07920837402344,67.1171875,154.50494384765625,98.2890625,154.50494384765625,124.5390625,187.37623596191406,68.7578125,193.95050048828125,98.2890625,207.0989990234375,78.6015625,169.29702758789062,129.4609375,172.5841522216797,167.1953125,180.80197143554688,209.8515625,187.37623596191406,127.8203125,184.089111328125,170.4765625,182.44554138183594,206.5703125,177.5148468017578,42.5078125,182.44554138183594,40.8671875,167.65347290039062,45.7890625,-1.0,-1.0
183.89999389648438,44.1484375,177.33999633789062,68.7578125,165.86000061035156,67.1171875,157.66000366210938,98.2890625,159.3000030517578,124.5390625,190.45999145507812,70.3984375,197.02000427246094,98.2890625,213.4199981689453,76.9609375,174.05999755859375,126.1796875,177.33999633789062,165.5546875,177.33999633789062,201.6484375,190.45999145507812,126.1796875,187.17999267578125,165.5546875,182.25999450683594,200.0078125,178.97999572753906,40.8671875,185.54000854492188,40.8671875,170.77999877929688,45.7890625,188.82000732421875,44.1484375
186.91836547851562,44.04296875,180.38775634765625,66.90234375,168.9591827392578,65.26953125,159.16326904296875,91.39453125,162.42857360839844,122.41796875,193.448974609375,68.53515625,196.71429443359375,96.29296875,213.0408172607422,83.23046875,175.4897918701172,125.68359375,182.02041625976562,163.23828125,182.02041625976562,204.05859375,191.8163299560547,124.05078125,188.551025390625,164.87109375,183.65306091308594,200.79296875,182.02041625976562,40.77734375,188.551025390625,40.77734375,175.4897918701172,45.67578125,193.448974609375,45.67578125
190.83505249023438,44.04296875,184.319580078125,68.53515625,171.28866577148438,66.90234375,163.1443328857422,97.92578125,164.773193359375,122.41796875,195.72164916992188,68.53515625,202.23712158203125,96.29296875,220.15463256835938,79.96484375,179.4329833984375,125.68359375,184.319580078125,168.13671875,182.6907196044922,204.05859375,192.4639129638672,125.68359375,187.5773162841797,168.13671875,184.319580078125,200.79296875,185.94845581054688,40.77734375,192.4639129638672,40.77734375,177.8041229248047,45.67578125,195.72164916992188,45.67578125
192.2061767578125,44.04296875,187.319580078125,68.53515625,174.28866577148438,66.90234375,166.1443328857422,93.02734375,164.5154571533203,112.62109375,198.72164916992188,70.16796875,203.60824584960938,96.29296875,218.26803588867188,84.86328125,180.8041229248047,125.68359375,187.319580078125,168.13671875,180.8041229248047,205.69140625,193.83505249023438,125.68359375,190.5773162841797,169.76953125,185.6907196044922,202.42578125,188.94845581054688,40.77734375,195.4639129638672,42.41015625,182.4329833984375,45.67578125,200.3505096435547,45.67578125
196.85263061523438,44.83203125,190.36842346191406,67.47265625,177.39999389648438,67.47265625,170.91578674316406,99.81640625,175.77894592285156,127.30859375,203.3368377685547,70.70703125,206.57894897460938,98.19921875,216.30526733398438,93.34765625,183.88421630859375,125.69140625,190.36842346191406,169.35546875,180.64210510253906,204.93359375,196.85263061523438,125.69140625,195.23158264160156,169.35546875,183.88421630859375,204.93359375,193.61053466796875,41.59765625,200.09474182128906,41.59765625,185.50526428222656,46.44921875,203.3368377685547,46.44921875
201.574462890625,44.83203125,193.48936462402344,67.47265625,180.55319213867188,67.47265625,172.46807861328125,98.19921875,180.55319213867188,122.45703125,206.425537109375,69.08984375,209.65957641601562,96.58203125,224.2127685546875,85.26171875,188.6383056640625,125.69140625,198.34042358398438,166.12109375,-1.0,-1.0,201.574462890625,125.69140625,198.34042358398438,169.35546875,191.87234497070312,204.93359375,196.72340393066406,41.59765625,203.19149780273438,41.59765625,188.6383056640625,46.44921875,206.425537109375,46.44921875
203.8709716796875,44.83203125,197.4193572998047,69.08984375,184.51612854003906,67.47265625,176.4516143798828,94.96484375,179.6774139404297,112.75390625,208.70968627929688,69.08984375,211.93548583984375,99.81640625,221.61289978027344,93.34765625,190.96774291992188,125.69140625,202.258056640625,167.73828125,195.80645751953125,206.55078125,203.8709716796875,127.30859375,203.8709716796875,169.35546875,199.03225708007812,204.93359375,200.64515686035156,43.21484375,207.09677124023438,43.21484375,192.5806427001953,46.44921875,210.3225860595703,46.44921875
208.06666564941406,46.44921875,199.95555114746094,69.08984375,188.60000610351562,67.47265625,180.4888916015625,96.58203125,190.22222900390625,117.60546875,212.93333435058594,70.70703125,216.1777801513672,96.58203125,-1.0,-1.0,196.7111053466797,125.69140625,206.44444274902344,170.97265625,212.93333435058594,208.16796875,206.44444274902344,127.30859375,206.44444274902344,170.97265625,211.3111114501953,208.16796875,204.8222198486328,43.21484375,211.3111114501953,43.21484375,196.7111053466797,48.06640625,-1.0,-1.0
213.09890747070312,46.3359375,203.4725341796875,68.8671875,192.24176025390625,68.8671875,184.21978759765625,96.2265625,192.24176025390625,118.7578125,216.3076934814453,70.4765625,219.5164794921875,97.8359375,216.3076934814453,126.8046875,198.6593475341797,126.8046875,209.89010620117188,171.8671875,221.12088012695312,208.8828125,209.89010620117188,126.8046875,209.89010620117188,168.6484375,222.72528076171875,212.1015625,209.89010620117188,44.7265625,216.3076934814453,43.1171875,198.6593475341797,47.9453125,-1.0,-1.0
217.8000030517578,47.22265625,206.60000610351562,69.64453125,195.39999389648438,69.64453125,187.39999389648438,95.26953125,190.60000610351562,117.69140625,219.39999389648438,71.24609375,222.60000610351562,100.07421875,-1.0,-1.0,200.1999969482422,130.50390625,216.1999969482422,175.34765625,229.0,210.58203125,214.60000610351562,130.50390625,214.60000610351562,175.34765625,229.0,210.58203125,213.0,45.62109375,219.39999389648438,44.01953125,203.39999389648438,48.82421875,-1.0,-1.0
222.8160858154297,48.82421875,211.55172729492188,71.24609375,198.67816162109375,69.64453125,190.63218688964844,93.66796875,198.67816162109375,117.69140625,222.8160858154297,71.24609375,226.03448486328125,100.07421875,-1.0,-1.0,205.1149444580078,132.10546875,217.98851013183594,173.74609375,234.08045959472656,208.98046875,217.98851013183594,132.10546875,217.98851013183594,173.74609375,234.08045959472656,210.58203125,217.98851013183594,45.62109375,222.8160858154297,45.62109375,206.72413635253906,48.82421875,-1.0,-1.0
225.906982421875,48.82421875,214.67442321777344,71.24609375,203.44186401367188,69.64453125,195.41860961914062,93.66796875,206.6511688232422,122.49609375,225.906982421875,72.84765625,229.11627197265625,101.67578125,238.7441864013672,100.07421875,209.8604736328125,132.10546875,222.6976776123047,175.34765625,237.13954162597656,212.18359375,221.093017578125,132.10546875,224.3023223876953,173.74609375,237.13954162597656,212.18359375,222.6976776123047,45.62109375,225.906982421875,44.01953125,211.46511840820312,48.82421875,-1.0,-1.0
229.8000030517578,48.703125,218.60000610351562,71.015625,207.39999389648438,69.421875,199.39999389648438,93.328125,-1.0,-1.0,229.8000030517578,71.015625,234.60000610351562,98.109375,242.60000610351562,98.109375,213.8000030517578,129.984375,226.60000610351562,171.421875,237.8000030517578,211.265625,225.0,129.984375,228.1999969482422,169.828125,236.1999969482422,211.265625,225.0,45.515625,229.8000030517578,43.921875,217.0,48.703125,-1.0,-1.0
234.39999389648438,47.109375,221.60000610351562,71.015625,210.39999389648438,71.015625,204.0,94.921875,216.8000030517578,122.015625,234.39999389648438,71.015625,237.60000610351562,96.515625,244.0,98.109375,220.0,131.578125,229.60000610351562,171.421875,239.1999969482422,212.859375,232.8000030517578,131.578125,232.8000030517578,171.421875,237.60000610351562,208.078125,229.60000610351562,45.515625,234.39999389648438,43.921875,220.0,48.703125,-1.0,-1.0
237.3734893798828,47.109375,226.240966796875,71.015625,215.10842895507812,69.421875,208.7469940185547,94.921875,221.46987915039062,118.828125,238.96385192871094,71.015625,243.7349395751953,98.109375,246.91566467285156,96.515625,224.65060424804688,129.984375,232.6024169921875,171.421875,240.55421447753906,212.859375,235.78314208984375,129.984375,234.19277954101562,171.421875,240.55421447753906,212.859375,232.6024169921875,45.515625,237.3734893798828,43.921875,223.06024169921875,47.109375,-1.0,-1.0
242.0487823486328,46.41015625,229.36585998535156,70.19921875,216.68292236328125,70.19921875,211.9268341064453,95.57421875,226.19512939453125,119.36328125,242.0487823486328,70.19921875,246.80487060546875,93.98828125,253.14634704589844,95.57421875,226.19512939453125,127.29296875,234.1219482421875,163.76953125,240.46340942382812,211.34765625,238.8780517578125,128.87890625,237.2926788330078,166.94140625,238.8780517578125,206.58984375,237.2926788330078,43.23828125,240.46340942382812,41.65234375,226.19512939453125,46.41015625,-1.0,-1.0
244.34567260742188,46.3046875,233.28395080566406,68.3984375,222.22222900390625,66.8203125,215.90122985839844,95.2265625,228.543212890625,117.3203125,245.92593383789062,68.3984375,250.6666717529297,95.2265625,247.50616455078125,123.6328125,230.1234588623047,122.0546875,236.44444274902344,159.9296875,236.44444274902344,210.4296875,241.1851806640625,125.2109375,239.6049346923828,161.5078125,241.1851806640625,207.2734375,241.1851806640625,41.5703125,245.92593383789062,41.5703125,230.1234588623047,44.7265625,-1.0,-1.0
