-1.0,-1.0,293.81719970703125,259.875,294.56988525390625,261.375,292.31182861328125,271.875,-1.0,-1.0,291.55914306640625,259.125,-1.0,-1.0,-1.0,-1.0,291.55914306640625,283.125,288.54840087890625,296.625,-1.0,-1.0,287.7956848144531,282.375,-1.0,-1.0,-1.0,-1.0,-1.0,-1.0,-1.0,-1.0,-1.0,-1.0,-1.0,-1.0
-1.0,-1.0,295.56988525390625,262.125,294.81719970703125,262.125,291.80645751953125,272.625,-1.0,-1.0,300.0860290527344,262.125,-1.0,-1.0,-1.0,-1.0,294.06451416015625,284.625,-1.0,-1.0,-1.0,-1.0,295.56988525390625,284.625,-1.0,-1.0,-1.0,-1.0,-1.0,-1.0,-1.0,-1.0,-1.0,-1.0,-1.0,-1.0
-1.0,-1.0,296.81719970703125,262.125,296.06451416015625,262.875,294.55914306640625,274.125,297.56988525390625,283.875,-1.0,-1.0,-1.0,-1.0,-1.0,-1.0,297.56988525390625,286.875,-1.0,-1.0,-1.0,-1.0,295.31182861328125,286.125,-1.0,-1.0,-1.0,-1.0,-1.0,-1.0,-1.0,-1.0,-1.0,-1.0,-1.0,-1.0
-1.0,-1.0,298.81719970703125,261.375,298.06451416015625,262.125,296.55914306640625,273.375,298.81719970703125,281.625,300.32257080078125,261.375,-1.0,-1.0,-1.0,-1.0,297.31182861328125,285.375,-1.0,-1.0,-1.0,-1.0,300.32257080078125,286.125,-1.0,-1.0,-1.0,-1.0,-1.0,-1.0,-1.0,-1.0,302.5806579589844,253.875,-1.0,-1.0
-1.0,-1.0,298.88043212890625,261.38671875,-1.0,-1.0,-1.0,-1.0,-1.0,-1.0,297.35870361328125,260.62890625,-1.0,-1.0,-1.0,-1.0,298.88043212890625,284.12109375,301.1630554199219,301.55078125,307.25,316.70703125,294.3152160644531,282.60546875,302.6847839355469,301.55078125,306.4891357421875,316.70703125,-1.0,-1.0,-1.0,-1.0,-1.0,-1.0,-1.0,-1.0
-1.0,-1.0,301.64129638671875,262.90234375,303.1630554199219,263.66015625,300.11956787109375,275.02734375,303.9239196777344,283.36328125,299.35870361328125,262.90234375,-1.0,-1.0,-1.0,-1.0,303.1630554199219,285.63671875,305.4456481933594,300.79296875,307.728271484375,318.22265625,297.8369445800781,284.87890625,299.35870361328125,299.27734375,-1.0,-1.0,-1.0,-1.0,-1.0,-1.0,307.728271484375,256.08203125,-1.0,-1.0
-1.0,-1.0,304.1630554199219,261.38671875,304.9239196777344,262.14453125,302.64129638671875,273.51171875,305.6847839355469,284.12109375,302.64129638671875,261.38671875,-1.0,-1.0,-1.0,-1.0,304.1630554199219,284.87890625,304.9239196777344,302.30859375,307.2065124511719,318.22265625,300.35870361328125,284.12109375,307.9674072265625,303.06640625,309.4891357421875,317.46484375,-1.0,-1.0,-1.0,-1.0,309.4891357421875,254.56640625,-1.0,-1.0
-1.0,-1.0,306.1630554199219,260.62890625,306.9239196777344,260.62890625,303.88043212890625,271.23828125,306.1630554199219,281.08984375,303.88043212890625,259.87109375,-1.0,-1.0,-1.0,-1.0,305.40216064453125,286.39453125,306.1630554199219,301.55078125,307.6847839355469,316.70703125,306.1630554199219,285.63671875,306.9239196777344,301.55078125,309.9674072265625,317.46484375,-1.0,-1.0,-1.0,-1.0,310.728271484375,255.32421875,-1.0,-1.0
-1.0,-1.0,307.40216064453125,260.62890625,308.1630554199219,261.38671875,305.88043212890625,271.23828125,309.6847839355469,284.12109375,305.11956787109375,259.87109375,-1.0,-1.0,-1.0,-1.0,307.40216064453125,286.39453125,308.9239196777344,303.82421875,308.1630554199219,318.22265625,307.40216064453125,286.39453125,306.64129638671875,303.06640625,308.9239196777344,318.22265625,-1.0,-1.0,-1.0,-1.0,312.728271484375,255.32421875,-1.0,-1.0
316.0108642578125,255.32421875,309.1630554199219,260.62890625,309.9239196777344,261.38671875,307.64129638671875,272.75390625,310.6847839355469,283.36328125,307.64129638671875,259.87109375,-1.0,-1.0,-1.0,-1.0,309.9239196777344,284.87890625,307.64129638671875,303.06640625,306.88043212890625,318.22265625,308.40216064453125,284.12109375,310.6847839355469,303.06640625,309.9239196777344,317.46484375,315.25,253.80859375,-1.0,-1.0,314.4891357421875,254.56640625,-1.0,-1.0
317.25,255.32421875,311.1630554199219,260.62890625,311.9239196777344,260.62890625,309.64129638671875,271.23828125,312.6847839355469,282.60546875,310.40216064453125,260.62890625,-1.0,-1.0,-1.0,-1.0,311.9239196777344,284.12109375,-1.0,-1.0,-1.0,-1.0,309.64129638671875,283.36328125,-1.0,-1.0,-1.0,-1.0,317.25,253.80859375,-1.0,-1.0,315.728271484375,254.56640625,-1.0,-1.0
-1.0,-1.0,312.9239196777344,259.87109375,313.6847839355469,260.62890625,311.40216064453125,271.23828125,315.2065124511719,281.84765625,311.40216064453125,259.87109375,-1.0,-1.0,-1.0,-1.0,315.9674072265625,290.18359375,-1.0,-1.0,-1.0,-1.0,312.1630554199219,288.66796875,-1.0,-1.0,-1.0,-1.0,-1.0,-1.0,-1.0,-1.0,317.4891357421875,253.80859375,-1.0,-1.0
321.0108642578125,254.56640625,315.6847839355469,260.62890625,314.1630554199219,260.62890625,312.64129638671875,272.75390625,316.4456481933594,281.08984375,317.2065124511719,260.62890625,-1.0,-1.0,-1.0,-1.0,314.9239196777344,283.36328125,311.88043212890625,300.03515625,308.8369445800781,318.98046875,317.9674072265625,283.36328125,320.25,300.79296875,320.25,318.22265625,319.4891357421875,253.05078125,-1.0,-1.0,318.728271484375,253.80859375,-1.0,-1.0
-1.0,-1.0,314.64129638671875,260.62890625,-1.0,-1.0,-1.0,-1.0,-1.0,-1.0,314.64129638671875,259.87109375,-1.0,-1.0,-1.0,-1.0,315.40216064453125,284.12109375,311.59783935546875,300.79296875,309.3152160644531,318.98046875,316.1630554199219,284.12109375,320.728271484375,301.55078125,320.728271484375,318.98046875,-1.0,-1.0,-1.0,-1.0,-1.0,-1.0,-1.0,-1.0
320.3333435058594,255.125,315.06451416015625,260.375,314.31182861328125,260.375,312.80645751953125,273.125,316.56988525390625,282.125,316.56988525390625,260.375,-1.0,-1.0,-1.0,-1.0,314.31182861328125,284.375,311.30108642578125,301.625,308.2903137207031,319.625,318.07525634765625,285.125,321.0860290527344,301.625,321.0860290527344,318.125,319.5806579589844,253.625,-1.0,-1.0,318.82794189453125,253.625,-1.0,-1.0
-1.0,-1.0,314.80645751953125,260.375,314.80645751953125,261.125,312.54840087890625,273.875,317.06451416015625,282.125,-1.0,-1.0,-1.0,-1.0,-1.0,-1.0,316.31182861328125,284.375,311.0429992675781,301.625,308.7849426269531,319.625,312.54840087890625,283.625,311.0429992675781,300.875,-1.0,-1.0,-1.0,-1.0,-1.0,-1.0,318.56988525390625,254.375,-1.0,-1.0
-1.0,-1.0,322.82794189453125,261.875,323.5806579589844,263.375,322.07525634765625,276.125,324.3333435058594,283.625,320.56988525390625,261.875,-1.0,-1.0,-1.0,-1.0,322.07525634765625,283.625,316.80645751953125,300.125,310.0322570800781,316.625,321.32257080078125,283.625,328.0967712402344,300.875,-1.0,-1.0,-1.0,-1.0,-1.0,-1.0,-1.0,-1.0,-1.0,-1.0
-1.0,-1.0,326.3333435058594,263.375,324.07525634765625,264.125,323.32257080078125,276.875,326.3333435058594,282.875,328.5914001464844,262.625,-1.0,-1.0,-1.0,-1.0,322.56988525390625,285.875,317.30108642578125,302.375,311.2795715332031,315.875,326.3333435058594,286.625,319.55914306640625,303.125,311.2795715332031,315.875,-1.0,-1.0,-1.0,-1.0,-1.0,-1.0,-1.0,-1.0
-1.0,-1.0,326.82794189453125,264.125,-1.0,-1.0,-1.0,-1.0,-1.0,-1.0,325.32257080078125,263.375,-1.0,-1.0,-1.0,-1.0,326.82794189453125,287.375,334.3548278808594,303.875,-1.0,-1.0,325.32257080078125,286.625,319.30108642578125,303.125,312.5268859863281,315.875,-1.0,-1.0,-1.0,-1.0,-1.0,-1.0,-1.0,-1.0
-1.0,-1.0,331.0860290527344,264.125,327.32257080078125,264.875,327.32257080078125,277.625,331.0860290527344,282.875,334.8494567871094,263.375,-1.0,-1.0,-1.0,-1.0,328.82794189453125,286.625,337.1075134277344,303.875,337.8602294921875,318.125,334.0967712402344,286.625,325.06451416015625,303.125,313.7742004394531,317.375,-1.0,-1.0,-1.0,-1.0,-1.0,-1.0,-1.0,-1.0
-1.0,-1.0,333.8387145996094,262.625,333.0860290527344,262.625,331.5806579589844,275.375,336.0967712402344,280.625,336.0967712402344,261.875,-1.0,-1.0,-1.0,-1.0,334.5914001464844,283.625,336.8494567871094,300.875,337.6021423339844,318.125,332.3333435058594,282.875,332.3333435058594,299.375,321.0429992675781,312.875,-1.0,-1.0,-1.0,-1.0,-1.0,-1.0,-1.0,-1.0
-1.0,-1.0,335.8387145996094,264.125,338.0967712402344,264.125,341.1075134277344,274.625,-1.0,-1.0,331.32257080078125,264.875,-1.0,-1.0,-1.0,-1.0,338.0967712402344,285.125,338.0967712402344,305.375,339.6021423339844,318.875,332.82794189453125,285.125,336.5914001464844,303.125,338.8494567871094,320.375,-1.0,-1.0,-1.0,-1.0,339.6021423339844,255.875,-1.0,-1.0
-1.0,-1.0,337.3333435058594,261.875,338.8387145996094,261.875,338.0860290527344,272.375,341.0967712402344,278.375,334.32257080078125,261.125,-1.0,-1.0,-1.0,-1.0,338.0860290527344,283.625,339.5914001464844,301.625,338.8387145996094,317.375,334.32257080078125,283.625,338.8387145996094,300.875,338.8387145996094,315.125,-1.0,-1.0,-1.0,-1.0,341.8494567871094,255.125,-1.0,-1.0
-1.0,-1.0,340.8387145996094,261.125,343.8494567871094,261.125,340.8387145996094,272.375,-1.0,-1.0,337.07525634765625,261.125,-1.0,-1.0,-1.0,-1.0,343.0967712402344,281.375,339.3333435058594,301.625,340.0860290527344,320.375,337.07525634765625,278.375,340.0860290527344,301.625,340.0860290527344,312.875,-1.0,-1.0,-1.0,-1.0,344.6021423339844,255.125,-1.0,-1.0
-1.0,-1.0,343.5914001464844,261.125,346.6021423339844,261.875,-1.0,-1.0,-1.0,-1.0,340.5806579589844,261.125,-1.0,-1.0,-1.0,-1.0,344.3440856933594,280.625,-1.0,-1.0,-1.0,-1.0,339.07525634765625,278.375,342.8387145996094,308.375,342.8387145996094,320.375,-1.0,-1.0,-1.0,-1.0,-1.0,-1.0,-1.0,-1.0
-1.0,-1.0,342.5806579589844,261.125,345.5914001464844,261.875,343.3333435058594,273.875,346.3440856933594,282.875,340.32257080078125,261.125,-1.0,-1.0,-1.0,-1.0,344.0860290527344,283.625,339.56988525390625,306.875,338.81719970703125,320.375,338.81719970703125,282.125,344.0860290527344,307.625,342.5806579589844,320.375,-1.0,-1.0,-1.0,-1.0,346.3440856933594,255.125,-1.0,-1.0
350.6021423339844,255.875,343.82794189453125,261.875,346.8387145996094,261.875,344.5806579589844,273.875,348.3440856933594,282.875,341.56988525390625,261.125,337.80645751953125,274.625,-1.0,-1.0,346.0860290527344,286.625,346.8387145996094,303.125,346.8387145996094,320.375,339.31182861328125,284.375,340.06451416015625,302.375,339.31182861328125,322.625,349.8494567871094,255.125,-1.0,-1.0,348.3440856933594,255.125,-1.0,-1.0
-1.0,-1.0,346.5806579589844,261.875,348.0860290527344,261.875,346.5806579589844,274.625,350.3440856933594,282.875,344.32257080078125,261.125,-1.0,-1.0,-1.0,-1.0,348.0860290527344,289.625,350.3440856933594,306.125,351.0967712402344,321.875,-1.0,-1.0,-1.0,-1.0,-1.0,-1.0,-1.0,-1.0,-1.0,-1.0,350.3440856933594,255.125,-1.0,-1.0
-1.0,-1.0,348.4456481933594,261.90234375,351.4891357421875,262.66015625,348.4456481933594,274.78515625,353.0108642578125,282.36328125,344.64129638671875,261.90234375,341.59783935546875,274.78515625,-1.0,-1.0,349.2065124511719,286.91015625,352.25,304.33984375,355.2934875488281,317.98046875,341.59783935546875,283.87890625,341.59783935546875,310.40234375,340.8369445800781,324.04296875,-1.0,-1.0,-1.0,-1.0,352.25,255.08203125,-1.0,-1.0
-1.0,-1.0,350.4456481933594,261.90234375,352.728271484375,262.66015625,350.4456481933594,274.02734375,353.4891357421875,281.60546875,348.1630554199219,261.90234375,-1.0,-1.0,-1.0,-1.0,351.2065124511719,284.63671875,352.728271484375,300.55078125,-1.0,-1.0,345.11956787109375,282.36328125,342.0760803222656,307.37109375,341.3152160644531,319.49609375,-1.0,-1.0,-1.0,-1.0,355.771728515625,257.35546875,-1.0,-1.0
-1.0,-1.0,352.4456481933594,263.41796875,354.728271484375,263.41796875,352.4456481933594,275.54296875,355.4891357421875,283.87890625,349.40216064453125,262.66015625,-1.0,-1.0,-1.0,-1.0,352.4456481933594,285.39453125,355.4891357421875,302.82421875,-1.0,-1.0,348.64129638671875,284.63671875,343.3152160644531,306.61328125,341.7934875488281,319.49609375,-1.0,-1.0,-1.0,-1.0,357.0108642578125,257.35546875,-1.0,-1.0
-1.0,-1.0,352.9239196777344,263.41796875,355.9674072265625,263.41796875,355.2065124511719,276.30078125,-1.0,-1.0,350.64129638671875,263.41796875,-1.0,-1.0,-1.0,-1.0,355.9674072265625,286.15234375,348.35870361328125,300.55078125,341.5108642578125,318.73828125,350.64129638671875,286.15234375,348.35870361328125,301.30859375,341.5108642578125,316.46484375,-1.0,-1.0,-1.0,-1.0,-1.0,-1.0,-1.0,-1.0
-1.0,-1.0,355.6000061035156,263.41796875,358.631591796875,263.41796875,357.11578369140625,275.54296875,-1.0,-1.0,352.56842041015625,263.41796875,348.02105712890625,274.78515625,-1.0,-1.0,357.11578369140625,286.15234375,348.02105712890625,302.82421875,343.47369384765625,317.98046875,352.56842041015625,286.15234375,360.1473693847656,302.06640625,364.6947326660156,317.22265625,-1.0,-1.0,-1.0,-1.0,-1.0,-1.0,-1.0,-1.0
-1.0,-1.0,357.9239196777344,263.41796875,360.9674072265625,263.41796875,360.2065124511719,277.05859375,363.25,282.36328125,355.64129638671875,262.66015625,351.0760803222656,274.78515625,-1.0,-1.0,358.6847839355469,285.39453125,360.9674072265625,299.79296875,-1.0,-1.0,353.35870361328125,284.63671875,355.64129638671875,299.03515625,-1.0,-1.0,-1.0,-1.0,-1.0,-1.0,364.0108642578125,257.35546875,-1.0,-1.0
-1.0,-1.0,359.9239196777344,264.17578125,362.2065124511719,264.93359375,363.728271484375,276.30078125,-1.0,-1.0,356.11956787109375,264.93359375,-1.0,-1.0,-1.0,-1.0,361.4456481933594,284.63671875,363.728271484375,302.06640625,365.25,318.73828125,355.35870361328125,285.39453125,362.9674072265625,302.06640625,365.25,315.70703125,-1.0,-1.0,-1.0,-1.0,-1.0,-1.0,-1.0,-1.0
-1.0,-1.0,361.9239196777344,263.41796875,364.9674072265625,263.41796875,364.2065124511719,276.30078125,367.25,283.12109375,358.88043212890625,262.66015625,355.8369445800781,277.81640625,354.3152160644531,286.91015625,363.4456481933594,286.15234375,364.9674072265625,302.06640625,366.4891357421875,318.73828125,357.35870361328125,285.39453125,358.11956787109375,301.30859375,348.9891357421875,317.98046875,-1.0,-1.0,-1.0,-1.0,-1.0,-1.0,-1.0,-1.0
-1.0,-1.0,363.9239196777344,262.66015625,366.2065124511719,263.41796875,366.2065124511719,276.30078125,369.25,285.39453125,361.64129638671875,262.66015625,358.59783935546875,277.81640625,358.59783935546875,285.39453125,365.4456481933594,286.91015625,364.6847839355469,302.82421875,367.728271484375,319.49609375,359.35870361328125,285.39453125,359.35870361328125,301.30859375,-1.0,-1.0,-1.0,-1.0,-1.0,-1.0,-1.0,-1.0,-1.0,-1.0
-1.0,-1.0,365.1630554199219,262.66015625,367.4456481933594,263.41796875,366.6847839355469,276.30078125,369.728271484375,283.12109375,362.88043212890625,261.90234375,-1.0,-1.0,-1.0,-1.0,366.6847839355469,286.15234375,366.6847839355469,301.30859375,366.6847839355469,316.46484375,360.59783935546875,284.63671875,361.35870361328125,300.55078125,366.6847839355469,316.46484375,-1.0,-1.0,-1.0,-1.0,368.9674072265625,252.80859375,-1.0,-1.0
-1.0,-1.0,364.88043212890625,262.66015625,367.9239196777344,262.66015625,368.6847839355469,277.05859375,372.4891357421875,286.15234375,362.59783935546875,261.90234375,-1.0,-1.0,-1.0,-1.0,367.1630554199219,286.15234375,367.1630554199219,302.06640625,366.40216064453125,315.70703125,361.8369445800781,285.39453125,363.35870361328125,302.06640625,365.64129638671875,316.46484375,-1.0,-1.0,-1.0,-1.0,368.6847839355469,252.80859375,-1.0,-1.0
-1.0,-1.0,367.9239196777344,263.41796875,369.4456481933594,263.41796875,369.4456481933594,275.54296875,372.4891357421875,283.12109375,364.88043212890625,263.41796875,-1.0,-1.0,-1.0,-1.0,370.2065124511719,286.15234375,374.0108642578125,301.30859375,374.771728515625,314.94921875,364.11956787109375,285.39453125,367.1630554199219,302.82421875,367.9239196777344,315.70703125,-1.0,-1.0,-1.0,-1.0,370.2065124511719,253.56640625,-1.0,-1.0
