-1.0,-1.0,591.5529174804688,144.41015625,605.8588256835938,146.19921875,616.5882568359375,176.61328125,625.5294189453125,201.66015625,573.6705932617188,146.19921875,568.305908203125,178.40234375,564.7294311523438,198.08203125,607.6470336914062,201.66015625,600.494140625,248.17578125,598.7058715820312,294.69140625,582.6117553710938,203.44921875,591.5529174804688,251.75390625,600.494140625,294.69140625,-1.0,-1.0,-1.0,-1.0,595.12939453125,124.73046875,577.2470703125,126.51953125
-1.0,-1.0,588.5529174804688,145.203125,604.6470336914062,143.421875,615.37646484375,175.484375,624.317626953125,200.421875,570.6705932617188,145.203125,567.0941162109375,177.265625,559.941162109375,198.640625,604.6470336914062,202.203125,595.7058715820312,248.515625,597.494140625,298.390625,581.4000244140625,203.984375,590.3411865234375,250.296875,597.494140625,294.828125,-1.0,-1.0,-1.0,-1.0,593.9176635742188,123.828125,572.4588012695312,129.171875
-1.0,-1.0,586.3928833007812,145.203125,600.6785888671875,145.203125,611.3928833007812,173.703125,-1.0,-1.0,568.5357055664062,146.984375,564.9642944335938,177.265625,561.3928833007812,198.640625,602.4642944335938,203.984375,593.5357055664062,248.515625,595.3214111328125,296.609375,579.25,203.984375,588.1785888671875,250.296875,591.75,294.828125,-1.0,-1.0,-1.0,-1.0,591.75,125.609375,572.1071166992188,127.390625
-1.0,-1.0,583.8235473632812,147.5546875,597.941162109375,147.5546875,610.2941284179688,177.5703125,-1.0,-1.0,567.941162109375,147.5546875,560.88232421875,177.5703125,557.3529663085938,196.9921875,599.7058715820312,204.0546875,589.11767578125,248.1953125,582.058837890625,294.1015625,576.7647094726562,204.0546875,585.5882568359375,249.9609375,597.941162109375,295.8671875,-1.0,-1.0,-1.0,-1.0,589.11767578125,128.1328125,567.941162109375,129.8984375
-1.0,-1.0,581.6428833007812,149.3203125,595.7380981445312,149.3203125,606.3095092773438,177.5703125,-1.0,-1.0,565.7857055664062,149.3203125,558.7380981445312,179.3359375,553.452392578125,198.7578125,597.5,205.8203125,586.9285888671875,248.1953125,595.7380981445312,299.3984375,574.59521484375,205.8203125,583.40478515625,249.9609375,593.9761962890625,294.1015625,-1.0,-1.0,-1.0,-1.0,585.1666870117188,129.8984375,567.547607421875,129.8984375
-1.0,-1.0,579.40478515625,150.09765625,593.5,150.09765625,604.0714111328125,178.22265625,607.59521484375,195.80078125,561.7857055664062,150.09765625,558.2619018554688,179.98046875,551.2142944335938,197.55859375,595.2619018554688,206.34765625,584.6904907226562,250.29296875,574.1190185546875,288.96484375,570.59521484375,206.34765625,581.1666870117188,250.29296875,595.2619018554688,295.99609375,-1.0,-1.0,-1.0,-1.0,584.6904907226562,130.76171875,563.547607421875,132.51953125
-1.0,-1.0,576.7882080078125,151.625,590.7176513671875,151.625,601.1646728515625,179.625,-1.0,-1.0,559.37646484375,151.625,555.8941040039062,181.375,548.9293823242188,200.625,590.7176513671875,205.875,582.0117797851562,249.625,571.564697265625,289.875,568.0823364257812,205.875,578.5294189453125,249.625,594.2000122070312,296.875,-1.0,-1.0,-1.0,-1.0,583.7529296875,132.375,564.5999755859375,132.375
-1.0,-1.0,575.0963745117188,151.625,589.168701171875,153.375,599.722900390625,179.625,-1.0,-1.0,557.5060424804688,151.625,553.9879760742188,181.375,546.9517822265625,200.625,589.168701171875,205.875,578.6144409179688,251.375,569.8192749023438,291.625,566.3012084960938,205.875,576.8554077148438,251.375,590.927734375,295.125,-1.0,-1.0,-1.0,-1.0,580.3734741210938,132.375,562.7831420898438,132.375
-1.0,-1.0,573.3214111328125,150.65234375,587.2261962890625,150.65234375,595.9166870117188,180.26953125,597.65478515625,197.69140625,555.9404907226562,150.65234375,550.7261962890625,180.26953125,543.7738037109375,199.43359375,585.4880981445312,206.40234375,576.797607421875,249.95703125,568.1071166992188,291.76953125,562.8928833007812,206.40234375,571.5833129882812,249.95703125,585.4880981445312,290.02734375,-1.0,-1.0,-1.0,-1.0,578.5357055664062,131.48828125,559.4166870117188,131.48828125
-1.0,-1.0,568.5060424804688,150.65234375,582.3855590820312,150.65234375,591.0602416992188,178.52734375,592.795166015625,197.69140625,552.8915405273438,148.91015625,549.4216918945312,178.52734375,540.7470092773438,197.69140625,582.3855590820312,204.66015625,575.44580078125,248.21484375,566.7710571289062,293.51171875,559.831298828125,206.40234375,566.7710571289062,249.95703125,582.3855590820312,288.28515625,-1.0,-1.0,-1.0,-1.0,575.44580078125,129.74609375,558.0963745117188,129.74609375
-1.0,-1.0,567.240966796875,149.48046875,581.1204833984375,151.20703125,589.795166015625,180.55859375,-1.0,-1.0,549.8915405273438,149.48046875,546.4216918945312,178.83203125,537.7470092773438,197.82421875,579.3855590820312,204.73046875,574.1807250976562,247.89453125,572.44580078125,280.69921875,556.831298828125,206.45703125,560.3012084960938,247.89453125,577.650634765625,280.69921875,-1.0,-1.0,-1.0,-1.0,572.44580078125,128.76171875,553.3614501953125,130.48828125
-1.0,-1.0,563.240966796875,149.48046875,577.1204833984375,149.48046875,585.795166015625,178.83203125,-1.0,-1.0,545.8915405273438,147.75390625,542.4216918945312,178.83203125,533.7470092773438,197.82421875,577.1204833984375,203.00390625,571.9156494140625,249.62109375,568.44580078125,280.69921875,552.831298828125,203.00390625,554.5662841796875,247.89453125,571.9156494140625,282.42578125,-1.0,-1.0,-1.0,-1.0,570.1807250976562,130.48828125,551.0963745117188,130.48828125
-1.0,-1.0,557.9156494140625,150.265625,573.313232421875,151.984375,580.1566162109375,181.203125,581.8674926757812,201.828125,542.51806640625,148.546875,537.3855590820312,177.765625,530.5421752929688,196.671875,573.313232421875,203.546875,566.4698486328125,249.953125,564.759033203125,280.890625,549.3614501953125,203.546875,549.3614501953125,248.234375,566.4698486328125,280.890625,-1.0,-1.0,-1.0,-1.0,566.4698486328125,131.359375,547.6505737304688,129.640625
-1.0,-1.0,554.9156494140625,150.05078125,570.313232421875,150.05078125,577.1566162109375,180.84765625,577.1566162109375,203.08984375,537.8072509765625,148.33984375,532.6746826171875,177.42578125,525.831298828125,196.24609375,568.6024169921875,203.08984375,563.4698486328125,249.28515625,561.759033203125,280.08203125,546.3614501953125,203.08984375,542.9397583007812,247.57421875,558.3373413085938,281.79296875,-1.0,-1.0,-1.0,-1.0,561.759033203125,131.23046875,542.9397583007812,131.23046875
-1.0,-1.0,549.268310546875,150.05078125,564.6341552734375,150.05078125,571.4634399414062,182.55859375,574.8780517578125,209.93359375,532.1951293945312,150.05078125,523.6585083007812,179.13671875,518.5365600585938,196.24609375,561.219482421875,204.80078125,556.0975341796875,249.28515625,554.3902587890625,292.05859375,537.3170776367188,204.80078125,533.9024658203125,245.86328125,542.4390258789062,281.79296875,-1.0,-1.0,-1.0,-1.0,554.3902587890625,129.51953125,535.6097412109375,131.23046875
-1.0,-1.0,544.5609741210938,150.8359375,559.9268188476562,150.8359375,566.756103515625,183.1953125,570.1707153320312,205.3359375,527.48779296875,150.8359375,520.6585083007812,178.0859375,517.243896484375,196.8203125,558.219482421875,205.3359375,553.0975341796875,247.9140625,551.3902587890625,292.1953125,532.6097412109375,205.3359375,530.9024658203125,247.9140625,537.731689453125,287.0859375,-1.0,-1.0,-1.0,-1.0,549.6829223632812,130.3984375,530.9024658203125,132.1015625
-1.0,-1.0,541.4815063476562,152.31640625,556.8148193359375,152.31640625,563.629638671875,182.83203125,567.0370483398438,208.26171875,524.4444580078125,150.62109375,517.629638671875,179.44140625,514.2222290039062,196.39453125,555.111083984375,204.87109375,550.0,248.94921875,550.0,294.72265625,531.25927734375,204.87109375,527.8518676757812,248.94921875,531.25927734375,291.33203125,-1.0,-1.0,-1.0,-1.0,546.5925903320312,130.27734375,529.5555419921875,131.97265625
-1.0,-1.0,537.0244140625,151.40625,552.1707153320312,151.40625,560.5853881835938,181.78125,562.268310546875,203.71875,520.1951293945312,151.40625,515.1463623046875,180.09375,510.0975646972656,196.96875,550.48779296875,205.40625,547.1219482421875,249.28125,545.4390258789062,294.84375,526.9268188476562,205.40625,523.5609741210938,249.28125,523.5609741210938,291.46875,-1.0,-1.0,-1.0,-1.0,542.0731811523438,131.15625,525.243896484375,132.84375
-1.0,-1.0,532.3414306640625,153.09375,547.48779296875,153.09375,555.9024658203125,181.78125,550.8536376953125,202.03125,515.51220703125,153.09375,512.1463623046875,180.09375,507.0975646972656,198.65625,545.8048706054688,205.40625,544.1219482421875,250.96875,544.1219482421875,294.84375,522.243896484375,207.09375,520.5609741210938,250.96875,518.8780517578125,288.09375,-1.0,-1.0,-1.0,-1.0,539.0731811523438,132.84375,520.5609741210938,132.84375
-1.0,-1.0,527.6585083007812,154.78125,542.8048706054688,154.78125,551.219482421875,183.46875,551.219482421875,203.71875,512.51220703125,154.78125,507.4634094238281,181.78125,502.4146423339844,198.65625,542.8048706054688,207.09375,541.1219482421875,250.96875,541.1219482421875,294.84375,517.5609741210938,207.09375,517.5609741210938,250.96875,514.1951293945312,288.09375,-1.0,-1.0,-1.0,-1.0,534.3902587890625,134.53125,517.5609741210938,134.53125
-1.0,-1.0,522.9755859375,156.23046875,538.1219482421875,156.23046875,548.219482421875,184.78515625,546.5365600585938,204.94140625,507.8292541503906,156.23046875,504.4634094238281,183.10546875,499.4146423339844,201.58203125,539.8048706054688,206.62109375,538.1219482421875,250.29296875,538.1219482421875,293.96484375,514.5609741210938,208.30078125,514.5609741210938,250.29296875,511.19512939453125,287.24609375,-1.0,-1.0,-1.0,-1.0,528.0244140625,136.07421875,512.8780517578125,136.07421875
-1.0,-1.0,519.204833984375,156.23046875,534.3855590820312,156.23046875,544.5060424804688,184.78515625,-1.0,-1.0,504.02410888671875,156.23046875,502.33734130859375,183.10546875,493.90362548828125,201.58203125,536.072265625,208.30078125,534.3855590820312,250.29296875,536.072265625,292.28515625,512.4578247070312,208.30078125,510.7710876464844,251.97265625,509.0843505859375,287.24609375,-1.0,-1.0,-1.0,-1.0,525.9517822265625,136.07421875,509.0843505859375,139.43359375
-1.0,-1.0,514.51806640625,156.23046875,529.6987915039062,156.23046875,539.8192749023438,184.78515625,541.5060424804688,206.62109375,499.33734130859375,157.91015625,497.6506042480469,184.78515625,490.90362548828125,203.26171875,531.3855590820312,208.30078125,531.3855590820312,251.97265625,534.759033203125,293.96484375,507.7710876464844,208.30078125,507.7710876464844,251.97265625,506.0843505859375,288.92578125,-1.0,-1.0,-1.0,-1.0,521.2650756835938,137.75390625,504.3975830078125,139.43359375
-1.0,-1.0,512.0706176757812,156.75390625,527.1058959960938,158.41796875,535.4588012695312,183.37890625,538.7999877929688,206.67578125,497.0353088378906,156.75390625,493.6941223144531,183.37890625,488.6823425292969,201.68359375,528.7764892578125,208.33984375,527.1058959960938,251.60546875,532.11767578125,291.54296875,503.7176513671875,208.33984375,505.38824462890625,251.60546875,505.38824462890625,288.21484375,-1.0,-1.0,-1.0,-1.0,520.4235229492188,136.78515625,502.04705810546875,140.11328125
-1.0,-1.0,508.6206970214844,156.75390625,525.1724243164062,156.75390625,531.7930908203125,186.70703125,536.7586059570312,208.33984375,492.0689697265625,158.41796875,488.75860595703125,185.04296875,483.7930908203125,203.34765625,523.5172119140625,208.33984375,523.5172119140625,251.60546875,530.137939453125,291.54296875,498.6896667480469,210.00390625,500.3448181152344,251.60546875,502.0,289.87890625,-1.0,-1.0,-1.0,-1.0,516.8965454101562,138.44921875,498.6896667480469,140.11328125
-1.0,-1.0,505.6206970214844,156.75390625,520.5172119140625,156.75390625,527.137939453125,183.37890625,533.7586059570312,206.67578125,487.4137878417969,156.75390625,485.75860595703125,185.04296875,480.7930908203125,203.34765625,518.862060546875,208.33984375,520.5172119140625,251.60546875,527.137939453125,288.21484375,495.6896667480469,208.33984375,497.3448181152344,249.94140625,500.6551818847656,288.21484375,-1.0,-1.0,-1.0,-1.0,512.2413940429688,136.78515625,495.6896667480469,138.44921875
-1.0,-1.0,501.0340881347656,156.75390625,517.625,156.75390625,525.9204711914062,185.04296875,530.897705078125,208.33984375,484.44317626953125,156.75390625,479.4659118652344,186.70703125,476.1477355957031,203.34765625,514.3068237304688,210.00390625,517.625,251.60546875,524.2613525390625,288.21484375,491.0795593261719,208.33984375,492.7386474609375,249.94140625,497.7159118652344,288.21484375,-1.0,-1.0,-1.0,-1.0,507.6704406738281,136.78515625,491.0795593261719,138.44921875
-1.0,-1.0,498.0340881347656,156.515625,512.9658813476562,156.515625,521.2613525390625,184.671875,529.5568237304688,207.859375,479.7840881347656,158.171875,474.80682373046875,187.984375,474.80682373046875,204.546875,509.6477355957031,209.515625,512.9658813476562,249.265625,521.2613525390625,284.046875,488.0795593261719,207.859375,489.7386474609375,250.921875,494.7159118652344,289.015625,-1.0,-1.0,-1.0,-1.0,504.6704406738281,134.984375,488.0795593261719,136.640625
-1.0,-1.0,493.375,156.515625,508.30682373046875,154.859375,518.2613525390625,183.015625,526.5568237304688,207.859375,476.7840881347656,158.171875,470.1477355957031,186.328125,470.1477355957031,204.546875,506.6477355957031,207.859375,509.9659118652344,247.609375,516.602294921875,282.390625,485.0795593261719,207.859375,486.7386474609375,250.921875,493.375,287.359375,-1.0,-1.0,-1.0,-1.0,500.0113525390625,134.984375,485.0795593261719,136.640625
-1.0,-1.0,489.60675048828125,156.515625,506.2359619140625,154.859375,516.2135009765625,184.671875,524.528076171875,207.859375,472.9775390625,156.515625,466.3258361816406,184.671875,466.3258361816406,206.203125,502.91009521484375,207.859375,506.2359619140625,247.609375,512.8876342773438,282.390625,481.2921447753906,206.203125,486.2808837890625,250.921875,491.2696533203125,287.359375,-1.0,-1.0,-1.0,-1.0,496.2584228515625,134.984375,481.2921447753906,136.640625
-1.0,-1.0,486.19781494140625,156.27734375,502.68133544921875,154.62890625,510.9230651855469,184.30078125,520.8131713867188,207.37890625,469.71429443359375,157.92578125,463.1208801269531,184.30078125,463.1208801269531,204.08203125,501.032958984375,207.37890625,501.032958984375,248.58984375,507.6263732910156,284.85546875,477.9560546875,207.37890625,484.5494384765625,251.88671875,489.4945068359375,288.15234375,-1.0,-1.0,-1.0,-1.0,492.79119873046875,136.49609375,476.30767822265625,138.14453125
-1.0,-1.0,483.19781494140625,156.27734375,499.68133544921875,154.62890625,507.9230651855469,184.30078125,517.8131713867188,205.73046875,466.71429443359375,157.92578125,460.1208801269531,184.30078125,461.76922607421875,202.43359375,498.032958984375,205.73046875,498.032958984375,246.94140625,502.97802734375,286.50390625,476.6044006347656,205.73046875,483.19781494140625,250.23828125,488.1428527832031,288.15234375,-1.0,-1.0,-1.0,-1.0,488.1428527832031,134.84765625,473.30767822265625,136.49609375
-1.0,-1.0,480.2608642578125,156.27734375,498.4347839355469,154.62890625,506.6956481933594,184.30078125,516.6087036132812,212.32421875,463.7391357421875,157.92578125,457.13043212890625,182.65234375,458.7826232910156,202.43359375,495.13043212890625,207.37890625,496.7825927734375,248.58984375,498.4347839355469,286.50390625,473.65216064453125,207.37890625,480.2608642578125,250.23828125,486.86956787109375,288.15234375,-1.0,-1.0,-1.0,-1.0,485.2174072265625,136.49609375,472.0,138.14453125
-1.0,-1.0,478.9130554199219,156.27734375,495.4347839355469,154.62890625,502.0434875488281,182.65234375,511.9565124511719,207.37890625,462.39129638671875,157.92578125,455.7826232910156,182.65234375,457.4347839355469,202.43359375,493.7825927734375,207.37890625,493.7825927734375,248.58984375,492.13043212890625,288.15234375,470.65216064453125,207.37890625,478.9130554199219,248.58984375,487.1739196777344,289.80078125,-1.0,-1.0,-1.0,-1.0,485.521728515625,136.49609375,470.65216064453125,138.14453125
-1.0,-1.0,478.05377197265625,156.80078125,494.3978576660156,155.16796875,500.93548583984375,184.55859375,509.1075134277344,207.41796875,461.7096862792969,158.43359375,455.17205810546875,182.92578125,456.80645751953125,202.51953125,492.763427734375,207.41796875,492.763427734375,248.23828125,491.1290283203125,287.42578125,471.51611328125,207.41796875,478.05377197265625,248.23828125,484.5914001464844,289.05859375,-1.0,-1.0,-1.0,-1.0,486.2257995605469,137.20703125,469.8817138671875,138.83984375
-1.0,-1.0,476.7659606933594,158.43359375,493.14892578125,158.43359375,499.7021179199219,184.55859375,509.53192138671875,207.41796875,460.3829650878906,160.06640625,453.82977294921875,182.92578125,455.46807861328125,202.51953125,489.8723449707031,207.41796875,491.5106506347656,246.60546875,494.7872314453125,285.79296875,470.2127685546875,207.41796875,478.4042663574219,248.23828125,484.95745849609375,287.42578125,-1.0,-1.0,-1.0,-1.0,484.95745849609375,137.20703125,468.574462890625,138.83984375
-1.0,-1.0,475.7659606933594,160.06640625,492.14892578125,158.43359375,498.7021179199219,184.55859375,508.53192138671875,209.05078125,461.0212707519531,160.06640625,452.82977294921875,182.92578125,454.46807861328125,202.51953125,488.8723449707031,207.41796875,488.8723449707031,246.60546875,488.8723449707031,285.79296875,469.2127685546875,207.41796875,477.4042663574219,246.60546875,483.95745849609375,287.42578125,-1.0,-1.0,-1.0,-1.0,485.5957336425781,138.83984375,470.85107421875,140.47265625
-1.0,-1.0,475.7659606933594,160.06640625,490.5106506347656,160.06640625,497.0638427734375,186.19140625,506.89361572265625,209.05078125,461.0212707519531,161.69921875,454.46807861328125,184.55859375,456.10638427734375,204.15234375,488.8723449707031,207.41796875,488.8723449707031,246.60546875,487.2340393066406,287.42578125,469.2127685546875,207.41796875,477.4042663574219,246.60546875,483.95745849609375,289.05859375,-1.0,-1.0,-1.0,-1.0,483.95745849609375,140.47265625,470.85107421875,142.10546875
-1.0,-1.0,477.4042663574219,161.9609375,490.5106506347656,160.3203125,497.0638427734375,186.5703125,506.89361572265625,209.5390625,462.6595764160156,161.9609375,456.10638427734375,183.2890625,456.10638427734375,204.6171875,488.8723449707031,207.8984375,487.2340393066406,247.2734375,485.5957336425781,286.6484375,467.574462890625,207.8984375,477.4042663574219,248.9140625,483.95745849609375,288.2890625,-1.0,-1.0,-1.0,-1.0,485.5957336425781,142.2734375,470.85107421875,142.2734375
-1.0,-1.0,476.4042663574219,161.9609375,491.14892578125,160.3203125,496.0638427734375,186.5703125,507.53192138671875,209.5390625,463.2978820800781,161.9609375,455.10638427734375,184.9296875,453.46807861328125,204.6171875,487.8723449707031,207.8984375,486.2340393066406,247.2734375,486.2340393066406,286.6484375,468.2127685546875,207.8984375,476.4042663574219,247.2734375,482.95745849609375,286.6484375,-1.0,-1.0,-1.0,-1.0,484.5957336425781,142.2734375,471.4893493652344,143.9140625
-1.0,-1.0,476.4042663574219,161.9609375,491.14892578125,160.3203125,497.7021179199219,188.2109375,507.53192138671875,211.1796875,461.6595764160156,161.9609375,456.74468994140625,184.9296875,455.10638427734375,204.6171875,487.8723449707031,209.5390625,486.2340393066406,247.2734375,486.2340393066406,285.0078125,468.2127685546875,209.5390625,476.4042663574219,247.2734375,482.95745849609375,285.0078125,-1.0,-1.0,-1.0,-1.0,484.5957336425781,142.2734375,471.4893493652344,143.9140625
-1.0,-1.0,478.04254150390625,161.06640625,492.7872314453125,159.43359375,497.7021179199219,187.19140625,507.53192138671875,210.05078125,463.2978820800781,161.06640625,456.74468994140625,183.92578125,456.74468994140625,203.51953125,487.8723449707031,208.41796875,487.8723449707031,245.97265625,486.2340393066406,283.52734375,468.2127685546875,208.41796875,476.4042663574219,247.60546875,482.95745849609375,283.52734375,-1.0,-1.0,-1.0,-1.0,486.2340393066406,141.47265625,471.4893493652344,143.10546875
-1.0,-1.0,478.04254150390625,159.43359375,492.7872314453125,159.43359375,497.7021179199219,185.55859375,509.17022705078125,210.05078125,461.6595764160156,159.43359375,456.74468994140625,185.55859375,455.10638427734375,205.15234375,487.8723449707031,208.41796875,487.8723449707031,247.60546875,486.2340393066406,281.89453125,468.2127685546875,206.78515625,476.4042663574219,247.60546875,482.95745849609375,283.52734375,-1.0,-1.0,-1.0,-1.0,486.2340393066406,141.47265625,471.4893493652344,141.47265625
-1.0,-1.0,478.68084716796875,159.43359375,493.425537109375,159.43359375,498.3404235839844,187.19140625,508.17022705078125,211.68359375,462.2978820800781,159.43359375,457.3829650878906,183.92578125,457.3829650878906,203.51953125,488.5106506347656,206.78515625,486.8723449707031,245.97265625,483.5957336425781,280.26171875,468.85107421875,206.78515625,475.4042663574219,247.60546875,481.95745849609375,280.26171875,-1.0,-1.0,-1.0,-1.0,486.8723449707031,139.83984375,470.4893493652344,141.47265625
-1.0,-1.0,478.68084716796875,159.43359375,493.425537109375,159.43359375,498.3404235839844,185.55859375,508.17022705078125,210.05078125,462.2978820800781,159.43359375,455.74468994140625,183.92578125,455.74468994140625,201.88671875,488.5106506347656,206.78515625,486.8723449707031,247.60546875,483.5957336425781,276.99609375,468.85107421875,205.15234375,473.7659606933594,247.60546875,480.31915283203125,276.99609375,-1.0,-1.0,-1.0,-1.0,486.8723449707031,139.83984375,470.4893493652344,141.47265625
-1.0,-1.0,477.04254150390625,158.0390625,493.425537109375,158.0390625,498.3404235839844,185.9296875,508.17022705078125,212.1796875,460.6595764160156,158.0390625,454.10638427734375,184.2890625,454.10638427734375,202.3359375,488.5106506347656,207.2578125,486.8723449707031,246.6328125,481.95745849609375,279.4453125,468.85107421875,205.6171875,470.4893493652344,246.6328125,478.68084716796875,277.8046875,-1.0,-1.0,-1.0,-1.0,486.8723449707031,138.3515625,472.1276550292969,138.3515625
-1.0,-1.0,477.68084716796875,158.0390625,494.0638427734375,158.0390625,498.9787292480469,184.2890625,507.17022705078125,208.8984375,459.6595764160156,158.0390625,454.74468994140625,184.2890625,453.10638427734375,203.9765625,489.14892578125,207.2578125,485.8723449707031,246.6328125,482.5957336425781,282.7265625,467.85107421875,205.6171875,469.4893493652344,246.6328125,477.68084716796875,279.4453125,-1.0,-1.0,-1.0,-1.0,485.8723449707031,138.3515625,469.4893493652344,139.9921875
-1.0,-1.0,476.04254150390625,158.0390625,492.425537109375,158.0390625,498.9787292480469,184.2890625,507.17022705078125,210.5390625,459.6595764160156,158.0390625,454.74468994140625,184.2890625,451.46807861328125,202.3359375,489.14892578125,205.6171875,485.8723449707031,246.6328125,484.2340393066406,286.0078125,467.85107421875,205.6171875,467.85107421875,244.9921875,474.4042663574219,281.0859375,-1.0,-1.0,-1.0,-1.0,485.8723449707031,138.3515625,467.85107421875,139.9921875
-1.0,-1.0,476.04254150390625,158.80078125,492.425537109375,158.80078125,498.9787292480469,184.92578125,507.17022705078125,206.15234375,459.6595764160156,158.80078125,454.74468994140625,184.92578125,451.46807861328125,204.51953125,489.14892578125,206.15234375,485.8723449707031,245.33984375,485.8723449707031,287.79296875,467.85107421875,204.51953125,466.2127685546875,245.33984375,474.4042663574219,281.26171875,-1.0,-1.0,-1.0,-1.0,485.8723449707031,139.20703125,467.85107421875,140.83984375
-1.0,-1.0,476.04254150390625,157.16796875,490.7872314453125,157.16796875,497.3404235839844,183.29296875,507.17022705078125,199.62109375,459.6595764160156,158.80078125,454.74468994140625,184.92578125,451.46807861328125,202.88671875,489.14892578125,206.15234375,485.8723449707031,245.33984375,484.2340393066406,286.16015625,466.2127685546875,204.51953125,466.2127685546875,245.33984375,469.4893493652344,284.52734375,-1.0,-1.0,-1.0,-1.0,482.5957336425781,139.20703125,466.2127685546875,140.83984375
-1.0,-1.0,473.4042663574219,157.16796875,489.7872314453125,157.16796875,497.9787292480469,183.29296875,506.17022705078125,196.35546875,458.6595764160156,158.80078125,455.3829650878906,184.92578125,452.10638427734375,206.15234375,488.14892578125,206.15234375,486.5106506347656,245.33984375,484.8723449707031,286.16015625,466.85107421875,206.15234375,465.2127685546875,246.97265625,468.4893493652344,286.16015625,-1.0,-1.0,-1.0,-1.0,481.5957336425781,137.57421875,463.574462890625,140.83984375
-1.0,-1.0,473.4042663574219,157.16796875,488.14892578125,157.16796875,494.7021179199219,178.39453125,502.89361572265625,196.35546875,458.6595764160156,158.80078125,455.3829650878906,184.92578125,450.46807861328125,204.51953125,486.5106506347656,206.15234375,486.5106506347656,245.33984375,484.8723449707031,287.79296875,465.2127685546875,204.51953125,463.574462890625,246.97265625,465.2127685546875,286.16015625,-1.0,-1.0,-1.0,-1.0,481.5957336425781,139.20703125,465.2127685546875,140.83984375
-1.0,-1.0,472.47369384765625,157.9375,487.06317138671875,157.9375,496.78948974609375,183.9375,503.273681640625,198.5625,457.88421630859375,159.5625,456.2631530761719,183.9375,451.3999938964844,203.4375,487.06317138671875,206.6875,485.4421081542969,247.3125,485.4421081542969,287.9375,465.9894714355469,206.6875,464.368408203125,248.9375,461.1263122558594,284.6875,-1.0,-1.0,-1.0,-1.0,478.9578857421875,140.0625,461.1263122558594,141.6875
-1.0,-1.0,474.425537109375,158.70703125,487.3616943359375,158.70703125,495.4468078613281,181.34765625,501.9148864746094,197.51953125,459.8723449707031,158.70703125,455.0212707519531,184.58203125,450.17022705078125,203.98828125,487.3616943359375,205.60546875,485.74468994140625,247.65234375,485.74468994140625,288.08203125,464.7234191894531,207.22265625,464.7234191894531,249.26953125,461.4893493652344,284.84765625,-1.0,-1.0,-1.0,-1.0,477.6595764160156,140.91796875,463.10638427734375,142.53515625
-1.0,-1.0,471.79998779296875,159.24609375,486.20001220703125,157.64453125,494.20001220703125,183.26953125,500.6000061035156,200.88671875,457.3999938964844,160.84765625,455.79998779296875,186.47265625,449.3999938964844,204.08984375,486.20001220703125,205.69140625,484.6000061035156,247.33203125,484.6000061035156,288.97265625,465.3999938964844,205.69140625,463.79998779296875,248.93359375,460.6000061035156,284.16796875,-1.0,-1.0,-1.0,-1.0,475.0,140.02734375,460.6000061035156,143.23046875
-1.0,-1.0,470.4893798828125,159.24609375,484.85107421875,159.24609375,494.425537109375,184.87109375,499.2127685546875,204.08984375,457.7234191894531,160.84765625,454.53192138671875,186.47265625,449.74468994140625,202.48828125,484.85107421875,207.29296875,483.25531005859375,247.33203125,484.85107421875,287.37109375,464.10638427734375,207.29296875,462.5106506347656,248.93359375,460.9148864746094,285.76953125,-1.0,-1.0,-1.0,-1.0,472.0851135253906,141.62890625,457.7234191894531,143.23046875
-1.0,-1.0,471.0,161.37109375,483.631591796875,159.78515625,491.52630615234375,183.57421875,496.2631530761719,204.19140625,456.78948974609375,161.37109375,453.631591796875,186.74609375,447.3157958984375,202.60546875,483.631591796875,207.36328125,482.0526428222656,247.01171875,483.631591796875,286.66015625,463.1052551269531,208.94921875,461.52630615234375,248.59765625,459.9473571777344,283.48828125,-1.0,-1.0,-1.0,-1.0,474.15789794921875,142.33984375,458.368408203125,143.92578125
-1.0,-1.0,468.0851135253906,162.1328125,482.25531005859375,160.5546875,490.1276550292969,184.2265625,494.85107421875,204.7421875,453.9148864746094,162.1328125,452.3404235839844,188.9609375,446.04254150390625,203.1640625,482.25531005859375,206.3203125,480.68084716796875,247.3515625,483.82977294921875,285.2265625,461.7872314453125,206.3203125,460.2127685546875,248.9296875,461.7872314453125,285.2265625,-1.0,-1.0,-1.0,-1.0,472.8085021972656,143.1953125,458.6383056640625,144.7734375
-1.0,-1.0,465.0851135253906,161.32421875,479.25531005859375,161.32421875,488.7021484375,184.87890625,491.85107421875,206.86328125,452.4893493652344,162.89453125,450.9148864746094,189.58984375,444.6170349121094,202.15234375,479.25531005859375,208.43359375,479.25531005859375,247.69140625,483.9787292480469,285.37890625,460.3616943359375,208.43359375,460.3616943359375,249.26171875,460.3616943359375,285.37890625,-1.0,-1.0,-1.0,-1.0,469.8085021972656,142.48046875,455.6383056640625,145.62109375
-1.0,-1.0,463.9578857421875,161.86328125,476.4210510253906,160.30859375,485.7684326171875,185.18359375,488.88421630859375,206.94921875,449.93682861328125,163.41796875,448.3789367675781,188.29296875,440.5894775390625,202.28515625,476.4210510253906,208.50390625,476.4210510253906,247.37109375,484.21051025390625,281.57421875,457.726318359375,208.50390625,457.726318359375,250.48046875,459.2842102050781,284.68359375,-1.0,-1.0,-1.0,-1.0,467.07366943359375,143.20703125,453.0526428222656,144.76171875
-1.0,-1.0,461.04254150390625,162.6328125,473.46807861328125,159.5390625,481.2340393066406,184.2890625,485.89361572265625,207.4921875,447.0638427734375,164.1796875,445.5106506347656,187.3828125,437.74468994140625,201.3046875,473.46807861328125,209.0390625,475.0212707519531,247.7109375,481.2340393066406,280.1953125,454.82977294921875,207.4921875,456.38299560546875,249.2578125,459.4893798828125,284.8359375,-1.0,-1.0,-1.0,-1.0,465.7021179199219,142.5234375,450.17022705078125,144.0703125
-1.0,-1.0,458.95745849609375,162.40234375,471.2127685546875,160.86328125,478.8723449707031,187.02734375,481.9361572265625,208.57421875,445.17022705078125,163.94140625,442.10638427734375,188.56640625,435.9787292480469,202.41796875,471.2127685546875,210.11328125,471.2127685546875,247.05078125,480.4042663574219,276.29296875,451.2978820800781,208.57421875,454.3616943359375,250.12890625,457.425537109375,283.98828125,-1.0,-1.0,-1.0,-1.0,460.4893798828125,143.93359375,446.7021179199219,145.47265625
-1.0,-1.0,455.2795715332031,161.640625,467.49462890625,160.109375,475.1290283203125,186.140625,478.18280029296875,209.109375,441.5376281738281,163.171875,438.48388671875,187.671875,432.3763427734375,202.984375,467.49462890625,207.578125,467.49462890625,247.390625,475.1290283203125,276.484375,447.6451721191406,207.578125,452.2257995605469,248.921875,455.2795715332031,284.140625,-1.0,-1.0,-1.0,-1.0,458.3333435058594,143.265625,444.5914001464844,144.796875
-1.0,-1.0,452.2795715332031,162.41796875,464.49462890625,160.89453125,472.1290283203125,185.26953125,475.18280029296875,208.12109375,438.5376281738281,162.41796875,435.48388671875,186.79296875,429.3763427734375,202.02734375,464.49462890625,208.12109375,464.49462890625,246.20703125,472.1290283203125,276.67578125,446.17205810546875,208.12109375,450.752685546875,249.25390625,453.80645751953125,284.29296875,-1.0,-1.0,-1.0,-1.0,453.80645751953125,142.61328125,441.5914001464844,144.13671875
-1.0,-1.0,448.1505432128906,162.97265625,461.69891357421875,162.97265625,467.7204284667969,190.11328125,470.731201171875,209.71484375,434.6021423339844,161.46484375,431.5914001464844,187.09765625,425.56988525390625,203.68359375,461.69891357421875,208.20703125,460.19354248046875,244.39453125,466.2150573730469,277.56640625,442.1290283203125,209.71484375,446.6451721191406,247.41015625,451.1612854003906,283.59765625,-1.0,-1.0,-1.0,-1.0,451.1612854003906,144.87890625,437.6129150390625,144.87890625
-1.0,-1.0,445.1505432128906,162.25,457.19354248046875,162.25,464.7204284667969,189.25,469.236572265625,210.25,430.0967712402344,162.25,427.0860290527344,189.25,422.56988525390625,205.75,457.19354248046875,208.75,457.19354248046875,247.75,460.20428466796875,283.75,437.6236572265625,208.75,445.1505432128906,249.25,451.17205810546875,285.25,-1.0,-1.0,-1.0,-1.0,449.6666564941406,144.25,434.6129150390625,145.75
-1.0,-1.0,440.2127685546875,162.8203125,453.61700439453125,162.8203125,461.0638427734375,189.5390625,465.53192138671875,208.8359375,426.8085021972656,162.8203125,423.82977294921875,188.0546875,419.3616943359375,204.3828125,453.61700439453125,208.8359375,453.61700439453125,244.4609375,455.10638427734375,278.6015625,434.25531005859375,208.8359375,441.7021179199219,247.4296875,447.6595764160156,283.0546875,-1.0,-1.0,-1.0,-1.0,446.17022705078125,145.0078125,431.2765808105469,145.0078125
-1.0,-1.0,438.06451416015625,163.60546875,449.93548583984375,163.60546875,457.3548278808594,190.18359375,463.2903137207031,209.37890625,423.2257995605469,163.60546875,420.258056640625,188.70703125,415.80645751953125,204.94921875,449.93548583984375,209.37890625,448.45159912109375,246.29296875,448.45159912109375,281.73046875,430.6451721191406,209.37890625,436.5806579589844,247.76953125,445.48388671875,283.20703125,-1.0,-1.0,-1.0,-1.0,442.51611328125,147.36328125,429.1612854003906,145.88671875
-1.0,-1.0,433.5806579589844,163.60546875,445.45159912109375,163.60546875,454.3548278808594,191.66015625,460.2903137207031,210.85546875,420.2257995605469,163.60546875,415.7742004394531,188.70703125,412.80645751953125,204.94921875,445.45159912109375,209.37890625,443.9677429199219,244.81640625,445.45159912109375,280.25390625,427.6451721191406,209.37890625,433.5806579589844,246.29296875,442.48388671875,283.20703125,-1.0,-1.0,-1.0,-1.0,438.0322570800781,147.36328125,424.67742919921875,147.36328125
-1.0,-1.0,429.55914306640625,165.63671875,441.258056640625,165.63671875,450.0322570800781,190.47265625,455.8817138671875,209.46484375,416.3978576660156,165.63671875,412.0107421875,189.01171875,407.6236572265625,205.08203125,442.7204284667969,209.46484375,439.79571533203125,245.98828125,441.258056640625,278.12890625,423.7096862792969,210.92578125,431.0215148925781,247.44921875,436.8709716796875,282.51171875,-1.0,-1.0,-1.0,-1.0,432.48388671875,148.10546875,420.7849426269531,148.10546875
-1.0,-1.0,424.723388671875,166.4140625,436.2978820800781,164.9609375,444.9787292480469,189.6640625,452.2127685546875,208.5546875,411.7021179199219,166.4140625,408.8085021972656,189.6640625,404.46807861328125,205.6484375,437.74468994140625,210.0078125,436.2978820800781,246.3359375,433.4042663574219,278.3046875,418.9361572265625,210.0078125,427.61700439453125,247.7890625,431.95745849609375,279.7578125,-1.0,-1.0,-1.0,-1.0,429.0638427734375,148.9765625,416.04254150390625,148.9765625
-1.0,-1.0,421.1397705078125,166.96875,432.6666564941406,166.96875,441.31182861328125,191.40625,448.5161437988281,208.65625,408.17205810546875,166.96875,405.2903137207031,191.40625,400.9677429199219,207.21875,434.1075439453125,211.53125,432.6666564941406,246.03125,428.3440856933594,279.09375,415.3763427734375,211.53125,424.0215148925781,247.46875,428.3440856933594,280.53125,-1.0,-1.0,-1.0,-1.0,425.4623718261719,149.71875,412.49462890625,149.71875
-1.0,-1.0,416.3616943359375,167.74609375,427.7659606933594,167.74609375,437.74468994140625,192.05078125,446.2978820800781,210.63671875,404.95745849609375,167.74609375,402.10638427734375,190.62109375,396.4042663574219,207.77734375,430.61700439453125,212.06640625,427.7659606933594,244.94921875,424.9148864746094,279.26171875,412.0851135253906,212.06640625,419.2127685546875,247.80859375,426.3404235839844,280.69140625,-1.0,-1.0,-1.0,-1.0,422.0638427734375,152.01953125,410.6595764160156,150.58984375
-1.0,-1.0,413.3616943359375,168.5234375,424.7659606933594,168.5234375,433.31915283203125,192.6953125,443.2978820800781,212.6015625,401.95745849609375,168.5234375,400.53192138671875,191.2734375,393.4042663574219,208.3359375,426.1914978027344,211.1796875,421.9148864746094,246.7265625,419.0638427734375,279.4296875,407.6595764160156,212.6015625,416.2127685546875,248.1484375,424.7659606933594,282.2734375,-1.0,-1.0,-1.0,-1.0,419.0638427734375,151.4609375,406.2340393066406,151.4609375
-1.0,-1.0,411.2257995605469,168.30078125,422.58062744140625,168.30078125,431.0967712402344,193.75390625,439.6129150390625,214.96484375,398.45159912109375,168.30078125,395.6129150390625,190.92578125,389.93548583984375,207.89453125,424.0,212.13671875,419.741943359375,244.66015625,416.9032287597656,277.18359375,404.1290283203125,212.13671875,411.2257995605469,246.07421875,419.741943359375,278.59765625,-1.0,-1.0,-1.0,-1.0,416.9032287597656,151.33203125,404.1290283203125,151.33203125
-1.0,-1.0,407.89361572265625,169.078125,420.53192138671875,169.078125,427.5531921386719,194.390625,434.574462890625,214.078125,395.25531005859375,167.671875,392.4468078613281,191.578125,385.425537109375,208.453125,419.1276550292969,212.671875,416.31915283203125,246.421875,414.9148864746094,277.359375,400.8723449707031,212.671875,407.89361572265625,247.828125,414.9148864746094,278.765625,-1.0,-1.0,-1.0,-1.0,414.9148864746094,153.609375,400.8723449707031,152.203125
-1.0,-1.0,404.89361572265625,167.671875,416.1276550292969,169.078125,424.5531921386719,192.984375,430.17022705078125,214.078125,390.85107421875,167.671875,388.04254150390625,190.171875,382.425537109375,207.046875,416.1276550292969,214.078125,411.9148864746094,246.421875,411.9148864746094,275.953125,397.8723449707031,212.671875,403.4893493652344,247.828125,411.9148864746094,278.765625,-1.0,-1.0,-1.0,-1.0,410.5106201171875,150.796875,397.8723449707031,150.796875
-1.0,-1.0,400.80645751953125,166.47265625,412.1612854003906,167.88671875,420.67742919921875,193.33984375,427.7742004394531,211.72265625,388.0322570800781,166.47265625,385.19354248046875,190.51171875,378.0967712402344,207.48046875,413.58062744140625,213.13671875,407.9032287597656,247.07421875,407.9032287597656,273.94140625,395.1290283203125,213.13671875,397.9677429199219,248.48828125,409.32257080078125,276.76953125,-1.0,-1.0,-1.0,-1.0,407.9032287597656,150.91796875,393.7096862792969,150.91796875
-1.0,-1.0,396.9158020019531,166.47265625,408.20001220703125,166.47265625,416.66314697265625,190.51171875,423.7157897949219,213.13671875,385.631591796875,166.47265625,382.8105163574219,189.09765625,375.7579040527344,208.89453125,409.61053466796875,211.72265625,405.3789367675781,249.90234375,405.3789367675781,275.35546875,392.6842041015625,213.13671875,394.0947265625,249.90234375,405.3789367675781,281.01171875,-1.0,-1.0,-1.0,-1.0,403.9684143066406,150.91796875,389.8631591796875,150.91796875
-1.0,-1.0,394.3870849609375,166.47265625,405.741943359375,165.05859375,414.258056640625,191.92578125,419.93548583984375,211.72265625,383.0322570800781,166.47265625,378.7742004394531,189.09765625,374.51611328125,206.06640625,408.58062744140625,210.30859375,402.9032287597656,247.07421875,402.9032287597656,273.94140625,388.7096862792969,211.72265625,390.1290283203125,248.48828125,401.48388671875,276.76953125,-1.0,-1.0,-1.0,-1.0,401.48388671875,150.91796875,385.8709716796875,150.91796875
-1.0,-1.0,392.80645751953125,166.47265625,404.1612854003906,166.47265625,411.258056640625,191.92578125,412.67742919921875,213.13671875,380.0322570800781,166.47265625,375.7742004394531,190.51171875,371.51611328125,204.65234375,405.58062744140625,211.72265625,399.9032287597656,248.48828125,399.9032287597656,275.35546875,385.7096862792969,211.72265625,385.7096862792969,249.90234375,397.06451416015625,276.76953125,-1.0,-1.0,-1.0,-1.0,398.48388671875,150.91796875,384.2903137207031,150.91796875
-1.0,-1.0,389.80645751953125,166.47265625,402.58062744140625,167.88671875,408.258056640625,193.33984375,408.258056640625,213.13671875,377.0322570800781,166.47265625,374.19354248046875,190.51171875,368.51611328125,204.65234375,402.58062744140625,211.72265625,398.32257080078125,247.07421875,396.9032287597656,278.18359375,382.7096862792969,211.72265625,381.2903137207031,248.48828125,394.06451416015625,278.18359375,-1.0,-1.0,-1.0,-1.0,396.9032287597656,150.91796875,381.2903137207031,152.33203125
-1.0,-1.0,386.4893493652344,165.859375,399.1276550292969,165.859375,406.14892578125,191.171875,408.95745849609375,210.859375,375.25531005859375,167.265625,371.04254150390625,191.171875,365.425537109375,206.640625,400.53192138671875,210.859375,396.31915283203125,248.828125,397.723388671875,283.984375,380.8723449707031,210.859375,378.0638427734375,248.828125,387.89361572265625,279.765625,-1.0,-1.0,-1.0,-1.0,392.10638427734375,150.390625,376.6595764160156,153.203125
-1.0,-1.0,384.89361572265625,165.859375,397.53192138671875,164.453125,405.95745849609375,191.171875,405.95745849609375,212.265625,373.6595764160156,167.265625,369.4468078613281,192.578125,363.82977294921875,209.453125,398.9361572265625,210.859375,394.723388671875,248.828125,396.1276550292969,283.984375,379.2765808105469,210.859375,376.46807861328125,248.828125,383.4893493652344,281.171875,-1.0,-1.0,-1.0,-1.0,390.5106201171875,150.390625,375.0638427734375,151.796875
-1.0,-1.0,384.1473693847656,166.05859375,394.02105712890625,166.05859375,401.07366943359375,191.51171875,402.48419189453125,214.13671875,372.8631591796875,166.05859375,368.631591796875,191.51171875,362.9894714355469,208.48046875,395.43157958984375,211.30859375,394.02105712890625,249.48828125,394.02105712890625,284.83984375,377.0947265625,211.30859375,374.273681640625,249.48828125,378.5052490234375,283.42578125,-1.0,-1.0,-1.0,-1.0,388.3789367675781,150.50390625,374.273681640625,150.50390625
-1.0,-1.0,381.6451721191406,167.47265625,393.0,167.47265625,401.51611328125,190.09765625,-1.0,-1.0,370.2903137207031,167.47265625,367.45159912109375,191.51171875,361.7742004394531,208.48046875,394.4193420410156,211.30859375,391.58062744140625,249.48828125,393.0,284.83984375,374.54840087890625,212.72265625,371.7096862792969,249.48828125,373.1290283203125,284.83984375,-1.0,-1.0,-1.0,-1.0,385.9032287597656,151.91796875,373.1290283203125,151.91796875
-1.0,-1.0,381.7021179199219,167.265625,392.9361572265625,167.265625,-1.0,-1.0,-1.0,-1.0,369.0638427734375,168.671875,367.6595764160156,192.578125,359.2340393066406,208.046875,392.9361572265625,210.859375,391.53192138671875,248.828125,392.9361572265625,285.390625,373.2765808105469,212.265625,371.8723449707031,250.234375,370.46807861328125,282.578125,-1.0,-1.0,-1.0,-1.0,384.5106201171875,150.390625,370.46807861328125,151.796875
-1.0,-1.0,379.1505432128906,168.05859375,391.7311706542969,166.66015625,-1.0,-1.0,-1.0,-1.0,367.9677429199219,168.05859375,366.56988525390625,193.23046875,358.18280029296875,208.61328125,390.3333435058594,211.41015625,390.3333435058594,249.16796875,391.7311706542969,285.52734375,372.1612854003906,212.80859375,369.3656005859375,250.56640625,366.56988525390625,279.93359375,-1.0,-1.0,-1.0,-1.0,381.94622802734375,151.27734375,369.3656005859375,152.67578125
-1.0,-1.0,376.752685546875,168.05859375,387.93548583984375,168.05859375,-1.0,-1.0,-1.0,-1.0,365.56988525390625,169.45703125,364.17205810546875,193.23046875,357.18280029296875,210.01171875,389.3333435058594,212.80859375,387.93548583984375,249.16796875,392.1290283203125,285.52734375,369.763427734375,212.80859375,368.3656005859375,250.56640625,365.56988525390625,279.93359375,-1.0,-1.0,-1.0,-1.0,380.94622802734375,151.27734375,368.3656005859375,154.07421875
-1.0,-1.0,375.2631530761719,170.02734375,386.3789367675781,170.02734375,393.3263244628906,193.53515625,393.3263244628906,210.12890625,364.1473693847656,170.02734375,362.7579040527344,193.53515625,354.4210510253906,211.51171875,386.3789367675781,214.27734375,387.7684326171875,250.23046875,391.93682861328125,283.41796875,368.3157958984375,214.27734375,366.92633056640625,251.61328125,365.5368347167969,280.65234375,-1.0,-1.0,-1.0,-1.0,379.43157958984375,152.05078125,365.5368347167969,154.81640625
-1.0,-1.0,374.2631530761719,171.41015625,385.3789367675781,171.41015625,392.3263244628906,194.91796875,-1.0,-1.0,360.368408203125,172.79296875,358.97894287109375,196.30078125,352.0315856933594,212.89453125,385.3789367675781,215.66015625,385.3789367675781,250.23046875,390.93682861328125,283.41796875,365.92633056640625,215.66015625,365.92633056640625,251.61328125,365.92633056640625,283.41796875,-1.0,-1.0,-1.0,-1.0,375.6526184082031,154.81640625,363.1473693847656,157.58203125
-1.0,-1.0,371.8736877441406,172.79296875,384.3789367675781,172.79296875,389.93682861328125,194.91796875,387.15789794921875,212.89453125,357.97894287109375,172.79296875,356.5894775390625,194.91796875,351.0315856933594,211.51171875,382.9894714355469,214.27734375,382.9894714355469,250.23046875,389.93682861328125,282.03515625,363.5368347167969,215.66015625,363.5368347167969,250.23046875,364.92633056640625,283.41796875,-1.0,-1.0,-1.0,-1.0,376.0421142578125,154.81640625,362.1473693847656,156.19921875
355.4375,157.0625,369.1875,170.8125,381.5625,170.8125,387.0625,194.1875,387.0625,212.0625,356.8125,172.1875,355.4375,195.5625,348.5625,210.6875,381.5625,213.4375,381.5625,249.1875,391.1875,280.8125,362.3125,214.8125,362.3125,250.5625,365.0625,282.1875,-1.0,-1.0,355.4375,155.6875,371.9375,155.6875,359.5625,155.6875
353.0,156.92578125,368.0526428222656,170.59765625,377.631591796875,169.23046875,385.84210205078125,192.47265625,385.84210205078125,214.34765625,355.7368469238281,171.96484375,353.0,195.20703125,346.15789794921875,207.51171875,380.368408203125,212.98046875,379.0,249.89453125,389.9473571777344,278.60546875,361.2105407714844,214.34765625,361.2105407714844,251.26171875,363.9473571777344,282.70703125,-1.0,-1.0,354.368408203125,154.19140625,370.78948974609375,152.82421875,358.47369384765625,155.55859375
353.21875,157.7890625,366.7604064941406,170.0234375,376.2395935058594,170.0234375,384.3645935058594,191.7734375,387.0729064941406,213.5234375,354.5729064941406,171.3828125,351.8645935058594,194.4921875,345.09375,208.0859375,377.59375,213.5234375,374.8854064941406,248.8671875,385.71875,274.6953125,359.9895935058594,213.5234375,359.9895935058594,250.2265625,362.6979064941406,281.4921875,-1.0,-1.0,-1.0,-1.0,368.1145935058594,155.0703125,357.28125,155.0703125
-1.0,-1.0,364.40625,170.0234375,373.8854064941406,170.0234375,383.3645935058594,191.7734375,386.0729064941406,210.8046875,353.5729064941406,171.3828125,349.5104064941406,194.4921875,342.7395935058594,208.0859375,375.2395935058594,212.1640625,373.8854064941406,248.8671875,383.3645935058594,273.3359375,357.6354064941406,213.5234375,360.34375,248.8671875,364.40625,280.1328125,-1.0,-1.0,-1.0,-1.0,368.46875,155.0703125,354.9270935058594,155.0703125
-1.0,-1.0,363.40625,169.81640625,372.8854064941406,168.46484375,381.0104064941406,190.08984375,383.71875,206.30859375,352.5729064941406,169.81640625,348.5104064941406,194.14453125,343.09375,209.01171875,374.2395935058594,211.71484375,372.8854064941406,245.50390625,381.0104064941406,272.53515625,357.9895935058594,211.71484375,360.6979064941406,246.85546875,364.7604064941406,280.64453125,-1.0,-1.0,-1.0,-1.0,367.46875,153.59765625,355.28125,153.59765625
-1.0,-1.0,362.80413818359375,170.609375,372.1855773925781,170.609375,381.5670166015625,193.453125,384.2474365234375,212.265625,352.08245849609375,170.609375,348.0618591308594,193.453125,342.7010192871094,209.578125,374.865966796875,212.265625,372.1855773925781,245.859375,378.8865966796875,276.765625,357.44329833984375,213.609375,361.46392822265625,248.546875,365.4845275878906,282.140625,-1.0,-1.0,-1.0,-1.0,366.8247375488281,155.828125,354.76287841796875,154.484375
-1.0,-1.0,361.80413818359375,170.609375,371.1855773925781,170.609375,379.226806640625,193.453125,381.9072265625,210.921875,349.7422790527344,170.609375,347.0618591308594,193.453125,343.0412292480469,208.234375,373.865966796875,213.609375,371.1855773925781,245.859375,375.2061767578125,275.421875,356.44329833984375,213.609375,361.80413818359375,248.546875,365.8247375488281,282.140625,-1.0,-1.0,-1.0,-1.0,365.8247375488281,154.484375,353.76287841796875,154.484375
-1.0,-1.0,361.3333435058594,170.40234375,372.0,170.40234375,378.6666564941406,193.11328125,382.6666564941406,207.80859375,349.3333435058594,170.40234375,346.6666564941406,193.11328125,338.6666564941406,207.80859375,373.3333435058594,213.15234375,370.6666564941406,246.55078125,372.0,281.28515625,356.0,213.15234375,361.3333435058594,247.88671875,368.0,281.28515625,-1.0,-1.0,-1.0,-1.0,365.3333435058594,154.37109375,353.3333435058594,155.70703125
-1.0,-1.0,360.3333435058594,171.1953125,372.3333435058594,171.1953125,379.0,193.7734375,383.0,208.3828125,348.3333435058594,171.1953125,345.6666564941406,192.4453125,339.0,207.0546875,373.6666564941406,213.6953125,371.0,245.5703125,368.3333435058594,281.4296875,356.3333435058594,213.6953125,363.0,248.2265625,368.3333435058594,281.4296875,-1.0,-1.0,-1.0,-1.0,364.3333435058594,156.5859375,352.3333435058594,156.5859375
-1.0,-1.0,360.6666564941406,172.5234375,371.3333435058594,172.5234375,379.3333435058594,195.1015625,382.0,208.3828125,348.6666564941406,172.5234375,344.6666564941406,193.7734375,338.0,208.3828125,372.6666564941406,213.6953125,371.3333435058594,245.5703125,367.3333435058594,284.0859375,355.3333435058594,213.6953125,362.0,248.2265625,367.3333435058594,281.4296875,-1.0,-1.0,-1.0,-1.0,363.3333435058594,156.5859375,351.3333435058594,156.5859375
-1.0,-1.0,360.0309143066406,171.98828125,370.5876159667969,173.30859375,378.5051574707031,194.43359375,382.46392822265625,207.63671875,348.1546325683594,173.30859375,344.19586181640625,194.43359375,337.5979309082031,208.95703125,371.9072265625,212.91796875,369.2680358886719,245.92578125,366.6288757324219,284.21484375,354.7525634765625,214.23828125,361.35052490234375,248.56640625,366.6288757324219,282.89453125,-1.0,-1.0,-1.0,-1.0,363.98968505859375,156.14453125,352.1134033203125,157.46484375
-1.0,-1.0,360.0408020019531,174.40625,370.48980712890625,174.40625,378.3265380859375,195.40625,382.2449035644531,209.84375,348.28570556640625,173.09375,344.3673400878906,194.09375,337.83673095703125,209.84375,370.48980712890625,215.09375,367.8775634765625,246.59375,365.26531982421875,283.34375,353.51019287109375,215.09375,360.0408020019531,247.90625,365.26531982421875,282.03125,-1.0,-1.0,-1.0,-1.0,362.653076171875,158.65625,352.2040710449219,159.96875
-1.0,-1.0,359.346923828125,175.71875,371.10205078125,177.03125,377.6326599121094,198.03125,384.16326904296875,216.40625,347.5918273925781,174.40625,343.6734619140625,196.71875,338.448974609375,212.46875,369.7959289550781,216.40625,365.8775634765625,247.90625,360.653076171875,279.40625,352.8163146972656,216.40625,360.653076171875,249.21875,368.48980712890625,283.34375,-1.0,-1.0,-1.0,-1.0,361.95916748046875,159.96875,351.51019287109375,159.96875
-1.0,-1.0,359.15625,175.71875,370.96875,175.71875,376.21875,198.03125,384.09375,213.78125,346.03125,174.40625,344.71875,196.71875,338.15625,212.46875,369.65625,215.09375,363.09375,249.21875,357.84375,278.09375,352.59375,216.40625,360.46875,250.53125,369.65625,282.03125,-1.0,-1.0,-1.0,-1.0,361.78125,159.96875,349.96875,159.96875
-1.0,-1.0,358.46875,175.71875,370.28125,175.71875,375.53125,199.34375,383.40625,213.78125,346.65625,175.71875,344.03125,196.71875,337.46875,212.46875,367.65625,215.09375,362.40625,249.21875,357.15625,279.40625,351.90625,215.09375,359.78125,250.53125,368.96875,283.34375,-1.0,-1.0,-1.0,-1.0,359.78125,159.96875,350.59375,161.28125
-1.0,-1.0,358.2978820800781,175.71875,368.85107421875,175.71875,375.4468078613281,198.03125,380.723388671875,212.46875,346.425537109375,175.71875,343.7872314453125,196.71875,337.1914978027344,212.46875,367.53192138671875,215.09375,362.25531005859375,249.21875,356.9787292480469,282.03125,351.7021179199219,215.09375,358.2978820800781,250.53125,368.85107421875,282.03125,-1.0,-1.0,-1.0,-1.0,360.9361572265625,159.96875,350.3829650878906,161.28125
-1.0,-1.0,358.3711242675781,175.18359375,370.0618591308594,176.48828125,375.2577209472656,199.97265625,379.1546325683594,215.62890625,345.3814392089844,175.18359375,342.78350830078125,197.36328125,336.2886657714844,211.71484375,366.1649475097656,215.62890625,363.5670166015625,248.24609375,355.773193359375,282.16796875,350.57733154296875,216.93359375,357.0721740722656,250.85546875,367.46392822265625,280.86328125,-1.0,-1.0,-1.0,-1.0,359.67010498046875,159.52734375,349.2783508300781,160.83203125
-1.0,-1.0,358.20001220703125,175.18359375,369.9473571777344,176.48828125,373.8631591796875,199.97265625,377.7789306640625,215.62890625,345.1473693847656,173.87890625,342.5368347167969,196.05859375,337.3157958984375,211.71484375,366.0315856933594,215.62890625,362.11578369140625,245.63671875,358.20001220703125,279.55859375,350.368408203125,215.62890625,354.2842102050781,248.24609375,364.726318359375,278.25390625,-1.0,-1.0,-1.0,-1.0,360.8105163574219,159.52734375,347.7579040527344,160.83203125
-1.0,-1.0,357.1041564941406,176.2578125,368.7291564941406,176.2578125,372.6041564941406,197.0078125,375.1875,213.8671875,344.1875,173.6640625,341.6041564941406,194.4140625,337.7291564941406,208.6796875,364.8541564941406,215.1640625,360.9791564941406,246.2890625,359.6875,276.1171875,349.3541564941406,215.1640625,353.2291564941406,247.5859375,359.6875,276.1171875,-1.0,-1.0,-1.0,-1.0,360.9791564941406,161.9921875,346.7708435058594,163.2890625
-1.0,-1.0,355.6383056640625,174.9609375,366.0212707519531,174.9609375,371.2127685546875,195.7109375,373.8085021972656,212.5703125,342.6595764160156,173.6640625,340.0638427734375,194.4140625,336.17022705078125,208.6796875,366.0212707519531,213.8671875,358.2340393066406,247.5859375,359.53192138671875,273.5234375,349.14892578125,213.8671875,350.4468078613281,248.8828125,360.82977294921875,274.8203125,-1.0,-1.0,-1.0,-1.0,358.2340393066406,160.6953125,345.25531005859375,161.9921875
-1.0,-1.0,353.6383056640625,173.6640625,364.0212707519531,174.9609375,370.5106201171875,195.7109375,373.10638427734375,213.8671875,341.95745849609375,173.6640625,338.0638427734375,194.4140625,335.46807861328125,209.9765625,364.0212707519531,213.8671875,358.82977294921875,246.2890625,358.82977294921875,270.9296875,347.14892578125,213.8671875,348.4468078613281,247.5859375,357.53192138671875,270.9296875,-1.0,-1.0,-1.0,-1.0,356.2340393066406,159.3984375,344.5531921386719,160.6953125
-1.0,-1.0,352.4193420410156,174.9609375,362.741943359375,174.9609375,367.9032287597656,195.7109375,370.4838562011719,213.8671875,340.80645751953125,173.6640625,335.6451721191406,194.4140625,333.06451416015625,208.6796875,362.741943359375,213.8671875,357.58062744140625,244.9921875,357.58062744140625,270.9296875,345.9677429199219,213.8671875,344.67742919921875,243.6953125,353.7096862792969,269.6328125,-1.0,-1.0,-1.0,-1.0,355.0,159.3984375,343.3870849609375,160.6953125
-1.0,-1.0,351.9361572265625,173.6640625,362.31915283203125,173.6640625,367.5106201171875,195.7109375,368.8085021972656,213.8671875,340.25531005859375,172.3671875,335.0638427734375,193.1171875,332.46807861328125,202.1953125,361.0212707519531,212.5703125,357.1276550292969,246.2890625,355.82977294921875,276.1171875,344.14892578125,212.5703125,342.85107421875,244.9921875,354.53192138671875,276.1171875,-1.0,-1.0,-1.0,-1.0,354.53192138671875,160.6953125,344.14892578125,160.6953125
-1.0,-1.0,349.4193420410156,174.9609375,359.741943359375,174.9609375,366.19354248046875,195.7109375,367.4838562011719,212.5703125,339.0967712402344,173.6640625,333.93548583984375,193.1171875,331.3548278808594,207.3828125,359.741943359375,213.8671875,355.8709716796875,247.5859375,357.1612854003906,280.0078125,342.9677429199219,213.8671875,340.3870849609375,247.5859375,349.4193420410156,278.7109375,-1.0,-1.0,-1.0,-1.0,353.2903137207031,160.6953125,342.9677429199219,160.6953125
-1.0,-1.0,348.7096862792969,173.6640625,359.0322570800781,173.6640625,364.19354248046875,195.7109375,366.7742004394531,212.5703125,337.0967712402344,173.6640625,333.2257995605469,195.7109375,329.3548278808594,209.9765625,359.0322570800781,215.1640625,355.1612854003906,247.5859375,356.45159912109375,280.0078125,342.258056640625,215.1640625,338.3870849609375,247.5859375,344.8387145996094,277.4140625,-1.0,-1.0,-1.0,-1.0,351.2903137207031,159.3984375,339.67742919921875,159.3984375
-1.0,-1.0,346.83697509765625,174.44921875,357.09783935546875,175.73828125,362.228271484375,197.65234375,364.7934875488281,216.98828125,335.2934875488281,173.16015625,331.4456481933594,196.36328125,328.88043212890625,210.54296875,357.09783935546875,215.69921875,354.5326232910156,247.92578125,354.5326232910156,280.15234375,339.14129638671875,215.69921875,337.85870361328125,249.21484375,340.4239196777344,280.15234375,-1.0,-1.0,-1.0,-1.0,349.40216064453125,158.98046875,335.2934875488281,160.26953125
-1.0,-1.0,343.5543518066406,173.16015625,353.8152160644531,174.44921875,360.228271484375,197.65234375,361.5108642578125,215.69921875,333.2934875488281,173.16015625,330.728271484375,196.36328125,325.59783935546875,210.54296875,355.09783935546875,215.69921875,352.5326232910156,249.21484375,352.5326232910156,281.44140625,337.14129638671875,215.69921875,335.85870361328125,250.50390625,337.14129638671875,281.44140625,-1.0,-1.0,-1.0,-1.0,346.11956787109375,158.98046875,333.2934875488281,158.98046875
-1.0,-1.0,341.5543518066406,175.515625,351.8152160644531,175.515625,359.5108642578125,198.578125,-1.0,-1.0,331.2934875488281,174.234375,328.728271484375,196.015625,324.88043212890625,210.109375,353.09783935546875,216.515625,350.5326232910156,248.546875,353.09783935546875,281.859375,336.4239196777344,215.234375,333.85870361328125,251.109375,332.5760803222656,280.578125,-1.0,-1.0,-1.0,-1.0,344.11956787109375,161.421875,331.2934875488281,162.703125
-1.0,-1.0,337.78021240234375,175.515625,347.97802734375,175.515625,355.6263732910156,194.734375,-1.0,-1.0,327.5824279785156,175.515625,326.30767822265625,197.296875,319.93408203125,212.671875,350.5274658203125,215.234375,349.25274658203125,248.546875,350.5274658203125,281.859375,332.68133544921875,215.234375,331.4065856933594,251.109375,328.8571472167969,279.296875,-1.0,-1.0,-1.0,-1.0,339.054931640625,161.421875,328.8571472167969,161.421875
-1.0,-1.0,335.9891357421875,175.515625,344.9674072265625,175.515625,-1.0,-1.0,-1.0,-1.0,324.4456481933594,176.796875,323.1630554199219,197.296875,318.0326232910156,210.109375,347.5326232910156,213.953125,346.25,248.546875,348.8152160644531,281.859375,329.5760803222656,216.515625,328.2934875488281,249.828125,324.4456481933594,278.015625,-1.0,-1.0,-1.0,-1.0,335.9891357421875,161.421875,327.0108642578125,161.421875
-1.0,-1.0,332.23077392578125,176.796875,343.70330810546875,175.515625,-1.0,-1.0,-1.0,-1.0,322.032958984375,176.796875,322.032958984375,198.578125,314.3846130371094,212.671875,344.97802734375,215.234375,343.70330810546875,249.828125,347.5274658203125,280.578125,327.1318664550781,216.515625,325.8571472167969,251.109375,323.30767822265625,279.296875,-1.0,-1.0,-1.0,-1.0,333.5054931640625,161.421875,323.30767822265625,162.703125
-1.0,-1.0,330.23077392578125,176.796875,339.1538391113281,176.796875,346.80218505859375,198.578125,-1.0,-1.0,318.75823974609375,178.078125,318.75823974609375,199.859375,309.8351745605469,212.671875,341.70330810546875,216.515625,341.70330810546875,249.828125,345.5274658203125,283.140625,325.1318664550781,217.796875,322.5824279785156,249.828125,322.5824279785156,279.296875,-1.0,-1.0,-1.0,-1.0,331.5054931640625,161.421875,321.30767822265625,162.703125
-1.0,-1.0,326.1797790527344,176.796875,336.4269714355469,175.515625,341.5505676269531,196.015625,-1.0,-1.0,315.9325866699219,178.078125,314.65167236328125,201.140625,305.6853942871094,212.671875,337.7078552246094,216.515625,338.98876953125,249.828125,344.11236572265625,280.578125,321.0561828613281,217.796875,321.0561828613281,249.828125,321.0561828613281,280.578125,-1.0,-1.0,-1.0,-1.0,328.7415771484375,161.421875,317.2134704589844,162.703125
308.8089904785156,165.265625,322.89886474609375,176.796875,331.86517333984375,176.796875,338.2696533203125,198.578125,-1.0,-1.0,312.65167236328125,178.078125,311.37078857421875,199.859375,303.6853942871094,213.953125,334.4269714355469,217.796875,335.7078552246094,251.109375,343.39324951171875,280.578125,317.7752685546875,217.796875,319.0561828613281,252.390625,319.0561828613281,281.859375,-1.0,-1.0,311.37078857421875,161.421875,324.1797790527344,162.703125,315.2134704589844,162.703125
309.6363525390625,163.55859375,323.6363525390625,177.56640625,332.5454406738281,176.29296875,340.18182373046875,196.66796875,340.18182373046875,214.49609375,312.18182373046875,178.83984375,312.18182373046875,200.48828125,304.5454406738281,213.22265625,335.0909118652344,217.04296875,335.0909118652344,250.15234375,344.0,279.44140625,318.5454406738281,218.31640625,318.5454406738281,250.15234375,319.81817626953125,280.71484375,-1.0,-1.0,310.9090881347656,161.01171875,324.9090881347656,162.28515625,314.7272644042969,162.28515625
-1.0,-1.0,319.6000061035156,177.56640625,329.73333740234375,177.56640625,337.3333435058594,197.94140625,338.6000061035156,217.04296875,309.4666748046875,177.56640625,308.20001220703125,200.48828125,301.8666687011719,213.22265625,331.0,217.04296875,332.26666259765625,251.42578125,341.1333312988281,279.44140625,314.5333251953125,218.31640625,315.79998779296875,252.69921875,317.066650390625,281.98828125,-1.0,-1.0,-1.0,-1.0,322.1333312988281,162.28515625,310.73333740234375,163.55859375
-1.0,-1.0,316.81817626953125,177.3359375,327.0,177.3359375,333.3636474609375,197.5859375,-1.0,-1.0,306.6363525390625,177.3359375,305.3636474609375,198.8515625,302.81817626953125,212.7734375,329.5454406738281,216.5703125,329.5454406738281,250.7421875,339.7272644042969,276.0546875,313.0,217.8359375,314.2727355957031,253.2734375,316.81817626953125,281.1171875,-1.0,-1.0,-1.0,-1.0,319.3636474609375,162.1484375,309.18182373046875,162.1484375
-1.0,-1.0,313.5454406738281,177.3359375,323.7272644042969,177.3359375,330.0909118652344,198.8515625,331.3636474609375,216.5703125,302.0909118652344,178.6015625,299.5454406738281,198.8515625,298.2727355957031,215.3046875,325.0,217.8359375,325.0,250.7421875,335.18182373046875,274.7890625,308.4545593261719,217.8359375,312.2727355957031,252.0078125,314.81817626953125,281.1171875,-1.0,-1.0,-1.0,-1.0,316.0909118652344,162.1484375,305.9090881347656,162.1484375
-1.0,-1.0,311.1264343261719,177.3359375,321.24139404296875,176.0703125,327.563232421875,197.5859375,330.0919494628906,216.5703125,301.0115051269531,177.3359375,297.2183837890625,198.8515625,294.6896667480469,214.0390625,322.5057373046875,217.8359375,322.5057373046875,250.7421875,331.3563232421875,274.7890625,306.0689697265625,217.8359375,309.862060546875,252.0078125,313.6551818847656,281.1171875,-1.0,-1.0,-1.0,-1.0,313.6551818847656,162.1484375,302.2758483886719,163.4140625
-1.0,-1.0,307.862060546875,177.3359375,317.9770202636719,176.0703125,325.563232421875,198.8515625,329.3563232421875,217.8359375,297.74713134765625,177.3359375,295.2183837890625,197.5859375,292.6896667480469,214.0390625,319.24139404296875,216.5703125,317.9770202636719,249.4765625,325.563232421875,274.7890625,304.0689697265625,216.5703125,307.862060546875,252.0078125,311.6551818847656,281.1171875,-1.0,-1.0,-1.0,-1.0,309.1264343261719,162.1484375,300.2758483886719,162.1484375
-1.0,-1.0,305.862060546875,177.3359375,315.9770202636719,176.0703125,323.563232421875,198.8515625,327.3563232421875,217.8359375,295.74713134765625,177.3359375,291.9540100097656,197.5859375,290.6896667480469,214.0390625,315.9770202636719,217.8359375,314.712646484375,249.4765625,321.03448486328125,274.7890625,300.8045959472656,217.8359375,305.862060546875,252.0078125,309.6551818847656,281.1171875,-1.0,-1.0,-1.0,-1.0,307.1264343261719,162.1484375,298.2758483886719,162.1484375
291.48236083984375,164.125,303.95294189453125,176.625,312.6823425292969,176.625,320.1647033691406,197.875,323.9058837890625,219.125,293.9764709472656,177.875,290.23529052734375,196.625,288.98822021484375,211.625,313.9294128417969,216.625,311.435302734375,249.125,315.1764831542969,279.125,298.9647216796875,217.875,305.20001220703125,251.625,311.435302734375,281.625,-1.0,-1.0,292.7294006347656,161.625,305.20001220703125,162.875,296.4705810546875,162.875
288.8915710449219,164.125,301.42169189453125,176.625,311.4457702636719,176.625,316.45782470703125,196.625,323.97589111328125,219.125,291.3975830078125,176.625,287.6385498046875,196.625,286.3855285644531,212.875,311.4457702636719,216.625,307.6867370605469,249.125,306.4337463378906,259.125,296.4096374511719,216.625,302.6747131347656,251.625,310.1927795410156,281.625,-1.0,-1.0,290.14459228515625,161.625,303.9277038574219,162.875,293.90362548828125,162.875
288.14459228515625,165.375,299.42169189453125,177.875,309.4457702636719,176.625,314.45782470703125,197.875,-1.0,-1.0,289.3975830078125,176.625,285.6385498046875,196.625,284.3855285644531,212.875,309.4457702636719,216.625,303.18072509765625,251.625,304.4337463378906,281.625,295.66265869140625,217.875,301.9277038574219,252.875,306.93975830078125,280.375,-1.0,-1.0,288.14459228515625,161.625,300.6747131347656,162.875,291.90362548828125,162.875
-1.0,-1.0,296.6585388183594,177.64453125,306.6097412109375,178.88671875,314.07318115234375,198.76171875,320.2926940917969,216.15234375,286.7073059082031,177.64453125,282.9756164550781,196.27734375,281.7317199707031,213.66796875,307.8536682128906,217.39453125,301.6341552734375,249.69140625,299.1463317871094,278.26171875,292.92681884765625,217.39453125,299.1463317871094,250.93359375,306.6097412109375,280.74609375,-1.0,-1.0,-1.0,-1.0,299.1463317871094,163.98046875,289.19512939453125,163.98046875
-1.0,-1.0,294.5185241699219,178.4140625,304.3950500488281,178.4140625,311.8024597167969,198.1640625,315.50616455078125,215.4453125,284.6419677734375,178.4140625,280.9382629394531,195.6953125,279.7037048339844,212.9765625,305.629638671875,216.6796875,296.9876403808594,250.0078125,293.283935546875,275.9296875,290.8148193359375,217.9140625,296.9876403808594,250.0078125,306.86419677734375,282.1015625,-1.0,-1.0,-1.0,-1.0,296.9876403808594,163.6015625,287.1111145019531,164.8359375
-1.0,-1.0,293.7530822753906,179.6484375,302.3950500488281,179.6484375,311.03704833984375,199.3984375,312.2716064453125,215.4453125,283.8765563964844,178.4140625,278.9382629394531,196.9296875,277.7037048339844,212.9765625,303.629638671875,216.6796875,294.9876403808594,248.7734375,290.04937744140625,275.9296875,288.8148193359375,217.9140625,294.9876403808594,248.7734375,306.0987548828125,280.8671875,-1.0,-1.0,-1.0,-1.0,296.22222900390625,164.8359375,285.1111145019531,166.0703125
-1.0,-1.0,291.4615478515625,179.41015625,300.0769348144531,180.63671875,307.4615478515625,199.03515625,311.1538391113281,214.98046875,281.6153869628906,179.41015625,277.9230651855469,197.80859375,276.69232177734375,213.75390625,300.0769348144531,217.43359375,291.4615478515625,249.32421875,285.30767822265625,276.30859375,286.5384521484375,217.43359375,293.9230651855469,249.32421875,303.76922607421875,281.21484375,-1.0,-1.0,-1.0,-1.0,295.1538391113281,165.91796875,284.0769348144531,165.91796875
-1.0,-1.0,289.3116760253906,179.41015625,297.8571472167969,179.41015625,306.402587890625,197.80859375,-1.0,-1.0,280.7662353515625,179.41015625,277.1038818359375,197.80859375,275.88311767578125,214.98046875,299.0779113769531,217.43359375,289.3116760253906,249.32421875,283.2077941894531,277.53515625,285.64935302734375,217.43359375,292.9740295410156,250.55078125,303.9610290527344,281.21484375,-1.0,-1.0,-1.0,-1.0,292.9740295410156,165.91796875,281.98699951171875,167.14453125
-1.0,-1.0,287.0769348144531,179.93359375,295.5128173828125,179.93359375,302.74359130859375,200.51953125,-1.0,-1.0,278.6410217285156,179.93359375,275.025634765625,198.09765625,273.8205261230469,215.05078125,296.71795654296875,217.47265625,287.0769348144531,250.16796875,281.05126953125,278.01953125,283.4615478515625,217.47265625,290.69232177734375,250.16796875,302.74359130859375,279.23046875,-1.0,-1.0,-1.0,-1.0,290.69232177734375,166.61328125,279.8461608886719,166.61328125
-1.0,-1.0,285.7631530761719,178.72265625,294.2368469238281,178.72265625,300.28948974609375,199.30859375,-1.0,-1.0,277.2894592285156,178.72265625,273.65789794921875,198.09765625,272.4473571777344,211.41796875,295.4473571777344,216.26171875,283.34210205078125,250.16796875,280.9210510253906,278.01953125,282.131591796875,216.26171875,289.3947448730469,251.37890625,301.5,279.23046875,-1.0,-1.0,-1.0,-1.0,289.3947448730469,165.40234375,278.5,166.61328125
-1.0,-1.0,283.7631530761719,179.93359375,292.2368469238281,179.93359375,295.868408203125,199.30859375,299.5,218.68359375,276.5,179.93359375,274.0789489746094,200.51953125,272.868408203125,211.41796875,291.02630615234375,217.47265625,281.34210205078125,250.16796875,280.131591796875,278.01953125,280.131591796875,217.47265625,281.34210205078125,250.16796875,297.0789489746094,275.59765625,-1.0,-1.0,-1.0,-1.0,287.3947448730469,165.40234375,276.5,167.82421875
-1.0,-1.0,285.4053955078125,180.45703125,291.3513488769531,180.45703125,296.10809326171875,199.58203125,297.29730224609375,218.70703125,-1.0,-1.0,-1.0,-1.0,-1.0,-1.0,288.97296142578125,217.51171875,279.45947265625,249.78515625,279.45947265625,279.66796875,281.83782958984375,217.51171875,278.270263671875,249.78515625,294.9189147949219,273.69140625,-1.0,-1.0,-1.0,-1.0,-1.0,-1.0,-1.0,-1.0
-1.0,-1.0,281.7083435058594,178.06640625,291.2638854980469,179.26171875,294.84722900390625,200.77734375,297.2361145019531,219.90234375,273.34722900390625,178.06640625,272.15277099609375,199.58203125,270.9583435058594,216.31640625,288.875,217.51171875,281.7083435058594,247.39453125,288.875,272.49609375,279.3194580078125,217.51171875,278.125,248.58984375,290.0694580078125,271.30078125,-1.0,-1.0,-1.0,-1.0,285.2916564941406,162.52734375,274.5416564941406,164.91796875
273.7361145019531,170.89453125,284.4861145019531,178.06640625,274.9305419921875,178.06640625,274.9305419921875,194.80078125,270.15277099609375,215.12109375,286.875,179.26171875,292.84722900390625,200.77734375,295.2361145019531,217.51171875,278.5138854980469,216.31640625,283.2916564941406,245.00390625,284.4861145019531,273.69140625,288.0694580078125,217.51171875,277.3194580078125,245.00390625,284.4861145019531,273.69140625,-1.0,-1.0,274.9305419921875,168.50390625,-1.0,-1.0,278.5138854980469,166.11328125
273.7361145019531,169.69921875,284.4861145019531,176.87109375,286.875,175.67578125,-1.0,-1.0,-1.0,-1.0,284.4861145019531,178.06640625,283.2916564941406,195.99609375,270.15277099609375,217.51171875,288.0694580078125,216.31640625,283.2916564941406,248.58984375,285.6805419921875,271.30078125,280.90277099609375,216.31640625,273.7361145019531,247.39453125,285.6805419921875,271.30078125,-1.0,-1.0,-1.0,-1.0,-1.0,-1.0,278.5138854980469,166.11328125
