219.83871459960938,201.1171875,226.76344299316406,212.9296875,217.86021423339844,212.9296875,212.91397094726562,224.7421875,219.83871459960938,229.6640625,235.6666717529297,212.9296875,241.60214233398438,225.7265625,238.6343994140625,232.6171875,220.8279571533203,241.4765625,220.8279571533203,261.1640625,220.8279571533203,281.8359375,232.6989288330078,241.4765625,233.68817138671875,260.1796875,238.6343994140625,278.8828125,218.84945678710938,199.1484375,221.81719970703125,199.1484375,-1.0,-1.0,228.741943359375,201.1171875
217.84945678710938,201.1171875,225.76344299316406,213.9140625,215.8709716796875,213.9140625,211.91397094726562,224.7421875,218.83871459960938,229.6640625,235.65591430664062,213.9140625,239.61289978027344,226.7109375,235.65591430664062,235.5703125,219.8279571533203,241.4765625,219.8279571533203,261.1640625,220.81719970703125,281.8359375,231.6989288330078,240.4921875,232.68817138671875,260.1796875,238.6236572265625,278.8828125,217.84945678710938,199.1484375,220.81719970703125,199.1484375,-1.0,-1.0,227.741943359375,201.1171875
216.84945678710938,201.1171875,224.76344299316406,213.9140625,214.8709716796875,213.9140625,210.91397094726562,225.7265625,217.83871459960938,229.6640625,233.6666717529297,212.9296875,238.61289978027344,226.7109375,233.6666717529297,237.5390625,218.8279571533203,241.4765625,219.81719970703125,260.1796875,220.80645751953125,281.8359375,230.6989288330078,241.4765625,230.6989288330078,260.1796875,237.6236572265625,278.8828125,216.84945678710938,199.1484375,218.8279571533203,199.1484375,-1.0,-1.0,226.741943359375,201.1171875
215.86021423339844,200.1328125,223.77420043945312,213.9140625,213.8817138671875,213.9140625,208.93548583984375,225.7265625,216.84945678710938,228.6796875,232.6774139404297,213.9140625,234.65591430664062,229.6640625,231.68817138671875,234.5859375,217.83871459960938,242.4609375,220.80645751953125,261.1640625,220.80645751953125,284.7890625,228.72042846679688,242.4609375,226.741943359375,260.1796875,220.80645751953125,281.8359375,215.86021423339844,198.1640625,218.8279571533203,199.1484375,-1.0,-1.0,226.741943359375,201.1171875
214.72340393066406,200.94921875,222.55319213867188,212.66796875,212.76596069335938,213.64453125,208.85105895996094,225.36328125,215.70213317871094,228.29296875,230.3829803466797,212.66796875,234.29786682128906,227.31640625,232.34042358398438,233.17578125,216.68084716796875,241.96484375,219.6170196533203,262.47265625,220.5957489013672,282.98046875,227.44680786132812,241.96484375,226.46807861328125,259.54296875,234.29786682128906,276.14453125,214.72340393066406,198.99609375,217.65957641601562,198.99609375,-1.0,-1.0,225.48936462402344,200.94921875
213.72340393066406,200.94921875,220.574462890625,212.66796875,212.7446746826172,212.66796875,207.85105895996094,224.38671875,214.70213317871094,228.29296875,229.3829803466797,213.64453125,229.3829803466797,231.22265625,222.53192138671875,233.17578125,216.65957641601562,241.96484375,218.6170196533203,262.47265625,220.574462890625,282.00390625,226.44680786132812,240.98828125,224.48936462402344,259.54296875,233.29786682128906,276.14453125,214.70213317871094,198.99609375,216.65957641601562,198.99609375,-1.0,-1.0,224.48936462402344,200.94921875
212.72340393066406,200.94921875,220.55319213867188,212.66796875,211.7446746826172,212.66796875,205.87234497070312,223.41015625,213.70213317871094,227.31640625,229.3616943359375,212.66796875,235.23403930664062,224.38671875,231.31915283203125,231.22265625,215.65957641601562,240.98828125,218.5957489013672,261.49609375,220.55319213867188,281.02734375,226.425537109375,240.98828125,223.48936462402344,259.54296875,231.31915283203125,277.12109375,212.72340393066406,198.01953125,214.68084716796875,198.99609375,-1.0,-1.0,223.48936462402344,200.94921875
211.61289978027344,199.828125,219.35484313964844,212.421875,210.64515686035156,212.421875,205.80645751953125,224.046875,212.5806427001953,227.921875,228.06451416015625,211.453125,232.90322875976562,225.984375,228.06451416015625,234.703125,215.48387145996094,240.515625,218.38710021972656,260.859375,221.29031372070312,280.234375,225.16128540039062,240.515625,223.22579956054688,259.890625,230.0,278.296875,211.61289978027344,197.890625,213.5483856201172,197.890625,-1.0,-1.0,222.258056640625,199.828125
211.5806427001953,200.796875,219.3225860595703,211.453125,210.61289978027344,212.421875,204.80645751953125,224.046875,211.5806427001953,226.953125,227.06451416015625,211.453125,232.8709716796875,225.015625,228.03225708007812,233.734375,215.4516143798828,239.546875,218.35484313964844,259.890625,223.19354248046875,280.234375,224.16128540039062,239.546875,222.22579956054688,259.890625,226.09677124023438,281.203125,210.61289978027344,197.890625,212.5483856201172,197.890625,-1.0,-1.0,220.29031372070312,199.828125
210.5806427001953,199.828125,218.3225860595703,211.453125,209.61289978027344,211.453125,204.77420043945312,224.046875,210.5806427001953,226.953125,227.03225708007812,211.453125,232.83871459960938,224.046875,228.96774291992188,232.765625,214.4516143798828,238.578125,216.38710021972656,257.953125,220.258056640625,278.296875,223.16128540039062,238.578125,221.22579956054688,257.953125,224.1290283203125,280.234375,210.5806427001953,196.921875,212.51612854003906,197.890625,-1.0,-1.0,220.258056640625,199.828125
209.95652770996094,199.69921875,217.60870361328125,212.19140625,209.0,212.19140625,204.21739196777344,224.68359375,209.0,227.56640625,227.17391967773438,212.19140625,231.0,225.64453125,228.13043212890625,233.33203125,213.78260803222656,240.05859375,216.6521759033203,259.27734375,220.47825622558594,279.45703125,223.3478240966797,240.05859375,220.47825622558594,259.27734375,224.30435180664062,281.37890625,209.95652770996094,197.77734375,211.86956787109375,197.77734375,-1.0,-1.0,219.52174377441406,199.69921875
208.95652770996094,199.69921875,217.56521606445312,212.19140625,208.95652770996094,212.19140625,204.17391967773438,223.72265625,208.95652770996094,227.56640625,226.17391967773438,212.19140625,230.95652770996094,225.64453125,227.13043212890625,232.37109375,212.78260803222656,239.09765625,212.78260803222656,256.39453125,-1.0,-1.0,222.3478240966797,239.09765625,220.43478393554688,259.27734375,221.39129638671875,281.37890625,208.95652770996094,197.77734375,210.86956787109375,197.77734375,-1.0,-1.0,219.47825622558594,200.66015625
208.9130401611328,199.69921875,216.56521606445312,212.19140625,207.95652770996094,212.19140625,204.13043212890625,223.72265625,207.95652770996094,227.56640625,225.17391967773438,212.19140625,229.0,226.60546875,225.17391967773438,232.37109375,211.78260803222656,240.05859375,211.78260803222656,259.27734375,-1.0,-1.0,221.3478240966797,241.01953125,220.39129638671875,260.23828125,220.39129638671875,283.30078125,208.9130401611328,197.77734375,210.82608032226562,197.77734375,-1.0,-1.0,218.47825622558594,200.66015625
208.42222595214844,200.5390625,216.06666564941406,211.9765625,207.4666748046875,211.9765625,203.64443969726562,223.4140625,207.4666748046875,228.1796875,224.6666717529297,211.9765625,230.39999389648438,225.3203125,224.6666717529297,232.9453125,211.2888946533203,239.6171875,213.1999969482422,258.6796875,217.022216796875,281.5546875,221.8000030517578,239.6171875,219.88888549804688,259.6328125,219.88888549804688,281.5546875,209.37777709960938,198.6328125,210.3333282470703,197.6796875,-1.0,-1.0,217.977783203125,200.5390625
207.42222595214844,200.5390625,215.06666564941406,212.9296875,205.5111083984375,212.9296875,199.77777099609375,224.3671875,205.5111083984375,227.2265625,223.6666717529297,212.9296875,227.4888916015625,227.2265625,222.7111053466797,232.9453125,210.2888946533203,239.6171875,211.24444580078125,258.6796875,212.1999969482422,277.7421875,220.8000030517578,240.5703125,219.84445190429688,258.6796875,219.84445190429688,278.6953125,208.37777709960938,198.6328125,210.2888946533203,198.6328125,-1.0,-1.0,217.93333435058594,200.5390625
205.4666748046875,201.4921875,214.06666564941406,211.9765625,205.4666748046875,211.9765625,199.73333740234375,224.3671875,204.5111083984375,228.1796875,222.6666717529297,211.9765625,227.44444274902344,225.3203125,221.7111053466797,232.9453125,208.3333282470703,239.6171875,211.1999969482422,259.6328125,213.11111450195312,278.6953125,219.8000030517578,239.6171875,219.8000030517578,259.6328125,220.75555419921875,278.6953125,207.37777709960938,198.6328125,207.37777709960938,198.6328125,-1.0,-1.0,217.88888549804688,201.4921875
214.977783203125,201.4921875,213.06666564941406,212.9296875,204.4666748046875,213.8828125,198.73333740234375,225.3203125,203.5111083984375,228.1796875,222.62222290039062,213.8828125,225.4888916015625,227.2265625,220.7111053466797,233.8984375,207.3333282470703,241.5234375,210.1999969482422,260.5859375,212.11111450195312,279.6484375,218.8000030517578,241.5234375,217.84445190429688,260.5859375,218.8000030517578,279.6484375,211.15554809570312,198.6328125,215.93333435058594,199.5859375,-1.0,-1.0,218.8000030517578,201.4921875
212.37362670898438,201.37890625,212.37362670898438,212.72265625,203.86813354492188,213.66796875,198.1977996826172,225.01171875,201.97802734375,228.79296875,221.8241729736328,212.72265625,225.60440063476562,225.01171875,219.93406677246094,233.51953125,206.7032928466797,240.13671875,211.42857360839844,261.87890625,210.4835205078125,279.83984375,218.04396057128906,241.08203125,218.04396057128906,260.93359375,218.989013671875,282.67578125,209.53846740722656,199.48828125,215.2087860107422,199.48828125,205.75823974609375,201.37890625,218.989013671875,201.37890625
210.42857360839844,201.37890625,212.3186798095703,212.72265625,203.8131866455078,213.66796875,200.032958984375,225.01171875,203.8131866455078,230.68359375,220.8241729736328,212.72265625,223.65933227539062,225.01171875,217.989013671875,234.46484375,209.4835205078125,240.13671875,211.37362670898438,261.87890625,209.4835205078125,280.78515625,218.93406677246094,240.13671875,217.989013671875,261.87890625,217.989013671875,284.56640625,209.4835205078125,199.48828125,214.2087860107422,199.48828125,207.59341430664062,200.43359375,217.989013671875,201.37890625
210.37362670898438,202.32421875,211.3186798095703,213.66796875,203.75823974609375,213.66796875,199.97802734375,226.90234375,-1.0,-1.0,219.8241729736328,213.66796875,222.65933227539062,225.95703125,216.04396057128906,234.46484375,208.4835205078125,241.08203125,211.3186798095703,260.93359375,209.42857360839844,281.73046875,217.93406677246094,241.08203125,217.93406677246094,260.93359375,219.8241729736328,283.62109375,208.4835205078125,199.48828125,214.15383911132812,199.48828125,205.64834594726562,200.43359375,216.989013671875,201.37890625
202.1999969482422,202.21875,210.60000610351562,213.46875,203.13333129882812,214.40625,195.6666717529297,218.15625,-1.0,-1.0,219.0,213.46875,221.8000030517578,226.59375,215.26666259765625,235.03125,208.73333740234375,241.59375,209.6666717529297,263.15625,205.93333435058594,282.84375,218.06666564941406,241.59375,218.06666564941406,263.15625,219.0,283.78125,203.13333129882812,200.34375,204.06666564941406,199.40625,-1.0,-1.0,212.4666748046875,201.28125
201.1999969482422,202.21875,210.5333251953125,213.46875,203.06666564941406,213.46875,198.39999389648438,225.65625,198.39999389648438,228.46875,218.0,213.46875,220.8000030517578,227.53125,213.3333282470703,235.96875,206.8000030517578,241.59375,207.73333740234375,262.21875,206.8000030517578,283.78125,216.13333129882812,241.59375,217.06666564941406,261.28125,218.93333435058594,282.84375,-1.0,-1.0,203.06666564941406,199.40625,-1.0,-1.0,213.3333282470703,201.28125
202.06666564941406,202.21875,209.5333251953125,212.53125,203.0,212.53125,198.3333282470703,225.65625,197.39999389648438,229.40625,216.06666564941406,212.53125,218.86666870117188,226.59375,212.3333282470703,235.96875,205.8000030517578,241.59375,206.73333740234375,263.15625,204.86666870117188,284.71875,215.13333129882812,241.59375,214.1999969482422,263.15625,218.86666870117188,283.78125,201.13333129882812,201.28125,203.93333435058594,199.40625,-1.0,-1.0,211.39999389648438,201.28125
201.06666564941406,201.28125,207.60000610351562,211.59375,201.06666564941406,211.59375,196.39999389648438,222.84375,196.39999389648438,229.40625,215.06666564941406,211.59375,218.8000030517578,225.65625,210.39999389648438,235.03125,202.93333435058594,239.71875,204.8000030517578,261.28125,204.8000030517578,284.71875,212.26666259765625,239.71875,209.4666748046875,261.28125,217.86666870117188,282.84375,201.06666564941406,199.40625,202.93333435058594,199.40625,-1.0,-1.0,209.4666748046875,201.28125
200.13333129882812,201.28125,206.6666717529297,210.65625,200.13333129882812,210.65625,194.53334045410156,221.90625,195.46665954589844,230.34375,213.1999969482422,210.65625,217.86666870117188,224.71875,209.4666748046875,235.03125,202.0,238.78125,208.5333251953125,261.28125,216.0,279.09375,209.4666748046875,239.71875,205.73333740234375,261.28125,204.8000030517578,282.84375,200.13333129882812,200.34375,202.0,199.40625,-1.0,-1.0,208.5333251953125,200.34375
199.13333129882812,201.28125,205.6666717529297,210.65625,199.13333129882812,209.71875,193.53334045410156,220.96875,193.53334045410156,229.40625,213.13333129882812,210.65625,215.93333435058594,225.65625,207.5333251953125,235.03125,200.06666564941406,237.84375,202.86666870117188,261.28125,203.8000030517578,280.03125,208.4666748046875,239.71875,205.6666717529297,262.21875,206.60000610351562,280.03125,200.06666564941406,199.40625,201.0,199.40625,-1.0,-1.0,208.4666748046875,200.34375
198.13333129882812,200.34375,204.6666717529297,209.71875,198.13333129882812,209.71875,192.53334045410156,220.96875,191.60000610351562,228.46875,212.13333129882812,210.65625,215.86666870117188,224.71875,206.5333251953125,234.09375,198.13333129882812,237.84375,200.93333435058594,261.28125,203.73333740234375,280.03125,207.4666748046875,239.71875,205.60000610351562,261.28125,207.4666748046875,279.09375,199.06666564941406,199.40625,200.93333435058594,198.46875,-1.0,-1.0,207.4666748046875,199.40625
199.93333435058594,201.28125,205.5333251953125,210.65625,199.93333435058594,210.65625,194.3333282470703,222.84375,192.46665954589844,230.34375,211.13333129882812,210.65625,213.0,225.65625,204.60000610351562,235.03125,199.0,238.78125,199.93333435058594,262.21875,202.73333740234375,279.09375,206.4666748046875,239.71875,203.6666717529297,261.28125,206.4666748046875,279.09375,199.93333435058594,199.40625,200.86666870117188,199.40625,-1.0,-1.0,205.5333251953125,199.40625
198.0,201.28125,205.4666748046875,209.71875,201.73333740234375,209.71875,196.13333129882812,221.90625,192.39999389648438,230.34375,210.13333129882812,210.65625,212.93333435058594,225.65625,203.60000610351562,235.03125,198.0,239.71875,198.93333435058594,261.28125,201.73333740234375,278.15625,203.60000610351562,240.65625,202.6666717529297,261.28125,204.5333251953125,279.09375,-1.0,-1.0,199.86666870117188,199.40625,-1.0,-1.0,204.5333251953125,199.40625
197.06666564941406,200.34375,203.60000610351562,210.65625,198.0,209.71875,190.53334045410156,220.96875,189.60000610351562,218.15625,209.1999969482422,210.65625,211.06666564941406,225.65625,202.6666717529297,235.03125,195.1999969482422,238.78125,197.06666564941406,260.34375,201.73333740234375,279.09375,202.6666717529297,239.71875,201.73333740234375,261.28125,204.5333251953125,279.09375,197.06666564941406,198.46875,198.93333435058594,198.46875,-1.0,-1.0,203.60000610351562,199.40625
