248.94117736816406,88.90234375,255.5294189453125,107.03515625,239.05882263183594,108.68359375,232.4705810546875,133.41015625,234.11764526367188,126.81640625,270.3529357910156,107.03515625,273.6470642089844,136.70703125,260.4705810546875,159.78515625,240.7058868408203,161.43359375,237.41175842285156,210.88671875,232.4705810546875,252.09765625,263.76470947265625,161.43359375,262.1176452636719,210.88671875,267.058837890625,248.80078125,247.2941131591797,85.60546875,252.23529052734375,85.60546875,-1.0,-1.0,260.4705810546875,87.25390625
246.5,88.79296875,253.16665649414062,108.76171875,238.1666717529297,108.76171875,228.1666717529297,130.39453125,231.5,127.06640625,268.1666564941406,108.76171875,271.5,135.38671875,258.1666564941406,158.68359375,238.1666717529297,162.01171875,234.8333282470703,211.93359375,231.5,251.87109375,259.8333435058594,162.01171875,259.8333435058594,211.93359375,269.8333435058594,253.53515625,244.8333282470703,85.46484375,249.8333282470703,85.46484375,-1.0,-1.0,258.1666564941406,87.12890625
242.8333282470703,87.9140625,251.16665649414062,107.9765625,234.5,107.9765625,224.5,129.7109375,229.5,124.6953125,266.1666564941406,106.3046875,269.5,134.7265625,256.1666564941406,159.8046875,236.1666717529297,161.4765625,231.1666717529297,209.9609375,231.1666717529297,251.7578125,257.8333435058594,163.1484375,256.1666564941406,213.3046875,269.5,253.4296875,241.1666717529297,84.5703125,246.16665649414062,84.5703125,-1.0,-1.0,254.5,86.2421875
242.89157104492188,88.71484375,251.32530212402344,107.19140625,234.45782470703125,107.19140625,224.33734130859375,129.02734375,229.3975830078125,125.66796875,266.5060119628906,107.19140625,269.8795166015625,137.42578125,256.3855285644531,159.26171875,236.1445770263672,160.94140625,232.77108764648438,211.33203125,232.77108764648438,253.32421875,258.0722961425781,162.62109375,256.3855285644531,214.69140625,268.1927795410156,249.96484375,241.20481872558594,83.67578125,246.2650604248047,85.35546875,-1.0,-1.0,256.3855285644531,87.03515625
240.89157104492188,87.84375,247.6385498046875,106.40625,232.45782470703125,106.40625,220.65060424804688,128.34375,225.71084594726562,124.96875,262.81927490234375,106.40625,267.8795166015625,136.78125,257.759033203125,158.71875,234.1445770263672,160.40625,230.77108764648438,211.03125,232.45782470703125,253.21875,254.3855438232422,160.40625,254.3855438232422,212.71875,267.8795166015625,249.84375,239.20481872558594,82.78125,244.2650604248047,84.46875,-1.0,-1.0,252.69879150390625,86.15625
238.37037658691406,86.1015625,246.88888549804688,106.5390625,229.8518524169922,104.8359375,217.92593383789062,128.6796875,223.0370330810547,123.5703125,262.22222900390625,106.5390625,265.629638671875,137.1953125,255.40740966796875,161.0390625,231.55555725097656,159.3359375,229.8518524169922,212.1328125,231.55555725097656,253.0078125,252.0,159.3359375,250.29629516601562,212.1328125,265.629638671875,242.7890625,236.6666717529297,82.6953125,241.77777099609375,82.6953125,-1.0,-1.0,250.29629516601562,84.3984375
234.6666717529297,85.23046875,243.1851806640625,104.05078125,227.8518524169922,104.05078125,215.92593383789062,126.29296875,221.0370330810547,124.58203125,258.5185241699219,104.05078125,263.629638671875,134.84765625,256.8148193359375,160.51171875,229.55555725097656,157.08984375,227.8518524169922,210.12890625,231.25926208496094,252.90234375,248.29629516601562,158.80078125,248.29629516601562,211.83984375,263.629638671875,244.34765625,234.6666717529297,81.80859375,239.77777099609375,81.80859375,-1.0,-1.0,248.29629516601562,83.51953125
233.91250610351562,82.640625,242.53750610351562,103.265625,225.28750610351562,103.265625,214.9375,125.609375,220.1125030517578,122.171875,259.7875061035156,103.265625,263.23748779296875,135.921875,256.3374938964844,161.703125,227.0124969482422,158.265625,227.0124969482422,209.828125,232.1875,254.515625,247.71249389648438,159.984375,244.2624969482422,211.546875,258.0625,244.203125,232.1875,79.203125,237.3625030517578,79.203125,-1.0,-1.0,247.71249389648438,82.640625
230.1875,80.03515625,240.53750610351562,102.48046875,223.28750610351562,102.48046875,212.9375,123.19921875,218.1125030517578,119.74609375,257.7875061035156,102.48046875,261.23748779296875,135.28515625,259.51251220703125,157.73046875,225.0124969482422,157.73046875,226.7375030517578,209.52734375,231.91250610351562,252.69140625,245.71249389648438,157.73046875,240.53750610351562,209.52734375,254.33749389648438,247.51171875,230.1875,76.58203125,235.3625030517578,76.58203125,-1.0,-1.0,243.9875030517578,80.03515625
229.375,80.125,238.125,101.125,222.375,99.375,210.125,123.875,215.375,118.625,253.875,101.125,259.125,132.625,-1.0,-1.0,224.125,155.375,227.625,207.875,232.875,253.375,245.125,157.125,238.125,207.875,250.375,255.125,227.625,76.625,232.875,76.625,-1.0,-1.0,243.375,78.375
227.3164520263672,79.24609375,236.05062866210938,98.58203125,218.582275390625,100.33984375,208.1012725830078,121.43359375,213.34176635742188,119.67578125,251.77215576171875,98.58203125,257.0126647949219,131.98046875,-1.0,-1.0,222.07595825195312,154.83203125,225.5696258544922,204.05078125,232.5569610595703,251.51171875,243.03797912597656,156.58984375,232.5569610595703,205.80859375,241.2911376953125,253.26953125,225.5696258544922,75.73046875,230.81011962890625,75.73046875,-1.0,-1.0,241.2911376953125,77.48828125
224.84616088867188,80.1328125,233.6923065185547,99.5546875,217.76922607421875,99.5546875,205.38461303710938,122.5078125,210.6923065185547,118.9765625,251.38461303710938,99.5546875,254.92308044433594,129.5703125,-1.0,-1.0,221.3076934814453,154.2890625,224.84616088867188,205.4921875,231.92308044433594,254.9296875,242.5384521484375,154.2890625,230.15383911132812,205.4921875,235.46153259277344,254.9296875,223.07691955566406,74.8359375,228.38461303710938,74.8359375,-1.0,-1.0,239.0,78.3671875
223.25973510742188,78.390625,232.2207794189453,99.765625,214.2987060546875,99.765625,201.7532501220703,122.921875,207.12986755371094,119.359375,250.14285278320312,99.765625,251.93505859375,131.828125,-1.0,-1.0,219.67532348632812,154.984375,225.05194091796875,204.859375,230.42857360839844,252.953125,241.18182373046875,154.984375,228.63636779785156,204.859375,230.42857360839844,256.515625,221.467529296875,74.828125,228.63636779785156,74.828125,-1.0,-1.0,237.597412109375,78.390625
221.25973510742188,77.51953125,230.2207794189453,98.98828125,212.2987060546875,98.98828125,199.7532501220703,122.24609375,206.9220733642578,134.76953125,248.14285278320312,100.77734375,249.93505859375,131.19140625,-1.0,-1.0,217.67532348632812,154.44921875,221.25973510742188,206.33203125,233.80519104003906,254.63671875,239.18182373046875,154.44921875,226.63636779785156,206.33203125,224.8441619873047,256.42578125,219.467529296875,73.94140625,224.8441619873047,73.94140625,-1.0,-1.0,235.597412109375,77.51953125
219.25973510742188,78.4453125,228.2207794189453,100.0078125,210.2987060546875,100.0078125,197.7532501220703,123.3671875,203.12986755371094,119.7734375,246.14285278320312,100.0078125,247.93505859375,130.5546875,-1.0,-1.0,215.67532348632812,155.7109375,221.05194091796875,207.8203125,231.80519104003906,250.9453125,237.18182373046875,155.7109375,222.8441619873047,207.8203125,217.467529296875,258.1328125,217.467529296875,73.0546875,224.63636779785156,74.8515625,-1.0,-1.0,233.597412109375,78.4453125
218.54666137695312,77.58203125,225.8000030517578,99.23828125,209.47999572753906,99.23828125,198.60000610351562,122.69921875,200.413330078125,124.50390625,243.93333435058594,99.23828125,243.93333435058594,129.91796875,-1.0,-1.0,214.9199981689453,155.18359375,220.36000061035156,205.71484375,231.24000549316406,250.83203125,234.86666870117188,155.18359375,220.36000061035156,207.51953125,214.9199981689453,258.05078125,216.73333740234375,72.16796875,222.17333984375,73.97265625,-1.0,-1.0,233.05332946777344,77.58203125
216.54666137695312,79.49609375,225.61334228515625,99.51953125,207.47999572753906,99.51953125,196.60000610351562,123.18359375,200.22666931152344,130.46484375,241.93333435058594,99.51953125,243.74667358398438,130.46484375,-1.0,-1.0,212.9199981689453,154.12890625,216.54666137695312,205.09765625,231.05332946777344,252.42578125,232.86666870117188,155.94921875,216.54666137695312,205.09765625,214.73333740234375,259.70703125,214.73333740234375,75.85546875,220.17333984375,75.85546875,-1.0,-1.0,231.05332946777344,77.67578125
214.04000854492188,78.80078125,223.24000549316406,98.99609375,206.67999267578125,97.16015625,193.8000030517578,121.02734375,197.47999572753906,130.20703125,241.63999938964844,98.99609375,241.63999938964844,132.04296875,-1.0,-1.0,210.36000061035156,154.07421875,212.1999969482422,207.31640625,228.760009765625,249.54296875,228.760009765625,155.91015625,215.8800048828125,207.31640625,215.8800048828125,258.72265625,212.1999969482422,73.29296875,219.55999755859375,75.12890625,-1.0,-1.0,230.60000610351562,76.96484375
213.76315307617188,76.25390625,221.13157653808594,98.47265625,204.55262756347656,98.47265625,191.65789794921875,118.83984375,195.34210205078125,118.83984375,239.55262756347656,98.47265625,239.55262756347656,131.80078125,-1.0,-1.0,206.39474487304688,155.87109375,208.23684692382812,207.71484375,217.44737243652344,254.00390625,228.5,157.72265625,213.76315307617188,207.71484375,213.76315307617188,259.55859375,211.92105102539062,72.55078125,217.44737243652344,72.55078125,-1.0,-1.0,228.5,76.25390625
211.26666259765625,75.3984375,218.73333740234375,97.7109375,201.93333435058594,97.7109375,190.73333740234375,120.0234375,-1.0,-1.0,237.39999389648438,97.7109375,239.26666259765625,134.8984375,-1.0,-1.0,203.8000030517578,155.3515625,205.6666717529297,203.6953125,218.73333740234375,250.1796875,226.1999969482422,157.2109375,213.13333129882812,205.5546875,215.0,259.4765625,209.39999389648438,69.8203125,216.86666870117188,71.6796875,-1.0,-1.0,226.1999969482422,73.5390625
210.17105102539062,72.8125,217.64474487304688,95.3125,198.9605255126953,95.3125,185.88157653808594,117.8125,189.61842346191406,115.9375,236.32894897460938,97.1875,-1.0,-1.0,-1.0,-1.0,202.69737243652344,155.3125,200.82894897460938,205.9375,210.17105102539062,235.9375,225.11842346191406,155.3125,212.0394744873047,205.9375,215.7763214111328,260.3125,208.30262756347656,69.0625,215.7763214111328,70.9375,-1.0,-1.0,225.11842346191406,72.8125
209.60000610351562,72.0859375,215.27999877929688,94.7734375,198.24000549316406,94.7734375,184.98666381835938,117.4609375,190.6666717529297,115.5703125,234.2133331298828,94.7734375,-1.0,-1.0,-1.0,-1.0,200.13333129882812,153.3828125,198.24000549316406,206.3203125,211.4933319091797,253.5859375,222.85333251953125,155.2734375,211.4933319091797,206.3203125,213.38665771484375,259.2578125,207.7066650390625,66.4140625,213.38665771484375,68.3046875,203.9199981689453,70.1953125,222.85333251953125,70.1953125
205.63157653808594,71.359375,213.2105255126953,92.328125,196.15789794921875,90.421875,182.89474487304688,115.203125,186.6842041015625,113.296875,230.26315307617188,94.234375,-1.0,-1.0,-1.0,-1.0,198.05262756347656,153.328125,194.26315307617188,204.796875,203.73684692382812,254.359375,220.7894744873047,155.234375,211.3157958984375,206.703125,215.10525512695312,260.078125,203.73684692382812,67.546875,211.3157958984375,67.546875,-1.0,-1.0,220.7894744873047,69.453125
203.2236785888672,70.49609375,210.90789794921875,91.55078125,193.61842346191406,89.63671875,182.09210205078125,110.69140625,184.01315307617188,114.51953125,228.19735717773438,91.55078125,-1.0,-1.0,-1.0,-1.0,195.5394744873047,152.80078125,189.7763214111328,204.48046875,199.38157653808594,254.24609375,218.59210205078125,154.71484375,210.90789794921875,206.39453125,214.75,259.98828125,201.30262756347656,64.75390625,208.98684692382812,66.66796875,-1.0,-1.0,218.59210205078125,68.58203125
200.2236785888672,69.76953125,207.90789794921875,89.06640625,192.5394744873047,89.06640625,177.17105102539062,114.15234375,-1.0,-1.0,225.19735717773438,90.99609375,232.88157653808594,121.87109375,-1.0,-1.0,190.61842346191406,152.74609375,186.7763214111328,206.77734375,192.5394744873047,256.94921875,213.67105102539062,154.67578125,209.82894897460938,208.70703125,213.67105102539062,260.80859375,198.30262756347656,63.98046875,205.98684692382812,65.91015625,-1.0,-1.0,215.59210205078125,67.83984375
197.8000030517578,69.04296875,205.586669921875,90.44140625,190.01333618164062,88.49609375,176.3866729736328,111.83984375,-1.0,-1.0,223.10665893554688,90.44140625,-1.0,-1.0,-1.0,-1.0,190.01333618164062,152.69140625,182.22666931152344,209.10546875,184.17333984375,259.68359375,213.3733367919922,154.63671875,211.42666625976562,212.99609375,215.32000732421875,257.73828125,195.85333251953125,65.15234375,201.69332885742188,65.15234375,-1.0,-1.0,213.3733367919922,67.09765625
194.8157958984375,68.1796875,204.55262756347656,89.6640625,187.02630615234375,89.6640625,175.34210205078125,113.1015625,-1.0,-1.0,220.13157653808594,91.6171875,227.92105102539062,126.7734375,218.1842041015625,154.1171875,188.9736785888672,154.1171875,179.23684692382812,210.7578125,175.34210205078125,257.6328125,210.39474487304688,156.0703125,210.39474487304688,214.6640625,214.2894744873047,257.6328125,192.86842346191406,64.2734375,200.65789794921875,64.2734375,-1.0,-1.0,210.39474487304688,66.2265625
191.40789794921875,69.421875,201.27630615234375,91.078125,183.51315307617188,89.109375,173.64474487304688,110.765625,171.67105102539062,114.703125,217.0657958984375,91.078125,222.98684692382812,126.515625,217.0657958984375,150.140625,187.4605255126953,152.109375,179.5657958984375,207.234375,171.67105102539062,258.421875,209.17105102539062,152.109375,209.17105102539062,213.140625,215.09210205078125,258.421875,189.4342041015625,65.484375,197.32894897460938,65.484375,-1.0,-1.0,209.17105102539062,67.453125
188.40789794921875,68.7109375,198.27630615234375,90.5390625,180.51315307617188,88.5546875,170.64474487304688,114.3515625,168.67105102539062,116.3359375,214.0657958984375,92.5234375,216.0394744873047,128.2421875,210.11842346191406,152.0546875,182.48684692382812,152.0546875,176.5657958984375,203.6484375,168.67105102539062,259.2109375,206.17105102539062,152.0546875,208.14474487304688,211.5859375,214.0657958984375,259.2109375,186.4342041015625,62.7578125,194.32894897460938,64.7421875,-1.0,-1.0,204.19737243652344,66.7265625
190.0,67.14453125,198.0,91.23828125,180.0,89.23046875,168.0,113.32421875,170.0,115.33203125,214.0,91.23828125,212.0,127.37890625,210.0,151.47265625,182.0,151.47265625,176.0,203.67578125,168.0,259.89453125,206.0,151.47265625,208.0,209.69921875,212.0,259.89453125,186.0,63.12890625,194.0,65.13671875,184.0,65.13671875,206.0,67.14453125
187.65333557128906,68.3046875,195.75999450683594,90.4765625,179.54666137695312,88.4609375,167.38665771484375,116.6796875,167.38665771484375,150.9453125,209.9466552734375,92.4921875,-1.0,-1.0,-1.0,-1.0,179.54666137695312,152.9609375,171.44000244140625,209.3984375,167.38665771484375,261.8046875,203.86666870117188,154.9765625,207.9199981689453,213.4296875,211.97332763671875,263.8203125,183.60000610351562,64.2734375,191.7066650390625,64.2734375,179.54666137695312,64.2734375,201.83999633789062,66.2890625
183.6447296142578,67.609375,191.75,89.953125,175.5394744873047,87.921875,165.40789794921875,114.328125,161.35525512695312,114.328125,205.9342041015625,91.984375,207.9605255126953,128.546875,201.88157653808594,150.890625,175.5394744873047,150.890625,169.4605255126953,209.796875,167.4342041015625,264.640625,199.85525512695312,152.921875,201.88157653808594,211.828125,-1.0,-1.0,179.59210205078125,63.546875,187.69735717773438,65.578125,175.5394744873047,63.546875,197.82894897460938,67.609375
179.23684692382812,66.9140625,187.44737243652344,89.4296875,173.07894897460938,89.4296875,160.76315307617188,111.9453125,158.7105255126953,113.9921875,203.86842346191406,91.4765625,203.86842346191406,126.2734375,199.76315307617188,150.8359375,171.0263214111328,150.8359375,166.92105102539062,208.1484375,166.92105102539062,265.4609375,195.65789794921875,152.8828125,199.76315307617188,212.2421875,-1.0,-1.0,175.13157653808594,62.8203125,183.34210205078125,62.8203125,173.07894897460938,62.8203125,195.65789794921875,64.8671875
176.23684692382812,64.15625,184.44737243652344,88.90625,168.0263214111328,86.84375,155.7105255126953,109.53125,153.65789794921875,115.71875,200.86842346191406,88.90625,200.86842346191406,126.03125,196.76315307617188,150.78125,168.0263214111328,148.71875,163.92105102539062,210.59375,168.0263214111328,264.21875,190.60525512695312,150.78125,194.7105255126953,212.65625,-1.0,-1.0,172.13157653808594,60.03125,180.34210205078125,62.09375,170.07894897460938,62.09375,190.60525512695312,64.15625
169.72000122070312,61.23046875,178.0399932861328,84.00390625,161.39999389648438,84.00390625,144.75999450683594,108.84765625,148.9199981689453,110.91796875,196.75999450683594,84.00390625,198.83999633789062,123.33984375,194.67999267578125,152.32421875,161.39999389648438,150.25390625,161.39999389648438,212.36328125,167.63999938964844,266.19140625,184.27999877929688,152.32421875,184.27999877929688,214.43359375,-1.0,-1.0,167.63999938964844,57.08984375,175.95999145507812,57.08984375,163.47999572753906,59.16015625,186.36000061035156,61.23046875
168.77630615234375,58.41796875,175.01315307617188,81.36328125,156.30262756347656,83.44921875,143.82894897460938,104.30859375,145.90789794921875,108.48046875,191.64474487304688,81.36328125,197.88157653808594,116.82421875,195.80262756347656,150.19921875,160.4605255126953,148.11328125,158.38157653808594,212.77734375,166.69737243652344,264.92578125,183.32894897460938,148.11328125,179.17105102539062,212.77734375,197.88157653808594,254.49609375,164.61842346191406,54.24609375,172.9342041015625,54.24609375,160.4605255126953,56.33203125,181.25,56.33203125
165.36842346191406,55.57421875,171.6842041015625,78.69140625,154.84210205078125,78.69140625,142.2105255126953,101.80859375,142.2105255126953,103.91015625,188.5263214111328,78.69140625,190.631591796875,108.11328125,-1.0,-1.0,156.94737243652344,143.83984375,159.05262756347656,208.98828125,167.47369384765625,265.73046875,180.1052703857422,145.94140625,173.7894744873047,208.98828125,192.73684692382812,259.42578125,161.15789794921875,51.37109375,169.57894897460938,51.37109375,156.94737243652344,51.37109375,180.1052703857422,53.47265625
162.36842346191406,52.5859375,168.6842041015625,75.7890625,151.84210205078125,75.7890625,137.1052703857422,101.1015625,141.3157958984375,103.2109375,185.5263214111328,77.8984375,191.84210205078125,105.3203125,-1.0,-1.0,153.94737243652344,143.2890625,158.15789794921875,206.5703125,166.57894897460938,263.5234375,177.1052703857422,145.3984375,168.6842041015625,206.5703125,183.42105102539062,263.5234375,158.15789794921875,48.3671875,166.57894897460938,48.3671875,153.94737243652344,50.4765625,177.1052703857422,50.4765625
157.82894897460938,51.8125,166.35525512695312,75.1875,147.17105102539062,75.1875,132.25,102.8125,136.51315307617188,104.9375,183.40789794921875,75.1875,189.80262756347656,104.9375,-1.0,-1.0,151.4342041015625,143.1875,157.82894897460938,206.9375,166.35525512695312,264.3125,177.01315307617188,143.1875,162.09210205078125,206.9375,170.61842346191406,266.4375,155.69737243652344,45.4375,164.2236785888672,47.5625,151.4342041015625,49.6875,174.88157653808594,49.6875
154.82894897460938,51.0390625,163.35525512695312,74.5859375,144.17105102539062,74.5859375,129.25,102.4140625,137.7763214111328,136.6640625,180.40789794921875,74.5859375,186.80262756347656,104.5546875,-1.0,-1.0,148.4342041015625,140.9453125,152.69737243652344,205.1640625,163.35525512695312,262.9609375,171.88157653808594,145.2265625,159.09210205078125,207.3046875,165.48684692382812,271.5234375,152.69737243652344,44.6171875,161.2236785888672,46.7578125,148.4342041015625,48.8984375,171.88157653808594,48.8984375
152.44000244140625,50.265625,158.9199981689453,76.140625,141.63999938964844,73.984375,128.67999267578125,99.859375,-1.0,-1.0,178.36000061035156,76.140625,-1.0,-1.0,-1.0,-1.0,143.8000030517578,142.984375,150.27999877929688,209.828125,167.55999755859375,263.734375,169.72000122070312,145.140625,154.60000610351562,209.828125,154.60000610351562,270.203125,150.27999877929688,45.953125,158.9199981689453,45.953125,143.8000030517578,48.109375,169.72000122070312,48.109375
149.42857360839844,49.37890625,158.05194091796875,75.34765625,138.64935302734375,75.34765625,125.71428680419922,99.15234375,125.71428680419922,101.31640625,177.4545440673828,75.34765625,190.38961791992188,118.62890625,-1.0,-1.0,142.96104431152344,144.59765625,153.74026489257812,209.51953125,166.67532348632812,263.62109375,166.67532348632812,146.76171875,147.27273559570312,209.51953125,145.11688232421875,272.27734375,145.11688232421875,45.05078125,155.89610290527344,45.05078125,140.80519104003906,47.21484375,164.5194854736328,49.37890625
145.9605255126953,49.90625,154.69737243652344,73.96875,135.0394744873047,73.96875,121.93421173095703,100.21875,-1.0,-1.0,174.35525512695312,73.96875,-1.0,-1.0,-1.0,-1.0,141.59210205078125,143.96875,152.51315307617188,209.59375,167.80264282226562,264.28125,165.61842346191406,143.96875,145.9605255126953,209.59375,137.22369384765625,270.84375,143.7763214111328,43.34375,152.51315307617188,45.53125,139.40789794921875,45.53125,163.4342041015625,47.71875
143.52630615234375,49.1484375,152.36842346191406,75.5859375,130.26315307617188,75.5859375,117.0,102.0234375,119.21052551269531,104.2265625,172.26315307617188,75.5859375,185.52630615234375,117.4453125,-1.0,-1.0,136.8947296142578,143.8828125,152.36842346191406,212.1796875,167.84210205078125,262.8515625,161.2105255126953,146.0859375,141.3157958984375,209.9765625,134.6842041015625,271.6640625,141.3157958984375,44.7421875,150.15789794921875,44.7421875,134.6842041015625,46.9453125,161.2105255126953,49.1484375
140.52630615234375,48.26953125,149.36842346191406,74.80078125,127.26315307617188,74.80078125,114.0,101.33203125,116.21052551269531,103.54296875,169.26315307617188,74.80078125,180.3157958984375,114.59765625,-1.0,-1.0,133.8947296142578,143.33984375,149.36842346191406,209.66796875,164.84210205078125,260.51953125,156.0,145.55078125,138.3157958984375,209.66796875,136.10525512695312,273.78515625,138.3157958984375,41.63671875,147.15789794921875,43.84765625,131.6842041015625,43.84765625,158.2105255126953,48.26953125
137.09210205078125,47.51171875,146.0394744873047,74.23046875,125.90789794921875,72.00390625,110.25,98.72265625,114.72368621826172,103.17578125,166.17105102539062,74.23046875,177.35525512695312,114.30859375,-1.0,-1.0,130.38157653808594,141.02734375,141.5657958984375,210.05078125,161.69737243652344,259.03515625,152.75,143.25390625,134.85525512695312,210.05078125,134.85525512695312,272.39453125,134.85525512695312,40.83203125,143.80262756347656,43.05859375,128.14474487304688,43.05859375,154.98684692382812,45.28515625
134.16000366210938,43.1640625,143.1199951171875,72.2109375,122.95999908447266,69.9765625,109.52000427246094,96.7890625,109.52000427246094,99.0234375,163.27999877929688,72.2109375,158.8000030517578,112.4296875,-1.0,-1.0,125.19999694824219,141.4765625,134.16000366210938,210.7421875,156.55999755859375,255.4296875,149.83999633789062,143.7109375,134.16000366210938,210.7421875,131.9199981689453,273.3046875,131.9199981689453,38.6953125,140.8800048828125,38.6953125,125.19999694824219,43.1640625,152.0800018310547,43.1640625
130.1081085205078,42.375,139.08108520507812,69.375,118.89189147949219,69.375,105.43243408203125,96.375,-1.0,-1.0,161.51351928710938,69.375,-1.0,-1.0,-1.0,-1.0,121.1351318359375,143.625,130.1081085205078,211.125,150.29730224609375,260.625,145.81080627441406,143.625,132.35134887695312,211.125,132.35134887695312,276.375,127.8648681640625,37.875,136.83782958984375,37.875,-1.0,-1.0,150.29730224609375,42.375
128.35134887695312,40.22265625,137.32432556152344,67.31640625,117.1351318359375,67.31640625,99.18919372558594,94.41015625,103.67567443847656,96.66796875,157.51351928710938,67.31640625,-1.0,-1.0,-1.0,-1.0,119.37837982177734,139.56640625,121.62162017822266,207.30078125,141.81080627441406,247.94140625,141.81080627441406,139.56640625,126.10810852050781,209.55859375,132.83782958984375,275.03515625,126.10810852050781,35.70703125,135.08108520507812,35.70703125,121.62162017822266,35.70703125,146.29730224609375,40.22265625
124.97222137451172,37.14453125,131.80555725097656,64.42578125,111.30555725097656,66.69921875,95.36111450195312,93.98046875,99.91666412353516,96.25390625,154.5833282470703,64.42578125,-1.0,-1.0,-1.0,-1.0,118.13888549804688,137.17578125,111.30555725097656,205.37890625,134.0833282470703,275.85546875,145.47222900390625,137.17578125,129.52777099609375,205.37890625,136.36111450195312,273.58203125,120.41666412353516,32.59765625,131.80555725097656,32.59765625,115.86111450195312,34.87109375,143.19444274902344,37.14453125
125.52777099609375,34.953125,132.36111450195312,66.890625,114.13888549804688,64.609375,100.47222137451172,89.703125,98.19444274902344,96.546875,150.5833282470703,66.890625,-1.0,-1.0,-1.0,-1.0,116.41666412353516,137.609375,111.86111450195312,206.046875,134.63888549804688,269.921875,143.75,139.890625,130.0833282470703,208.328125,134.63888549804688,274.484375,120.97222137451172,30.390625,132.36111450195312,32.671875,116.41666412353516,34.953125,143.75,39.515625
122.61972045898438,31.8203125,127.18309783935547,61.6796875,108.92958068847656,61.6796875,95.23944091796875,89.2421875,95.23944091796875,91.5390625,147.7183074951172,63.9765625,-1.0,-1.0,-1.0,-1.0,113.49295806884766,137.4765625,104.36619567871094,208.6796875,127.18309783935547,270.6953125,140.87322998046875,139.7734375,131.74647521972656,208.6796875,134.02816772460938,275.2890625,118.05633544921875,27.2265625,129.46478271484375,29.5234375,113.49295806884766,31.8203125,138.591552734375,34.1171875
118.22857666015625,31.89453125,125.17143249511719,61.85546875,106.65714263916016,61.85546875,90.45714569091797,89.51171875,92.77143096923828,91.81640625,146.0,61.85546875,-1.0,-1.0,-1.0,-1.0,108.97142791748047,135.60546875,99.71428680419922,207.05078125,115.91429138183594,264.66796875,139.05714416503906,140.21484375,134.42857360839844,211.66015625,139.05714416503906,278.49609375,113.60000610351562,24.98046875,125.17143249511719,27.28515625,108.97142791748047,29.58984375,136.74285888671875,31.89453125
113.01449584960938,31.04296875,119.97100830078125,61.20703125,103.73912811279297,58.88671875,89.82608795166016,86.73046875,87.50724792480469,89.05078125,140.840576171875,61.20703125,-1.0,-1.0,-1.0,-1.0,106.05796813964844,135.45703125,94.4637680053711,207.38671875,103.73912811279297,267.71484375,133.88406372070312,137.77734375,133.88406372070312,209.70703125,133.88406372070312,276.99609375,108.3768081665039,24.08203125,119.97100830078125,24.08203125,106.05796813964844,26.40234375,131.56521606445312,31.04296875
109.01449584960938,28.7890625,118.28985595703125,59.0546875,97.4202880859375,59.0546875,85.82608795166016,84.6640625,83.50724792480469,89.3203125,136.840576171875,61.3828125,-1.0,-1.0,-1.0,-1.0,102.05796813964844,135.8828125,88.14492797851562,208.0546875,90.4637680053711,268.5859375,127.56521606445312,138.2109375,129.88406372070312,210.3828125,129.88406372070312,277.8984375,104.3768081665039,24.1328125,115.97100830078125,24.1328125,102.05796813964844,24.1328125,127.56521606445312,31.1171875
105.70149230957031,30.265625,112.776123046875,60.734375,93.91044616699219,58.390625,82.11940002441406,84.171875,79.76119232177734,86.515625,131.64178466796875,60.734375,-1.0,-1.0,-1.0,-1.0,98.62686157226562,135.734375,84.47761535644531,208.390625,79.76119232177734,271.671875,122.20895385742188,135.734375,129.2835693359375,208.390625,126.92536926269531,281.046875,100.98507690429688,23.234375,110.41790771484375,25.578125,98.62686157226562,25.578125,124.5671615600586,30.265625
99.27272033691406,30.33984375,108.7272720336914,58.55859375,92.18181610107422,58.55859375,78.0,84.42578125,73.2727279663086,89.12890625,127.63636016845703,60.91015625,-1.0,-1.0,-1.0,-1.0,94.54545593261719,133.80859375,82.7272720336914,206.70703125,70.90908813476562,272.55078125,120.54544830322266,136.16015625,125.27272033691406,211.41015625,120.54544830322266,277.25390625,96.90908813476562,23.28515625,106.36363220214844,25.63671875,-1.0,-1.0,120.54544830322266,30.33984375
95.27272033691406,29.48828125,104.7272720336914,60.26171875,85.81817626953125,57.89453125,76.36363220214844,83.93359375,69.2727279663086,88.66796875,121.27272033691406,62.62890625,-1.0,-1.0,-1.0,-1.0,88.18181610107422,138.37890625,78.7272720336914,211.76171875,64.54545593261719,275.67578125,116.54544830322266,138.37890625,123.63636016845703,214.12890625,116.54544830322266,278.04296875,90.54545593261719,22.38671875,102.36363220214844,22.38671875,-1.0,-1.0,114.18181610107422,29.48828125
82.9076919555664,27.1875,94.75384521484375,58.0625,75.80000305175781,55.6875,63.9538459777832,84.1875,54.47692108154297,91.3125,113.70769500732422,60.4375,116.07691955566406,103.1875,99.4923095703125,136.4375,78.16923522949219,136.4375,68.69230651855469,212.4375,61.584617614746094,283.6875,106.5999984741211,138.8125,106.5999984741211,200.5625,106.5999984741211,226.6875,80.53845977783203,22.4375,90.015380859375,22.4375,-1.0,-1.0,104.23077392578125,27.1875
78.296875,23.9296875,87.921875,57.3984375,71.078125,57.3984375,56.640625,83.6953125,51.828125,88.4765625,109.578125,59.7890625,109.578125,107.6015625,92.734375,136.2890625,71.078125,138.6796875,61.453125,212.7890625,61.453125,282.1171875,99.953125,141.0703125,104.765625,212.7890625,-1.0,-1.0,75.890625,19.1484375,85.515625,19.1484375,-1.0,-1.0,99.953125,26.3203125
72.984130859375,28.78515625,85.04762268066406,57.56640625,65.74603271484375,55.16796875,51.26984405517578,79.15234375,44.03174591064453,86.34765625,104.34921264648438,59.96484375,106.76190948486328,105.53515625,92.28572082519531,136.71484375,65.74603271484375,136.71484375,58.5079345703125,213.46484375,60.92063522338867,283.01953125,92.28572082519531,139.11328125,99.52381134033203,215.86328125,-1.0,-1.0,70.57142639160156,23.98828125,80.22222900390625,23.98828125,-1.0,-1.0,94.69841003417969,26.38671875
68.984130859375,28.0078125,78.63491821289062,54.6484375,59.333335876464844,52.2265625,42.44444274902344,81.2890625,42.44444274902344,83.7109375,97.93650817871094,57.0703125,102.76190948486328,103.0859375,90.69841003417969,139.4140625,59.333335876464844,136.9921875,54.5079345703125,214.4921875,59.333335876464844,284.7265625,85.87301635742188,139.4140625,88.28572082519531,214.4921875,-1.0,-1.0,66.57142639160156,20.7421875,73.80952453613281,20.7421875,-1.0,-1.0,88.28572082519531,25.5859375
62.45161437988281,20.79296875,74.54838562011719,52.37890625,55.19355010986328,49.94921875,38.25806427001953,76.67578125,-1.0,-1.0,93.90322875976562,52.37890625,103.58065032958984,105.83203125,89.06451416015625,142.27734375,52.774192810058594,134.98828125,52.774192810058594,215.16796875,62.45161437988281,285.62890625,81.80645751953125,137.41796875,81.80645751953125,215.16796875,-1.0,-1.0,60.032257080078125,15.93359375,69.70967864990234,18.36328125,-1.0,-1.0,81.80645751953125,20.79296875
57.11475372314453,17.44921875,69.24590301513672,46.79296875,49.83606719970703,46.79296875,35.2786865234375,76.13671875,40.13114929199219,122.59765625,88.6557388305664,49.23828125,95.9344253540039,95.69921875,91.08197021484375,139.71484375,49.83606719970703,134.82421875,49.83606719970703,213.07421875,61.96721267700195,283.98828125,78.95082092285156,134.82421875,71.67213439941406,213.07421875,-1.0,-1.0,57.11475372314453,5.22265625,64.39344024658203,5.22265625,-1.0,-1.0,78.95082092285156,17.44921875
52.366668701171875,5.2265625,64.69999694824219,44.4765625,44.96666717529297,44.4765625,32.633331298828125,81.2734375,32.633331298828125,125.4296875,86.9000015258789,46.9296875,91.83333587646484,93.5390625,-1.0,-1.0,44.96666717529297,127.8828125,49.900001525878906,211.2890625,62.233333587646484,282.4296875,74.56666564941406,130.3359375,64.69999694824219,208.8359375,94.30000305175781,277.5234375,49.900001525878906,5.2265625,57.29999923706055,5.2265625,-1.0,-1.0,72.10000610351562,5.2265625
46.98305130004883,4.234375,61.830509185791016,41.265625,39.559322357177734,41.265625,29.6610164642334,68.421875,-1.0,-1.0,81.62712097167969,41.265625,86.5762710571289,93.109375,-1.0,-1.0,39.559322357177734,127.671875,46.98305130004883,209.140625,61.830509185791016,280.734375,69.25424194335938,127.671875,54.40678024291992,206.671875,81.62712097167969,278.265625,44.50847625732422,4.234375,54.40678024291992,4.234375,-1.0,-1.0,69.25424194335938,4.234375
45.45762634277344,4.23828125,55.35593032836914,38.91015625,33.084747314453125,38.91015625,25.6610164642334,68.62890625,-1.0,-1.0,77.62712097167969,41.38671875,82.5762710571289,90.91796875,65.25424194335938,103.30078125,35.559322357177734,125.58984375,45.45762634277344,209.79296875,57.830509185791016,286.56640625,62.779659271240234,125.58984375,50.40678024291992,209.79296875,62.779659271240234,286.56640625,40.50847625732422,4.23828125,50.40678024291992,4.23828125,-1.0,-1.0,65.25424194335938,4.23828125
38.82758331298828,3.24609375,48.75862121582031,38.13671875,28.89655113220215,38.13671875,18.965517044067383,70.53515625,-1.0,-1.0,71.10344696044922,40.62890625,76.06896209716797,80.50390625,58.68965148925781,100.44140625,31.379310607910156,122.87109375,46.27585983276367,205.11328125,61.17241287231445,282.37109375,58.68965148925781,122.87109375,41.31034469604492,205.11328125,46.27585983276367,292.33984375,36.344825744628906,3.24609375,46.27585983276367,3.24609375,-1.0,-1.0,61.17241287231445,3.24609375
32.344825744628906,3.25,44.75862121582031,38.25,22.41379165649414,35.75,17.44827651977539,68.25,-1.0,-1.0,64.62068939208984,40.75,72.06896209716797,88.25,52.20689392089844,105.75,27.379310607910156,123.25,44.75862121582031,205.75,62.1379280090332,283.25,52.20689392089844,123.25,34.82758331298828,205.75,29.86206817626953,290.75,-1.0,-1.0,39.7931022644043,3.25,-1.0,-1.0,57.17241287231445,3.25
28.553571701049805,2.2578125,41.23214340209961,39.9921875,18.410715103149414,37.4765625,13.339285850524902,72.6953125,-1.0,-1.0,61.517860412597656,42.5078125,66.58928680419922,87.7890625,48.83928680419922,105.3984375,20.946430206298828,123.0078125,41.23214340209961,203.5078125,58.98214340209961,278.9765625,48.83928680419922,125.5234375,28.553571701049805,203.5078125,18.410715103149414,289.0390625,26.017858505249023,2.2578125,36.16071319580078,2.2578125,-1.0,-1.0,51.375,2.2578125
29.625001907348633,2.26171875,39.767860412597656,37.58984375,16.946430206298828,35.06640625,14.410715103149414,67.87109375,-1.0,-1.0,60.05357360839844,37.58984375,67.66071319580078,77.96484375,-1.0,-1.0,24.553571701049805,123.38671875,42.30357360839844,206.66015625,60.05357360839844,279.83984375,49.91071701049805,123.38671875,29.625001907348633,204.13671875,16.946430206298828,287.41015625,24.553571701049805,2.26171875,37.23214340209961,2.26171875,-1.0,-1.0,52.44643020629883,2.26171875
24.18181800842285,1.26953125,34.3636360168457,39.35546875,11.454545021057129,36.81640625,8.909090995788574,69.82421875,-1.0,-1.0,57.272727966308594,41.89453125,62.3636360168457,79.98046875,49.6363639831543,105.37109375,16.545454025268555,125.68359375,36.90909194946289,206.93359375,59.818180084228516,283.10546875,44.54545211791992,125.68359375,21.636363983154297,204.39453125,8.909090995788574,285.64453125,21.636363983154297,1.26953125,31.81818199157715,1.26953125,-1.0,-1.0,47.09090805053711,1.26953125
19.09090805053711,1.26953125,31.81818199157715,41.89453125,6.363636016845703,39.35546875,-1.0,-1.0,-1.0,-1.0,54.727272033691406,46.97265625,59.818180084228516,95.21484375,42.0,112.98828125,11.454545021057129,125.68359375,34.3636360168457,206.93359375,52.18181610107422,280.56640625,39.45454406738281,128.22265625,11.454545021057129,206.93359375,3.8181817531585693,280.56640625,16.545454025268555,1.26953125,26.727272033691406,1.26953125,-1.0,-1.0,42.0,1.26953125
