107.76841735839844,163.7265625,96.65263366699219,179.0234375,93.87368774414062,180.4140625,88.31578826904297,201.2734375,95.26315307617188,223.5234375,100.82105255126953,179.0234375,109.15789794921875,206.8359375,120.273681640625,206.8359375,96.65263366699219,227.6953125,85.5368423461914,261.0703125,77.19999694824219,288.8828125,102.21052551269531,226.3046875,111.93684387207031,256.8984375,106.37895202636719,286.1015625,104.98947143554688,160.9453125,-1.0,-1.0,99.43157958984375,162.3359375,-1.0,-1.0
118.86956787109375,164.7890625,109.37391662597656,181.1015625,103.94783020019531,181.1015625,98.52173614501953,202.8515625,105.30435180664062,223.2421875,114.80000305175781,182.4609375,118.86956787109375,205.5703125,128.36521911621094,204.2109375,105.30435180664062,227.3203125,94.4521713256836,259.9453125,83.5999984741211,291.2109375,116.15652465820312,227.3203125,122.93913269042969,258.5859375,124.295654296875,289.8515625,116.15652465820312,162.0703125,-1.0,-1.0,110.73043823242188,163.4296875,-1.0,-1.0
127.87217712402344,166.04296875,115.82707214355469,180.73828125,113.15037536621094,180.73828125,109.13533782958984,203.44921875,115.82707214355469,223.48828125,119.84210205078125,180.73828125,127.87217712402344,203.44921875,138.57894897460938,202.11328125,119.84210205078125,227.49609375,133.22555541992188,256.88671875,141.25564575195312,290.28515625,125.19548797607422,224.82421875,-1.0,-1.0,-1.0,-1.0,126.5338363647461,162.03515625,-1.0,-1.0,119.84210205078125,164.70703125,-1.0,-1.0
136.02597045898438,165.03125,124.22077941894531,180.78125,122.90908813476562,180.78125,118.97402954101562,203.09375,125.532470703125,224.09375,128.15585327148438,179.46875,133.402587890625,201.78125,143.89610290527344,201.78125,126.84415435791016,228.03125,141.27273559570312,256.90625,154.38961791992188,289.71875,133.402587890625,226.71875,108.48051452636719,259.53125,96.67532348632812,291.03125,134.71429443359375,163.71875,-1.0,-1.0,128.15585327148438,165.03125,-1.0,-1.0
146.89260864257812,166.22265625,136.47650146484375,180.57421875,133.8724822998047,180.57421875,129.96644592285156,202.75390625,136.47650146484375,224.93359375,140.38255310058594,180.57421875,-1.0,-1.0,-1.0,-1.0,135.17449951171875,228.84765625,114.34228515625,262.76953125,100.02013397216797,291.47265625,141.6845703125,228.84765625,153.40267944335938,260.16015625,165.1208038330078,284.94921875,145.59060668945312,163.61328125,-1.0,-1.0,139.08053588867188,164.91796875,-1.0,-1.0
157.25352478027344,164.03125,145.46478271484375,178.46875,142.84506225585938,179.78125,138.91549682617188,202.09375,144.15493774414062,224.40625,149.3943634033203,178.46875,-1.0,-1.0,-1.0,-1.0,144.15493774414062,228.34375,128.43661499023438,259.84375,107.47887420654297,288.71875,152.0140838623047,227.03125,162.49295043945312,259.84375,171.66197204589844,286.09375,154.63380432128906,162.71875,-1.0,-1.0,149.3943634033203,164.03125,-1.0,-1.0
165.24264526367188,164.34375,156.0808868408203,178.78125,152.1544189453125,178.78125,149.53677368164062,202.40625,153.46324157714844,223.40625,161.31617736816406,178.78125,-1.0,-1.0,-1.0,-1.0,153.46324157714844,228.65625,141.68382263183594,260.15625,116.81617736816406,285.09375,163.93382263183594,228.65625,173.0955810546875,257.53125,179.63970947265625,282.46875,162.625,161.71875,-1.0,-1.0,156.0808868408203,164.34375,-1.0,-1.0
177.15383911132812,165.52734375,168.0,178.57421875,162.76922607421875,178.57421875,160.15383911132812,202.05859375,164.07691955566406,222.93359375,174.5384521484375,179.87890625,173.23077392578125,200.75390625,-1.0,-1.0,164.07691955566406,228.15234375,154.92308044433594,263.37890625,127.46154022216797,284.25390625,174.5384521484375,226.84765625,182.38461303710938,260.76953125,185.0,293.38671875,174.5384521484375,162.91796875,-1.0,-1.0,168.0,164.22265625,-1.0,-1.0
188.66400146484375,163.34375,176.8560028076172,179.09375,171.60800170898438,177.78125,168.9840087890625,201.40625,174.23199462890625,222.40625,182.10400390625,179.09375,-1.0,-1.0,-1.0,-1.0,178.16799926757812,226.34375,189.9759979248047,257.84375,189.9759979248047,286.71875,186.04000854492188,223.71875,168.9840087890625,263.09375,138.80799865722656,281.46875,186.04000854492188,160.71875,-1.0,-1.0,179.48001098632812,162.03125,-1.0,-1.0
195.3361358642578,161.03125,184.84873962402344,176.78125,179.60504150390625,176.78125,178.29412841796875,199.09375,183.53781127929688,220.09375,190.09243774414062,176.78125,-1.0,-1.0,-1.0,-1.0,188.78150939941406,224.03125,186.15966796875,260.78125,156.00840759277344,277.84375,194.02520751953125,222.71875,195.3361358642578,256.84375,194.02520751953125,288.34375,194.02520751953125,158.40625,196.64706420898438,155.78125,187.4705810546875,159.71875,-1.0,-1.0
204.85000610351562,158.30859375,193.14999389648438,172.66015625,189.25,173.96484375,187.9499969482422,197.44921875,193.14999389648438,218.32421875,198.35000610351562,172.66015625,-1.0,-1.0,-1.0,-1.0,197.0500030517578,219.62890625,198.35000610351562,256.16015625,197.0500030517578,290.08203125,199.64999389648438,219.62890625,200.9499969482422,256.16015625,197.0500030517578,286.16796875,203.5500030517578,155.69921875,-1.0,-1.0,197.0500030517578,157.00390625,-1.0,-1.0
215.01638793945312,156.09375,203.21311950683594,173.15625,197.9672088623047,171.84375,196.65573120117188,198.09375,203.21311950683594,217.78125,209.77049255371094,173.15625,-1.0,-1.0,-1.0,-1.0,203.21311950683594,221.71875,207.1475372314453,255.84375,203.21311950683594,288.65625,209.77049255371094,221.71875,209.77049255371094,255.84375,203.21311950683594,286.03125,212.3934326171875,153.46875,213.70492553710938,152.15625,204.52459716796875,157.40625,-1.0,-1.0
223.29269409179688,156.40625,211.43902587890625,170.84375,207.48780822753906,172.15625,204.85366821289062,197.09375,211.43902587890625,216.78125,215.39024353027344,172.15625,-1.0,-1.0,-1.0,-1.0,211.43902587890625,220.71875,224.60975646972656,253.53125,204.85366821289062,285.03125,216.7073211669922,219.40625,210.1219482421875,253.53125,202.21951293945312,278.46875,220.65853881835938,153.78125,-1.0,-1.0,214.07318115234375,156.40625,-1.0,-1.0
231.52420043945312,156.30859375,221.07257080078125,170.66015625,215.84677124023438,170.66015625,214.54031372070312,195.44921875,219.76612854003906,215.01953125,226.2983856201172,171.96484375,231.52420043945312,192.83984375,-1.0,-1.0,222.3790283203125,218.93359375,234.1370849609375,252.85546875,209.31451416015625,288.08203125,227.60482788085938,218.93359375,215.84677124023438,256.76953125,210.6209716796875,284.16796875,230.21774291992188,153.69921875,-1.0,-1.0,223.68548583984375,155.00390625,-1.0,-1.0
239.015869140625,156.71875,227.15872192382812,171.15625,223.2063446044922,171.15625,223.2063446044922,196.09375,229.7936553955078,215.78125,232.42857360839844,169.84375,244.28570556640625,198.71875,250.87301635742188,217.09375,232.42857360839844,218.40625,240.3333282470703,249.90625,236.38095092773438,278.78125,240.3333282470703,218.40625,242.96826171875,247.28125,253.5079345703125,277.46875,236.38095092773438,154.09375,-1.0,-1.0,229.7936553955078,155.40625,-1.0,-1.0
248.15625,158.34375,233.71875,171.46875,231.09375,171.46875,229.78125,195.09375,237.65625,214.78125,237.65625,171.46875,246.84375,193.78125,265.21875,214.78125,237.65625,221.34375,249.46875,252.84375,252.09375,285.65625,244.21875,220.03125,225.84375,254.15625,217.96875,285.65625,245.53125,155.71875,-1.0,-1.0,237.65625,155.71875,-1.0,-1.0
257.093017578125,160.83203125,242.76744079589844,171.26953125,240.1627960205078,172.57421875,238.8604736328125,194.75390625,245.37210083007812,215.62890625,246.67442321777344,171.26953125,-1.0,-1.0,-1.0,-1.0,246.67442321777344,222.15234375,257.093017578125,250.85546875,261.0,280.86328125,253.18605041503906,219.54296875,-1.0,-1.0,-1.0,-1.0,255.7906951904297,156.91796875,-1.0,-1.0,249.27906799316406,156.91796875,-1.0,-1.0
266.241943359375,158.78515625,253.01612854003906,174.62890625,249.0483856201172,174.62890625,247.72579956054688,199.71484375,254.33871459960938,218.19921875,256.98388671875,174.62890625,-1.0,-1.0,-1.0,-1.0,249.0483856201172,219.51953125,266.241943359375,251.20703125,270.2096862792969,277.61328125,259.6290283203125,220.83984375,241.11289978027344,252.52734375,226.56451416015625,282.89453125,263.5967712402344,156.14453125,267.56451416015625,154.82421875,255.66128540039062,157.46484375,-1.0,-1.0
275.6666564941406,158.04296875,263.6666564941406,174.07421875,259.6666564941406,174.07421875,255.6666717529297,198.12109375,262.3333435058594,218.16015625,267.6666564941406,172.73828125,273.0,198.12109375,287.66668701171875,204.80078125,261.0,222.16796875,275.6666564941406,255.56640625,282.3333435058594,278.27734375,269.0,220.83203125,249.0,254.23046875,233.0,280.94921875,273.0,155.37109375,-1.0,-1.0,265.0,158.04296875,-1.0,-1.0
283.8928527832031,158.65234375,274.3928527832031,174.87109375,268.96429443359375,174.87109375,266.25,197.84765625,270.3214111328125,219.47265625,278.46429443359375,174.87109375,279.8214111328125,197.84765625,-1.0,-1.0,270.3214111328125,222.17578125,285.25,255.96484375,293.3928527832031,284.34765625,278.46429443359375,220.82421875,258.1071472167969,257.31640625,241.82142639160156,277.58984375,281.1785583496094,155.94921875,-1.0,-1.0,274.3928527832031,158.65234375,-1.0,-1.0
290.4363708496094,157.30078125,281.0181884765625,173.51953125,275.6363525390625,173.51953125,275.6363525390625,199.19921875,278.3272705078125,220.82421875,285.0545349121094,172.16796875,-1.0,-1.0,-1.0,-1.0,279.6727294921875,222.17578125,293.12725830078125,254.61328125,301.20001220703125,284.34765625,285.0545349121094,220.82421875,267.5636291503906,258.66796875,248.72727966308594,278.94140625,287.7454528808594,154.59765625,-1.0,-1.0,281.0181884765625,157.30078125,-1.0,-1.0
300.8365478515625,157.92578125,288.5480651855469,174.33203125,284.4519348144531,174.33203125,284.4519348144531,198.94140625,287.18267822265625,219.44921875,294.0096130371094,175.69921875,-1.0,-1.0,-1.0,-1.0,284.4519348144531,222.18359375,303.56732177734375,253.62890625,306.2980651855469,275.50390625,294.0096130371094,222.18359375,280.35577392578125,257.73046875,272.1634521484375,276.87109375,296.7403869628906,155.19140625,299.4711608886719,152.45703125,289.9134521484375,157.92578125,-1.0,-1.0
308.1836853027344,157.19921875,295.6938781738281,173.79296875,292.9183654785156,173.79296875,292.9183654785156,198.68359375,297.0816345214844,220.80859375,301.2449035644531,173.79296875,-1.0,-1.0,-1.0,-1.0,291.5306091308594,222.19140625,281.8163146972656,256.76171875,269.3265380859375,276.12109375,302.6326599121094,222.19140625,297.0816345214844,255.37890625,279.04083251953125,274.73828125,304.0204162597656,153.05078125,308.1836853027344,151.66796875,297.0816345214844,155.81640625,-1.0,-1.0
316.1290283203125,155.07421875,304.94622802734375,173.25390625,300.752685546875,173.25390625,300.752685546875,198.42578125,306.3440856933594,218.00390625,310.5376281738281,173.25390625,-1.0,-1.0,-1.0,-1.0,309.1397705078125,219.40234375,314.7311706542969,252.96484375,313.3333435058594,280.93359375,314.7311706542969,218.00390625,314.7311706542969,250.16796875,-1.0,-1.0,313.3333435058594,152.27734375,316.1290283203125,149.48046875,304.94622802734375,155.07421875,-1.0,-1.0
323.79998779296875,150.984375,314.0,172.078125,308.3999938964844,172.078125,309.79998779296875,195.984375,318.20001220703125,217.078125,319.6000061035156,170.671875,323.79998779296875,191.765625,-1.0,-1.0,314.0,218.484375,315.3999938964844,253.640625,314.0,277.546875,322.3999938964844,218.484375,322.3999938964844,252.234375,316.79998779296875,278.953125,322.3999938964844,148.171875,-1.0,-1.0,314.0,150.984375,-1.0,-1.0
332.76470947265625,150.08984375,320.058837890625,167.05859375,318.6470642089844,167.05859375,317.23529052734375,191.09765625,325.70587158203125,209.48046875,325.70587158203125,167.05859375,-1.0,-1.0,-1.0,-1.0,322.8823547363281,213.72265625,328.5294189453125,250.48828125,-1.0,-1.0,327.1176452636719,213.72265625,331.3529357910156,251.90234375,315.8235168457031,281.59765625,329.941162109375,147.26171875,-1.0,-1.0,322.8823547363281,150.08984375,-1.0,-1.0
341.76470947265625,149.08984375,329.058837890625,166.05859375,326.23529052734375,166.05859375,324.8235168457031,188.68359375,336.1176452636719,212.72265625,333.29412841796875,164.64453125,-1.0,-1.0,-1.0,-1.0,329.058837890625,215.55078125,327.6470642089844,250.90234375,320.5882263183594,283.42578125,336.1176452636719,214.13671875,340.3529357910156,249.48828125,329.058837890625,277.76953125,340.3529357910156,146.26171875,-1.0,-1.0,333.29412841796875,147.67578125,-1.0,-1.0
349.5581359863281,150.91796875,336.79071044921875,165.05859375,333.9534912109375,166.47265625,333.9534912109375,187.68359375,346.7209167480469,213.13671875,339.6278991699219,163.64453125,-1.0,-1.0,-1.0,-1.0,343.88372802734375,211.72265625,353.81396484375,248.48828125,341.0465087890625,273.94140625,343.88372802734375,211.72265625,350.97674560546875,247.07421875,-1.0,-1.0,348.1395263671875,148.08984375,-1.0,-1.0,341.0465087890625,149.50390625,-1.0,-1.0
360.17242431640625,149.390625,347.5517272949219,164.859375,343.3448181152344,164.859375,343.3448181152344,188.765625,355.96551513671875,212.671875,351.75860595703125,163.453125,-1.0,-1.0,-1.0,-1.0,351.75860595703125,211.265625,358.7701110839844,243.609375,360.17242431640625,273.140625,353.1609191894531,211.265625,360.17242431640625,243.609375,362.9770202636719,270.328125,357.3677978515625,145.171875,-1.0,-1.0,348.9540100097656,147.984375,-1.0,-1.0
366.56817626953125,149.796875,355.2954406738281,165.265625,353.8863525390625,165.265625,352.4772644042969,187.765625,365.1590881347656,211.671875,360.93182373046875,165.265625,-1.0,-1.0,-1.0,-1.0,360.93182373046875,211.671875,370.7954406738281,244.015625,372.20452880859375,273.546875,369.3863525390625,211.671875,373.6136474609375,242.609375,375.0227355957031,276.359375,365.1590881347656,146.984375,-1.0,-1.0,358.1136474609375,148.390625,-1.0,-1.0
376.9772644042969,150.203125,364.2954406738281,165.671875,361.4772644042969,167.078125,362.8863525390625,190.984375,374.1590881347656,212.078125,368.5227355957031,165.671875,-1.0,-1.0,-1.0,-1.0,367.1136474609375,212.078125,381.20452880859375,243.015625,385.43182373046875,271.140625,369.93182373046875,212.078125,369.93182373046875,245.828125,385.43182373046875,275.359375,375.56817626953125,147.390625,-1.0,-1.0,368.5227355957031,150.203125,-1.0,-1.0
386.3999938964844,150.07421875,373.79998779296875,166.85546875,372.3999938964844,168.25390625,372.3999938964844,193.42578125,385.0,214.40234375,378.0,166.85546875,-1.0,-1.0,-1.0,-1.0,376.6000061035156,215.80078125,392.0,245.16796875,401.79998779296875,275.93359375,378.0,215.80078125,382.20001220703125,247.96484375,383.6000061035156,277.33203125,385.0,147.27734375,-1.0,-1.0,376.6000061035156,150.07421875,-1.0,-1.0
396.79998779296875,149.07421875,382.79998779296875,165.85546875,381.3999938964844,167.25390625,381.3999938964844,191.02734375,394.0,213.40234375,385.6000061035156,165.85546875,-1.0,-1.0,-1.0,-1.0,384.20001220703125,216.19921875,399.6000061035156,246.96484375,409.3999938964844,274.93359375,389.79998779296875,213.40234375,387.0,251.16015625,385.6000061035156,277.73046875,394.0,146.27734375,-1.0,-1.0,387.0,150.47265625,-1.0,-1.0
371.5494384765625,167.890625,370.1428527832031,179.140625,363.1098937988281,180.546875,-1.0,-1.0,-1.0,-1.0,377.1758117675781,180.546875,382.80218505859375,194.609375,-1.0,-1.0,368.73626708984375,217.109375,371.5494384765625,249.453125,365.9230651855469,277.578125,379.989013671875,215.703125,374.3626403808594,249.453125,-1.0,-1.0,368.73626708984375,166.484375,372.9560546875,166.484375,364.5164794921875,167.890625,-1.0,-1.0
415.71429443359375,150.015625,403.054931640625,165.484375,403.054931640625,166.890625,403.054931640625,190.796875,414.30767822265625,217.515625,-1.0,-1.0,-1.0,-1.0,-1.0,-1.0,407.27471923828125,216.109375,421.3406677246094,249.859375,428.3736267089844,277.984375,405.8681335449219,216.109375,398.8351745605469,249.859375,394.6153869628906,275.171875,412.9010925292969,147.203125,-1.0,-1.0,405.8681335449219,150.015625,-1.0,-1.0
423.8260803222656,149.87109375,414.0869445800781,166.65234375,412.6956481933594,166.65234375,414.0869445800781,191.82421875,422.4347839355469,215.59765625,418.2608642578125,165.25390625,-1.0,-1.0,-1.0,-1.0,419.65216064453125,219.79296875,430.7825927734375,251.95703125,434.9565124511719,279.92578125,422.4347839355469,218.39453125,409.9130554199219,251.95703125,-1.0,-1.0,421.0434875488281,147.07421875,-1.0,-1.0,414.0869445800781,149.87109375,-1.0,-1.0
432.8260803222656,147.47265625,423.0869445800781,162.85546875,423.0869445800781,162.85546875,-1.0,-1.0,-1.0,-1.0,427.2608642578125,162.85546875,-1.0,-1.0,-1.0,-1.0,428.65216064453125,214.59765625,438.39129638671875,257.94921875,439.7825927734375,284.51953125,437.0,214.59765625,439.7825927734375,253.75390625,439.7825927734375,288.71484375,430.0434875488281,146.07421875,-1.0,-1.0,424.478271484375,147.47265625,-1.0,-1.0
442.7311706542969,147.87109375,432.94622802734375,159.05859375,431.54840087890625,159.05859375,431.54840087890625,184.23046875,441.3333435058594,206.60546875,437.1397705078125,159.05859375,-1.0,-1.0,-1.0,-1.0,437.1397705078125,208.00390625,444.1290283203125,245.76171875,444.1290283203125,265.33984375,439.93548583984375,208.00390625,441.3333435058594,244.36328125,441.3333435058594,270.93359375,441.3333435058594,145.07421875,-1.0,-1.0,434.3440856933594,146.47265625,-1.0,-1.0
452.29998779296875,146.47265625,445.29998779296875,159.05859375,439.70001220703125,160.45703125,441.1000061035156,184.23046875,449.5,202.41015625,450.8999938964844,159.05859375,-1.0,-1.0,-1.0,-1.0,445.29998779296875,208.00390625,449.5,247.16015625,446.70001220703125,277.92578125,450.8999938964844,208.00390625,452.29998779296875,247.16015625,446.70001220703125,276.52734375,449.5,143.67578125,-1.0,-1.0,445.29998779296875,145.07421875,-1.0,-1.0
462.77777099609375,139.578125,451.5185241699219,159.265625,447.2962951660156,159.265625,451.5185241699219,181.765625,462.77777099609375,204.265625,455.7407531738281,157.859375,-1.0,-1.0,-1.0,-1.0,452.9259338378906,208.484375,465.59259033203125,249.265625,448.7037048339844,281.609375,458.5555419921875,205.671875,451.5185241699219,247.859375,448.7037048339844,278.796875,459.96295166015625,136.765625,-1.0,-1.0,452.9259338378906,140.984375,-1.0,-1.0
472.84210205078125,140.1953125,461.47369384765625,157.2578125,457.21051025390625,157.2578125,461.47369384765625,182.8515625,472.84210205078125,204.1796875,465.7368469238281,157.2578125,-1.0,-1.0,-1.0,-1.0,458.631591796875,204.1796875,452.9473571777344,242.5703125,454.368408203125,273.8515625,464.3157958984375,204.1796875,467.15789794921875,243.9921875,454.368408203125,272.4296875,470.0,137.3515625,471.4210510253906,135.9296875,462.8947448730469,140.1953125,-1.0,-1.0
481.9016418457031,140.30078125,467.63934326171875,156.02734375,466.2131042480469,156.02734375,470.4917907714844,181.76171875,483.327880859375,204.63671875,470.4917907714844,156.02734375,-1.0,-1.0,-1.0,-1.0,470.4917907714844,204.63671875,479.0491943359375,246.09765625,-1.0,-1.0,463.36065673828125,206.06640625,486.1803283691406,246.09765625,477.6229553222656,274.69140625,479.0491943359375,136.01171875,-1.0,-1.0,471.91802978515625,138.87109375,-1.0,-1.0
490.53125,139.40625,476.15625,156.65625,477.59375,156.65625,-1.0,-1.0,-1.0,-1.0,473.28125,155.21875,-1.0,-1.0,-1.0,-1.0,480.46875,205.53125,496.28125,245.78125,491.96875,278.84375,474.71875,205.53125,471.84375,248.65625,463.21875,278.84375,489.09375,136.53125,-1.0,-1.0,481.90625,139.40625,-1.0,-1.0
-1.0,-1.0,-1.0,-1.0,496.25372314453125,156.85546875,497.70147705078125,179.98046875,513.6268310546875,201.66015625,-1.0,-1.0,-1.0,-1.0,-1.0,-1.0,-1.0,-1.0,-1.0,-1.0,-1.0,-1.0,-1.0,-1.0,-1.0,-1.0,-1.0,-1.0,-1.0,-1.0,-1.0,-1.0,502.0447692871094,139.51171875,-1.0,-1.0
510.21429443359375,139.6171875,495.6428527832031,157.0546875,495.6428527832031,157.0546875,-1.0,-1.0,-1.0,-1.0,491.27142333984375,157.0546875,-1.0,-1.0,-1.0,-1.0,500.0142822265625,209.3671875,513.1285400390625,248.6015625,514.585693359375,280.5703125,494.18572998046875,209.3671875,483.9857177734375,248.6015625,470.8714294433594,282.0234375,507.29998779296875,136.7109375,-1.0,-1.0,500.0142822265625,139.6171875,-1.0,-1.0
510.02740478515625,138.828125,495.369873046875,156.453125,495.369873046875,157.921875,498.3013610839844,181.421875,512.9589233398438,201.984375,-1.0,-1.0,-1.0,-1.0,-1.0,-1.0,499.7671203613281,209.328125,512.9589233398438,247.515625,517.3561401367188,288.640625,493.90411376953125,209.328125,483.6438293457031,250.453125,470.4520568847656,282.765625,507.09588623046875,135.890625,-1.0,-1.0,501.2328796386719,138.828125,-1.0,-1.0
529.902099609375,142.4921875,518.0419311523438,158.8203125,516.5594482421875,158.8203125,519.5244750976562,184.0546875,534.3496704101562,203.3515625,523.9720458984375,158.8203125,534.3496704101562,187.0234375,555.1049194335938,195.9296875,519.5244750976562,213.7421875,538.7971801757812,249.3671875,546.2097778320312,279.0546875,513.5944213867188,210.7734375,498.76922607421875,252.3359375,478.01397705078125,283.5078125,528.4195556640625,139.5234375,-1.0,-1.0,521.0070190429688,141.0078125,-1.0,-1.0
540.4893798828125,141.12890625,527.0850830078125,159.03515625,528.574462890625,159.03515625,530.0638427734375,185.89453125,544.9574584960938,206.78515625,524.1063842773438,159.03515625,-1.0,-1.0,-1.0,-1.0,534.5319213867188,212.75390625,549.425537109375,251.55078125,559.85107421875,284.37890625,522.6170043945312,211.26171875,509.2127685546875,253.04296875,488.3616943359375,278.41015625,537.5106201171875,138.14453125,-1.0,-1.0,530.0638427734375,141.12890625,-1.0,-1.0
550.6715087890625,138.86328125,535.635009765625,158.46484375,538.642333984375,158.46484375,541.649658203125,185.60546875,552.1751708984375,206.71484375,532.6277465820312,158.46484375,-1.0,-1.0,-1.0,-1.0,541.649658203125,212.74609375,558.1897583007812,250.44140625,568.71533203125,285.12109375,531.1240844726562,212.74609375,520.5985107421875,253.45703125,496.5401611328125,277.58203125,547.6642456054688,137.35546875,-1.0,-1.0,540.14599609375,138.86328125,-1.0,-1.0
559.7555541992188,137.4609375,547.6666870117188,157.1640625,547.6666870117188,157.1640625,-1.0,-1.0,-1.0,-1.0,543.1333618164062,157.1640625,-1.0,-1.0,-1.0,-1.0,555.2222290039062,213.2421875,568.8222045898438,251.1328125,573.3555908203125,282.9609375,543.1333618164062,213.2421875,538.5999755859375,252.6484375,512.9111328125,273.8671875,556.7333374023438,134.4296875,-1.0,-1.0,550.6889038085938,137.4609375,-1.0,-1.0
571.6287841796875,136.671875,557.8560791015625,155.046875,560.9166870117188,156.578125,562.4469604492188,184.140625,574.6893920898438,210.171875,553.26513671875,156.578125,-1.0,-1.0,-1.0,-1.0,565.507568359375,214.765625,577.75,246.921875,577.75,282.140625,554.7954711914062,211.703125,553.26513671875,249.984375,528.7802734375,268.359375,567.0379028320312,133.609375,-1.0,-1.0,562.4469604492188,136.671875,-1.0,-1.0
583.3828125,135.8828125,569.4609375,154.4453125,571.0078125,154.4453125,572.5546875,182.2890625,583.3828125,208.5859375,564.8203125,154.4453125,583.3828125,183.8359375,591.1171875,199.3046875,574.1015625,210.1328125,583.3828125,250.3515625,581.8359375,285.9296875,563.2734375,208.5859375,566.3671875,251.8984375,561.7265625,282.8359375,580.2890625,132.7890625,-1.0,-1.0,574.1015625,135.8828125,-1.0,-1.0
593.0508422851562,132.43359375,577.4576416015625,151.08984375,579.0169677734375,151.08984375,582.1356201171875,179.07421875,593.0508422851562,203.94921875,574.3389892578125,151.08984375,-1.0,-1.0,-1.0,-1.0,580.5762939453125,205.50390625,586.8135375976562,250.58984375,586.8135375976562,284.79296875,572.7796630859375,207.05859375,575.8983154296875,247.48046875,560.3050537109375,272.35546875,589.9321899414062,129.32421875,-1.0,-1.0,583.6949462890625,132.43359375,-1.0,-1.0
597.9434204101562,126.48828125,585.4151000976562,146.90234375,588.5471801757812,148.47265625,591.6792602539062,176.73828125,601.0755004882812,200.29296875,579.1509399414062,148.47265625,-1.0,-1.0,-1.0,-1.0,588.5471801757812,205.00390625,593.2453002929688,245.83203125,569.7546997070312,274.09765625,579.1509399414062,205.00390625,593.2453002929688,245.83203125,590.1132202148438,283.51953125,594.8113403320312,124.91796875,-1.0,-1.0,591.6792602539062,129.62890625,-1.0,-1.0
-1.0,-1.0,592.28125,144.90234375,598.53125,144.90234375,600.09375,173.16796875,609.46875,195.15234375,584.46875,144.90234375,-1.0,-1.0,-1.0,-1.0,600.09375,201.43359375,612.59375,242.26171875,600.09375,265.81640625,589.15625,198.29296875,598.53125,240.69140625,-1.0,-1.0,-1.0,-1.0,-1.0,-1.0,598.53125,126.05859375,-1.0,-1.0
-1.0,-1.0,599.702392578125,145.44140625,609.2738037109375,145.44140625,610.8690185546875,175.57421875,620.4404907226562,197.77734375,591.7261962890625,143.85546875,-1.0,-1.0,-1.0,-1.0,607.6785888671875,200.94921875,625.2261962890625,239.01171875,-1.0,-1.0,594.9166870117188,197.77734375,625.2261962890625,240.59765625,609.2738037109375,278.66015625,-1.0,-1.0,-1.0,-1.0,609.2738037109375,126.41015625,-1.0,-1.0
-1.0,-1.0,614.4865112304688,150.015625,619.270263671875,150.015625,620.8648681640625,177.109375,633.6216430664062,201.015625,609.7026977539062,150.015625,-1.0,-1.0,-1.0,-1.0,619.270263671875,204.203125,608.1080932617188,248.828125,600.1351318359375,287.078125,609.7026977539062,201.015625,633.6216430664062,244.046875,627.2432250976562,285.484375,-1.0,-1.0,-1.0,-1.0,619.270263671875,129.296875,-1.0,-1.0
-1.0,-1.0,622.45947265625,150.015625,-1.0,-1.0,-1.0,-1.0,-1.0,-1.0,-1.0,-1.0,-1.0,-1.0,-1.0,-1.0,622.45947265625,205.796875,614.4865112304688,245.640625,601.729736328125,285.484375,624.0540771484375,204.203125,612.8919067382812,245.640625,603.3243408203125,283.890625,-1.0,-1.0,-1.0,-1.0,-1.0,-1.0,-1.0,-1.0
