-1.0,-1.0,528.0089111328125,34.20703125,570.4910888671875,30.94921875,570.4910888671875,86.33203125,-1.0,-1.0,485.52679443359375,34.20703125,452.84820556640625,112.39453125,433.2410583496094,171.03515625,560.6875,174.29296875,534.5446166992188,262.25390625,534.5446166992188,337.18359375,501.8660583496094,177.55078125,498.59820556640625,265.51171875,547.6160888671875,337.18359375,-1.0,-1.0,-1.0,-1.0,550.8839111328125,1.62890625,511.6696472167969,1.62890625
-1.0,-1.0,527.6017456054688,30.875,569.7079467773438,30.875,572.9468994140625,76.375,-1.0,-1.0,485.4955749511719,34.125,456.3451232910156,112.125,436.9114990234375,170.625,559.9911499023438,173.875,534.0796508789062,261.625,534.0796508789062,336.375,501.6902770996094,180.375,491.97344970703125,264.875,534.0796508789062,336.375,-1.0,-1.0,-1.0,-1.0,-1.0,-1.0,504.92919921875,1.625
-1.0,-1.0,525.6017456054688,34.125,567.7079467773438,30.875,-1.0,-1.0,-1.0,-1.0,483.4955749511719,34.125,457.5840759277344,112.125,444.6283264160156,170.625,557.9911499023438,173.875,535.318603515625,264.875,538.5574951171875,339.625,499.6902770996094,177.125,483.4955749511719,261.625,528.8406982421875,339.625,-1.0,-1.0,-1.0,-1.0,-1.0,-1.0,499.6902770996094,1.625
-1.0,-1.0,523.375,34.125,565.625,30.875,-1.0,-1.0,-1.0,-1.0,481.125,34.125,461.625,108.875,448.625,167.375,555.875,173.875,539.625,264.875,536.375,349.375,500.625,173.875,481.125,255.125,516.875,339.625,-1.0,-1.0,-1.0,-1.0,546.125,1.625,497.375,1.625
-1.0,-1.0,525.8406982421875,34.125,564.7079467773438,30.875,-1.0,-1.0,-1.0,-1.0,480.4955749511719,37.375,464.3008728027344,108.875,454.5840759277344,170.625,558.2301025390625,170.625,538.7964477539062,264.875,538.7964477539062,368.875,503.16815185546875,173.875,477.25665283203125,255.125,512.8849487304688,349.375,-1.0,-1.0,-1.0,-1.0,-1.0,-1.0,493.4513244628906,1.625
-1.0,-1.0,523.8406982421875,34.125,562.7079467773438,30.875,-1.0,-1.0,-1.0,-1.0,481.7344970703125,37.375,462.3008728027344,112.125,455.822998046875,173.875,562.7079467773438,170.625,540.035400390625,268.125,536.7964477539062,372.125,510.88494873046875,173.875,475.25665283203125,251.875,501.16815185546875,352.625,-1.0,-1.0,-1.0,-1.0,533.5574951171875,1.625,491.4513244628906,1.625
-1.0,-1.0,521.625,34.125,560.625,30.875,-1.0,-1.0,-1.0,-1.0,479.375,37.375,466.375,112.125,463.125,170.625,560.625,170.625,541.125,268.125,537.875,378.625,502.125,173.875,476.125,264.875,489.125,359.125,-1.0,-1.0,-1.0,-1.0,528.125,1.625,489.125,1.625
-1.0,-1.0,520.8406982421875,37.375,556.468994140625,34.125,575.9026489257812,105.625,-1.0,-1.0,478.7344970703125,40.625,465.77874755859375,108.875,465.77874755859375,170.625,556.468994140625,173.875,543.5133056640625,271.375,537.035400390625,381.875,498.16815185546875,180.375,478.7344970703125,268.125,478.7344970703125,362.375,-1.0,-1.0,-1.0,-1.0,524.0796508789062,1.625,485.21240234375,1.625
-1.0,-1.0,515.6017456054688,40.625,551.2301025390625,37.375,573.9026489257812,105.625,-1.0,-1.0,476.7344970703125,43.875,467.0177001953125,108.875,467.0177001953125,170.625,554.468994140625,173.875,541.5133056640625,271.375,538.2743530273438,381.875,496.16815185546875,177.125,479.97344970703125,271.375,470.25665283203125,362.375,-1.0,-1.0,-1.0,-1.0,518.8406982421875,1.625,483.21240234375,1.625
-1.0,-1.0,510.125,43.875,549.125,37.375,562.125,108.875,565.375,157.625,474.375,47.125,467.875,108.875,467.875,173.875,549.125,177.125,539.375,277.875,539.375,381.875,493.875,180.375,480.875,268.125,461.375,355.875,-1.0,-1.0,-1.0,-1.0,516.625,1.625,480.875,1.625
-1.0,-1.0,506.1239013671875,43.875,541.752197265625,40.625,554.7079467773438,92.625,-1.0,-1.0,467.25665283203125,47.125,460.77874755859375,108.875,467.25665283203125,173.875,544.9911499023438,177.125,535.2743530273438,274.625,538.5133056640625,381.875,489.92919921875,183.625,476.97344970703125,268.125,460.77874755859375,352.625,-1.0,-1.0,-1.0,-1.0,506.1239013671875,1.625,473.7344970703125,1.625
-1.0,-1.0,500.88494873046875,47.125,536.5133056640625,43.875,546.2301025390625,102.375,-1.0,-1.0,462.0177001953125,50.375,458.77874755859375,112.125,465.25665283203125,177.125,542.9911499023438,180.375,533.2743530273438,274.625,536.5133056640625,381.875,484.6902770996094,183.625,471.7344970703125,271.375,462.0177001953125,359.125,-1.0,-1.0,-1.0,-1.0,500.88494873046875,1.625,468.4955749511719,1.625
-1.0,-1.0,493.4070739746094,50.375,532.2743530273438,47.125,541.9911499023438,112.125,-1.0,-1.0,457.77874755859375,53.625,454.5398254394531,115.375,461.0177001953125,180.375,535.5133056640625,183.625,529.035400390625,277.875,538.752197265625,381.875,480.4513244628906,186.875,467.4955749511719,277.875,467.4955749511719,365.625,-1.0,-1.0,-1.0,-1.0,496.6460266113281,1.625,464.25665283203125,1.625
-1.0,-1.0,488.16815185546875,50.375,523.7964477539062,47.125,527.035400390625,118.625,533.5133056640625,167.375,449.3008728027344,53.625,446.06195068359375,118.625,455.77874755859375,183.625,527.035400390625,180.375,527.035400390625,274.625,533.5133056640625,381.875,471.97344970703125,186.875,465.4955749511719,281.125,465.4955749511719,362.375,-1.0,-1.0,-1.0,-1.0,491.4070739746094,1.625,459.0177001953125,1.625
-1.0,-1.0,479.6902770996094,50.375,515.318603515625,47.125,525.035400390625,108.875,537.9911499023438,167.375,444.06195068359375,53.625,437.5840759277344,121.875,444.06195068359375,183.625,525.035400390625,180.375,515.318603515625,274.625,534.752197265625,375.375,469.97344970703125,186.875,460.25665283203125,277.875,460.25665283203125,362.375,-1.0,-1.0,-1.0,-1.0,486.16815185546875,1.625,457.0177001953125,1.625
-1.0,-1.0,475.4513244628906,50.375,511.07965087890625,43.875,520.7964477539062,102.375,-1.0,-1.0,436.5840759277344,53.625,426.86724853515625,125.125,436.5840759277344,183.625,514.318603515625,183.625,511.07965087890625,274.625,527.2743530273438,368.875,462.4955749511719,186.875,456.0177001953125,281.125,459.25665283203125,365.625,-1.0,-1.0,-1.0,-1.0,478.6902770996094,1.625,452.77874755859375,1.625
-1.0,-1.0,466.21240234375,50.25390625,505.07965087890625,43.76953125,518.035400390625,95.64453125,-1.0,-1.0,430.5840759277344,56.73828125,417.6283264160156,128.06640625,424.106201171875,183.18359375,508.318603515625,186.42578125,505.07965087890625,277.20703125,524.5133056640625,364.74609375,456.4955749511719,189.66796875,450.0177001953125,283.69140625,456.4955749511719,364.74609375,-1.0,-1.0,-1.0,-1.0,472.6902770996094,1.62109375,443.5398254394531,11.34765625
-1.0,-1.0,460.21240234375,50.25390625,499.07965087890625,43.76953125,512.035400390625,95.64453125,-1.0,-1.0,421.3451232910156,53.49609375,411.6283264160156,131.30859375,408.3893737792969,186.42578125,502.318603515625,186.42578125,499.07965087890625,273.96484375,524.9911499023438,374.47265625,447.25665283203125,189.66796875,447.25665283203125,283.69140625,453.7344970703125,364.74609375,-1.0,-1.0,-1.0,-1.0,466.6902770996094,1.62109375,434.3008728027344,1.62109375
-1.0,-1.0,455.21240234375,47.01171875,497.318603515625,43.76953125,507.035400390625,95.64453125,-1.0,-1.0,416.3451232910156,50.25390625,400.15045166015625,124.82421875,400.15045166015625,183.18359375,494.07965087890625,179.94140625,490.8406982421875,270.72265625,516.752197265625,361.50390625,439.0177001953125,183.18359375,442.25665283203125,280.44921875,451.97344970703125,367.98828125,-1.0,-1.0,-1.0,-1.0,461.6902770996094,1.62109375,432.5398254394531,1.62109375
-1.0,-1.0,452.4513244628906,47.01171875,491.318603515625,43.76953125,504.27435302734375,95.64453125,-1.0,-1.0,413.5840759277344,50.25390625,394.15045166015625,124.82421875,387.6725769042969,179.94140625,488.07965087890625,176.69921875,488.07965087890625,264.23828125,504.27435302734375,351.77734375,429.77874755859375,179.94140625,439.4955749511719,273.96484375,449.21240234375,364.74609375,-1.0,-1.0,-1.0,-1.0,458.92919921875,1.62109375,429.77874755859375,1.62109375
-1.0,-1.0,452.92919921875,46.8984375,491.79644775390625,43.6640625,501.5132751464844,98.6484375,-1.0,-1.0,414.06195068359375,50.1328125,384.9114990234375,124.5234375,378.4336242675781,176.2734375,485.318603515625,176.2734375,482.07965087890625,263.6015625,495.035400390625,347.6953125,430.25665283203125,182.7421875,436.7344970703125,276.5390625,446.4513244628906,367.1015625,-1.0,-1.0,-1.0,-1.0,459.4070739746094,1.6171875,427.0177001953125,1.6171875
-1.0,-1.0,447.92919921875,43.6640625,490.035400390625,43.6640625,502.99114990234375,105.1171875,506.2301025390625,160.1015625,409.06195068359375,46.8984375,379.9114990234375,121.2890625,373.4336242675781,176.2734375,480.318603515625,176.2734375,480.318603515625,257.1328125,490.035400390625,341.2265625,425.25665283203125,179.5078125,434.97344970703125,273.3046875,447.92919921875,367.1015625,-1.0,-1.0,-1.0,-1.0,457.6460266113281,1.6171875,425.25665283203125,1.6171875
-1.0,-1.0,445.16815185546875,43.6640625,487.27435302734375,40.4296875,496.99114990234375,108.3515625,500.2301025390625,163.3359375,406.3008728027344,46.8984375,373.9114990234375,124.5234375,364.1947021484375,176.2734375,477.5575256347656,176.2734375,474.318603515625,257.1328125,487.27435302734375,344.4609375,422.4955749511719,179.5078125,432.21240234375,270.0703125,445.16815185546875,370.3359375,-1.0,-1.0,-1.0,-1.0,454.88494873046875,1.6171875,422.4955749511719,1.6171875
-1.0,-1.0,443.4070739746094,43.55859375,482.27435302734375,40.33203125,495.2301025390625,108.08984375,491.99114990234375,162.94140625,401.3008728027344,46.78515625,372.15045166015625,120.99609375,355.95574951171875,169.39453125,475.79644775390625,175.84765625,472.5575256347656,256.51171875,482.27435302734375,343.62890625,420.7344970703125,182.30078125,430.4513244628906,269.41796875,443.4070739746094,366.21484375,-1.0,-1.0,-1.0,-1.0,453.1239013671875,1.61328125,420.7344970703125,1.61328125
-1.0,-1.0,440.6460266113281,43.55859375,479.5132751464844,43.55859375,492.4690246582031,104.86328125,498.9468994140625,172.62109375,401.77874755859375,46.78515625,369.3893737792969,117.76953125,353.1947021484375,162.94140625,473.035400390625,175.84765625,469.79644775390625,256.51171875,476.27435302734375,353.30859375,421.21240234375,182.30078125,430.92919921875,266.19140625,443.88494873046875,366.21484375,-1.0,-1.0,-1.0,-1.0,450.3628234863281,1.61328125,421.21240234375,1.61328125
-1.0,-1.0,439.6460266113281,46.78515625,478.5132751464844,43.55859375,488.2301025390625,108.08984375,494.70794677734375,169.39453125,400.77874755859375,46.78515625,368.3893737792969,108.08984375,348.95574951171875,156.48828125,468.79644775390625,175.84765625,465.5575256347656,262.96484375,468.79644775390625,356.53515625,416.97344970703125,182.30078125,433.16815185546875,269.41796875,442.88494873046875,369.44140625,-1.0,-1.0,-1.0,-1.0,449.3628234863281,1.61328125,420.21240234375,1.61328125
-1.0,-1.0,437.7368469238281,46.671875,476.2631530761719,46.671875,485.89471435546875,107.828125,495.52630615234375,172.203125,399.21051025390625,49.890625,360.6842041015625,114.265625,347.84210205078125,152.890625,469.84210205078125,181.859375,460.21051025390625,265.546875,463.4210510253906,355.671875,415.2631530761719,185.078125,431.3157958984375,271.984375,437.7368469238281,371.765625,-1.0,-1.0,-1.0,-1.0,447.368408203125,1.609375,418.47369384765625,1.609375
-1.0,-1.0,436.7368469238281,49.890625,475.2631530761719,49.890625,484.89471435546875,107.828125,-1.0,-1.0,398.21051025390625,49.890625,359.6842041015625,111.046875,350.0526428222656,152.890625,465.631591796875,181.859375,459.21051025390625,265.546875,462.4210510253906,349.234375,414.2631530761719,185.078125,430.3157958984375,271.984375,436.7368469238281,371.765625,-1.0,-1.0,-1.0,-1.0,449.5789489746094,14.484375,417.47369384765625,14.484375
-1.0,-1.0,432.52630615234375,53.109375,474.2631530761719,49.890625,483.89471435546875,111.046875,-1.0,-1.0,394.0,53.109375,358.6842041015625,111.046875,349.0526428222656,152.890625,461.4210510253906,181.859375,458.21051025390625,265.546875,455.0,352.453125,410.0526123046875,181.859375,429.3157958984375,271.984375,438.9473571777344,374.984375,-1.0,-1.0,-1.0,-1.0,451.7894592285156,17.703125,419.6842041015625,14.484375
-1.0,-1.0,434.7368469238281,56.328125,470.0526123046875,56.328125,482.89471435546875,111.046875,482.89471435546875,181.859375,393.0,56.328125,357.6842041015625,111.046875,348.0526428222656,149.671875,460.4210510253906,178.640625,454.0,265.546875,454.0,349.234375,409.0526123046875,181.859375,425.1052551269531,271.984375,437.9473571777344,371.765625,-1.0,-1.0,-1.0,-1.0,450.7894592285156,17.703125,418.6842041015625,17.703125
-1.0,-1.0,433.7368469238281,56.19140625,472.2631530761719,59.40234375,481.89471435546875,113.98828125,485.1052551269531,187.83984375,395.21051025390625,56.19140625,356.6842041015625,117.19921875,350.2631530761719,155.73046875,459.4210510253906,178.20703125,449.7894592285156,271.32421875,440.15789794921875,374.07421875,408.0526123046875,178.20703125,424.1052551269531,271.32421875,436.9473571777344,377.28515625,-1.0,-1.0,-1.0,-1.0,449.7894592285156,20.87109375,420.8947448730469,17.66015625
-1.0,-1.0,432.7368469238281,59.40234375,471.2631530761719,59.40234375,480.89471435546875,113.98828125,-1.0,-1.0,394.21051025390625,59.40234375,355.6842041015625,117.19921875,349.2631530761719,155.73046875,458.4210510253906,178.20703125,452.0,264.90234375,439.15789794921875,374.07421875,403.84210205078125,178.20703125,423.1052551269531,271.32421875,435.9473571777344,370.86328125,-1.0,-1.0,-1.0,-1.0,448.7894592285156,24.08203125,416.6842041015625,20.87109375
-1.0,-1.0,431.7368469238281,59.40234375,470.2631530761719,59.40234375,483.1052551269531,117.19921875,-1.0,-1.0,390.0,62.61328125,354.6842041015625,123.62109375,351.47369384765625,162.15234375,457.4210510253906,184.62890625,451.0,264.90234375,447.7894592285156,351.59765625,402.84210205078125,181.41796875,422.1052551269531,271.32421875,434.9473571777344,367.65234375,-1.0,-1.0,-1.0,-1.0,451.0,24.08203125,418.8947448730469,20.87109375
-1.0,-1.0,430.7368469238281,59.2578125,469.2631530761719,59.2578125,482.1052551269531,113.7109375,462.84210205078125,126.5234375,392.21051025390625,59.2578125,356.8947448730469,123.3203125,350.47369384765625,164.9609375,459.631591796875,180.9765625,450.0,264.2578125,443.5789489746094,357.1484375,405.0526123046875,184.1796875,417.8947448730469,267.4609375,430.7368469238281,360.3515625,-1.0,-1.0,-1.0,-1.0,450.0,24.0234375,417.8947448730469,17.6171875
-1.0,-1.0,430.30975341796875,59.11328125,468.752197265625,59.11328125,481.5663757324219,113.43359375,-1.0,-1.0,391.86724853515625,59.11328125,356.6283264160156,126.21484375,353.4247741699219,167.75390625,455.93804931640625,183.73046875,449.5309753417969,266.80859375,443.1239013671875,353.08203125,404.6814270019531,183.73046875,414.29205322265625,266.80859375,427.106201171875,353.08203125,-1.0,-1.0,-1.0,-1.0,449.5309753417969,20.76953125,417.4955749511719,17.57421875
-1.0,-1.0,427.7678527832031,58.96875,469.08929443359375,58.96875,478.625,109.96875,-1.0,-1.0,392.8035888671875,58.96875,357.83929443359375,122.71875,354.66070556640625,170.53125,456.375,183.28125,446.83929443359375,262.96875,443.66070556640625,352.21875,405.5178527832031,183.28125,408.6964111328125,262.96875,421.41070556640625,345.84375,-1.0,-1.0,-1.0,-1.0,450.0178527832031,20.71875,415.0535888671875,17.53125
-1.0,-1.0,427.3783874511719,58.82421875,468.6036071777344,55.64453125,481.28826904296875,112.87890625,455.9189147949219,128.77734375,392.4954833984375,58.82421875,360.7837829589844,122.41796875,357.61260986328125,173.29296875,455.9189147949219,182.83203125,446.4053955078125,265.50390625,443.2342529296875,351.35546875,405.18017578125,182.83203125,408.3513488769531,262.32421875,421.0360412597656,338.63671875,-1.0,-1.0,-1.0,-1.0,449.5765686035156,20.66796875,417.8648681640625,17.48828125
-1.0,-1.0,428.5818176269531,55.37109375,469.7091064453125,55.37109375,482.3636474609375,109.16015625,457.0545654296875,124.98046875,390.6181945800781,58.53515625,362.14544677734375,124.98046875,358.9818115234375,175.60546875,457.0545654296875,181.93359375,447.5636291503906,264.19921875,438.0727233886719,355.95703125,406.4363708496094,181.93359375,406.4363708496094,261.03515625,415.9272766113281,324.31640625,-1.0,-1.0,-1.0,-1.0,450.7272644042969,17.40234375,419.0909118652344,14.23828125
-1.0,-1.0,430.0833435058594,55.234375,468.0833435058594,55.234375,480.75,108.890625,458.5833435058594,127.828125,392.0833435058594,58.390625,363.5833435058594,124.671875,360.4166564941406,175.171875,458.5833435058594,178.328125,449.0833435058594,263.546875,439.5833435058594,355.078125,407.91668701171875,181.484375,407.91668701171875,260.390625,417.41668701171875,320.359375,-1.0,-1.0,-1.0,-1.0,449.0833435058594,20.515625,417.41668701171875,14.203125
-1.0,-1.0,429.71026611328125,55.09765625,467.6168212890625,51.94921875,480.2523193359375,108.62109375,458.14019775390625,127.51171875,391.8037414550781,58.24609375,366.53271484375,121.21484375,363.37384033203125,174.73828125,458.14019775390625,177.88671875,448.6635437011719,266.04296875,439.1869201660156,357.34765625,407.59814453125,177.88671875,407.59814453125,256.59765625,413.9158935546875,316.41796875,-1.0,-1.0,-1.0,-1.0,448.6635437011719,17.31640625,417.07476806640625,14.16796875
-1.0,-1.0,430.4339599609375,54.9609375,468.01885986328125,51.8203125,480.54718017578125,105.2109375,-1.0,-1.0,392.84906005859375,58.1015625,367.7924499511719,124.0546875,367.7924499511719,174.3046875,458.6226501464844,177.4453125,449.2264099121094,262.2421875,439.8302001953125,356.4609375,408.5094299316406,177.4453125,408.5094299316406,255.9609375,414.7735900878906,318.7734375,-1.0,-1.0,-1.0,-1.0,449.2264099121094,17.2734375,414.7735900878906,14.1328125
-1.0,-1.0,433.21905517578125,54.6875,467.5809631347656,51.5625,483.20001220703125,107.8125,-1.0,-1.0,395.73333740234375,57.8125,370.74285888671875,123.4375,370.74285888671875,176.5625,461.3333435058594,176.5625,451.9619140625,264.0625,442.5904846191406,354.6875,411.3523864746094,176.5625,411.3523864746094,254.6875,417.6000061035156,329.6875,-1.0,-1.0,-1.0,-1.0,448.8381042480469,17.1875,417.6000061035156,17.1875
-1.0,-1.0,434.71844482421875,54.55078125,472.2330017089844,51.43359375,487.86407470703125,107.54296875,462.8543701171875,123.12890625,397.2038879394531,60.78515625,375.32037353515625,123.12890625,372.1941833496094,176.12109375,462.8543701171875,179.23828125,453.4757080078125,263.40234375,444.0970764160156,353.80078125,412.8349609375,179.23828125,412.8349609375,254.05078125,422.2135925292969,335.09765625,-1.0,-1.0,-1.0,-1.0,450.3495178222656,17.14453125,419.0873718261719,17.14453125
-1.0,-1.0,435.941162109375,57.5234375,473.3529357910156,51.3046875,488.941162109375,107.2734375,467.1176452636719,125.9296875,401.6470642089844,60.6328125,379.8235168457031,122.8203125,379.8235168457031,175.6796875,467.1176452636719,181.8984375,457.76470947265625,265.8515625,448.4117736816406,356.0234375,417.23529052734375,181.8984375,420.3529357910156,259.6328125,423.4705810546875,343.5859375,-1.0,-1.0,-1.0,-1.0,451.5294189453125,20.2109375,420.3529357910156,20.2109375
-1.0,-1.0,440.54901123046875,57.5234375,474.62744140625,54.4140625,493.2156982421875,104.1640625,468.4313659667969,129.0390625,403.37255859375,63.7421875,384.7843017578125,125.9296875,381.686279296875,175.6796875,468.4313659667969,178.7890625,462.23529052734375,262.7421875,452.941162109375,356.0234375,418.86273193359375,181.8984375,421.9607849121094,259.6328125,421.9607849121094,343.5859375,-1.0,-1.0,-1.0,-1.0,452.941162109375,20.2109375,421.9607849121094,20.2109375
-1.0,-1.0,440.7227783203125,57.5234375,474.9207763671875,54.4140625,493.5742492675781,107.2734375,-1.0,-1.0,406.5247497558594,63.7421875,387.87127685546875,125.9296875,387.87127685546875,178.7890625,474.9207763671875,181.8984375,462.4851379394531,265.8515625,456.267333984375,356.0234375,425.17822265625,181.8984375,428.287109375,265.8515625,425.17822265625,343.5859375,-1.0,-1.0,-1.0,-1.0,453.1584167480469,23.3203125,422.0693054199219,26.4296875
-1.0,-1.0,444.55999755859375,60.6328125,478.8800048828125,57.5234375,497.5999755859375,110.3828125,-1.0,-1.0,407.1199951171875,66.8515625,391.5199890136719,125.9296875,391.5199890136719,178.7890625,478.8800048828125,181.8984375,466.3999938964844,268.9609375,460.1600036621094,356.0234375,428.9599914550781,181.8984375,432.0799865722656,265.8515625,432.0799865722656,343.5859375,-1.0,-1.0,-1.0,-1.0,453.91998291015625,26.4296875,422.7200012207031,26.4296875
-1.0,-1.0,446.04998779296875,61.48046875,480.1499938964844,58.37890625,498.75,111.10546875,-1.0,-1.0,408.8500061035156,67.68359375,396.45001220703125,126.61328125,393.3500061035156,182.44140625,480.1499938964844,185.54296875,467.75,272.38671875,461.54998779296875,359.23046875,430.54998779296875,185.54296875,439.8500061035156,269.28515625,436.75,337.51953125,-1.0,-1.0,-1.0,-1.0,455.3500061035156,30.46484375,424.3500061035156,30.46484375
-1.0,-1.0,449.3333435058594,67.68359375,483.5555419921875,61.48046875,499.1111145019531,117.30859375,502.22222900390625,160.73046875,412.0,70.78515625,396.4444580078125,129.71484375,396.4444580078125,185.54296875,480.4444580078125,182.44140625,471.1111145019531,272.38671875,464.8888854980469,356.12890625,433.77777099609375,185.54296875,446.22222900390625,272.38671875,443.1111145019531,340.62109375,-1.0,-1.0,-1.0,-1.0,455.5555419921875,30.46484375,427.5555419921875,33.56640625
-1.0,-1.0,450.06121826171875,67.8515625,487.5306091308594,61.6328125,503.1428527832031,117.6015625,506.26531982421875,161.1328125,415.71429443359375,74.0703125,400.10205078125,133.1484375,400.10205078125,189.1171875,484.40814208984375,182.8984375,475.04083251953125,273.0703125,465.6734619140625,363.2421875,437.5714111328125,189.1171875,450.06121826171875,273.0703125,443.8163146972656,338.3671875,-1.0,-1.0,-1.0,-1.0,459.4285888671875,30.5390625,428.2040710449219,33.6484375
-1.0,-1.0,451.551025390625,70.9609375,485.6734619140625,64.7421875,501.18365478515625,117.6015625,-1.0,-1.0,417.4285583496094,77.1796875,401.9183654785156,133.1484375,401.9183654785156,189.1171875,482.5714111328125,186.0078125,476.3673400878906,269.9609375,467.06121826171875,363.2421875,439.1428527832031,189.1171875,451.551025390625,273.0703125,448.448974609375,341.4765625,-1.0,-1.0,-1.0,-1.0,457.7550964355469,33.6484375,429.83673095703125,36.7578125
-1.0,-1.0,451.7216491699219,70.9609375,485.9690856933594,61.6328125,501.53607177734375,114.4921875,-1.0,-1.0,420.587646484375,77.1796875,405.0206298828125,139.3671875,401.9072265625,192.2265625,485.9690856933594,186.0078125,479.7422790527344,269.9609375,473.5154724121094,350.8046875,439.2680358886719,192.2265625,451.7216491699219,276.1796875,454.8350524902344,341.4765625,-1.0,-1.0,-1.0,-1.0,457.9484558105469,33.6484375,429.9278259277344,36.7578125
-1.0,-1.0,455.5625,70.9609375,486.8125,61.6328125,505.5625,114.4921875,-1.0,-1.0,421.1875,77.1796875,405.5625,136.2578125,405.5625,192.2265625,489.9375,186.0078125,480.5625,269.9609375,474.3125,353.9140625,439.9375,192.2265625,452.4375,276.1796875,458.6875,344.5859375,-1.0,-1.0,-1.0,-1.0,458.6875,33.6484375,430.5625,36.7578125
-1.0,-1.0,453.94793701171875,70.9609375,488.09375,61.6328125,500.51043701171875,111.3828125,-1.0,-1.0,419.8020935058594,77.1796875,404.28125,136.2578125,404.28125,192.2265625,488.09375,189.1171875,481.88543701171875,269.9609375,475.6770935058594,350.8046875,441.53125,192.2265625,453.94793701171875,273.0703125,457.0520935058594,341.4765625,-1.0,-1.0,-1.0,-1.0,460.15625,33.6484375,429.1145935058594,36.7578125
-1.0,-1.0,457.2210693359375,70.9609375,491.4947509765625,61.6328125,503.9578857421875,111.3828125,-1.0,-1.0,422.9473571777344,77.1796875,407.368408203125,142.4765625,404.25262451171875,192.2265625,491.4947509765625,186.0078125,485.2631530761719,266.8515625,485.2631530761719,338.3671875,444.7579040527344,192.2265625,457.2210693359375,273.0703125,460.33685302734375,344.5859375,-1.0,-1.0,-1.0,-1.0,460.33685302734375,30.5390625,429.178955078125,33.6484375
-1.0,-1.0,458.726318359375,68.68359375,492.7684326171875,59.37890625,502.0526123046875,109.00390625,-1.0,-1.0,424.6842041015625,74.88671875,406.11578369140625,140.01953125,406.11578369140625,189.64453125,492.7684326171875,189.64453125,477.29473876953125,267.18359375,492.7684326171875,329.21484375,446.34735107421875,189.64453125,455.631591796875,276.48828125,464.915771484375,344.72265625,-1.0,-1.0,-1.0,-1.0,461.821044921875,31.46484375,430.8736877441406,34.56640625
-1.0,-1.0,462.33685302734375,65.58203125,496.61053466796875,59.37890625,505.9578857421875,112.10546875,-1.0,-1.0,428.06317138671875,71.78515625,409.368408203125,140.01953125,403.1368408203125,186.54296875,493.4947509765625,183.44140625,487.2631530761719,264.08203125,493.4947509765625,347.82421875,446.7579040527344,186.54296875,459.2210693359375,273.38671875,465.45263671875,344.72265625,-1.0,-1.0,-1.0,-1.0,462.33685302734375,31.46484375,431.178955078125,34.56640625
-1.0,-1.0,462.0520935058594,65.58203125,499.3020935058594,59.37890625,505.51043701171875,112.10546875,-1.0,-1.0,431.0104064941406,71.78515625,409.28125,140.01953125,403.0729064941406,186.54296875,493.09375,183.44140625,489.9895935058594,260.98046875,499.3020935058594,347.82421875,446.53125,186.54296875,458.94793701171875,267.18359375,468.26043701171875,344.72265625,-1.0,-1.0,-1.0,-1.0,465.15625,31.46484375,434.1145935058594,31.46484375
-1.0,-1.0,466.15625,62.48046875,500.3020935058594,59.37890625,509.6145935058594,112.10546875,-1.0,-1.0,432.0104064941406,68.68359375,410.28125,136.91796875,404.0729064941406,183.44140625,494.09375,177.23828125,490.9895935058594,254.77734375,500.3020935058594,329.21484375,444.4270935058594,183.44140625,456.84375,267.18359375,472.3645935058594,344.72265625,-1.0,-1.0,-1.0,-1.0,466.15625,28.36328125,435.1145935058594,31.46484375
-1.0,-1.0,467.412353515625,62.48046875,501.4329833984375,56.27734375,-1.0,-1.0,-1.0,-1.0,436.4845275878906,68.68359375,411.7422790527344,136.91796875,402.46392822265625,183.44140625,495.2474365234375,177.23828125,489.0618591308594,251.67578125,501.4329833984375,319.91015625,445.76287841796875,183.44140625,458.134033203125,264.08203125,473.5979309082031,344.72265625,-1.0,-1.0,-1.0,-1.0,467.412353515625,28.36328125,436.4845275878906,28.36328125
430.587646484375,37.66796875,471.0618591308594,59.37890625,502.19586181640625,56.27734375,-1.0,-1.0,-1.0,-1.0,439.9278259277344,65.58203125,411.9072265625,133.81640625,402.5670166015625,180.33984375,499.08245849609375,177.23828125,489.7422790527344,245.47265625,508.42266845703125,316.80859375,449.2680358886719,183.44140625,458.6082458496094,264.08203125,474.1752624511719,344.72265625,-1.0,-1.0,430.587646484375,28.36328125,467.9484558105469,25.26171875,439.9278259277344,25.26171875
431.81817626953125,37.66796875,472.0,59.37890625,502.9090881347656,56.27734375,-1.0,-1.0,-1.0,-1.0,441.0909118652344,62.48046875,416.3636474609375,130.71484375,400.9090881347656,174.13671875,496.7272644042969,177.23828125,490.5454406738281,245.47265625,509.0909118652344,310.60546875,453.45452880859375,180.33984375,459.6363525390625,260.98046875,478.18182373046875,344.72265625,-1.0,-1.0,431.81817626953125,28.36328125,468.9090881347656,25.26171875,441.0909118652344,25.26171875
432.1111145019531,37.66796875,475.66668701171875,59.37890625,503.66668701171875,56.27734375,-1.0,-1.0,-1.0,-1.0,444.5555419921875,62.48046875,419.6666564941406,127.61328125,404.1111145019531,171.03515625,497.4444580078125,177.23828125,491.22222900390625,242.37109375,513.0,313.70703125,457.0,180.33984375,463.22222900390625,257.87890625,478.77777099609375,347.82421875,-1.0,-1.0,432.1111145019531,25.26171875,469.4444580078125,25.26171875,444.5555419921875,25.26171875
433.1111145019531,37.66796875,476.66668701171875,59.37890625,504.66668701171875,56.27734375,-1.0,-1.0,-1.0,-1.0,445.5555419921875,62.48046875,420.6666564941406,127.61328125,408.22222900390625,167.93359375,498.4444580078125,177.23828125,489.1111145019531,245.47265625,510.8888854980469,310.60546875,458.0,180.33984375,464.22222900390625,260.98046875,482.8888854980469,347.82421875,-1.0,-1.0,436.22222900390625,28.36328125,-1.0,-1.0,445.5555419921875,25.26171875
435.95001220703125,37.66796875,476.25,59.37890625,507.25,56.27734375,-1.0,-1.0,-1.0,-1.0,448.3500061035156,62.48046875,423.54998779296875,127.61328125,408.04998779296875,164.83203125,501.04998779296875,177.23828125,488.6499938964844,251.67578125,507.25,326.11328125,463.8500061035156,180.33984375,466.95001220703125,260.98046875,482.45001220703125,347.82421875,-1.0,-1.0,435.95001220703125,28.36328125,-1.0,-1.0,448.3500061035156,25.26171875
437.0,39.8671875,480.5555419921875,58.5234375,508.5555419921875,58.5234375,-1.0,-1.0,-1.0,-1.0,455.6666564941406,61.6328125,424.5555419921875,126.9296875,409.0,164.2421875,502.3333435058594,176.6796875,489.8888854980469,251.3046875,511.66668701171875,319.7109375,465.0,179.7890625,471.22222900390625,260.6328125,486.77777099609375,350.8046875,-1.0,-1.0,437.0,30.5390625,-1.0,-1.0,452.5555419921875,24.3203125
437.8888854980469,39.8671875,481.4444580078125,58.5234375,506.3333435058594,58.5234375,-1.0,-1.0,-1.0,-1.0,456.5555419921875,61.6328125,428.5555419921875,126.9296875,409.8888854980469,167.3515625,503.22222900390625,176.6796875,493.8888854980469,251.3046875,512.5555419921875,322.8203125,469.0,179.7890625,472.1111145019531,260.6328125,487.66668701171875,350.8046875,-1.0,-1.0,437.8888854980469,30.5390625,-1.0,-1.0,453.4444580078125,27.4296875
438.77777099609375,42.9765625,485.4444580078125,61.6328125,510.3333435058594,58.5234375,-1.0,-1.0,-1.0,-1.0,460.5555419921875,61.6328125,432.5555419921875,130.0390625,413.8888854980469,167.3515625,507.22222900390625,176.6796875,494.77777099609375,251.3046875,510.3333435058594,325.9296875,473.0,179.7890625,476.1111145019531,257.5234375,488.5555419921875,353.9140625,-1.0,-1.0,441.8888854980469,33.6484375,-1.0,-1.0,457.4444580078125,27.4296875
442.77777099609375,42.9765625,489.4444580078125,61.6328125,511.22222900390625,61.6328125,-1.0,-1.0,-1.0,-1.0,467.6666564941406,64.7421875,439.6666564941406,126.9296875,417.8888854980469,167.3515625,505.0,179.7890625,495.66668701171875,257.5234375,511.22222900390625,322.8203125,473.8888854980469,179.7890625,480.1111145019531,263.7421875,489.4444580078125,357.0234375,-1.0,-1.0,442.77777099609375,33.6484375,-1.0,-1.0,461.4444580078125,27.4296875
445.6499938964844,46.0859375,492.1499938964844,61.6328125,510.75,61.6328125,-1.0,-1.0,-1.0,-1.0,470.45001220703125,64.7421875,445.6499938964844,126.9296875,420.8500061035156,167.3515625,507.6499938964844,179.7890625,498.3500061035156,254.4140625,513.8499755859375,325.9296875,476.6499938964844,182.8984375,479.75,263.7421875,492.1499938964844,357.0234375,-1.0,-1.0,445.6499938964844,33.6484375,-1.0,-1.0,464.25,30.5390625
446.6666564941406,42.9765625,496.4444580078125,61.6328125,512.0,61.6328125,-1.0,-1.0,-1.0,-1.0,480.8888854980469,64.7421875,449.77777099609375,126.9296875,424.8888854980469,170.4609375,508.8888854980469,179.7890625,502.66668701171875,257.5234375,518.2222290039062,332.1484375,480.8888854980469,179.7890625,484.0,263.7421875,496.4444580078125,357.0234375,-1.0,-1.0,449.77777099609375,33.6484375,-1.0,-1.0,468.4444580078125,30.5390625
450.6666564941406,42.9765625,497.3333435058594,61.6328125,512.888916015625,58.5234375,-1.0,-1.0,-1.0,-1.0,484.8888854980469,64.7421875,456.8888854980469,130.0390625,428.8888854980469,173.5703125,512.888916015625,179.7890625,503.5555419921875,260.6328125,522.2222290039062,332.1484375,481.77777099609375,179.7890625,488.0,263.7421875,497.3333435058594,357.0234375,-1.0,-1.0,450.6666564941406,33.6484375,-1.0,-1.0,469.3333435058594,27.4296875
451.5555419921875,42.9765625,501.3333435058594,61.6328125,513.7777709960938,58.5234375,-1.0,-1.0,-1.0,-1.0,488.8888854980469,64.7421875,464.0,130.0390625,439.1111145019531,176.6796875,516.888916015625,179.7890625,507.5555419921875,257.5234375,526.2222290039062,335.2578125,488.8888854980469,179.7890625,488.8888854980469,263.7421875,498.22222900390625,357.0234375,-1.0,-1.0,454.6666564941406,33.6484375,-1.0,-1.0,473.3333435058594,27.4296875
452.4444580078125,42.9765625,502.22222900390625,61.6328125,514.6666870117188,58.5234375,-1.0,-1.0,-1.0,-1.0,489.77777099609375,67.8515625,474.22222900390625,126.9296875,449.3333435058594,176.6796875,520.888916015625,176.6796875,508.4444580078125,257.5234375,530.2222290039062,335.2578125,492.8888854980469,179.7890625,489.77777099609375,260.6328125,502.22222900390625,353.9140625,-1.0,-1.0,455.5555419921875,33.6484375,-1.0,-1.0,474.22222900390625,27.4296875
453.3333435058594,42.9765625,503.1111145019531,61.6328125,512.4444580078125,58.5234375,-1.0,-1.0,-1.0,-1.0,493.77777099609375,64.7421875,481.3333435058594,123.8203125,462.6666564941406,176.6796875,524.888916015625,179.7890625,518.6666870117188,260.6328125,531.111083984375,335.2578125,496.8888854980469,182.8984375,490.6666564941406,263.7421875,503.1111145019531,353.9140625,-1.0,-1.0,456.4444580078125,33.6484375,-1.0,-1.0,478.22222900390625,27.4296875
456.3333435058594,42.9765625,506.1111145019531,58.5234375,512.3333129882812,55.4140625,471.8888854980469,105.1640625,468.77777099609375,77.1796875,499.8888854980469,64.7421875,493.6666564941406,123.8203125,475.0,176.6796875,531.0,176.6796875,521.6666870117188,257.5234375,534.111083984375,335.2578125,509.22222900390625,179.7890625,499.8888854980469,263.7421875,506.1111145019531,353.9140625,-1.0,-1.0,459.4444580078125,33.6484375,-1.0,-1.0,478.1111145019531,27.4296875
460.3333435058594,42.9765625,507.0,58.5234375,513.2222290039062,55.4140625,482.1111145019531,114.4921875,469.6666564941406,77.1796875,503.8888854980469,61.6328125,503.8888854980469,123.8203125,488.3333435058594,176.6796875,535.0,176.6796875,528.7777709960938,257.5234375,535.0,341.4765625,510.1111145019531,179.7890625,500.77777099609375,263.7421875,510.1111145019531,350.8046875,-1.0,-1.0,460.3333435058594,33.6484375,-1.0,-1.0,482.1111145019531,27.4296875
461.22222900390625,42.9765625,507.8888854980469,58.5234375,498.5555419921875,61.6328125,489.22222900390625,117.6015625,473.6666564941406,83.3984375,511.0,58.5234375,514.111083984375,120.7109375,504.77777099609375,176.6796875,511.0,179.7890625,517.2222290039062,260.6328125,535.888916015625,341.4765625,520.3333129882812,179.7890625,507.8888854980469,266.8515625,511.0,350.8046875,-1.0,-1.0,464.3333435058594,33.6484375,-1.0,-1.0,486.1111145019531,27.4296875
465.22222900390625,42.9765625,511.8888854980469,58.5234375,499.4444580078125,61.6328125,483.8888854980469,120.7109375,474.5555419921875,86.5078125,518.111083984375,58.5234375,524.3333129882812,117.6015625,521.2222290039062,173.5703125,505.6666564941406,176.6796875,536.7777709960938,263.7421875,543.0,341.4765625,521.2222290039062,176.6796875,515.0,266.8515625,515.0,350.8046875,-1.0,-1.0,468.3333435058594,33.6484375,-1.0,-1.0,490.1111145019531,27.4296875
469.22222900390625,42.9765625,512.7777709960938,64.7421875,500.3333435058594,67.8515625,487.8888854980469,120.7109375,475.4444580078125,86.5078125,525.2222290039062,58.5234375,537.6666870117188,114.4921875,537.6666870117188,170.4609375,515.888916015625,173.5703125,537.6666870117188,260.6328125,547.0,341.4765625,525.2222290039062,173.5703125,525.2222290039062,263.7421875,522.111083984375,350.8046875,-1.0,-1.0,472.3333435058594,33.6484375,-1.0,-1.0,494.1111145019531,27.4296875
475.3333435058594,42.9765625,518.888916015625,61.6328125,500.22222900390625,67.8515625,487.77777099609375,120.7109375,481.5555419921875,83.3984375,534.4444580078125,58.5234375,550.0,111.3828125,556.2222290039062,170.4609375,518.888916015625,176.6796875,546.888916015625,266.8515625,556.2222290039062,347.6953125,537.5555419921875,176.6796875,537.5555419921875,266.8515625,528.2222290039062,347.6953125,-1.0,-1.0,478.4444580078125,33.6484375,-1.0,-1.0,500.22222900390625,27.4296875
482.4444580078125,42.9765625,526.0,61.6328125,504.22222900390625,67.8515625,491.77777099609375,120.7109375,485.5555419921875,83.3984375,544.6666870117188,55.4140625,563.3333129882812,111.3828125,572.6666870117188,164.2421875,522.888916015625,176.6796875,550.888916015625,263.7421875,563.3333129882812,350.8046875,547.7777709960938,176.6796875,547.7777709960938,263.7421875,544.6666870117188,353.9140625,-1.0,-1.0,485.5555419921875,33.6484375,-1.0,-1.0,507.3333435058594,24.3203125
492.6666564941406,42.9765625,530.0,61.6328125,511.3333435058594,67.8515625,498.8888854980469,120.7109375,489.5555419921875,83.3984375,551.7777709960938,55.4140625,573.5555419921875,108.2734375,589.111083984375,164.2421875,526.888916015625,176.6796875,554.888916015625,266.8515625,558.0,357.0234375,554.888916015625,176.6796875,561.111083984375,263.7421875,558.0,357.0234375,489.5555419921875,33.6484375,492.6666564941406,33.6484375,-1.0,-1.0,514.4444580078125,24.3203125
498.8888854980469,42.9765625,539.3333129882812,61.6328125,517.5555419921875,67.8515625,505.1111145019531,120.7109375,498.8888854980469,80.2890625,564.2222290039062,52.3046875,589.111083984375,111.3828125,604.6666870117188,161.1328125,539.3333129882812,179.7890625,567.3333129882812,266.8515625,567.3333129882812,350.8046875,570.4444580078125,176.6796875,598.4444580078125,266.8515625,579.7777709960938,360.1328125,492.6666564941406,33.6484375,502.0,30.5390625,-1.0,-1.0,523.7777709960938,21.2109375
