-1.0,-1.0,163.26666259765625,98.20703125,182.33334350585938,98.20703125,185.8000030517578,131.01171875,184.06666564941406,153.45703125,145.93333435058594,96.48046875,140.73333740234375,127.55859375,135.5333251953125,158.63671875,171.93333435058594,150.00390625,175.39999389648438,186.26171875,173.6666717529297,215.61328125,147.6666717529297,148.27734375,149.39999389648438,186.26171875,142.4666748046875,227.69921875,-1.0,-1.0,-1.0,-1.0,178.86666870117188,79.21484375,161.5333251953125,75.76171875
-1.0,-1.0,165.6630401611328,97.265625,184.55435180664062,98.984375,187.9891357421875,131.640625,187.9891357421875,153.984375,148.4891357421875,95.546875,141.61956787109375,131.640625,138.18478393554688,162.578125,174.25,153.984375,177.68478393554688,191.796875,177.68478393554688,215.859375,150.20651245117188,153.984375,153.64129638671875,193.515625,145.05435180664062,229.609375,-1.0,-1.0,-1.0,-1.0,179.40216064453125,76.640625,162.22825622558594,74.921875
-1.0,-1.0,166.3616943359375,98.05078125,185.08511352539062,98.05078125,190.19149780273438,130.55859375,190.19149780273438,154.51171875,149.34042358398438,96.33984375,142.53192138671875,132.26953125,139.12765502929688,161.35546875,176.574462890625,157.93359375,178.27659606933594,193.86328125,164.65957641601562,229.79296875,152.74468994140625,156.22265625,161.2553253173828,197.28515625,164.65957641601562,233.21484375,-1.0,-1.0,-1.0,-1.0,181.68084716796875,77.51953125,166.3616943359375,74.09765625
-1.0,-1.0,169.26881408691406,97.1328125,186.258056640625,97.1328125,191.35484313964844,131.1953125,194.752685546875,156.7421875,150.5806427001953,97.1328125,143.78494262695312,129.4921875,142.08602905273438,158.4453125,179.46237182617188,156.7421875,182.86021423339844,194.2109375,176.06451416015625,224.8671875,153.97850036621094,156.7421875,160.77420043945312,197.6171875,167.56988525390625,236.7890625,-1.0,-1.0,-1.0,-1.0,184.55914306640625,76.6953125,169.26881408691406,74.9921875
-1.0,-1.0,171.3616943359375,96.92578125,188.3829803466797,96.92578125,193.48936462402344,129.13671875,198.5957489013672,159.65234375,152.6383056640625,96.92578125,145.8297882080078,130.83203125,142.425537109375,159.65234375,181.574462890625,159.65234375,186.68084716796875,196.94921875,181.574462890625,230.85546875,156.0425567626953,157.95703125,162.85107421875,196.94921875,164.55319213867188,232.55078125,-1.0,-1.0,-1.0,-1.0,186.68084716796875,76.58203125,171.3616943359375,74.88671875
-1.0,-1.0,172.09375,97.71875,188.96875,97.71875,195.71875,129.78125,200.78125,158.46875,155.21875,97.71875,148.46875,129.78125,145.09375,158.46875,182.21875,158.46875,188.96875,197.28125,177.15625,234.40625,158.59375,158.46875,163.65625,198.96875,167.03125,239.46875,-1.0,-1.0,-1.0,-1.0,188.96875,77.46875,172.09375,75.78125
-1.0,-1.0,174.09375,98.51171875,190.96875,98.51171875,196.03125,128.74609375,202.78125,157.30078125,157.21875,98.51171875,150.46875,133.78515625,147.09375,160.66015625,184.21875,158.98046875,190.96875,195.93359375,189.28125,234.56640625,160.59375,158.98046875,163.96875,199.29296875,169.03125,241.28515625,-1.0,-1.0,-1.0,-1.0,190.96875,80.03515625,175.78125,76.67578125
-1.0,-1.0,175.76287841796875,99.3046875,192.4639129638672,99.3046875,197.47422790527344,131.0703125,200.81442260742188,159.4921875,159.06185913085938,99.3046875,152.38143920898438,131.0703125,149.04122924804688,157.8203125,185.78350830078125,157.8203125,192.4639129638672,197.9453125,189.12371826171875,243.0859375,162.40206909179688,157.8203125,165.7422637939453,201.2890625,169.0824737548828,243.0859375,-1.0,-1.0,-1.0,-1.0,192.4639129638672,80.9140625,177.4329833984375,77.5703125
198.09091186523438,83.328125,178.21212768554688,99.890625,196.43434143066406,99.890625,198.09091186523438,131.359375,201.40403747558594,157.859375,161.64646911621094,99.890625,153.36363220214844,133.015625,151.7070770263672,159.515625,186.4949493408203,157.859375,194.77777099609375,199.265625,194.77777099609375,240.671875,163.30303955078125,157.859375,166.6161651611328,200.921875,168.27273559570312,243.984375,196.43434143066406,80.015625,-1.0,-1.0,191.4646453857422,80.015625,179.86868286132812,80.015625
201.74746704101562,85.84765625,180.21212768554688,100.68359375,198.43434143066406,102.33203125,200.09091186523438,135.30078125,203.40403747558594,161.67578125,163.64646911621094,100.68359375,155.36363220214844,133.65234375,152.05050659179688,160.02734375,186.83837890625,158.37890625,196.77777099609375,199.58984375,200.09091186523438,240.80078125,165.30303955078125,156.73046875,168.6161651611328,201.23828125,168.6161651611328,244.09765625,198.43434143066406,80.90234375,-1.0,-1.0,193.4646453857422,82.55078125,181.86868286132812,80.90234375
-1.0,-1.0,182.66336059570312,102.33203125,200.74258422851562,102.33203125,200.74258422851562,132.00390625,202.38613891601562,158.37890625,166.22772216796875,100.68359375,158.00990295410156,133.65234375,154.7227783203125,160.02734375,189.2376251220703,158.37890625,197.4554443359375,199.58984375,204.02969360351562,240.80078125,167.8712921142578,158.37890625,167.8712921142578,202.88671875,167.8712921142578,244.09765625,-1.0,-1.0,-1.0,-1.0,199.0989990234375,84.19921875,185.95050048828125,80.90234375
-1.0,-1.0,185.66336059570312,103.1171875,202.0989990234375,104.7578125,202.0989990234375,132.6484375,203.74258422851562,158.8984375,169.22772216796875,103.1171875,159.3663330078125,135.9296875,156.07920837402344,160.5390625,190.59405517578125,160.5390625,198.8118896484375,199.9140625,205.38613891601562,239.2890625,169.22772216796875,158.8984375,170.8712921142578,203.1953125,167.5841522216797,244.2109375,-1.0,-1.0,-1.0,-1.0,202.0989990234375,86.7109375,187.3069305419922,81.7890625
-1.0,-1.0,187.19607543945312,103.90234375,205.09803771972656,105.53515625,203.4705810546875,134.92578125,205.09803771972656,161.05078125,170.92156982421875,103.90234375,161.1568603515625,136.55859375,157.90196228027344,161.05078125,192.07843017578125,161.05078125,200.21568298339844,200.23828125,205.09803771972656,241.05859375,170.92156982421875,159.41796875,170.92156982421875,203.50390625,167.6666717529297,242.69140625,-1.0,-1.0,-1.0,-1.0,205.09803771972656,87.57421875,190.45098876953125,84.30859375
-1.0,-1.0,194.5,106.08984375,210.65383911132812,107.70703125,209.0384521484375,136.81640625,209.0384521484375,162.69140625,178.34616088867188,106.08984375,167.03846740722656,136.81640625,163.8076934814453,161.07421875,197.73077392578125,162.69140625,204.1923065185547,199.88671875,205.8076934814453,241.93359375,175.11538696289062,159.45703125,175.11538696289062,201.50390625,168.65383911132812,238.69921875,-1.0,-1.0,-1.0,-1.0,210.65383911132812,89.91796875,196.11538696289062,88.30078125
215.10679626464844,92.3828125,194.15533447265625,106.8671875,210.2718505859375,108.4765625,210.2718505859375,137.4453125,210.2718505859375,163.1953125,178.03883361816406,105.2578125,166.7572784423828,137.4453125,163.5339813232422,161.5859375,197.37863159179688,161.5859375,203.8252410888672,200.2109375,205.4368896484375,242.0546875,176.42718505859375,159.9765625,174.81553649902344,201.8203125,169.9805908203125,238.8359375,215.10679626464844,89.1640625,-1.0,-1.0,210.2718505859375,90.7734375,197.37863159179688,87.5546875
-1.0,-1.0,196.60000610351562,107.64453125,212.60000610351562,109.24609375,211.0,138.07421875,212.60000610351562,165.30078125,180.60000610351562,106.04296875,169.39999389648438,136.47265625,166.1999969482422,160.49609375,199.8000030517578,162.09765625,204.60000610351562,200.53515625,204.60000610351562,242.17578125,177.39999389648438,158.89453125,177.39999389648438,200.53515625,167.8000030517578,237.37109375,-1.0,-1.0,-1.0,-1.0,214.20001220703125,91.62890625,198.1999969482422,88.42578125
-1.0,-1.0,199.04672241210938,108.421875,214.9345703125,110.015625,213.34579467773438,140.296875,214.9345703125,165.796875,183.15887451171875,105.234375,172.03738403320312,137.109375,168.8598175048828,161.015625,200.63551330566406,162.609375,206.99066162109375,200.859375,205.40187072753906,240.703125,178.39251708984375,161.015625,179.98130798339844,200.859375,168.8598175048828,232.734375,-1.0,-1.0,-1.0,-1.0,214.9345703125,92.484375,200.63551330566406,89.296875
-1.0,-1.0,199.45794677734375,109.78515625,215.34579467773438,112.95703125,216.9345703125,139.91796875,218.5233612060547,165.29296875,185.15887451171875,106.61328125,174.03738403320312,136.74609375,169.27102661132812,162.12109375,204.22430419921875,162.12109375,208.99066162109375,201.76953125,205.81307983398438,241.41796875,181.98130798339844,160.53515625,181.98130798339844,201.76953125,172.44859313964844,235.07421875,-1.0,-1.0,-1.0,-1.0,218.5233612060547,95.51171875,202.63551330566406,90.75390625
-1.0,-1.0,200.4351806640625,108.9765625,216.17591857910156,110.5546875,219.32406616210938,142.1171875,222.47222900390625,165.7890625,186.26852416992188,105.8203125,176.82406616210938,135.8046875,172.1018524169922,161.0546875,206.73147583007812,162.6328125,211.45370483398438,202.0859375,205.15740966796875,241.5390625,184.69444274902344,161.0546875,186.26852416992188,198.9296875,173.67593383789062,235.2265625,-1.0,-1.0,-1.0,-1.0,219.32406616210938,93.1953125,205.15740966796875,90.0390625
-1.0,-1.0,202.90908813476562,106.61328125,216.9818115234375,108.18359375,221.6727294921875,139.58984375,226.3636474609375,164.71484375,188.83636474609375,106.61328125,177.8909149169922,134.87890625,174.76364135742188,160.00390625,209.16363525390625,163.14453125,210.72727966308594,203.97265625,204.4727325439453,241.66015625,187.27273559570312,160.00390625,188.83636474609375,196.12109375,174.76364135742188,227.52734375,-1.0,-1.0,-1.0,-1.0,220.10910034179688,92.48046875,206.03636169433594,87.76953125
-1.0,-1.0,204.90908813476562,107.40625,222.10910034179688,110.53125,226.8000030517578,140.21875,226.8000030517578,163.65625,189.27273559570312,105.84375,179.8909149169922,137.09375,176.76364135742188,160.53125,211.16363525390625,162.09375,211.16363525390625,202.71875,206.4727325439453,240.21875,189.27273559570312,160.53125,192.39999389648438,198.03125,178.3272705078125,224.59375,-1.0,-1.0,-1.0,-1.0,220.5454559326172,90.21875,206.4727325439453,87.09375
-1.0,-1.0,207.38392639160156,106.64453125,224.47320556640625,109.75390625,229.13392639160156,139.29296875,232.24107360839844,164.16796875,191.8482208251953,105.08984375,180.9732208251953,136.18359375,176.3125,159.50390625,212.04464721679688,162.61328125,212.04464721679688,203.03515625,205.83035278320312,238.79296875,190.29464721679688,161.05859375,193.40179443359375,196.81640625,182.52679443359375,227.91015625,-1.0,-1.0,-1.0,-1.0,221.36607360839844,89.54296875,208.9375,86.43359375
-1.0,-1.0,209.19468688964844,107.24609375,224.59292602539062,108.78515625,232.2920379638672,141.10546875,238.45132446289062,167.26953125,193.7964630126953,104.16796875,183.0177001953125,136.48828125,179.93804931640625,162.65234375,213.8141632080078,161.11328125,213.8141632080078,201.12890625,204.57522583007812,239.60546875,192.2566375732422,159.57421875,195.33628845214844,196.51171875,187.63717651367188,233.44921875,-1.0,-1.0,-1.0,-1.0,224.59292602539062,91.85546875,210.73451232910156,88.77734375
-1.0,-1.0,211.19468688964844,107.24609375,228.13275146484375,108.78515625,234.2920379638672,139.56640625,241.99114990234375,162.65234375,194.2566375732422,105.70703125,186.55752563476562,136.48828125,180.39822387695312,158.03515625,214.2743377685547,161.11328125,211.19468688964844,199.58984375,205.035400390625,238.06640625,194.2566375732422,159.57421875,197.33628845214844,196.51171875,192.71681213378906,233.44921875,-1.0,-1.0,-1.0,-1.0,226.59292602539062,91.85546875,211.19468688964844,88.77734375
-1.0,-1.0,212.1478271484375,108.046875,228.98260498046875,109.578125,236.63478088378906,138.671875,242.7565155029297,161.640625,196.84347534179688,106.515625,189.19129943847656,137.140625,181.53912353515625,160.109375,216.7391357421875,160.109375,212.1478271484375,199.921875,206.02609252929688,236.671875,195.31304931640625,158.578125,198.37391662597656,196.859375,198.37391662597656,233.609375,-1.0,-1.0,-1.0,-1.0,225.92173767089844,91.203125,212.1478271484375,88.140625
-1.0,-1.0,214.7586212158203,108.84765625,229.9310302734375,110.37109375,239.03448486328125,140.83984375,-1.0,-1.0,198.0689697265625,105.80078125,188.96551513671875,136.26953125,184.41378784179688,160.64453125,217.79310607910156,162.16796875,214.7586212158203,204.82421875,204.137939453125,239.86328125,196.55172729492188,160.64453125,202.62069702148438,198.73046875,202.62069702148438,239.86328125,-1.0,-1.0,-1.0,-1.0,226.89654541015625,92.08984375,213.2413787841797,89.04296875
-1.0,-1.0,215.63478088378906,109.44921875,230.76522827148438,110.95703125,239.84347534179688,138.09765625,250.43478393554688,160.71484375,200.5043487548828,107.94140625,189.9130401611328,138.09765625,182.3478240966797,163.73046875,218.66087341308594,163.73046875,215.63478088378906,201.42578125,205.04348754882812,237.61328125,198.99130249023438,162.22265625,206.5565185546875,199.91796875,208.06956481933594,236.10546875,-1.0,-1.0,-1.0,-1.0,229.25216674804688,92.86328125,214.12173461914062,89.84765625
-1.0,-1.0,216.63478088378906,110.95703125,231.76522827148438,112.46484375,242.3565216064453,139.60546875,251.43478393554688,160.71484375,201.5043487548828,109.44921875,190.9130401611328,138.09765625,186.37391662597656,162.22265625,219.66087341308594,165.23828125,216.63478088378906,201.42578125,206.04348754882812,237.61328125,201.5043487548828,163.73046875,206.04348754882812,199.91796875,209.06956481933594,236.10546875,-1.0,-1.0,-1.0,-1.0,230.25216674804688,94.37109375,216.63478088378906,91.35546875
-1.0,-1.0,217.25,111.75,232.25,114.75,242.75,140.25,253.25,159.75,202.25,111.75,193.25,140.25,187.25,164.25,221.75,165.75,217.25,200.25,206.75,237.75,202.25,164.25,208.25,198.75,212.75,237.75,-1.0,-1.0,-1.0,-1.0,230.75,96.75,217.25,93.75
-1.0,-1.0,219.12173461914062,114.52734375,234.07826232910156,116.01953125,244.54782104492188,141.38671875,256.5130615234375,160.78515625,204.16522216796875,111.54296875,193.69564819335938,141.38671875,186.21739196777344,165.26171875,222.113037109375,163.76953125,217.62608337402344,199.58203125,205.66087341308594,236.88671875,204.16522216796875,163.76953125,210.1478271484375,198.08984375,220.61740112304688,230.91796875,-1.0,-1.0,-1.0,-1.0,232.58261108398438,98.11328125,219.12173461914062,93.63671875
-1.0,-1.0,219.60870361328125,115.3046875,234.39129638671875,116.7890625,244.7391357421875,142.0234375,255.0869598388672,156.8671875,204.82608032226562,113.8203125,195.95652770996094,142.0234375,190.04347229003906,164.2890625,224.04348754882812,165.7734375,221.0869598388672,201.3984375,206.30435180664062,237.0234375,204.82608032226562,164.2890625,212.21739196777344,202.8828125,209.2608642578125,234.0546875,-1.0,-1.0,-1.0,-1.0,232.9130401611328,98.9765625,219.60870361328125,96.0078125
-1.0,-1.0,220.60870361328125,116.55859375,235.39129638671875,116.55859375,245.7391357421875,143.13671875,256.08697509765625,157.90234375,205.82608032226562,115.08203125,196.95652770996094,144.61328125,191.04347229003906,165.28515625,225.04348754882812,165.28515625,219.13043212890625,200.72265625,205.82608032226562,236.16015625,205.82608032226562,165.28515625,211.7391357421875,200.72265625,223.56521606445312,236.16015625,-1.0,-1.0,-1.0,-1.0,233.9130401611328,100.31640625,220.60870361328125,97.36328125
-1.0,-1.0,222.69827270507812,117.328125,237.35345458984375,118.796875,247.612060546875,142.296875,257.8706970214844,158.453125,206.5775909423828,115.859375,199.25,143.765625,191.9224090576172,167.265625,225.62930297851562,165.796875,219.76724243164062,201.046875,206.5775909423828,236.296875,208.04310607910156,164.328125,219.76724243164062,201.046875,227.09483337402344,234.828125,-1.0,-1.0,-1.0,-1.0,234.42242431640625,101.171875,221.23275756835938,98.234375
-1.0,-1.0,224.07080078125,117.328125,238.7610626220703,118.796875,249.04425048828125,143.765625,257.8583984375,158.453125,207.9114990234375,117.328125,200.56637573242188,143.765625,196.15928649902344,165.796875,227.00885009765625,165.796875,219.66372680664062,201.046875,207.9114990234375,233.359375,209.38052368164062,164.328125,221.13275146484375,202.515625,228.47787475585938,236.296875,-1.0,-1.0,-1.0,-1.0,235.82301330566406,101.171875,222.60177612304688,99.703125
-1.0,-1.0,224.6842041015625,118.55859375,240.70175170898438,118.55859375,250.89474487304688,143.39453125,258.1754455566406,159.46484375,210.122802734375,117.09765625,201.38597106933594,144.85546875,197.01754760742188,168.23046875,229.05262756347656,166.76953125,223.2280731201172,200.37109375,210.122802734375,232.51171875,211.57894897460938,165.30859375,221.7719268798828,200.37109375,227.59649658203125,235.43359375,-1.0,-1.0,-1.0,-1.0,236.33334350585938,101.02734375,223.2280731201172,99.56640625
-1.0,-1.0,227.14035034179688,117.8671875,241.70175170898438,117.8671875,250.4385986328125,142.5703125,257.71929931640625,160.0078125,211.122802734375,117.8671875,203.84210205078125,145.4765625,198.01754760742188,168.7265625,231.50877380371094,165.8203125,228.59649658203125,202.1484375,214.03509521484375,229.7578125,214.03509521484375,164.3671875,222.7719268798828,202.1484375,227.14035034179688,234.1171875,-1.0,-1.0,-1.0,-1.0,237.33334350585938,101.8828125,224.2280731201172,100.4296875
-1.0,-1.0,227.53982543945312,117.63671875,243.50442504882812,117.63671875,252.21238708496094,142.20703125,258.0177001953125,163.88671875,213.02655029296875,117.63671875,205.76991271972656,145.09765625,199.964599609375,168.22265625,233.3451385498047,165.33203125,233.3451385498047,201.46484375,220.28318786621094,230.37109375,214.47787475585938,165.33203125,224.63717651367188,201.46484375,226.0885009765625,233.26171875,-1.0,-1.0,-1.0,-1.0,240.60177612304688,103.18359375,226.0885009765625,100.29296875
-1.0,-1.0,229.44247436523438,116.96875,243.7787628173828,118.40625,252.38052368164062,142.84375,258.11505126953125,162.96875,213.6725616455078,116.96875,206.50442504882812,144.28125,200.76991271972656,167.28125,235.17698669433594,164.40625,235.17698669433594,198.90625,225.1416015625,231.96875,216.53982543945312,164.40625,222.2743377685547,197.46875,225.1416015625,231.96875,-1.0,-1.0,-1.0,-1.0,240.9114990234375,102.59375,226.57522583007812,99.71875
-1.0,-1.0,230.44247436523438,116.96875,246.21238708496094,116.96875,251.9468994140625,141.40625,257.6814270019531,162.96875,216.106201171875,115.53125,207.50442504882812,144.28125,203.2035369873047,167.28125,234.7433624267578,162.96875,239.04425048828125,197.46875,224.7079620361328,227.65625,217.53982543945312,161.53125,224.7079620361328,198.90625,223.2743377685547,224.78125,-1.0,-1.0,-1.0,-1.0,241.9114990234375,102.59375,227.57522583007812,99.71875
-1.0,-1.0,232.4736785888672,117.5234375,246.6842041015625,117.5234375,253.7894744873047,143.1171875,258.0526123046875,167.2890625,216.84210205078125,116.1015625,208.3157958984375,143.1171875,204.05262756347656,165.8671875,238.15789794921875,164.4453125,241.0,195.7265625,229.63157653808594,218.4765625,218.26315307617188,161.6015625,223.94737243652344,195.7265625,225.36842346191406,228.4296875,-1.0,-1.0,-1.0,-1.0,243.84210205078125,100.4609375,228.2105255126953,99.0390625
-1.0,-1.0,231.47787475585938,117.5234375,245.63717651367188,118.9453125,254.13275146484375,144.5390625,259.79644775390625,165.8671875,218.73451232910156,116.1015625,210.2389373779297,143.1171875,204.57522583007812,165.8671875,238.55752563476562,164.4453125,242.80531311035156,195.7265625,231.47787475585938,222.7421875,220.1504364013672,161.6015625,225.8141632080078,195.7265625,225.8141632080078,227.0078125,-1.0,-1.0,-1.0,-1.0,244.2212371826172,100.4609375,230.06195068359375,99.0390625
-1.0,-1.0,234.4375,116.671875,248.54464721679688,116.671875,254.1875,141.984375,259.8303527832031,164.484375,221.74107360839844,115.265625,211.86607360839844,141.984375,206.22320556640625,164.484375,240.08035278320312,161.671875,244.3125,195.421875,235.84820556640625,227.765625,221.74107360839844,160.265625,225.97320556640625,196.828125,228.79464721679688,231.984375,-1.0,-1.0,-1.0,-1.0,245.72320556640625,101.203125,231.61607360839844,98.390625
-1.0,-1.0,235.9122772216797,116.671875,249.94737243652344,116.671875,254.15789794921875,141.984375,256.96490478515625,164.484375,221.877197265625,116.671875,213.45614624023438,143.390625,207.84210205078125,165.890625,241.5263214111328,163.078125,245.73684692382812,196.828125,238.71929931640625,233.390625,223.28070068359375,161.671875,226.0877227783203,196.828125,228.89474487304688,234.796875,-1.0,-1.0,-1.0,-1.0,247.14035034179688,101.203125,233.10525512695312,98.390625
-1.0,-1.0,237.7433624267578,117.45703125,251.7256622314453,117.45703125,254.52212524414062,144.02734375,257.3185729980469,165.00390625,223.7610626220703,116.05859375,213.97344970703125,142.62890625,208.38052368164062,165.00390625,243.33627319335938,165.00390625,247.53097534179688,197.16796875,241.93804931640625,233.52734375,223.7610626220703,162.20703125,226.55752563476562,198.56640625,230.75221252441406,233.52734375,-1.0,-1.0,-1.0,-1.0,248.92919921875,102.07421875,234.9468994140625,99.27734375
-1.0,-1.0,237.96490478515625,116.8515625,251.82455444335938,116.8515625,254.59649658203125,143.2734375,257.368408203125,164.1328125,224.10525512695312,116.8515625,215.7894744873047,144.6640625,210.24560546875,165.5234375,243.50877380371094,165.5234375,250.4385986328125,200.2890625,247.66665649414062,236.4453125,225.49122619628906,164.1328125,228.26315307617188,198.8984375,229.6491241455078,236.4453125,-1.0,-1.0,-1.0,-1.0,249.05262756347656,101.5546875,236.57894897460938,100.1640625
-1.0,-1.0,241.21739196777344,118.2421875,253.7391357421875,118.2421875,255.13043212890625,143.2734375,253.7391357421875,164.1328125,227.30435180664062,116.8515625,217.56521606445312,144.6640625,212.0,165.5234375,245.39129638671875,164.1328125,252.3478240966797,200.2890625,253.7391357421875,236.4453125,227.30435180664062,162.7421875,228.69564819335938,200.2890625,227.30435180664062,237.8359375,-1.0,-1.0,-1.0,-1.0,252.3478240966797,102.9453125,239.82608032226562,100.1640625
-1.0,-1.0,244.02609252929688,120.1875,257.7652282714844,121.5625,256.39129638671875,147.6875,256.39129638671875,165.5625,230.28695678710938,120.1875,220.66957092285156,149.0625,217.92173767089844,166.9375,246.77391052246094,165.5625,253.6434783935547,199.9375,257.7652282714844,234.3125,228.9130401611328,162.8125,228.9130401611328,201.3125,226.16522216796875,235.6875,-1.0,-1.0,-1.0,-1.0,256.39129638671875,106.4375,244.02609252929688,103.6875
-1.0,-1.0,243.8275909423828,120.1875,257.6206970214844,121.5625,257.6206970214844,149.0625,256.24139404296875,165.5625,230.03448486328125,120.1875,220.37930297851562,149.0625,219.0,166.9375,246.58621215820312,165.5625,254.862060546875,199.9375,257.6206970214844,232.9375,230.03448486328125,162.8125,228.65516662597656,201.3125,227.27586364746094,235.6875,-1.0,-1.0,-1.0,-1.0,256.24139404296875,106.4375,245.20689392089844,103.6875
-1.0,-1.0,247.9913787841797,122.33203125,261.612060546875,123.69921875,260.25,146.94140625,260.25,167.44921875,234.37069702148438,122.33203125,226.19827270507812,148.30859375,220.75,168.81640625,249.35345458984375,168.81640625,256.1637878417969,200.26171875,257.52587890625,233.07421875,231.64654541015625,167.44921875,230.28448486328125,200.26171875,227.5603485107422,233.07421875,-1.0,-1.0,-1.0,-1.0,260.25,107.29296875,247.9913787841797,105.92578125
-1.0,-1.0,249.9913787841797,122.33203125,263.612060546875,123.69921875,262.25,148.30859375,262.25,168.81640625,236.37069702148438,122.33203125,228.19827270507812,146.94140625,224.11207580566406,166.08203125,251.35345458984375,166.08203125,256.8017272949219,198.89453125,258.1637878417969,234.44140625,233.64654541015625,164.71484375,232.28448486328125,200.26171875,226.83621215820312,233.07421875,-1.0,-1.0,-1.0,-1.0,262.25,108.66015625,249.9913787841797,105.92578125
-1.0,-1.0,251.45762634277344,123.1015625,265.0169677734375,124.4609375,263.6610107421875,148.9296875,265.0169677734375,170.6796875,237.8983154296875,123.1015625,229.76271057128906,147.5703125,224.3389892578125,167.9609375,252.81356811523438,166.6015625,258.2373046875,201.9453125,258.2373046875,234.5703125,236.54237365722656,165.2421875,233.83050537109375,200.5859375,227.05084228515625,231.8515625,-1.0,-1.0,-1.0,-1.0,263.6610107421875,109.5078125,251.45762634277344,106.7890625
-1.0,-1.0,253.26495361328125,124.22265625,266.76922607421875,125.57421875,266.76922607421875,151.25390625,268.1196594238281,175.58203125,239.76068115234375,122.87109375,231.6581268310547,147.19921875,227.60684204101562,166.12109375,255.9658203125,168.82421875,260.01708984375,202.61328125,258.6666564941406,235.05078125,238.41024780273438,167.47265625,237.05982971191406,201.26171875,230.3076934814453,235.05078125,-1.0,-1.0,-1.0,-1.0,266.76922607421875,109.35546875,253.26495361328125,106.65234375
-1.0,-1.0,253.3865509033203,123.640625,266.8319396972656,124.984375,266.8319396972656,150.515625,269.52099609375,174.703125,239.94117736816406,122.296875,231.8739471435547,146.484375,227.84033203125,165.296875,256.07562255859375,167.984375,260.1092529296875,201.578125,258.76470947265625,235.171875,238.5966339111328,166.640625,237.25210571289062,200.234375,227.84033203125,228.453125,-1.0,-1.0,-1.0,-1.0,266.8319396972656,108.859375,254.73109436035156,107.515625
-1.0,-1.0,254.52542114257812,123.640625,267.9152526855469,126.328125,269.2542419433594,151.859375,269.2542419433594,173.359375,241.13558959960938,122.296875,233.10169982910156,147.828125,227.74575805664062,163.953125,258.5423583984375,169.328125,261.2203369140625,202.921875,258.5423583984375,235.171875,239.79661560058594,167.984375,239.79661560058594,201.578125,229.08474731445312,225.765625,-1.0,-1.0,-1.0,-1.0,267.9152526855469,108.859375,255.86441040039062,106.171875
-1.0,-1.0,256.5254211425781,124.41015625,269.9152526855469,125.74609375,271.2542419433594,149.79296875,273.93218994140625,172.50390625,243.13558959960938,121.73828125,235.10169982910156,148.45703125,229.74575805664062,165.82421875,260.5423583984375,168.49609375,263.2203369140625,204.56640625,257.8644104003906,236.62890625,241.79661560058594,165.82421875,243.13558959960938,199.22265625,231.08474731445312,221.93359375,-1.0,-1.0,-1.0,-1.0,268.5762634277344,108.37890625,257.8644104003906,105.70703125
-1.0,-1.0,258.0,123.07421875,271.3333435058594,124.41015625,274.0,151.12890625,276.66668701171875,172.50390625,244.6666717529297,121.73828125,236.6666717529297,148.45703125,232.6666717529297,167.16015625,262.0,169.83203125,263.3333435058594,203.23046875,258.0,235.29296875,243.3333282470703,167.16015625,246.0,199.22265625,232.6666717529297,221.93359375,-1.0,-1.0,-1.0,-1.0,270.0,108.37890625,259.3333435058594,105.70703125
-1.0,-1.0,259.42498779296875,123.62890625,272.5916748046875,124.94921875,276.5416564941406,150.03515625,281.808349609375,171.16015625,246.25833129882812,120.98828125,237.0416717529297,147.39453125,234.40834045410156,167.19921875,263.375,168.51953125,262.058349609375,202.84765625,256.7916564941406,235.85546875,244.94166564941406,167.19921875,246.25833129882812,198.88671875,237.0416717529297,226.61328125,-1.0,-1.0,-1.0,-1.0,269.9583435058594,107.78515625,259.42498779296875,105.14453125
-1.0,-1.0,260.9016418457031,123.09375,274.0163879394531,124.40625,277.9508056640625,149.34375,283.19671630859375,170.34375,246.47540283203125,121.78125,238.60655212402344,146.71875,234.67213439941406,166.40625,264.8360595703125,167.71875,263.52459716796875,201.84375,258.2786865234375,234.65625,246.47540283203125,166.40625,250.4098358154297,196.59375,242.54098510742188,224.15625,-1.0,-1.0,-1.0,-1.0,272.7049255371094,107.34375,259.59014892578125,104.71875
-1.0,-1.0,262.42498779296875,123.09375,275.5916748046875,124.40625,279.5416564941406,149.34375,284.808349609375,166.40625,247.94166564941406,121.78125,240.0416717529297,146.71875,236.0916748046875,167.71875,265.058349609375,166.40625,263.7416687011719,199.21875,258.4750061035156,234.65625,247.94166564941406,165.09375,251.89166259765625,195.28125,247.94166564941406,226.78125,-1.0,-1.0,-1.0,-1.0,274.2749938964844,107.34375,261.10833740234375,106.03125
-1.0,-1.0,262.8780517578125,123.87890625,275.88616943359375,125.18359375,281.08941650390625,151.27734375,284.99188232421875,161.71484375,248.56910705566406,122.57421875,240.76422119140625,147.36328125,235.56097412109375,166.93359375,265.47967529296875,166.93359375,264.1788635253906,199.55078125,258.9756164550781,233.47265625,248.56910705566406,165.62890625,252.47154235839844,196.94140625,251.1707305908203,229.55859375,-1.0,-1.0,-1.0,-1.0,275.88616943359375,108.22265625,261.5772399902344,105.61328125
-1.0,-1.0,263.5772399902344,123.87890625,275.2845458984375,125.18359375,281.7886047363281,148.66796875,289.593505859375,160.41015625,250.56910705566406,122.57421875,242.76422119140625,147.36328125,237.56097412109375,166.93359375,266.1788635253906,168.23828125,264.8780517578125,200.85546875,258.3739929199219,233.47265625,250.56910705566406,165.62890625,254.47154235839844,196.94140625,255.77235412597656,230.86328125,-1.0,-1.0,-1.0,-1.0,276.5853576660156,108.22265625,262.27642822265625,106.91796875
-1.0,-1.0,263.7479553222656,124.44921875,276.593505859375,125.73828125,284.3008117675781,150.23046875,294.5772399902344,165.69921875,250.90243530273438,123.16015625,243.19512939453125,150.23046875,236.77235412597656,170.85546875,266.31707763671875,168.27734375,265.03253173828125,200.50390625,258.6097412109375,232.73046875,250.90243530273438,166.98828125,257.3251953125,197.92578125,259.8943176269531,230.15234375,-1.0,-1.0,-1.0,-1.0,277.8780517578125,110.26953125,263.7479553222656,106.40234375
-1.0,-1.0,264.93548583984375,124.44921875,276.54840087890625,127.02734375,283.0,150.23046875,293.32257080078125,161.83203125,252.03225708007812,123.16015625,244.29031372070312,150.23046875,237.83871459960938,170.85546875,267.51611328125,168.27734375,264.93548583984375,200.50390625,259.7742004394531,232.73046875,252.03225708007812,168.27734375,258.48388671875,197.92578125,261.06451416015625,230.15234375,-1.0,-1.0,-1.0,-1.0,277.8387145996094,111.55859375,264.93548583984375,107.69140625
-1.0,-1.0,265.4634094238281,126.515625,275.7398376464844,127.796875,283.4471435546875,153.421875,291.15447998046875,158.546875,253.90243530273438,125.234375,246.19512939453125,150.859375,241.05691528320312,170.078125,268.03253173828125,168.796875,265.4634094238281,200.828125,257.756103515625,234.140625,253.90243530273438,167.515625,261.6097412109375,200.828125,265.4634094238281,229.015625,-1.0,-1.0,-1.0,-1.0,279.593505859375,112.421875,266.7479553222656,108.578125
-1.0,-1.0,265.67999267578125,127.796875,275.91998291015625,129.078125,283.6000061035156,152.140625,295.1199951171875,159.828125,255.44000244140625,126.515625,247.75999450683594,152.140625,241.36000061035156,171.359375,269.5199890136719,170.078125,266.9599914550781,199.546875,258.0,234.140625,254.16000366210938,168.796875,263.1199951171875,199.546875,268.239990234375,231.578125,-1.0,-1.0,-1.0,-1.0,278.4800109863281,113.703125,265.67999267578125,109.859375
-1.0,-1.0,267.447998046875,128.3359375,278.8240051269531,128.3359375,281.35198974609375,151.1171875,296.52001953125,158.7109375,256.0719909667969,127.0703125,248.48800659179688,153.6484375,243.4320068359375,172.6328125,269.97601318359375,170.1015625,268.7120056152344,197.9453125,259.864013671875,232.1171875,256.0719909667969,167.5703125,262.3919982910156,197.9453125,268.7120056152344,225.7890625,-1.0,-1.0,-1.0,-1.0,278.8240051269531,114.4140625,267.447998046875,111.8828125
-1.0,-1.0,270.97601318359375,128.3359375,282.35198974609375,129.6015625,286.1440124511719,152.3828125,298.78399658203125,159.9765625,258.33599853515625,128.3359375,250.7519989013672,153.6484375,244.4320068359375,172.6328125,272.239990234375,171.3671875,267.1839904785156,200.4765625,259.6000061035156,232.1171875,258.33599853515625,168.8359375,264.656005859375,200.4765625,270.97601318359375,229.5859375,-1.0,-1.0,-1.0,-1.0,279.8240051269531,114.4140625,268.447998046875,111.8828125
-1.0,-1.0,271.1451721191406,130.36328125,282.4677429199219,131.62109375,291.2742004394531,153.00390625,300.08062744140625,161.80859375,258.56451416015625,129.10546875,251.01612854003906,155.51953125,247.241943359375,173.12890625,272.4032287597656,171.87109375,268.6290283203125,200.80078125,259.82257080078125,229.73046875,259.82257080078125,170.61328125,266.1129150390625,200.80078125,272.4032287597656,230.98828125,-1.0,-1.0,-1.0,-1.0,281.2096862792969,114.01171875,268.6290283203125,112.75390625
-1.0,-1.0,271.1839904785156,131.375,283.66400146484375,131.375,292.3999938964844,152.625,299.88800048828125,162.625,258.7040100097656,130.125,252.46400451660156,156.375,247.4720001220703,175.125,274.9280090332031,172.625,271.1839904785156,200.125,261.20001220703125,226.375,261.20001220703125,170.125,267.44000244140625,201.375,273.67999267578125,230.125,-1.0,-1.0,-1.0,-1.0,281.1679992675781,115.125,269.9360046386719,112.625
-1.0,-1.0,271.6910400390625,130.125,284.2113952636719,131.375,291.72357177734375,152.625,300.48779296875,163.875,260.4227600097656,128.875,252.9105682373047,153.875,251.65853881835938,171.375,275.4471435546875,170.125,274.19512939453125,200.125,262.92681884765625,223.875,261.6748046875,168.875,269.1869812011719,200.125,275.4471435546875,228.875,-1.0,-1.0,-1.0,-1.0,282.9593505859375,115.125,270.43902587890625,112.625
-1.0,-1.0,273.88800048828125,129.4140625,284.97601318359375,130.6484375,292.3680114746094,151.6328125,300.99200439453125,165.2109375,261.5679931640625,129.4140625,254.17599487304688,152.8671875,252.94400024414062,172.6171875,276.35198974609375,171.3828125,277.583984375,201.0078125,266.4960021972656,224.4609375,261.5679931640625,170.1484375,271.42401123046875,202.2421875,272.656005859375,225.6953125,-1.0,-1.0,-1.0,-1.0,282.5119934082031,115.8359375,271.42401123046875,113.3671875
-1.0,-1.0,274.39837646484375,129.4140625,286.756103515625,130.6484375,294.17071533203125,152.8671875,302.8211364746094,170.1484375,262.0406494140625,129.4140625,255.86178588867188,154.1015625,253.39024353027344,172.6171875,278.1056823730469,172.6171875,278.1056823730469,201.0078125,273.16259765625,230.6328125,263.27642822265625,171.3828125,268.2195129394531,202.2421875,273.16259765625,228.1640625,-1.0,-1.0,-1.0,-1.0,283.04876708984375,114.6015625,271.92681884765625,113.3671875
-1.0,-1.0,275.343994140625,129.953125,287.5039978027344,129.953125,294.79998779296875,153.109375,302.09600830078125,170.171875,263.1839904785156,128.734375,257.10400390625,153.109375,252.24000549316406,172.609375,280.2080078125,171.390625,280.2080078125,199.421875,274.12799072265625,229.890625,264.3999938964844,170.171875,269.2640075683594,200.640625,274.12799072265625,226.234375,-1.0,-1.0,-1.0,-1.0,285.0719909667969,115.328125,272.9119873046875,114.109375
-1.0,-1.0,277.07318115234375,128.734375,289.268310546875,129.953125,295.3658447265625,151.890625,301.4634094238281,171.390625,264.8780517578125,127.515625,257.56097412109375,151.890625,252.68292236328125,171.390625,281.95123291015625,168.953125,281.95123291015625,198.203125,274.6341552734375,229.890625,264.8780517578125,167.734375,269.756103515625,199.421875,275.8536682128906,229.890625,-1.0,-1.0,-1.0,-1.0,285.6097412109375,114.109375,274.6341552734375,112.890625
-1.0,-1.0,277.73388671875,128.30078125,289.8306579589844,129.51171875,295.8790283203125,153.73046875,300.7177429199219,173.10546875,264.42742919921875,128.30078125,258.3790283203125,151.30859375,254.75,169.47265625,282.57257080078125,170.68359375,284.991943359375,198.53515625,275.31451416015625,219.12109375,265.6370849609375,168.26171875,270.4757995605469,198.53515625,274.1048278808594,225.17578125,-1.0,-1.0,-1.0,-1.0,286.20159912109375,113.76953125,274.1048278808594,112.55859375
-1.0,-1.0,278.51220703125,129.2890625,290.5447082519531,129.2890625,295.35772705078125,153.3515625,301.3739929199219,171.3984375,265.27642822265625,128.0859375,259.2601623535156,150.9453125,255.65040588378906,170.1953125,284.5284423828125,170.1953125,285.7317199707031,199.0703125,279.7154541015625,225.5390625,266.47967529296875,168.9921875,271.2926940917969,199.0703125,273.6991882324219,227.9453125,-1.0,-1.0,-1.0,-1.0,286.9349670410156,113.6484375,276.1056823730469,112.4453125
-1.0,-1.0,279.51220703125,129.2890625,291.5447082519531,129.2890625,295.15447998046875,152.1484375,298.76422119140625,170.1953125,266.27642822265625,128.0859375,260.2601623535156,152.1484375,256.6504211425781,170.1953125,284.3251953125,168.9921875,286.7317199707031,197.8671875,281.918701171875,226.7421875,268.68292236328125,168.9921875,272.2926940917969,199.0703125,273.4959411621094,229.1484375,-1.0,-1.0,-1.0,-1.0,287.9349670410156,113.6484375,277.1056823730469,112.4453125
-1.0,-1.0,280.0,129.2890625,292.0,130.4921875,296.79998779296875,153.3515625,298.0,171.3984375,266.79998779296875,128.0859375,262.0,152.1484375,257.20001220703125,170.1953125,286.0,171.3984375,288.3999938964844,200.2734375,283.6000061035156,226.7421875,269.20001220703125,170.1953125,272.79998779296875,200.2734375,274.0,229.1484375,-1.0,-1.0,-1.0,-1.0,288.3999938964844,113.6484375,277.6000061035156,112.4453125
-1.0,-1.0,281.0,130.4921875,293.0,130.4921875,295.3999938964844,153.3515625,299.0,172.6015625,269.0,128.0859375,261.79998779296875,152.1484375,258.20001220703125,170.1953125,285.79998779296875,171.3984375,288.20001220703125,200.2734375,287.0,227.9453125,270.20001220703125,170.1953125,272.6000061035156,200.2734375,272.6000061035156,230.3515625,-1.0,-1.0,-1.0,-1.0,289.3999938964844,113.6484375,278.6000061035156,113.6484375
-1.0,-1.0,281.73388671875,130.72265625,293.8306579589844,130.72265625,295.0403137207031,153.73046875,298.66937255859375,171.89453125,269.6370849609375,129.51171875,263.5887145996094,152.51953125,259.9596862792969,169.47265625,286.57257080078125,170.68359375,290.20159912109375,200.95703125,288.991943359375,227.59765625,269.6370849609375,169.47265625,272.05645751953125,200.95703125,272.05645751953125,231.23046875,-1.0,-1.0,-1.0,-1.0,291.4112854003906,114.98046875,279.31451416015625,114.98046875
-1.0,-1.0,283.4285888671875,130.2890625,295.4920654296875,131.4921875,296.69842529296875,154.3515625,297.9047546386719,171.1953125,270.1587219238281,130.2890625,264.1269836425781,153.1484375,260.5079345703125,171.1953125,287.047607421875,171.1953125,290.6666564941406,201.2734375,291.8730163574219,228.9453125,271.3650817871094,171.1953125,272.5714416503906,202.4765625,273.77777099609375,230.1484375,-1.0,-1.0,-1.0,-1.0,293.0793762207031,115.8515625,281.015869140625,114.6484375
-1.0,-1.0,284.4285888671875,131.4921875,296.4920654296875,132.6953125,296.4920654296875,154.3515625,297.69842529296875,172.3984375,272.3650817871094,130.2890625,265.1269836425781,154.3515625,261.5079345703125,172.3984375,286.8412780761719,171.1953125,291.6666564941406,201.2734375,292.8730163574219,227.7421875,272.3650817871094,171.1953125,273.5714416503906,201.2734375,273.5714416503906,230.1484375,-1.0,-1.0,-1.0,-1.0,294.0793762207031,117.0546875,282.015869140625,115.8515625
-1.0,-1.0,284.9140625,132.6953125,296.9453125,133.8984375,296.9453125,155.5546875,296.9453125,172.3984375,272.8828125,131.4921875,265.6640625,154.3515625,262.0546875,172.3984375,287.3203125,172.3984375,290.9296875,200.0703125,293.3359375,226.5390625,272.8828125,171.1953125,274.0859375,201.2734375,274.0859375,230.1484375,-1.0,-1.0,-1.0,-1.0,295.7421875,118.2578125,282.5078125,115.8515625
-1.0,-1.0,285.9140625,132.6953125,297.9453125,135.1015625,297.9453125,155.5546875,297.9453125,172.3984375,273.8828125,132.6953125,267.8671875,154.3515625,263.0546875,173.6015625,288.3203125,172.3984375,291.9296875,201.2734375,293.1328125,227.7421875,273.8828125,171.1953125,273.8828125,201.2734375,273.8828125,230.1484375,-1.0,-1.0,-1.0,-1.0,296.7421875,119.4609375,284.7109375,118.2578125
-1.0,-1.0,288.1171875,133.8984375,298.9453125,135.1015625,300.1484375,155.5546875,300.1484375,173.6015625,276.0859375,132.6953125,268.8671875,155.5546875,264.0546875,173.6015625,290.5234375,172.3984375,292.9296875,202.4765625,292.9296875,228.9453125,274.8828125,171.1953125,273.6796875,202.4765625,273.6796875,230.1484375,-1.0,-1.0,-1.0,-1.0,297.7421875,119.4609375,285.7109375,118.2578125
-1.0,-1.0,288.6000061035156,135.1015625,300.6000061035156,136.3046875,301.79998779296875,156.7578125,301.79998779296875,174.8046875,277.79998779296875,133.8984375,269.3999938964844,155.5546875,265.79998779296875,174.8046875,291.0,173.6015625,293.3999938964844,202.4765625,292.20001220703125,228.9453125,275.3999938964844,172.3984375,275.3999938964844,202.4765625,275.3999938964844,227.7421875,-1.0,-1.0,-1.0,-1.0,299.3999938964844,120.6640625,287.3999938964844,119.4609375
-1.0,-1.0,290.79998779296875,135.1015625,301.6000061035156,136.3046875,302.79998779296875,157.9609375,304.0,176.0078125,280.0,133.8984375,271.6000061035156,155.5546875,268.0,173.6015625,294.3999938964844,174.8046875,294.3999938964844,203.6796875,292.0,230.1484375,278.79998779296875,172.3984375,277.6000061035156,201.2734375,275.20001220703125,226.5390625,-1.0,-1.0,-1.0,-1.0,301.6000061035156,121.8671875,289.6000061035156,119.4609375
-1.0,-1.0,290.43511962890625,136.3046875,301.2900695800781,137.5078125,303.7023010253906,157.9609375,303.7023010253906,174.8046875,279.58013916015625,133.8984375,272.343505859375,156.7578125,267.5190734863281,174.8046875,295.2595520019531,174.8046875,295.2595520019531,202.4765625,291.6412353515625,230.1484375,279.58013916015625,172.3984375,277.1679382324219,201.2734375,274.7557373046875,227.7421875,-1.0,-1.0,-1.0,-1.0,301.2900695800781,121.8671875,290.43511962890625,120.6640625
-1.0,-1.0,293.6153869628906,135.35546875,304.5538330078125,136.56640625,306.984619140625,157.15234375,310.6307678222656,175.31640625,281.4615478515625,132.93359375,274.1692199707031,155.94140625,271.73846435546875,172.89453125,297.26153564453125,172.89453125,296.046142578125,203.16796875,292.3999938964844,229.80859375,281.4615478515625,171.68359375,280.24615478515625,200.74609375,274.1692199707031,222.54296875,-1.0,-1.0,-1.0,-1.0,303.3384704589844,122.03515625,293.6153869628906,118.40234375
-1.0,-1.0,293.6412353515625,134.8984375,305.7023010253906,136.1015625,306.90838623046875,156.5546875,309.32061767578125,174.6015625,281.58013916015625,133.6953125,275.54962158203125,155.3515625,273.13739013671875,173.3984375,298.46563720703125,170.9921875,297.2595520019531,202.2734375,292.43511962890625,229.9453125,282.7862548828125,169.7890625,282.7862548828125,198.6640625,275.54962158203125,223.9296875,-1.0,-1.0,-1.0,-1.0,303.2900695800781,120.4609375,293.6412353515625,119.2578125
-1.0,-1.0,295.32330322265625,134.8984375,307.3533935546875,136.1015625,309.7593994140625,157.7578125,313.368408203125,175.8046875,283.2932434082031,132.4921875,276.0751953125,156.5546875,273.6691589355469,172.1953125,300.1353454589844,170.9921875,296.52630615234375,201.0703125,292.91729736328125,229.9453125,283.2932434082031,169.7890625,283.2932434082031,198.6640625,276.0751953125,222.7265625,-1.0,-1.0,-1.0,-1.0,303.7443542480469,120.4609375,294.12030029296875,119.2578125
-1.0,-1.0,296.32330322265625,134.8984375,308.3533935546875,136.1015625,311.96240234375,158.9609375,315.5714111328125,175.8046875,284.2932434082031,132.4921875,277.0751953125,155.3515625,274.6691589355469,170.9921875,299.93231201171875,172.1953125,297.52630615234375,201.0703125,291.51129150390625,228.7421875,284.2932434082031,169.7890625,284.2932434082031,197.4609375,279.481201171875,222.7265625,-1.0,-1.0,-1.0,-1.0,304.7443542480469,119.2578125,293.91729736328125,118.0546875
-1.0,-1.0,296.79998779296875,133.6953125,308.79998779296875,136.1015625,311.20001220703125,158.9609375,316.0,177.0078125,283.6000061035156,132.4921875,276.3999938964844,155.3515625,275.20001220703125,170.9921875,299.20001220703125,172.1953125,296.79998779296875,201.0703125,292.0,228.7421875,284.79998779296875,169.7890625,284.79998779296875,197.4609375,278.79998779296875,223.9296875,-1.0,-1.0,-1.0,-1.0,305.20001220703125,119.2578125,294.3999938964844,118.0546875
-1.0,-1.0,296.6000061035156,133.6953125,309.79998779296875,136.1015625,312.20001220703125,157.7578125,319.3999938964844,173.3984375,284.6000061035156,132.4921875,277.3999938964844,155.3515625,276.20001220703125,173.3984375,300.20001220703125,172.1953125,296.6000061035156,201.0703125,291.79998779296875,228.7421875,284.6000061035156,169.7890625,285.79998779296875,196.2578125,282.20001220703125,223.9296875,-1.0,-1.0,-1.0,-1.0,305.0,119.2578125,295.3999938964844,118.0546875
-1.0,-1.0,297.6000061035156,133.6953125,309.6000061035156,136.1015625,313.20001220703125,156.5546875,307.20001220703125,168.5859375,285.6000061035156,132.4921875,278.3999938964844,155.3515625,276.0,173.3984375,301.20001220703125,172.1953125,296.3999938964844,199.8671875,292.79998779296875,227.5390625,286.79998779296875,170.9921875,285.6000061035156,197.4609375,284.3999938964844,223.9296875,-1.0,-1.0,-1.0,-1.0,306.0,119.2578125,296.3999938964844,118.0546875
-1.0,-1.0,299.04412841796875,134.8984375,311.1029357910156,136.1015625,314.7205810546875,157.7578125,321.95587158203125,170.9921875,286.98529052734375,132.4921875,279.75,155.3515625,277.3382263183594,174.6015625,301.45587158203125,173.3984375,297.8382263183594,202.2734375,293.01470947265625,228.7421875,285.7794189453125,172.1953125,285.7794189453125,199.8671875,285.7794189453125,225.1328125,-1.0,-1.0,-1.0,-1.0,307.48529052734375,120.4609375,296.6323547363281,119.2578125
-1.0,-1.0,300.04412841796875,134.8984375,310.8970642089844,137.3046875,315.7205810546875,156.5546875,322.95587158203125,169.7890625,287.98529052734375,133.6953125,280.75,154.1484375,278.3382263183594,172.1953125,301.25,172.1953125,297.6323547363281,201.0703125,291.6029357910156,229.9453125,286.7794189453125,170.9921875,287.98529052734375,197.4609375,285.5735168457031,226.3359375,-1.0,-1.0,-1.0,-1.0,308.48529052734375,121.6640625,297.6323547363281,120.4609375
-1.0,-1.0,300.433837890625,135.65234375,311.1544189453125,138.04296875,315.91912841796875,157.16796875,323.066162109375,169.12109375,288.5220642089844,134.45703125,281.375,154.77734375,280.183837890625,171.51171875,301.625,171.51171875,298.05145263671875,200.19921875,292.0955810546875,228.88671875,287.33087158203125,170.31640625,292.0955810546875,197.80859375,292.0955810546875,225.30078125,-1.0,-1.0,-1.0,-1.0,308.7720642089844,121.30859375,299.2426452636719,120.11328125
-1.0,-1.0,301.433837890625,136.40625,312.1544189453125,138.78125,318.11029052734375,156.59375,325.2573547363281,166.09375,289.5220642089844,135.21875,282.375,155.40625,281.183837890625,172.03125,302.625,172.03125,299.05145263671875,199.34375,293.0955810546875,227.84375,288.33087158203125,169.65625,284.7573547363281,189.84375,-1.0,-1.0,-1.0,-1.0,-1.0,-1.0,309.7720642089844,122.15625,299.05145263671875,120.96875
-1.0,-1.0,301.1641845703125,137.33984375,312.9552307128906,138.51953125,316.4925231933594,157.39453125,324.74627685546875,165.65234375,290.55224609375,136.16015625,283.47760009765625,158.57421875,281.1194152832031,175.08984375,303.52239990234375,172.73046875,299.9850769042969,198.68359375,292.91046142578125,229.35546875,290.55224609375,171.55078125,291.7313537597656,197.50390625,297.6268615722656,224.63671875,-1.0,-1.0,-1.0,-1.0,310.5970153808594,124.36328125,299.9850769042969,122.00390625
-1.0,-1.0,302.3999938964844,139.2578125,314.10369873046875,139.2578125,316.4444580078125,158.0078125,326.977783203125,165.0390625,290.6962890625,136.9140625,283.674072265625,160.3515625,281.3333435058594,176.7578125,303.57037353515625,175.5859375,300.05926513671875,201.3671875,293.03704833984375,228.3203125,290.6962890625,174.4140625,295.3777770996094,200.1953125,298.8888854980469,223.6328125,-1.0,-1.0,-1.0,-1.0,311.7629699707031,125.1953125,301.2296142578125,122.8515625
-1.0,-1.0,303.43511962890625,139.2578125,314.0152587890625,140.4296875,319.89312744140625,158.0078125,326.9465637207031,166.2109375,291.67938232421875,138.0859375,284.6259460449219,160.3515625,282.2748107910156,177.9296875,304.6106872558594,176.7578125,301.083984375,202.5390625,292.8549499511719,228.3203125,291.67938232421875,175.5859375,296.3816833496094,202.5390625,299.90838623046875,224.8046875,-1.0,-1.0,-1.0,-1.0,311.66412353515625,125.1953125,302.2595520019531,124.0234375
-1.0,-1.0,304.3157958984375,139.734375,314.7368469238281,140.890625,320.52630615234375,158.234375,327.47369384765625,166.328125,292.7368469238281,138.578125,285.78948974609375,160.546875,283.47369384765625,176.734375,305.47369384765625,176.734375,300.84210205078125,202.171875,293.8947448730469,226.453125,293.8947448730469,175.578125,297.368408203125,202.171875,302.0,226.453125,-1.0,-1.0,-1.0,-1.0,312.4210510253906,125.859375,302.0,124.703125
-1.0,-1.0,304.48486328125,140.47265625,316.0,140.47265625,321.757568359375,158.84765625,327.51513671875,166.88671875,294.1212158203125,139.32421875,287.2121276855469,161.14453125,282.6060485839844,178.37109375,306.7878723144531,177.22265625,302.18182373046875,202.48828125,295.2727355957031,224.30859375,294.1212158203125,176.07421875,299.8787841796875,202.48828125,302.18182373046875,225.45703125,-1.0,-1.0,-1.0,-1.0,312.5454406738281,125.54296875,303.3333435058594,124.39453125
-1.0,-1.0,303.9389343261719,140.47265625,315.3893127441406,141.62109375,322.2595520019531,159.99609375,327.9847412109375,165.73828125,292.4885559082031,139.32421875,286.76336669921875,161.14453125,283.3282470703125,178.37109375,306.22900390625,177.22265625,301.64886474609375,202.48828125,294.77862548828125,225.45703125,293.6335754394531,176.07421875,299.3587646484375,202.48828125,301.64886474609375,225.45703125,-1.0,-1.0,-1.0,-1.0,313.0992431640625,126.69140625,301.64886474609375,125.54296875
-1.0,-1.0,305.4961853027344,140.94921875,315.66412353515625,140.94921875,321.31298828125,159.07421875,328.09161376953125,167.00390625,294.198486328125,138.68359375,288.54962158203125,161.33984375,285.1603088378906,177.19921875,306.6259460449219,177.19921875,304.3664245605469,202.12109375,294.198486328125,224.77734375,295.3282470703125,174.93359375,299.8473205566406,203.25390625,302.10687255859375,224.77734375,-1.0,-1.0,-1.0,-1.0,314.53436279296875,127.35546875,302.10687255859375,126.22265625
-1.0,-1.0,306.1666564941406,140.5625,317.3787841796875,140.5625,322.98486328125,159.6875,327.4696960449219,169.8125,294.9545593261719,138.3125,289.3484802246094,161.9375,285.98486328125,177.6875,309.5303039550781,177.6875,306.1666564941406,203.5625,300.56060791015625,226.0625,296.07574462890625,176.5625,299.43939208984375,203.5625,300.56060791015625,221.5625,-1.0,-1.0,-1.0,-1.0,314.01513671875,125.9375,302.80303955078125,124.8125
-1.0,-1.0,307.1875,139.4375,317.3125,140.5625,321.8125,159.6875,327.4375,170.9375,295.9375,138.3125,290.3125,160.8125,286.9375,177.6875,310.5625,176.5625,307.1875,202.4375,303.8125,228.3125,297.0625,175.4375,298.1875,201.3125,298.1875,221.5625,-1.0,-1.0,-1.0,-1.0,313.9375,125.9375,303.8125,124.8125
-1.0,-1.0,306.984619140625,139.9453125,318.0615539550781,141.0546875,321.3846130371094,159.9140625,325.8153991699219,173.2265625,295.9076843261719,138.8359375,291.4769287109375,159.9140625,287.046142578125,175.4453125,311.4153747558594,174.3359375,309.20001220703125,199.8515625,304.76922607421875,227.5859375,298.1230773925781,174.3359375,300.3384704589844,198.7421875,301.4461669921875,220.9296875,-1.0,-1.0,-1.0,-1.0,314.73846435546875,125.5234375,303.6615295410156,125.5234375
-1.0,-1.0,307.72869873046875,139.59765625,317.6356506347656,140.69921875,322.03875732421875,159.42578125,326.4418640136719,173.74609375,296.720947265625,138.49609375,291.217041015625,159.42578125,287.91473388671875,175.94921875,312.13177490234375,174.84765625,312.13177490234375,199.08203125,308.8294677734375,223.31640625,298.9224853515625,172.64453125,301.1240234375,197.98046875,302.22479248046875,221.11328125,-1.0,-1.0,-1.0,-1.0,315.4341125488281,126.37890625,304.4263610839844,125.27734375
-1.0,-1.0,308.13385009765625,139.59765625,318.05511474609375,140.69921875,323.5669250488281,159.42578125,327.97637939453125,175.94921875,298.21258544921875,138.49609375,292.7007751464844,159.42578125,288.2913513183594,174.84765625,313.6456604003906,174.84765625,313.6456604003906,199.08203125,307.031494140625,223.31640625,299.3149719238281,172.64453125,301.5196838378906,197.98046875,301.5196838378906,221.11328125,-1.0,-1.0,-1.0,-1.0,316.9527587890625,126.37890625,305.92913818359375,124.17578125
-1.0,-1.0,310.155029296875,139.03515625,321.00775146484375,139.03515625,325.3488464355469,159.66796875,327.5193786621094,177.04296875,299.3023376464844,137.94921875,292.79071044921875,158.58203125,288.4496154785156,174.87109375,314.4961242675781,174.87109375,315.5813903808594,199.84765625,310.155029296875,219.39453125,300.3876037597656,173.78515625,302.5581359863281,199.84765625,304.72869873046875,220.48046875,-1.0,-1.0,-1.0,-1.0,317.751953125,126.00390625,306.89923095703125,123.83203125
-1.0,-1.0,311.1679992675781,137.94921875,322.0480041503906,139.03515625,325.31201171875,158.58203125,326.3999938964844,175.95703125,300.2879943847656,137.94921875,294.8479919433594,157.49609375,290.4960021972656,174.87109375,315.52001953125,174.87109375,316.6080017089844,199.84765625,311.1679992675781,221.56640625,301.3760070800781,174.87109375,303.552001953125,200.93359375,304.6400146484375,224.82421875,-1.0,-1.0,-1.0,-1.0,318.78399658203125,124.91796875,307.90399169921875,123.83203125
-1.0,-1.0,311.8571472167969,138.7265625,322.6507873535156,138.7265625,325.8888854980469,160.2890625,326.96826171875,176.4609375,301.0635070800781,137.6484375,295.6666564941406,158.1328125,291.3492126464844,174.3046875,316.17462158203125,174.3046875,317.25396728515625,200.1796875,314.015869140625,223.8984375,302.1428527832031,173.2265625,304.30157470703125,200.1796875,305.3809509277344,227.1328125,-1.0,-1.0,-1.0,-1.0,318.3333435058594,124.7109375,308.6190490722656,123.6328125
-1.0,-1.0,312.28570556640625,138.21875,322.9206237792969,139.28125,326.1111145019531,160.53125,327.1745910644531,176.46875,301.6507873535156,137.15625,296.3333435058594,158.40625,292.0793762207031,174.34375,316.5396728515625,174.34375,318.6666564941406,200.90625,316.5396728515625,225.34375,301.6507873535156,173.28125,304.8412780761719,199.84375,306.96826171875,226.40625,-1.0,-1.0,-1.0,-1.0,320.79364013671875,125.46875,311.22222900390625,124.40625
-1.0,-1.0,313.7903137207031,139.28125,324.43548583984375,140.34375,326.56451416015625,160.53125,326.56451416015625,177.53125,303.1451721191406,138.21875,297.82257080078125,159.46875,293.56451416015625,174.34375,316.98388671875,173.28125,320.17742919921875,200.90625,319.1129150390625,226.40625,303.1451721191406,171.15625,306.3387145996094,200.90625,306.3387145996094,227.46875,-1.0,-1.0,-1.0,-1.0,322.30645751953125,126.53125,311.6612854003906,125.46875
-1.0,-1.0,314.52032470703125,140.05859375,325.08941650390625,141.11328125,326.1463317871094,161.15234375,327.2032470703125,176.97265625,303.95123291015625,139.00390625,297.6097412109375,159.04296875,294.43902587890625,173.80859375,317.6910400390625,173.80859375,320.8617858886719,200.17578125,321.918701171875,226.54296875,302.8943176269531,171.69921875,303.95123291015625,201.23046875,305.00811767578125,227.59765625,-1.0,-1.0,-1.0,-1.0,322.9756164550781,127.40234375,312.406494140625,126.34765625
-1.0,-1.0,315.44000244140625,140.61328125,325.8399963378906,141.65234375,326.8800048828125,161.39453125,325.8399963378906,175.94140625,305.0400085449219,139.57421875,298.79998779296875,161.39453125,294.6400146484375,175.94140625,317.5199890136719,174.90234375,321.67999267578125,201.91796875,323.760009765625,224.77734375,304.0,174.90234375,305.0400085449219,201.91796875,306.0799865722656,226.85546875,-1.0,-1.0,-1.0,-1.0,324.79998779296875,129.18359375,314.3999938964844,127.10546875
-1.0,-1.0,316.4462890625,141.65234375,326.8594970703125,142.69140625,327.90081787109375,162.43359375,326.8594970703125,176.98046875,306.0330505371094,140.61328125,299.7851257324219,160.35546875,295.6198425292969,175.94140625,318.5289306640625,176.98046875,321.65289306640625,201.91796875,325.81817626953125,225.81640625,304.9917297363281,175.94140625,304.9917297363281,200.87890625,304.9917297363281,226.85546875,-1.0,-1.0,-1.0,-1.0,325.81817626953125,129.18359375,315.40496826171875,127.10546875
-1.0,-1.0,318.3902587890625,142.19140625,328.6341552734375,143.21484375,328.6341552734375,161.63671875,327.6097412109375,176.98828125,307.1219482421875,141.16796875,302.0,161.63671875,295.8536682128906,176.98828125,319.4146423339844,176.98828125,322.48779296875,202.57421875,324.5365905761719,224.06640625,306.0975646972656,175.96484375,306.0975646972656,201.55078125,305.07318115234375,225.08984375,-1.0,-1.0,-1.0,-1.0,326.5853576660156,129.91015625,316.3414611816406,128.88671875
-1.0,-1.0,319.9173583984375,142.19140625,329.1405029296875,144.23828125,330.165283203125,161.63671875,328.1156921386719,176.98828125,309.66943359375,141.16796875,302.4958801269531,161.63671875,297.37188720703125,178.01171875,319.9173583984375,176.98828125,322.9917297363281,202.57421875,324.01654052734375,225.08984375,307.6198425292969,175.96484375,307.6198425292969,200.52734375,305.57025146484375,225.08984375,-1.0,-1.0,-1.0,-1.0,328.1156921386719,130.93359375,317.8677673339844,128.88671875
-1.0,-1.0,321.10833740234375,142.9609375,330.2583312988281,143.9765625,331.2749938964844,163.2734375,329.2416687011719,178.5078125,309.92498779296875,141.9453125,303.82501220703125,160.2265625,299.7583312988281,176.4765625,321.10833740234375,176.4765625,324.1583251953125,201.8671875,324.1583251953125,226.2421875,308.9083251953125,175.4609375,307.89166259765625,200.8515625,304.8416748046875,226.2421875,-1.0,-1.0,-1.0,-1.0,329.2416687011719,130.7734375,319.07501220703125,129.7578125
-1.0,-1.0,322.0,143.5,332.0,144.5,332.0,163.5,331.0,178.5,312.0,141.5,305.0,161.5,300.0,176.5,324.0,177.5,325.0,202.5,324.0,227.5,310.0,175.5,309.0,201.5,306.0,225.5,-1.0,-1.0,-1.0,-1.0,330.0,131.5,320.0,129.5
-1.0,-1.0,322.5,143.5,332.5,145.5,332.5,163.5,331.5,179.5,312.5,141.5,305.5,161.5,302.5,177.5,324.5,176.5,325.5,203.5,324.5,227.5,311.5,175.5,310.5,201.5,305.5,224.5,-1.0,-1.0,-1.0,-1.0,330.5,131.5,321.5,129.5
-1.0,-1.0,323.2016906738281,144.26953125,333.1176452636719,145.26171875,333.1176452636719,163.12109375,334.1092529296875,178.99609375,313.28570556640625,142.28515625,307.33612060546875,161.13671875,302.3781433105469,177.01171875,326.1764831542969,177.01171875,327.1680603027344,202.80859375,324.1932678222656,227.61328125,312.29412841796875,176.01953125,312.29412841796875,202.80859375,306.34454345703125,222.65234375,-1.0,-1.0,-1.0,-1.0,332.12603759765625,132.36328125,322.2100830078125,130.37890625
-1.0,-1.0,323.60504150390625,143.83203125,334.3277282714844,144.80859375,335.3025207519531,163.36328125,336.2773132324219,179.96484375,313.8571472167969,141.87890625,308.0083923339844,161.41015625,303.13446044921875,177.03515625,327.50421142578125,178.01171875,328.47900390625,204.37890625,324.579833984375,227.81640625,312.8823547363281,176.05859375,313.8571472167969,202.42578125,306.058837890625,221.95703125,-1.0,-1.0,-1.0,-1.0,332.3781433105469,132.11328125,323.60504150390625,130.16015625
-1.0,-1.0,324.1282043457031,142.85546875,333.8717956542969,144.80859375,335.8205261230469,164.33984375,337.76922607421875,179.96484375,314.3846130371094,141.87890625,308.5384521484375,161.41015625,305.6153869628906,176.05859375,328.025634765625,177.03515625,329.0,203.40234375,324.1282043457031,226.83984375,313.4102478027344,176.05859375,315.3589782714844,200.47265625,307.5640869140625,220.00390625,-1.0,-1.0,-1.0,-1.0,332.8974304199219,131.13671875,324.1282043457031,129.18359375
-1.0,-1.0,325.3103332519531,142.671875,334.96551513671875,144.609375,336.89654541015625,163.984375,340.75860595703125,179.484375,314.6896667480469,141.703125,309.862060546875,160.109375,306.96551513671875,174.640625,329.17242431640625,176.578125,329.17242431640625,202.734375,324.3448181152344,225.984375,314.6896667480469,175.609375,315.6551818847656,199.828125,310.82757568359375,220.171875,-1.0,-1.0,-1.0,-1.0,334.0,130.078125,325.3103332519531,128.140625
-1.0,-1.0,326.2203369140625,142.3046875,335.71185302734375,144.2109375,336.6610107421875,164.2265625,341.4067687988281,179.4765625,315.7796630859375,141.3515625,310.0847473144531,159.4609375,307.2372741699219,174.7109375,330.0169372558594,176.6171875,329.06781005859375,203.3046875,324.322021484375,226.1796875,315.7796630859375,174.7109375,316.72882080078125,200.4453125,312.93218994140625,222.3671875,-1.0,-1.0,-1.0,-1.0,335.71185302734375,130.8671875,326.2203369140625,128.9609375
-1.0,-1.0,327.4955749511719,142.3046875,338.00885009765625,144.2109375,338.964599609375,163.2734375,338.00885009765625,174.7109375,316.9822998046875,141.3515625,311.247802734375,159.4609375,308.3805236816406,174.7109375,330.3628234863281,175.6640625,328.4513244628906,199.4921875,324.6283264160156,225.2265625,316.9822998046875,173.7578125,317.93804931640625,197.5859375,316.02655029296875,220.4609375,-1.0,-1.0,-1.0,-1.0,336.09735107421875,129.9140625,326.5398254394531,128.0078125
-1.0,-1.0,328.21051025390625,142.16015625,337.6842041015625,144.05078125,338.631591796875,161.06640625,337.6842041015625,172.41015625,317.78948974609375,140.26953125,312.1052551269531,159.17578125,309.2631530761719,174.30078125,330.1052551269531,173.35546875,328.21051025390625,198.87890625,324.4210510253906,222.51171875,317.78948974609375,172.41015625,319.6842041015625,196.98828125,318.7368469238281,220.62109375,-1.0,-1.0,-1.0,-1.0,336.7368469238281,130.81640625,327.2631530761719,128.92578125
-1.0,-1.0,327.95574951171875,142.90625,338.2743225097656,143.84375,338.2743225097656,160.71875,339.21240234375,173.84375,318.5752258300781,141.03125,312.9468994140625,159.78125,310.13275146484375,173.84375,330.7698974609375,173.84375,328.893798828125,199.15625,325.1416015625,224.46875,318.5752258300781,171.96875,319.5132751464844,197.28125,318.5752258300781,221.65625,-1.0,-1.0,-1.0,-1.0,337.3362731933594,130.71875,327.95574951171875,128.84375
-1.0,-1.0,328.25,142.77734375,338.46429443359375,144.63671875,338.46429443359375,160.44140625,340.3214111328125,175.31640625,318.96429443359375,141.84765625,313.3928527832031,159.51171875,310.6071472167969,175.31640625,331.03570556640625,174.38671875,328.25,200.41796875,324.53570556640625,225.51953125,318.03570556640625,173.45703125,319.8928527832031,198.55859375,318.96429443359375,223.66015625,-1.0,-1.0,-1.0,-1.0,337.53570556640625,131.62109375,328.25,129.76171875
-1.0,-1.0,328.9459533691406,143.5859375,338.1351318359375,145.4296875,339.0540466308594,160.1796875,339.97296142578125,174.0078125,319.7567443847656,142.6640625,313.3243103027344,160.1796875,312.4053955078125,174.9296875,330.7837829589844,174.0078125,328.9459533691406,197.9765625,326.1891784667969,221.9453125,318.83782958984375,172.1640625,318.83782958984375,196.1328125,317.0,217.3359375,-1.0,-1.0,-1.0,-1.0,338.1351318359375,132.5234375,328.9459533691406,130.6796875
-1.0,-1.0,329.6875,144.30859375,337.8839111328125,146.13671875,338.7946472167969,163.50390625,339.7053527832031,175.38671875,320.5803527832031,143.39453125,314.2053527832031,160.76171875,315.1160583496094,170.81640625,331.5089416503906,177.21484375,327.8660583496094,202.80859375,326.9553527832031,222.00390625,319.6696472167969,176.30078125,319.6696472167969,200.06640625,316.9375,221.08984375,-1.0,-1.0,-1.0,-1.0,338.7946472167969,133.33984375,329.6875,131.51171875
-1.0,-1.0,330.6759338378906,145.109375,339.75,146.015625,340.65740966796875,162.328125,340.65740966796875,175.015625,321.60186767578125,144.203125,315.25,162.328125,313.4351806640625,175.921875,332.4907531738281,178.640625,328.8611145019531,204.015625,326.1388854980469,227.578125,319.78704833984375,177.734375,319.78704833984375,202.203125,-1.0,-1.0,-1.0,-1.0,-1.0,-1.0,339.75,134.234375,330.6759338378906,132.421875
-1.0,-1.0,331.8715515136719,145.91015625,339.96331787109375,146.80859375,340.8623962402344,162.08203125,-1.0,-1.0,322.8807373046875,144.11328125,316.587158203125,163.87890625,315.6880798339844,177.35546875,331.8715515136719,179.15234375,330.0733947753906,205.20703125,328.2752380371094,223.17578125,321.08258056640625,177.35546875,321.08258056640625,202.51171875,-1.0,-1.0,-1.0,-1.0,-1.0,-1.0,340.8623962402344,134.23046875,330.0733947753906,132.43359375
-1.0,-1.0,332.8715515136719,145.80859375,341.8623962402344,147.60546875,341.8623962402344,165.57421875,-1.0,-1.0,323.8807373046875,144.91015625,316.6880798339844,166.47265625,312.1926574707031,179.94921875,332.8715515136719,180.84765625,329.2752380371094,204.20703125,-1.0,-1.0,333.7706298828125,181.74609375,318.4862365722656,204.20703125,-1.0,-1.0,-1.0,-1.0,-1.0,-1.0,340.96331787109375,135.02734375,331.0733947753906,133.23046875
