-1.0,-1.0,28.114286422729492,134.42578125,40.68571472167969,129.39453125,41.9428596496582,147.00390625,-1.0,-1.0,18.057144165039062,141.97265625,13.028572082519531,153.29296875,-1.0,-1.0,29.371429443359375,165.87109375,25.600000381469727,197.31640625,20.571430206298828,233.79296875,19.314285278320312,165.87109375,21.828571319580078,198.57421875,18.057144165039062,230.01953125,-1.0,-1.0,-1.0,-1.0,38.17142868041992,120.58984375,-1.0,-1.0
-1.0,-1.0,33.88571548461914,129.39453125,42.68571472167969,128.13671875,45.20000076293945,149.51953125,50.228572845458984,165.87109375,25.08571434020996,129.39453125,-1.0,-1.0,-1.0,-1.0,41.42857360839844,164.61328125,48.971431732177734,204.86328125,54.0,233.79296875,-1.0,-1.0,-1.0,-1.0,-1.0,-1.0,-1.0,-1.0,-1.0,-1.0,40.17142868041992,114.30078125,27.600000381469727,116.81640625
-1.0,-1.0,36.397056579589844,128.13671875,45.25,128.13671875,46.514705657958984,148.26171875,51.57352828979492,165.87109375,30.073530197143555,128.13671875,-1.0,-1.0,-1.0,-1.0,43.985294342041016,164.61328125,47.77941131591797,185.99609375,51.57352828979492,230.01953125,26.27941131591797,164.61328125,25.014705657958984,197.31640625,19.955883026123047,230.01953125,-1.0,-1.0,-1.0,-1.0,42.72058868408203,113.04296875,33.867645263671875,115.55859375
-1.0,-1.0,37.132354736328125,129.39453125,48.514705657958984,129.39453125,49.77941131591797,150.77734375,53.57352828979492,160.83984375,27.014705657958984,129.39453125,25.75,148.26171875,-1.0,-1.0,47.25,169.64453125,52.30882263183594,206.12109375,-1.0,-1.0,27.014705657958984,167.12890625,25.75,198.57421875,20.691177368164062,227.50390625,-1.0,-1.0,-1.0,-1.0,45.985294342041016,114.30078125,-1.0,-1.0
-1.0,-1.0,40.397056579589844,129.39453125,50.514705657958984,128.13671875,51.77941131591797,143.23046875,55.57352828979492,158.32421875,31.544116973876953,129.39453125,27.75,145.74609375,-1.0,-1.0,46.72058868408203,162.09765625,55.57352828979492,189.76953125,56.838233947753906,209.89453125,31.544116973876953,162.09765625,26.485294342041016,201.08984375,21.426471710205078,227.50390625,-1.0,-1.0,-1.0,-1.0,-1.0,-1.0,-1.0,-1.0
-1.0,-1.0,43.661766052246094,130.65234375,55.04411697387695,129.39453125,57.57352828979492,148.26171875,58.838233947753906,159.58203125,33.54411697387695,130.65234375,32.27941131591797,152.03515625,-1.0,-1.0,51.25,165.87109375,57.57352828979492,198.57421875,62.632354736328125,223.73046875,34.80882263183594,164.61328125,31.014705657958984,198.57421875,22.16176414489746,228.76171875,-1.0,-1.0,-1.0,-1.0,52.514705657958984,116.81640625,42.397056579589844,118.07421875
-1.0,-1.0,46.92647171020508,128.13671875,55.77941131591797,129.39453125,59.57352828979492,144.48828125,60.838233947753906,160.83984375,36.80882263183594,128.13671875,34.27941131591797,143.23046875,-1.0,-1.0,53.25,165.87109375,59.57352828979492,197.31640625,64.63235473632812,224.98828125,38.07353210449219,163.35546875,33.014705657958984,201.08984375,24.16176414489746,227.50390625,-1.0,-1.0,-1.0,-1.0,53.25,119.33203125,43.132354736328125,118.07421875
-1.0,-1.0,50.19117736816406,129.39453125,59.04411697387695,129.39453125,60.30882263183594,147.00390625,62.838233947753906,160.83984375,40.07353210449219,130.65234375,36.27941131591797,147.00390625,37.54411697387695,158.32421875,53.985294342041016,164.61328125,61.57352828979492,199.83203125,61.57352828979492,230.01953125,40.07353210449219,163.35546875,37.54411697387695,198.57421875,24.897058486938477,222.47265625,-1.0,-1.0,-1.0,-1.0,59.04411697387695,118.07421875,46.397056579589844,118.07421875
-1.0,-1.0,52.19117736816406,128.13671875,62.30882263183594,129.39453125,63.57352828979492,145.74609375,66.10294342041016,160.83984375,43.338233947753906,128.13671875,38.27941131591797,145.74609375,39.54411697387695,159.58203125,58.514705657958984,162.09765625,63.57352828979492,198.57421875,64.8382339477539,232.53515625,44.602943420410156,159.58203125,42.07353210449219,198.57421875,26.897058486938477,222.47265625,-1.0,-1.0,-1.0,-1.0,59.77941131591797,116.81640625,49.661766052246094,118.07421875
-1.0,-1.0,53.400001525878906,128.13671875,63.45714569091797,126.87890625,65.971435546875,147.00390625,67.22857666015625,162.09765625,43.342857360839844,128.13671875,42.085716247558594,152.03515625,-1.0,-1.0,62.20000076293945,167.12890625,65.971435546875,201.08984375,65.971435546875,232.53515625,47.114288330078125,164.61328125,47.114288330078125,199.83203125,32.02857208251953,218.69921875,-1.0,-1.0,-1.0,-1.0,63.45714569091797,120.58984375,-1.0,-1.0
-1.0,-1.0,55.400001525878906,129.39453125,65.45714569091797,129.39453125,67.971435546875,149.51953125,69.22857666015625,162.09765625,44.085716247558594,129.39453125,42.82857131958008,148.26171875,-1.0,-1.0,64.19999694824219,165.87109375,66.71428680419922,202.34765625,65.45714569091797,230.01953125,49.114288330078125,165.87109375,50.371429443359375,201.08984375,37.79999923706055,217.44140625,-1.0,-1.0,-1.0,-1.0,64.19999694824219,115.55859375,51.628570556640625,115.55859375
-1.0,-1.0,54.88571548461914,128.13671875,66.19999694824219,128.13671875,69.971435546875,145.74609375,71.22857666015625,162.09765625,46.085716247558594,129.39453125,44.82857131958008,149.51953125,-1.0,-1.0,64.94285583496094,164.61328125,67.45714569091797,202.34765625,66.19999694824219,231.27734375,51.114288330078125,164.61328125,56.142860412597656,201.08984375,38.5428581237793,218.69921875,-1.0,-1.0,-1.0,-1.0,66.19999694824219,121.84765625,-1.0,-1.0
-1.0,-1.0,56.88571548461914,130.65234375,68.19999694824219,130.65234375,71.971435546875,149.51953125,73.22857666015625,163.35546875,46.82857131958008,131.91015625,48.085716247558594,150.77734375,-1.0,-1.0,65.68571472167969,162.09765625,69.45714569091797,201.08984375,65.68571472167969,230.01953125,53.114288330078125,162.09765625,59.400001525878906,198.57421875,45.57143020629883,217.44140625,-1.0,-1.0,-1.0,-1.0,66.94285583496094,123.10546875,-1.0,-1.0
-1.0,-1.0,58.88571548461914,130.65234375,68.94285583496094,130.65234375,75.22857666015625,149.51953125,76.4857177734375,164.61328125,48.82857131958008,130.65234375,48.82857131958008,153.29296875,-1.0,-1.0,68.94285583496094,162.09765625,68.94285583496094,197.31640625,66.42857360839844,230.01953125,55.114288330078125,163.35546875,62.657142639160156,197.31640625,53.85714340209961,216.18359375,-1.0,-1.0,-1.0,-1.0,66.42857360839844,123.10546875,-1.0,-1.0
-1.0,-1.0,62.142860412597656,130.65234375,72.19999694824219,131.91015625,75.971435546875,149.51953125,78.4857177734375,165.87109375,52.085716247558594,130.65234375,50.82857131958008,150.77734375,-1.0,-1.0,68.42857360839844,162.09765625,70.94285583496094,196.05859375,67.17143249511719,228.76171875,55.85714340209961,163.35546875,67.17143249511719,194.80078125,57.114288330078125,219.95703125,-1.0,-1.0,-1.0,-1.0,70.94285583496094,121.84765625,-1.0,-1.0
-1.0,-1.0,65.4000015258789,134.42578125,75.45714569091797,134.42578125,77.971435546875,150.77734375,80.4857177734375,167.12890625,55.342857360839844,133.16796875,54.085716247558594,152.03515625,-1.0,-1.0,72.94285583496094,164.61328125,70.42857360839844,197.31640625,65.4000015258789,226.24609375,61.628570556640625,164.61328125,71.68571472167969,197.31640625,62.88571548461914,226.24609375,-1.0,-1.0,-1.0,-1.0,72.94285583496094,126.87890625,-1.0,-1.0
76.19999694824219,130.65234375,67.4000015258789,133.16796875,77.45714569091797,135.68359375,79.971435546875,150.77734375,82.4857177734375,165.87109375,57.342857360839844,133.16796875,56.085716247558594,152.03515625,-1.0,-1.0,73.68571472167969,163.35546875,71.17143249511719,198.57421875,67.4000015258789,228.76171875,62.371429443359375,163.35546875,72.42857360839844,197.31640625,68.65714263916016,224.98828125,74.94285583496094,128.13671875,-1.0,-1.0,72.42857360839844,126.87890625,-1.0,-1.0
-1.0,-1.0,68.14286041259766,133.16796875,79.45714569091797,134.42578125,81.971435546875,149.51953125,84.4857177734375,168.38671875,58.085716247558594,133.16796875,56.82857131958008,152.03515625,-1.0,-1.0,75.68571472167969,163.35546875,70.65714263916016,199.83203125,68.14286041259766,228.76171875,63.114288330078125,164.61328125,76.94285583496094,201.08984375,75.68571472167969,227.50390625,-1.0,-1.0,-1.0,-1.0,74.42857360839844,126.87890625,-1.0,-1.0
79.51470947265625,129.39453125,69.39705657958984,133.16796875,60.54411697387695,133.16796875,59.27941131591797,152.03515625,64.3382339477539,148.26171875,79.51470947265625,133.16796875,84.57353210449219,149.51953125,85.8382339477539,165.87109375,66.86764526367188,163.35546875,70.6617660522461,198.57421875,68.13235473632812,226.24609375,78.25,160.83984375,79.51470947265625,197.31640625,82.04411315917969,226.24609375,79.51470947265625,128.13671875,80.77941131591797,126.87890625,74.45588684082031,125.62109375,-1.0,-1.0
81.51470947265625,131.91015625,73.92646789550781,135.68359375,63.80882263183594,134.42578125,62.54411697387695,153.29296875,67.60294342041016,148.26171875,84.04411315917969,136.94140625,86.57353210449219,150.77734375,89.10294342041016,164.61328125,70.13235473632812,164.61328125,72.6617660522461,199.83203125,67.60294342041016,228.76171875,81.51470947265625,164.61328125,78.98529052734375,199.83203125,87.8382339477539,228.76171875,80.25,129.39453125,82.77941131591797,129.39453125,75.19117736816406,128.13671875,-1.0,-1.0
-1.0,-1.0,75.92646789550781,136.94140625,84.77941131591797,136.94140625,88.57353210449219,152.03515625,91.10294342041016,164.61328125,64.54412078857422,135.68359375,63.27941131591797,152.03515625,-1.0,-1.0,80.98529052734375,164.61328125,75.92646789550781,201.08984375,67.07353210449219,227.50390625,68.3382339477539,165.87109375,82.25,199.83203125,89.8382339477539,227.50390625,-1.0,-1.0,-1.0,-1.0,82.25,128.13671875,69.60294342041016,124.36328125
-1.0,-1.0,77.92646789550781,136.94140625,88.04411315917969,136.94140625,90.57353210449219,153.29296875,94.36764526367188,165.87109375,67.80882263183594,136.94140625,65.27941131591797,154.55078125,65.27941131591797,177.19140625,82.98529052734375,165.87109375,81.72058868408203,202.34765625,69.07353210449219,224.98828125,71.60294342041016,165.87109375,82.98529052734375,199.83203125,93.10294342041016,226.24609375,-1.0,-1.0,-1.0,-1.0,85.51470947265625,128.13671875,71.60294342041016,125.62109375
-1.0,-1.0,79.92646789550781,136.94140625,88.77941131591797,135.68359375,93.8382339477539,155.80859375,97.63235473632812,167.12890625,69.80882263183594,136.94140625,68.54412078857422,155.80859375,67.27941131591797,173.41796875,86.25,167.12890625,74.86764526367188,204.86328125,68.54412078857422,227.50390625,73.60294342041016,167.12890625,87.51470947265625,202.34765625,95.10294342041016,228.76171875,-1.0,-1.0,-1.0,-1.0,86.25,125.62109375,73.60294342041016,125.62109375
-1.0,-1.0,81.92646789550781,138.19921875,71.80882263183594,139.45703125,70.54412078857422,160.83984375,70.54412078857422,177.19140625,92.04411315917969,136.94140625,97.10294342041016,157.06640625,-1.0,-1.0,79.39705657958984,170.90234375,-1.0,-1.0,-1.0,-1.0,89.51470947265625,170.90234375,90.77941131591797,206.12109375,95.8382339477539,228.76171875,-1.0,-1.0,-1.0,-1.0,-1.0,-1.0,-1.0,-1.0
-1.0,-1.0,83.92646789550781,136.94140625,92.77941131591797,135.68359375,97.8382339477539,154.55078125,-1.0,-1.0,73.80882263183594,136.94140625,71.27941131591797,157.06640625,71.27941131591797,174.67578125,88.98529052734375,165.87109375,90.25,194.80078125,71.27941131591797,222.47265625,77.60294342041016,165.87109375,91.51470947265625,196.05859375,96.57353210449219,228.76171875,-1.0,-1.0,-1.0,-1.0,90.25,121.84765625,78.86764526367188,123.10546875
-1.0,-1.0,85.14286041259766,135.68359375,95.19999694824219,134.42578125,101.4857177734375,153.29296875,104.0,163.35546875,75.0857162475586,136.94140625,73.82857513427734,157.06640625,72.57142639160156,173.41796875,91.42857360839844,164.61328125,87.65714263916016,198.57421875,73.82857513427734,221.21484375,80.11428833007812,165.87109375,81.37142944335938,194.80078125,73.82857513427734,224.98828125,-1.0,-1.0,-1.0,-1.0,92.68571472167969,120.58984375,81.37142944335938,120.58984375
-1.0,-1.0,87.14286041259766,135.68359375,97.19999694824219,134.42578125,102.22857666015625,154.55078125,104.74285888671875,169.64453125,77.0857162475586,136.94140625,75.82857513427734,157.06640625,73.31428527832031,174.67578125,93.42857360839844,165.87109375,94.68571472167969,198.57421875,77.0857162475586,222.47265625,80.85714721679688,165.87109375,82.11428833007812,198.57421875,75.82857513427734,223.73046875,-1.0,-1.0,-1.0,-1.0,94.68571472167969,123.10546875,82.11428833007812,124.36328125
-1.0,-1.0,-1.0,-1.0,-1.0,-1.0,-1.0,-1.0,-1.0,-1.0,-1.0,-1.0,-1.0,-1.0,-1.0,-1.0,84.11428833007812,182.22265625,81.5999984741211,203.60546875,77.82857513427734,219.95703125,-1.0,-1.0,-1.0,-1.0,-1.0,-1.0,-1.0,-1.0,-1.0,-1.0,-1.0,-1.0,-1.0,-1.0
-1.0,-1.0,92.4000015258789,135.68359375,101.19999694824219,134.42578125,106.22857666015625,150.77734375,107.4857177734375,157.06640625,82.34285736083984,135.68359375,79.82857513427734,157.06640625,78.57142639160156,173.41796875,99.94285583496094,165.87109375,98.68571472167969,199.83203125,99.94285583496094,227.50390625,87.37142944335938,167.12890625,93.65714263916016,198.57421875,99.94285583496094,227.50390625,-1.0,-1.0,-1.0,-1.0,97.42857360839844,121.84765625,-1.0,-1.0
-1.0,-1.0,93.14286041259766,134.42578125,101.94285583496094,133.16796875,105.71428680419922,148.26171875,106.971435546875,155.80859375,83.0857162475586,135.68359375,81.82857513427734,155.80859375,80.57142639160156,174.67578125,100.68571472167969,162.09765625,101.94285583496094,184.73828125,-1.0,-1.0,88.11428833007812,164.61328125,93.14286041259766,189.76953125,-1.0,-1.0,-1.0,-1.0,-1.0,-1.0,99.42857360839844,119.33203125,-1.0,-1.0
-1.0,-1.0,93.88571166992188,134.42578125,103.94285583496094,131.91015625,108.971435546875,149.51953125,108.971435546875,157.06640625,85.0857162475586,134.42578125,85.0857162475586,150.77734375,-1.0,-1.0,103.94285583496094,162.09765625,106.45714569091797,196.05859375,-1.0,-1.0,90.11428833007812,164.61328125,100.17143249511719,198.57421875,98.91429138183594,214.92578125,-1.0,-1.0,-1.0,-1.0,101.42857360839844,119.33203125,-1.0,-1.0
-1.0,-1.0,98.4000015258789,136.94140625,107.19999694824219,136.94140625,112.22857666015625,155.80859375,108.45714569091797,157.06640625,88.34285736083984,136.94140625,87.0857162475586,153.29296875,-1.0,-1.0,105.94285583496094,168.38671875,105.94285583496094,196.05859375,-1.0,-1.0,92.11428833007812,169.64453125,97.14286041259766,197.31640625,-1.0,-1.0,-1.0,-1.0,-1.0,-1.0,-1.0,-1.0,-1.0,-1.0
-1.0,-1.0,97.68115997314453,133.875,106.40579223632812,132.625,113.8840560913086,152.625,-1.0,-1.0,87.71014404296875,133.875,88.9565200805664,152.625,-1.0,-1.0,103.91304016113281,172.625,101.4202880859375,201.375,103.91304016113281,228.875,91.44927215576172,172.625,98.92753601074219,206.375,97.68115997314453,227.625,-1.0,-1.0,-1.0,-1.0,102.66666412353516,117.625,92.69564819335938,118.875
-1.0,-1.0,100.14286041259766,133.875,110.19999694824219,132.625,115.22857666015625,152.625,-1.0,-1.0,90.0857162475586,135.125,90.0857162475586,152.625,-1.0,-1.0,108.94285583496094,170.125,111.45714569091797,198.875,-1.0,-1.0,93.85714721679688,170.125,96.37142944335938,202.625,97.62857055664062,226.375,-1.0,-1.0,-1.0,-1.0,107.68571472167969,118.875,95.11428833007812,118.875
-1.0,-1.0,100.16901397705078,135.82421875,111.32394409179688,134.58203125,115.04225158691406,153.21484375,-1.0,-1.0,90.25352478027344,137.06640625,90.25352478027344,150.73046875,-1.0,-1.0,106.36619567871094,161.91015625,-1.0,-1.0,-1.0,-1.0,108.8450698852539,165.63671875,115.04225158691406,196.69140625,-1.0,-1.0,-1.0,-1.0,-1.0,-1.0,106.36619567871094,120.91796875,-1.0,-1.0
-1.0,-1.0,105.02857208251953,155.2734375,111.17143249511719,155.2734375,114.85714721679688,165.1484375,-1.0,-1.0,97.65714263916016,156.5078125,-1.0,-1.0,-1.0,-1.0,106.25714111328125,182.4296875,102.57142639160156,207.1171875,98.88571166992188,228.1015625,96.42857360839844,181.1953125,97.65714263916016,205.8828125,98.88571166992188,228.1015625,-1.0,-1.0,-1.0,-1.0,-1.0,-1.0,-1.0,-1.0
-1.0,-1.0,106.5,136.22265625,116.27777862548828,136.22265625,119.94444274902344,157.07421875,122.38888549804688,168.11328125,96.72222137451172,137.44921875,94.27777862548828,152.16796875,-1.0,-1.0,113.83332824707031,168.11328125,118.72222137451172,197.55078125,-1.0,-1.0,99.16666412353516,166.88671875,97.94444274902344,198.77734375,99.16666412353516,226.98828125,-1.0,-1.0,-1.0,-1.0,113.83332824707031,122.73046875,-1.0,-1.0
-1.0,-1.0,107.5,136.22265625,117.27777862548828,136.22265625,120.94444274902344,157.07421875,123.38888549804688,169.33984375,97.72222137451172,137.44921875,95.27777862548828,154.62109375,-1.0,-1.0,114.83332824707031,170.56640625,118.5,196.32421875,118.5,219.62890625,101.38888549804688,168.11328125,100.16666412353516,198.77734375,98.94444274902344,225.76171875,-1.0,-1.0,-1.0,-1.0,116.05555725097656,122.73046875,-1.0,-1.0
-1.0,-1.0,110.46479034423828,140.578125,118.94366455078125,138.140625,121.36619567871094,160.078125,-1.0,-1.0,99.5633773803711,143.015625,-1.0,-1.0,-1.0,-1.0,116.52112579345703,172.265625,100.77464294433594,199.078125,99.5633773803711,225.890625,103.19718170166016,171.046875,100.77464294433594,199.078125,100.77464294433594,219.796875,-1.0,-1.0,-1.0,-1.0,-1.0,-1.0,-1.0,-1.0
-1.0,-1.0,111.72222137451172,138.140625,121.5,136.921875,123.94444274902344,158.859375,126.38888549804688,171.046875,101.94444274902344,138.140625,98.27777862548828,155.203125,-1.0,-1.0,119.05555725097656,173.484375,123.94444274902344,199.078125,126.38888549804688,216.140625,105.61111450195312,172.265625,103.16666412353516,197.859375,99.5,225.890625,-1.0,-1.0,-1.0,-1.0,119.05555725097656,123.515625,-1.0,-1.0
-1.0,-1.0,-1.0,-1.0,-1.0,-1.0,-1.0,-1.0,-1.0,-1.0,-1.0,-1.0,-1.0,-1.0,-1.0,-1.0,119.30986022949219,177.58203125,108.408447265625,198.16796875,99.92958068847656,228.44140625,-1.0,-1.0,-1.0,-1.0,-1.0,-1.0,-1.0,-1.0,-1.0,-1.0,-1.0,-1.0,-1.0,-1.0
-1.0,-1.0,119.54794311523438,154.57421875,-1.0,-1.0,-1.0,-1.0,-1.0,-1.0,-1.0,-1.0,-1.0,-1.0,-1.0,-1.0,114.72602844238281,182.42578125,108.6986312866211,204.22265625,101.46575164794922,224.80859375,121.95890808105469,171.52734375,-1.0,-1.0,-1.0,-1.0,-1.0,-1.0,-1.0,-1.0,-1.0,-1.0,-1.0,-1.0
116.25352478027344,126.2890625,118.67605590820312,138.3203125,110.19718170166016,140.7265625,108.98591613769531,153.9609375,113.83098602294922,152.7578125,125.94366455078125,137.1171875,-1.0,-1.0,-1.0,-1.0,118.67605590820312,170.8046875,115.04225158691406,199.6796875,102.92958068847656,224.9453125,128.36619567871094,168.3984375,-1.0,-1.0,-1.0,-1.0,115.04225158691406,125.0859375,-1.0,-1.0,-1.0,-1.0,-1.0,-1.0
-1.0,-1.0,122.54794311523438,157.5703125,128.57534790039062,157.5703125,-1.0,-1.0,-1.0,-1.0,115.31507110595703,157.5703125,-1.0,-1.0,-1.0,-1.0,128.57534790039062,181.6328125,126.16438293457031,203.2890625,127.36986541748047,220.1328125,115.31507110595703,180.4296875,118.93150329589844,202.0859375,108.08219146728516,218.9296875,-1.0,-1.0,-1.0,-1.0,-1.0,-1.0,-1.0,-1.0
-1.0,-1.0,121.91891479492188,139.01953125,129.05404663085938,139.01953125,-1.0,-1.0,-1.0,-1.0,117.16216278076172,139.01953125,113.59459686279297,154.55859375,-1.0,-1.0,131.43243408203125,174.87890625,133.81080627441406,202.37109375,131.43243408203125,226.27734375,118.35134887695312,170.09765625,-1.0,-1.0,-1.0,-1.0,-1.0,-1.0,-1.0,-1.0,-1.0,-1.0,-1.0,-1.0
-1.0,-1.0,122.26388549804688,137.53125,130.625,137.53125,-1.0,-1.0,-1.0,-1.0,115.09722137451172,138.71875,115.09722137451172,156.53125,-1.0,-1.0,131.81944274902344,173.15625,134.2083282470703,204.03125,130.625,231.34375,119.875,171.96875,123.45832824707031,201.65625,111.51388549804688,220.65625,-1.0,-1.0,-1.0,-1.0,-1.0,-1.0,-1.0,-1.0
-1.0,-1.0,125.09333038330078,157.11328125,132.13333129882812,155.93359375,-1.0,-1.0,-1.0,-1.0,118.05332946777344,159.47265625,-1.0,-1.0,-1.0,-1.0,-1.0,-1.0,-1.0,-1.0,-1.0,-1.0,121.57333374023438,177.16796875,126.26666259765625,201.94140625,114.53333282470703,217.27734375,-1.0,-1.0,-1.0,-1.0,-1.0,-1.0,-1.0,-1.0
-1.0,-1.0,127.80821990966797,157.11328125,133.69863891601562,157.11328125,-1.0,-1.0,-1.0,-1.0,120.73973083496094,158.29296875,116.02739715576172,171.26953125,117.20548248291016,185.42578125,133.69863891601562,177.16796875,134.876708984375,201.94140625,133.69863891601562,225.53515625,124.27397155761719,177.16796875,126.63014221191406,199.58203125,118.38356018066406,219.63671875,-1.0,-1.0,-1.0,-1.0,-1.0,-1.0,-1.0,-1.0
-1.0,-1.0,127.63014221191406,138.9453125,120.5616455078125,140.1171875,119.38356018066406,155.3515625,125.27397155761719,154.1796875,133.5205535888672,138.9453125,-1.0,-1.0,-1.0,-1.0,134.69863891601562,174.1015625,133.5205535888672,201.0546875,134.69863891601562,224.4921875,122.91780853271484,172.9296875,127.63014221191406,199.8828125,124.09589385986328,223.3203125,-1.0,-1.0,-1.0,-1.0,-1.0,-1.0,-1.0,-1.0
-1.0,-1.0,131.44000244140625,158.8671875,134.95999145507812,158.8671875,-1.0,-1.0,-1.0,-1.0,126.74666595458984,160.0390625,-1.0,-1.0,-1.0,-1.0,136.13333129882812,182.3046875,134.95999145507812,202.2265625,134.95999145507812,224.4921875,129.0933380126953,181.1328125,130.26666259765625,202.2265625,127.91999816894531,224.4921875,-1.0,-1.0,-1.0,-1.0,-1.0,-1.0,-1.0,-1.0
-1.0,-1.0,132.54054260253906,157.11328125,138.35134887695312,158.27734375,-1.0,-1.0,-1.0,-1.0,125.56756591796875,158.27734375,119.75675964355469,158.27734375,-1.0,-1.0,137.18919372558594,182.72265625,134.8648681640625,203.67578125,132.54054260253906,226.95703125,126.72972869873047,181.55859375,131.37838745117188,202.51171875,-1.0,-1.0,-1.0,-1.0,-1.0,-1.0,-1.0,-1.0,-1.0,-1.0
-1.0,-1.0,132.37838745117188,139.65234375,124.24324035644531,140.81640625,123.08108520507812,157.11328125,130.05404663085938,153.62109375,139.35134887695312,137.32421875,-1.0,-1.0,-1.0,-1.0,126.56756591796875,171.08203125,133.54054260253906,203.67578125,133.54054260253906,228.12109375,140.51351928710938,171.08203125,-1.0,-1.0,-1.0,-1.0,-1.0,-1.0,-1.0,-1.0,-1.0,-1.0,-1.0,-1.0
-1.0,-1.0,133.84210205078125,139.203125,126.89473724365234,140.359375,125.7368392944336,155.390625,-1.0,-1.0,141.94737243652344,138.046875,-1.0,-1.0,-1.0,-1.0,128.05262756347656,172.734375,130.36842346191406,205.109375,131.5263214111328,225.921875,141.94737243652344,170.421875,139.63157653808594,202.796875,138.4736785888672,225.921875,-1.0,-1.0,-1.0,-1.0,-1.0,-1.0,-1.0,-1.0
-1.0,-1.0,135.37838745117188,141.515625,138.8648681640625,142.671875,-1.0,-1.0,-1.0,-1.0,128.40541076660156,141.515625,123.75675964355469,157.703125,-1.0,-1.0,138.8648681640625,172.734375,-1.0,-1.0,-1.0,-1.0,128.40541076660156,165.796875,138.8648681640625,202.796875,134.21621704101562,228.234375,-1.0,-1.0,-1.0,-1.0,-1.0,-1.0,-1.0,-1.0
-1.0,-1.0,136.37838745117188,142.671875,-1.0,-1.0,-1.0,-1.0,-1.0,-1.0,129.40541076660156,143.828125,125.91891479492188,155.390625,-1.0,-1.0,-1.0,-1.0,-1.0,-1.0,-1.0,-1.0,130.56756591796875,166.953125,141.0270233154297,206.265625,136.37838745117188,229.390625,-1.0,-1.0,-1.0,-1.0,-1.0,-1.0,-1.0,-1.0
-1.0,-1.0,137.38665771484375,141.06640625,144.26666259765625,142.21484375,-1.0,-1.0,-1.0,-1.0,130.5066680908203,142.21484375,127.06666564941406,155.99609375,-1.0,-1.0,139.67999267578125,166.33203125,143.1199951171875,199.63671875,135.0933380126953,227.19921875,132.8000030517578,167.48046875,-1.0,-1.0,-1.0,-1.0,-1.0,-1.0,-1.0,-1.0,-1.0,-1.0,-1.0,-1.0
-1.0,-1.0,140.98684692382812,142.61328125,150.0394744873047,142.61328125,-1.0,-1.0,-1.0,-1.0,133.0657958984375,143.74609375,-1.0,-1.0,-1.0,-1.0,142.11842346191406,169.80078125,147.77630615234375,194.72265625,-1.0,-1.0,139.85525512695312,168.66796875,-1.0,-1.0,-1.0,-1.0,-1.0,-1.0,-1.0,-1.0,-1.0,-1.0,-1.0,-1.0
143.11842346191406,129.8125,143.11842346191406,142.1875,135.19737243652344,143.3125,132.9342041015625,157.9375,143.11842346191406,159.0625,149.90789794921875,142.1875,-1.0,-1.0,-1.0,-1.0,141.98684692382812,171.4375,144.25,191.6875,-1.0,-1.0,151.0394744873047,169.1875,-1.0,-1.0,-1.0,-1.0,141.98684692382812,128.6875,-1.0,-1.0,140.85525512695312,129.8125,-1.0,-1.0
143.4615478515625,130.9375,144.58975219726562,143.3125,136.6923065185547,143.3125,134.43589782714844,160.1875,-1.0,-1.0,152.4871826171875,142.1875,-1.0,-1.0,-1.0,-1.0,138.94871520996094,171.4375,-1.0,-1.0,-1.0,-1.0,-1.0,-1.0,-1.0,-1.0,-1.0,-1.0,142.3333282470703,129.8125,-1.0,-1.0,142.3333282470703,129.8125,-1.0,-1.0
-1.0,-1.0,144.03895568847656,142.89453125,152.97402954101562,140.66015625,-1.0,-1.0,-1.0,-1.0,135.10389709472656,142.89453125,133.9870147705078,158.53515625,-1.0,-1.0,151.85714721679688,168.58984375,-1.0,-1.0,-1.0,-1.0,142.9220733642578,168.58984375,-1.0,-1.0,-1.0,-1.0,-1.0,-1.0,-1.0,-1.0,148.50650024414062,129.48828125,-1.0,-1.0
-1.0,-1.0,145.03895568847656,142.89453125,155.09091186523438,140.66015625,159.55844116210938,156.30078125,-1.0,-1.0,136.10389709472656,144.01171875,134.9870147705078,159.65234375,134.9870147705078,165.23828125,151.74026489257812,171.94140625,147.27273559570312,197.63671875,149.50650024414062,211.04296875,142.80519104003906,171.94140625,147.27273559570312,193.16796875,-1.0,-1.0,-1.0,-1.0,-1.0,-1.0,149.50650024414062,129.48828125,-1.0,-1.0
-1.0,-1.0,146.6666717529297,142.4921875,155.4871826171875,141.3828125,158.7948760986328,156.9140625,-1.0,-1.0,136.74359130859375,143.6015625,135.64102172851562,160.2421875,135.64102172851562,171.3359375,153.28204345703125,170.2265625,146.6666717529297,195.7421875,153.28204345703125,207.9453125,142.25640869140625,170.2265625,148.87179565429688,192.4140625,157.6923065185547,205.7265625,-1.0,-1.0,-1.0,-1.0,152.1794891357422,129.1796875,142.25640869140625,130.2890625
-1.0,-1.0,148.76922607421875,141.3828125,157.58975219726562,141.3828125,160.89743041992188,156.9140625,-1.0,-1.0,138.84616088867188,142.4921875,136.64102172851562,160.2421875,-1.0,-1.0,155.38461303710938,169.1171875,158.6923065185547,192.4140625,-1.0,-1.0,143.25640869140625,170.2265625,149.87179565429688,193.5234375,145.46153259277344,221.2578125,-1.0,-1.0,-1.0,-1.0,154.28204345703125,128.0703125,143.25640869140625,130.2890625
-1.0,-1.0,148.6666717529297,141.00390625,158.58975219726562,141.00390625,160.7948760986328,157.52734375,-1.0,-1.0,139.84616088867188,143.20703125,138.74359130859375,156.42578125,-1.0,-1.0,155.28204345703125,172.94921875,-1.0,-1.0,-1.0,-1.0,143.15383911132812,172.94921875,148.6666717529297,198.28515625,147.56410217285156,217.01171875,-1.0,-1.0,-1.0,-1.0,153.07691955566406,128.88671875,-1.0,-1.0
-1.0,-1.0,149.56410217285156,141.00390625,159.4871826171875,139.90234375,160.58975219726562,156.42578125,-1.0,-1.0,140.74359130859375,143.20703125,140.74359130859375,158.62890625,-1.0,-1.0,159.4871826171875,169.64453125,162.7948760986328,197.18359375,-1.0,-1.0,145.15383911132812,170.74609375,148.46153259277344,199.38671875,149.56410217285156,221.41796875,-1.0,-1.0,-1.0,-1.0,156.1794891357422,128.88671875,146.25640869140625,131.08984375
-1.0,-1.0,150.75949096679688,142.921875,160.5569610595703,141.828125,163.82278442382812,159.328125,-1.0,-1.0,142.05062866210938,144.015625,140.96202087402344,158.234375,-1.0,-1.0,159.46835327148438,172.453125,163.82278442382812,199.796875,161.64556884765625,223.859375,146.40505981445312,172.453125,148.582275390625,200.890625,149.67088317871094,223.859375,-1.0,-1.0,-1.0,-1.0,155.11392211914062,129.796875,146.40505981445312,130.890625
-1.0,-1.0,153.3333282470703,142.55078125,162.02468872070312,141.46484375,165.28395080566406,159.92578125,-1.0,-1.0,144.6419677734375,143.63671875,142.46913146972656,158.83984375,148.98765563964844,158.83984375,160.93826293945312,171.87109375,165.28395080566406,199.01953125,165.28395080566406,217.48046875,147.90122985839844,172.95703125,148.98765563964844,199.01953125,148.98765563964844,222.91015625,-1.0,-1.0,-1.0,-1.0,158.7654266357422,129.51953125,148.98765563964844,131.69140625
-1.0,-1.0,154.8480987548828,143.63671875,163.5569610595703,142.55078125,166.82278442382812,161.01171875,-1.0,-1.0,145.05062866210938,144.72265625,143.96202087402344,159.92578125,146.1392364501953,172.95703125,162.46835327148438,172.95703125,166.82278442382812,200.10546875,165.7341766357422,223.99609375,150.49366760253906,172.95703125,149.40505981445312,201.19140625,150.49366760253906,223.99609375,-1.0,-1.0,-1.0,-1.0,160.2911376953125,129.51953125,149.40505981445312,131.69140625
-1.0,-1.0,155.4875030517578,144.3515625,164.08749389648438,143.2734375,167.3125,161.6015625,-1.0,-1.0,145.8125,145.4296875,144.7375030517578,161.6015625,152.2624969482422,159.4453125,163.0124969482422,175.6171875,167.3125,202.5703125,167.3125,225.2109375,151.1875,175.6171875,150.1125030517578,202.5703125,150.1125030517578,225.2109375,-1.0,-1.0,-1.0,-1.0,160.8625030517578,130.3359375,151.1875,132.4921875
-1.0,-1.0,156.41250610351562,145.4296875,166.08749389648438,144.3515625,169.3125,162.6796875,-1.0,-1.0,147.8125,146.5078125,147.8125,162.6796875,149.96249389648438,173.4609375,165.0124969482422,175.6171875,168.2375030517578,202.5703125,169.3125,224.1328125,152.1125030517578,175.6171875,149.96249389648438,202.5703125,151.03750610351562,225.2109375,-1.0,-1.0,-1.0,-1.0,162.8625030517578,131.4140625,153.1875,132.4921875
-1.0,-1.0,158.4875030517578,146.13671875,167.08749389648438,145.06640625,171.3874969482422,161.12109375,-1.0,-1.0,148.8125,147.20703125,147.7375030517578,163.26171875,145.58749389648438,178.24609375,166.0124969482422,176.10546875,170.3125,201.79296875,-1.0,-1.0,154.1875,177.17578125,152.03750610351562,201.79296875,150.96249389648438,224.26953125,-1.0,-1.0,-1.0,-1.0,161.71249389648438,132.22265625,-1.0,-1.0
-1.0,-1.0,159.4875030517578,146.13671875,168.08749389648438,145.06640625,-1.0,-1.0,-1.0,-1.0,149.8125,148.27734375,146.58749389648438,163.26171875,145.5124969482422,175.03515625,167.0124969482422,175.03515625,-1.0,-1.0,-1.0,-1.0,154.1125030517578,173.96484375,153.03750610351562,201.79296875,-1.0,-1.0,-1.0,-1.0,-1.0,-1.0,161.6374969482422,133.29296875,-1.0,-1.0
-1.0,-1.0,160.6049346923828,146.84375,170.16049194335938,145.78125,173.34567260742188,163.84375,-1.0,-1.0,152.11111450195312,146.84375,149.98765563964844,161.71875,146.80247497558594,173.40625,169.0987548828125,175.53125,171.22222900390625,205.28125,173.34567260742188,223.34375,156.3580322265625,174.46875,153.17283630371094,205.28125,151.04937744140625,223.34375,-1.0,-1.0,-1.0,-1.0,165.91357421875,134.09375,159.543212890625,134.09375
-1.0,-1.0,164.79013061523438,162.78125,157.3580322265625,162.78125,-1.0,-1.0,-1.0,-1.0,-1.0,-1.0,-1.0,-1.0,-1.0,-1.0,160.543212890625,178.71875,-1.0,-1.0,-1.0,-1.0,174.34567260742188,181.90625,172.22222900390625,206.34375,173.28395080566406,224.40625,-1.0,-1.0,-1.0,-1.0,-1.0,-1.0,-1.0,-1.0
-1.0,-1.0,163.31707763671875,146.49609375,155.97561645507812,148.60546875,153.8780517578125,161.26171875,-1.0,-1.0,172.756103515625,145.44140625,-1.0,-1.0,-1.0,-1.0,159.1219482421875,171.80859375,155.97561645507812,208.72265625,152.8292694091797,226.65234375,170.65853881835938,170.75390625,-1.0,-1.0,-1.0,-1.0,-1.0,-1.0,-1.0,-1.0,-1.0,-1.0,-1.0,-1.0
-1.0,-1.0,165.31707763671875,147.2578125,174.756103515625,146.2109375,176.85365295410156,162.9609375,-1.0,-1.0,154.8292694091797,147.2578125,151.68292236328125,162.9609375,148.53659057617188,175.5234375,173.70730590820312,179.7109375,174.756103515625,202.7421875,-1.0,-1.0,173.70730590820312,177.6171875,174.756103515625,206.9296875,174.756103515625,223.6796875,-1.0,-1.0,-1.0,-1.0,169.51219177246094,133.6484375,161.1219482421875,135.7421875
-1.0,-1.0,169.6024169921875,165.62890625,-1.0,-1.0,-1.0,-1.0,-1.0,-1.0,-1.0,-1.0,-1.0,-1.0,-1.0,-1.0,166.4939727783203,184.33203125,158.20481872558594,209.26953125,157.16867065429688,224.85546875,-1.0,-1.0,-1.0,-1.0,-1.0,-1.0,-1.0,-1.0,-1.0,-1.0,-1.0,-1.0,-1.0,-1.0
174.22222900390625,153.16015625,170.07406616210938,163.55078125,161.77777099609375,163.55078125,157.62962341308594,174.98046875,157.62962341308594,188.48828125,177.3333282470703,162.51171875,-1.0,-1.0,-1.0,-1.0,164.88888549804688,186.41015625,162.8148193359375,205.11328125,156.59259033203125,220.69921875,176.29629516601562,186.41015625,175.25926208496094,207.19140625,174.22222900390625,225.89453125,172.1481475830078,152.12109375,175.25926208496094,151.08203125,169.0370330810547,153.16015625,-1.0,-1.0
-1.0,-1.0,168.45782470703125,147.96484375,177.78314208984375,145.88671875,-1.0,-1.0,-1.0,-1.0,160.16867065429688,149.00390625,156.0240936279297,172.90234375,-1.0,-1.0,-1.0,-1.0,-1.0,-1.0,-1.0,-1.0,-1.0,-1.0,-1.0,-1.0,-1.0,-1.0,-1.0,-1.0,-1.0,-1.0,-1.0,-1.0,-1.0,-1.0
-1.0,-1.0,170.4939727783203,146.609375,179.81927490234375,146.609375,182.92770385742188,163.109375,-1.0,-1.0,161.16867065429688,147.640625,158.06024169921875,165.171875,157.0240936279297,182.703125,177.7469940185547,177.546875,176.71084594726562,203.328125,175.67469787597656,226.015625,165.31324768066406,177.546875,167.3855438232422,201.265625,160.13253784179688,220.859375,-1.0,-1.0,-1.0,-1.0,175.67469787597656,133.203125,165.31324768066406,136.296875
171.45782470703125,134.234375,171.45782470703125,145.578125,162.13253784179688,145.578125,159.0240936279297,163.109375,156.95181274414062,181.671875,180.78314208984375,145.578125,183.89157104492188,161.046875,175.6024169921875,158.984375,168.34939575195312,176.515625,168.34939575195312,200.234375,164.20481872558594,218.796875,179.7469940185547,175.484375,176.6385498046875,201.265625,171.45782470703125,224.984375,169.3855438232422,132.171875,174.56626892089844,132.171875,168.34939575195312,133.203125,176.6385498046875,134.234375
-1.0,-1.0,172.13095092773438,146.30859375,181.34524536132812,145.28515625,185.4404754638672,162.68359375,-1.0,-1.0,162.9166717529297,146.30859375,158.82142639160156,163.70703125,157.79762268066406,180.08203125,178.2738037109375,177.01171875,176.2261962890625,202.59765625,174.17857360839844,225.11328125,167.01190185546875,177.01171875,169.0595245361328,201.57421875,167.01190185546875,221.01953125,-1.0,-1.0,-1.0,-1.0,174.17857360839844,134.02734375,168.0357208251953,135.05078125
169.0357208251953,134.02734375,173.13095092773438,146.30859375,162.89285278320312,146.30859375,160.84524536132812,162.68359375,160.84524536132812,182.12890625,182.34524536132812,145.28515625,185.4166717529297,162.68359375,-1.0,-1.0,178.25,177.01171875,172.10714721679688,201.57421875,173.13095092773438,224.08984375,166.98809814453125,178.03515625,174.15475463867188,201.57421875,174.15475463867188,224.08984375,169.0357208251953,131.98046875,172.10714721679688,128.91015625,-1.0,-1.0,172.10714721679688,130.95703125
168.23529052734375,133.8359375,173.2941131591797,147.0390625,164.188232421875,147.0390625,161.15293884277344,165.3203125,161.15293884277344,179.5390625,183.41177368164062,146.0234375,187.45883178710938,163.2890625,187.45883178710938,177.5078125,170.25881958007812,179.5390625,170.25881958007812,201.8828125,172.2823486328125,224.2265625,180.37646484375,178.5234375,177.3411865234375,203.9140625,174.30587768554688,224.2265625,-1.0,-1.0,170.25881958007812,130.7890625,171.2705841064453,133.8359375,173.2941131591797,131.8046875
171.25881958007812,134.8515625,175.30587768554688,147.0390625,165.188232421875,147.0390625,162.15293884277344,165.3203125,163.16470336914062,180.5546875,184.41177368164062,146.0234375,188.45883178710938,164.3046875,-1.0,-1.0,179.35293579101562,177.5078125,-1.0,-1.0,-1.0,-1.0,180.36471557617188,176.4921875,178.3411865234375,202.8984375,176.31764221191406,223.2109375,-1.0,-1.0,174.2941131591797,132.8203125,-1.0,-1.0,174.2941131591797,133.8359375
175.2941131591797,135.67578125,175.2941131591797,147.76953125,166.188232421875,147.76953125,163.15293884277344,165.91015625,161.12940979003906,179.01171875,184.39999389648438,146.76171875,188.44705200195312,163.89453125,188.44705200195312,154.82421875,170.23529052734375,176.99609375,171.24705505371094,201.18359375,173.2705841064453,223.35546875,181.36471557617188,176.99609375,178.32940673828125,202.19140625,175.2941131591797,223.35546875,-1.0,-1.0,-1.0,-1.0,174.2823486328125,135.67578125,181.36471557617188,134.66796875
-1.0,-1.0,177.0,147.5,186.0,147.5,191.0,163.5,190.0,166.5,168.0,148.5,-1.0,-1.0,-1.0,-1.0,181.0,177.5,179.0,202.5,176.0,222.5,171.0,177.5,170.0,199.5,172.0,220.5,-1.0,-1.0,-1.0,-1.0,181.0,135.5,173.0,136.5
-1.0,-1.0,177.2183837890625,149.22265625,186.1149444580078,148.23046875,192.0459747314453,164.10546875,192.0459747314453,178.98828125,167.3333282470703,150.21484375,164.36781311035156,168.07421875,162.39080810546875,181.96484375,182.16091918945312,178.98828125,179.19540405273438,202.80078125,175.2413787841797,222.64453125,170.29885864257812,177.99609375,169.3103485107422,199.82421875,175.2413787841797,221.65234375,-1.0,-1.0,-1.0,-1.0,182.16091918945312,136.32421875,173.26437377929688,136.32421875
-1.0,-1.0,178.2183837890625,149.22265625,187.1149444580078,149.22265625,193.0459747314453,165.09765625,194.03448486328125,177.99609375,168.3333282470703,151.20703125,165.36781311035156,168.07421875,163.39080810546875,182.95703125,183.16091918945312,178.98828125,179.20689392089844,202.80078125,176.2413787841797,220.66015625,171.29885864257812,177.99609375,177.22988891601562,201.80859375,-1.0,-1.0,-1.0,-1.0,-1.0,-1.0,181.18389892578125,136.32421875,175.25286865234375,136.32421875
179.2183837890625,137.31640625,179.2183837890625,149.22265625,170.32183837890625,149.22265625,166.36781311035156,168.07421875,163.4022979736328,179.98046875,188.1149444580078,148.23046875,193.05746459960938,164.10546875,-1.0,-1.0,181.19540405273438,177.99609375,178.22988891601562,201.80859375,176.25286865234375,219.66796875,183.1724090576172,176.01171875,-1.0,-1.0,-1.0,-1.0,178.22988891601562,135.33203125,182.18389892578125,135.33203125,176.25286865234375,137.31640625,182.18389892578125,137.31640625
181.20689392089844,139.30078125,179.22988891601562,150.21484375,170.3333282470703,150.21484375,167.36781311035156,168.07421875,164.4022979736328,181.96484375,189.1149444580078,150.21484375,194.05746459960938,165.09765625,192.08045959472656,158.15234375,173.29885864257812,177.99609375,171.32183837890625,200.81640625,177.25286865234375,220.66015625,184.1724090576172,177.99609375,180.2183837890625,201.80859375,177.25286865234375,222.64453125,179.22988891601562,137.31640625,183.18389892578125,137.31640625,176.26437377929688,138.30859375,184.1724090576172,138.30859375
181.7058868408203,138.30859375,180.7176513671875,150.21484375,171.8235321044922,150.21484375,168.85882568359375,168.07421875,163.9176483154297,180.97265625,189.61175537109375,150.21484375,193.564697265625,166.08984375,192.57647705078125,186.92578125,172.811767578125,179.98046875,169.84706115722656,204.78515625,166.88235473632812,226.61328125,184.67059326171875,181.96484375,179.7294158935547,208.75390625,177.75294494628906,227.60546875,179.7294158935547,136.32421875,183.68235778808594,136.32421875,177.75294494628906,137.31640625,184.67059326171875,138.30859375
183.69412231445312,136.32421875,181.7176513671875,150.21484375,172.8235321044922,150.21484375,169.85882568359375,168.07421875,165.9058837890625,180.97265625,190.61175537109375,149.22265625,194.564697265625,166.08984375,193.57647705078125,185.93359375,174.8000030517578,178.98828125,171.83529663085938,201.80859375,168.87059020996094,216.69140625,185.67059326171875,179.98046875,181.7176513671875,204.78515625,178.75294494628906,225.62109375,182.7058868408203,135.33203125,185.67059326171875,134.33984375,179.74118041992188,137.31640625,-1.0,-1.0
183.20689392089844,138.1328125,182.2183837890625,149.9453125,173.32183837890625,150.9296875,170.3563232421875,167.6640625,166.4022979736328,179.4765625,191.1149444580078,148.9609375,196.05746459960938,163.7265625,193.09194946289062,157.8203125,175.29885864257812,178.4921875,176.287353515625,207.0390625,175.29885864257812,227.7109375,187.16091918945312,179.4765625,184.19540405273438,206.0546875,181.22988891601562,225.7421875,181.22988891601562,137.1484375,184.19540405273438,137.1484375,179.25286865234375,137.1484375,186.1724090576172,138.1328125
189.14942932128906,156.8359375,186.18389892578125,167.6640625,176.29885864257812,166.6796875,168.39080810546875,181.4453125,172.34483337402344,165.6953125,195.08045959472656,167.6640625,197.05746459960938,179.4765625,195.08045959472656,160.7734375,176.29885864257812,192.2734375,176.29885864257812,212.9453125,177.287353515625,226.7265625,187.1724090576172,193.2578125,183.2183837890625,212.9453125,182.22988891601562,225.7421875,187.1724090576172,155.8515625,191.12643432617188,154.8671875,184.20689392089844,156.8359375,194.09194946289062,155.8515625
189.16091918945312,156.8359375,185.20689392089844,167.6640625,175.32183837890625,166.6796875,169.39080810546875,179.4765625,171.36781311035156,188.3359375,194.10345458984375,167.6640625,198.05746459960938,181.4453125,199.0459747314453,171.6015625,177.29885864257812,194.2421875,178.287353515625,218.8515625,-1.0,-1.0,189.16091918945312,194.2421875,185.20689392089844,217.8671875,-1.0,-1.0,187.18389892578125,155.8515625,190.14942932128906,155.8515625,186.19540405273438,156.8359375,194.10345458984375,155.8515625
185.2183837890625,139.1171875,184.22988891601562,148.9609375,175.3333282470703,150.9296875,-1.0,-1.0,-1.0,-1.0,193.12643432617188,148.9609375,-1.0,-1.0,-1.0,-1.0,-1.0,-1.0,-1.0,-1.0,-1.0,-1.0,-1.0,-1.0,-1.0,-1.0,-1.0,-1.0,184.22988891601562,137.1484375,188.18389892578125,138.1328125,182.25286865234375,138.1328125,189.1724090576172,139.1171875
185.22988891601562,138.1328125,184.2413787841797,149.9453125,175.34483337402344,149.9453125,173.36781311035156,168.6484375,170.4022979736328,179.4765625,193.13792419433594,148.9609375,199.0689697265625,166.6796875,202.03448486328125,180.4609375,180.287353515625,183.4140625,181.27586364746094,207.0390625,181.27586364746094,225.7421875,191.16091918945312,182.4296875,191.16091918945312,205.0703125,186.2183837890625,223.7734375,184.2413787841797,136.1640625,187.20689392089844,136.1640625,183.25286865234375,137.1484375,189.18389892578125,138.1328125
188.69412231445312,156.8359375,185.7294158935547,164.7109375,177.8235321044922,164.7109375,172.88235473632812,175.5390625,171.8941192626953,184.3984375,192.64706420898438,164.7109375,-1.0,-1.0,-1.0,-1.0,180.78823852539062,187.3515625,181.77647399902344,207.0390625,182.76470947265625,224.7578125,191.65882873535156,185.3828125,191.65882873535156,205.0703125,186.7176513671875,222.7890625,187.7058868408203,154.8671875,188.69412231445312,154.8671875,183.75294494628906,156.8359375,189.68235778808594,155.8515625
188.41860961914062,136.01953125,186.46511840820312,148.71484375,177.67442321777344,149.69140625,174.7441864013672,169.22265625,175.72093200683594,186.80078125,195.2558135986328,148.71484375,199.16278076171875,166.29296875,203.06976318359375,179.96484375,182.55813598632812,184.84765625,182.55813598632812,206.33203125,183.53488159179688,222.93359375,194.27906799316406,183.87109375,193.3023223876953,205.35546875,191.3488311767578,223.91015625,186.46511840820312,134.06640625,190.37210083007812,134.06640625,183.53488159179688,135.04296875,192.32557678222656,136.01953125
189.89773559570312,136.99609375,186.96591186523438,148.71484375,178.1704559326172,149.69140625,176.21591186523438,165.31640625,176.21591186523438,188.75390625,195.76136779785156,148.71484375,199.6704559326172,166.29296875,204.55682373046875,179.96484375,182.0795440673828,186.80078125,183.05682373046875,209.26171875,183.05682373046875,224.88671875,194.78408813476562,184.84765625,193.80682373046875,209.26171875,194.78408813476562,226.83984375,187.94317626953125,135.04296875,191.85227966308594,135.04296875,185.98863220214844,136.99609375,193.80682373046875,136.01953125
189.9204559326172,136.99609375,187.96591186523438,149.69140625,179.1704559326172,149.69140625,177.21591186523438,168.24609375,176.23863220214844,185.82421875,196.76136779785156,148.71484375,200.6704559326172,166.29296875,204.5795440673828,180.94140625,184.05682373046875,184.84765625,183.0795440673828,207.30859375,183.0795440673828,223.91015625,195.78408813476562,183.87109375,196.76136779785156,204.37890625,195.78408813476562,223.91015625,187.96591186523438,136.01953125,191.875,135.04296875,185.03408813476562,136.99609375,193.8295440673828,136.99609375
190.9204559326172,138.94921875,188.96591186523438,150.66796875,180.1704559326172,150.66796875,177.23863220214844,169.22265625,177.23863220214844,189.73046875,197.76136779785156,150.66796875,201.6704559326172,168.24609375,204.60226440429688,181.91796875,183.10227966308594,186.80078125,183.10227966308594,207.30859375,183.10227966308594,223.91015625,195.80682373046875,184.84765625,196.78408813476562,205.35546875,196.78408813476562,222.93359375,187.98863220214844,136.99609375,192.875,136.01953125,187.01136779785156,137.97265625,192.875,137.97265625
191.9204559326172,138.94921875,189.96591186523438,152.62109375,181.1704559326172,152.62109375,178.23863220214844,170.19921875,176.28408813476562,185.82421875,198.76136779785156,151.64453125,201.69317626953125,169.22265625,205.60226440429688,182.89453125,184.10227966308594,185.82421875,183.125,208.28515625,183.125,223.91015625,196.80682373046875,184.84765625,197.78408813476562,204.37890625,198.76136779785156,222.93359375,188.98863220214844,136.99609375,193.875,135.04296875,188.01136779785156,138.94921875,196.80682373046875,139.92578125
-1.0,-1.0,190.46511840820312,152.62109375,181.67442321777344,152.62109375,178.7441864013672,171.17578125,177.76744079589844,187.77734375,200.23255920410156,151.64453125,203.16278076171875,169.22265625,206.093017578125,183.87109375,184.60464477539062,183.87109375,182.6511688232422,206.33203125,182.6511688232422,223.91015625,197.3023223876953,183.87109375,199.2558135986328,204.37890625,201.2093048095703,222.93359375,-1.0,-1.0,-1.0,-1.0,188.51162719726562,139.92578125,195.3488311767578,140.90234375
192.44186401367188,139.92578125,191.46511840820312,152.62109375,183.6511688232422,152.62109375,180.72093200683594,169.22265625,178.76744079589844,178.01171875,200.2558135986328,152.62109375,204.16278076171875,169.22265625,207.093017578125,182.89453125,185.60464477539062,183.87109375,183.6511688232422,206.33203125,183.6511688232422,223.91015625,198.3023223876953,183.87109375,199.27906799316406,204.37890625,202.2093048095703,221.95703125,190.48837280273438,137.97265625,194.39535522460938,138.94921875,188.53488159179688,139.92578125,196.3488311767578,140.90234375
-1.0,-1.0,192.6896514892578,153.328125,184.0,153.328125,181.10345458984375,170.765625,182.0689697265625,184.328125,201.37930297851562,152.359375,205.2413787841797,169.796875,208.137939453125,182.390625,186.89654541015625,181.421875,184.0,205.640625,183.03448486328125,224.046875,199.44827270507812,181.421875,200.41378784179688,204.671875,202.34481811523438,222.109375,-1.0,-1.0,-1.0,-1.0,196.55172729492188,138.796875,190.7586212158203,141.703125
195.12359619140625,143.640625,194.1573028564453,153.328125,185.46067810058594,153.328125,183.52809143066406,169.796875,179.6629180908203,180.453125,202.8539276123047,153.328125,205.7528076171875,169.796875,209.61798095703125,184.328125,188.35955810546875,183.359375,185.46067810058594,204.671875,182.56179809570312,224.046875,199.95506286621094,183.359375,201.88763427734375,204.671875,202.8539276123047,222.109375,193.19100952148438,141.703125,198.98876953125,139.765625,192.22471618652344,141.703125,199.95506286621094,141.703125
195.1573028564453,142.671875,195.1573028564453,153.328125,187.42697143554688,153.328125,185.494384765625,169.796875,-1.0,-1.0,203.8539276123047,153.328125,206.7528076171875,168.828125,209.6516876220703,185.296875,189.35955810546875,188.203125,186.46067810058594,205.640625,183.56179809570312,223.078125,-1.0,-1.0,-1.0,-1.0,-1.0,-1.0,194.19100952148438,141.703125,197.0898895263672,141.703125,192.2584228515625,142.671875,199.98876953125,142.671875
-1.0,-1.0,196.1573028564453,153.328125,205.82022094726562,152.359375,208.71910095214844,168.828125,211.61798095703125,180.453125,187.46067810058594,153.328125,186.494384765625,169.796875,187.46067810058594,184.328125,201.95506286621094,178.515625,203.88763427734375,201.765625,204.8539276123047,220.171875,190.35955810546875,177.546875,187.46067810058594,201.765625,186.494384765625,219.203125,-1.0,-1.0,-1.0,-1.0,201.95506286621094,140.734375,192.29212951660156,141.703125
199.55172729492188,142.671875,198.58621215820312,153.328125,188.9310302734375,153.328125,187.96551513671875,171.734375,187.0,184.328125,207.27586364746094,152.359375,210.1724090576172,168.828125,212.10345458984375,181.421875,192.79310607910156,181.421875,188.9310302734375,203.703125,186.03448486328125,223.078125,205.34481811523438,182.390625,204.37930297851562,203.703125,204.37930297851562,223.078125,197.62069702148438,140.734375,202.44827270507812,140.734375,195.6896514892578,141.703125,203.41378784179688,141.703125
-1.0,-1.0,198.62069702148438,152.359375,207.3103485107422,152.359375,212.137939453125,168.828125,214.0689697265625,180.453125,189.9310302734375,153.328125,187.03448486328125,169.796875,186.0689697265625,191.109375,205.37930297851562,183.359375,205.37930297851562,203.703125,-1.0,-1.0,192.8275909423828,184.328125,193.79310607910156,203.703125,-1.0,-1.0,-1.0,-1.0,-1.0,-1.0,202.48275756835938,140.734375,194.7586212158203,140.734375
202.51724243164062,140.58203125,199.62069702148438,153.07421875,190.9310302734375,152.11328125,189.0,167.48828125,191.89654541015625,166.52734375,208.3103485107422,152.11328125,213.137939453125,169.41015625,214.10345458984375,179.98046875,193.8275909423828,187.66796875,191.89654541015625,207.84765625,188.03448486328125,225.14453125,206.37930297851562,185.74609375,205.41378784179688,205.92578125,204.44827270507812,224.18359375,200.58621215820312,139.62109375,204.44827270507812,139.62109375,197.6896514892578,139.62109375,206.37930297851562,140.58203125
203.51724243164062,139.62109375,200.62069702148438,153.07421875,209.3103485107422,153.07421875,213.1724090576172,168.44921875,216.0689697265625,179.98046875,191.9310302734375,153.07421875,190.0,169.41015625,-1.0,-1.0,207.37930297851562,181.90234375,205.44827270507812,202.08203125,-1.0,-1.0,194.8275909423828,181.90234375,195.79310607910156,201.12109375,-1.0,-1.0,201.58621215820312,138.66015625,206.41378784179688,138.66015625,200.62069702148438,140.58203125,207.37930297851562,139.62109375
204.02247619628906,141.54296875,202.0898895263672,152.11328125,192.42697143554688,152.11328125,190.494384765625,169.41015625,-1.0,-1.0,211.7528076171875,152.11328125,214.6516876220703,168.44921875,211.7528076171875,162.68359375,196.29212951660156,181.90234375,196.29212951660156,204.96484375,192.42697143554688,221.30078125,207.88763427734375,181.90234375,206.92135620117188,204.00390625,204.98876953125,223.22265625,202.0898895263672,139.62109375,205.95506286621094,139.62109375,199.19100952148438,140.58203125,207.88763427734375,139.62109375
203.0898895263672,140.58203125,202.12359619140625,151.15234375,193.42697143554688,152.11328125,191.494384765625,168.44921875,191.494384765625,186.70703125,210.82022094726562,151.15234375,215.6516876220703,167.48828125,216.61798095703125,181.90234375,197.29212951660156,182.86328125,198.2584228515625,204.96484375,201.1573028564453,223.22265625,208.88763427734375,182.86328125,206.95506286621094,204.96484375,205.02247619628906,222.26171875,201.1573028564453,138.66015625,205.02247619628906,138.66015625,201.1573028564453,139.62109375,207.92135620117188,139.62109375
205.05618286132812,140.58203125,202.1573028564453,152.11328125,193.46067810058594,152.11328125,190.56179809570312,168.44921875,191.52809143066406,165.56640625,210.8539276123047,151.15234375,215.68539428710938,168.44921875,217.61798095703125,180.94140625,197.32583618164062,182.86328125,198.29212951660156,204.96484375,201.19100952148438,222.26171875,208.92135620117188,182.86328125,206.98876953125,204.96484375,205.05618286132812,222.26171875,203.12359619140625,138.66015625,206.02247619628906,138.66015625,200.22471618652344,139.62109375,208.92135620117188,139.62109375
199.7586212158203,139.62109375,202.65516662597656,152.11328125,211.34481811523438,152.11328125,217.137939453125,168.44921875,217.137939453125,180.94140625,193.96551513671875,152.11328125,191.0689697265625,167.48828125,191.0689697265625,180.94140625,208.44827270507812,181.90234375,205.55172729492188,204.00390625,204.58621215820312,223.22265625,197.8275909423828,181.90234375,200.72413635253906,203.04296875,197.8275909423828,220.33984375,-1.0,-1.0,202.65516662597656,135.77734375,-1.0,-1.0,208.44827270507812,138.66015625
206.25,140.4453125,204.34091186523438,151.8828125,195.75,151.8828125,191.93182373046875,168.0859375,193.84091186523438,182.3828125,212.93182373046875,151.8828125,216.75,167.1328125,212.93182373046875,163.3203125,199.56817626953125,181.4296875,201.47726440429688,202.3984375,204.34091186523438,221.4609375,210.06817626953125,180.4765625,205.2954559326172,203.3515625,203.38636779785156,221.4609375,203.38636779785156,138.5390625,207.2045440673828,138.5390625,200.52272033691406,139.4921875,210.06817626953125,139.4921875
207.25,140.4453125,205.34091186523438,151.8828125,196.75,151.8828125,194.84091186523438,169.0390625,193.88636779785156,166.1796875,213.93182373046875,151.8828125,218.7045440673828,168.0859375,215.84091186523438,161.4140625,199.61363220214844,184.2890625,201.52272033691406,204.3046875,203.43182373046875,221.4609375,209.15908813476562,184.2890625,206.2954559326172,205.2578125,204.38636779785156,222.4140625,205.34091186523438,139.4921875,209.15908813476562,139.4921875,202.47726440429688,140.4453125,211.06817626953125,140.4453125
208.25,142.3515625,208.25,168.0859375,200.61363220214844,167.1328125,194.88636779785156,178.5703125,194.88636779785156,168.0859375,213.97726440429688,168.0859375,-1.0,-1.0,-1.0,-1.0,200.61363220214844,189.0546875,201.56817626953125,206.2109375,202.52272033691406,221.4609375,210.15908813476562,189.0546875,207.2954559326172,207.1640625,205.38636779785156,221.4609375,205.38636779785156,140.4453125,210.15908813476562,140.4453125,204.43182373046875,140.4453125,212.06817626953125,141.3984375
212.57777404785156,158.5546875,207.8000030517578,169.0390625,201.11111450195312,168.0859375,194.42222595214844,179.5234375,195.37777709960938,168.0859375,213.5333251953125,169.0390625,216.39999389648438,180.4765625,-1.0,-1.0,201.11111450195312,191.9140625,202.06666564941406,211.9296875,203.977783203125,221.4609375,210.6666717529297,191.9140625,206.84445190429688,213.8359375,205.88888549804688,228.1328125,211.62222290039062,157.6015625,213.5333251953125,158.5546875,208.75555419921875,159.5078125,-1.0,-1.0
208.8000030517578,143.3046875,207.84445190429688,153.7890625,199.24444580078125,154.7421875,-1.0,-1.0,-1.0,-1.0,215.4888916015625,153.7890625,-1.0,-1.0,-1.0,-1.0,-1.0,-1.0,-1.0,-1.0,-1.0,-1.0,-1.0,-1.0,-1.0,-1.0,-1.0,-1.0,206.88888549804688,141.3984375,209.75555419921875,141.3984375,204.022216796875,142.3515625,213.57777404785156,143.3046875
213.11363220214844,160.4609375,211.2045440673828,169.9921875,202.61363220214844,168.0859375,194.97727966308594,178.5703125,196.88636779785156,167.1328125,217.88636779785156,169.0390625,222.65908813476562,173.8046875,218.84091186523438,164.2734375,204.52272033691406,193.8203125,205.47726440429688,213.8359375,202.61363220214844,225.2734375,215.02272033691406,192.8671875,215.97726440429688,213.8359375,-1.0,-1.0,212.15908813476562,159.5078125,214.06817626953125,158.5546875,209.2954559326172,160.4609375,217.88636779785156,160.4609375
214.11363220214844,160.4609375,211.25,169.9921875,200.75,167.1328125,195.02272033691406,179.5234375,197.88636779785156,167.1328125,218.88636779785156,169.0390625,-1.0,-1.0,-1.0,-1.0,206.47726440429688,191.9140625,205.52272033691406,212.8828125,203.61363220214844,225.2734375,215.06817626953125,192.8671875,212.2045440673828,213.8359375,206.47726440429688,227.1796875,211.25,159.5078125,214.11363220214844,159.5078125,209.34091186523438,160.4609375,216.97726440429688,160.4609375
216.20223999023438,160.17578125,212.42697143554688,168.68359375,203.93258666992188,168.68359375,196.38201904296875,180.02734375,198.26966857910156,166.79296875,219.97752380371094,168.68359375,223.7528076171875,174.35546875,219.97752380371094,163.95703125,205.82022094726562,195.15234375,205.82022094726562,214.05859375,202.98876953125,224.45703125,215.2584228515625,195.15234375,210.53932189941406,215.00390625,206.7640380859375,227.29296875,214.31460571289062,158.28515625,217.1460723876953,159.23046875,210.53932189941406,159.23046875,219.97752380371094,160.17578125
216.2584228515625,160.17578125,212.483154296875,167.73828125,203.98876953125,166.79296875,198.32583618164062,179.08203125,198.32583618164062,164.90234375,219.0898895263672,168.68359375,223.80899047851562,174.35546875,220.97752380371094,163.95703125,204.93258666992188,193.26171875,205.87640380859375,210.27734375,202.1011199951172,225.40234375,215.31460571289062,192.31640625,211.53932189941406,212.16796875,206.82022094726562,226.34765625,215.31460571289062,158.28515625,217.20223999023438,158.28515625,211.53932189941406,159.23046875,219.0898895263672,159.23046875
216.31460571289062,159.23046875,210.6516876220703,171.51953125,204.04495239257812,170.57421875,197.43820190429688,182.86328125,199.32583618164062,167.73828125,218.20223999023438,171.51953125,219.1460723876953,187.58984375,210.6516876220703,212.16796875,204.98876953125,197.98828125,204.98876953125,215.00390625,204.04495239257812,229.18359375,215.37078857421875,198.93359375,216.31460571289062,215.94921875,-1.0,-1.0,214.42697143554688,159.23046875,217.2584228515625,159.23046875,212.53932189941406,159.23046875,220.0898895263672,159.23046875
215.87911987304688,160.17578125,211.15383911132812,170.57421875,204.53846740722656,170.57421875,198.86813354492188,183.80859375,201.7032928466797,195.15234375,217.76922607421875,169.62890625,221.54945373535156,181.91796875,220.60440063476562,189.48046875,206.42857360839844,195.15234375,204.53846740722656,209.33203125,204.53846740722656,220.67578125,215.87911987304688,194.20703125,217.76922607421875,212.16796875,215.87911987304688,226.34765625,214.93406677246094,159.23046875,217.76922607421875,158.28515625,210.2087860107422,160.17578125,-1.0,-1.0
216.87911987304688,159.23046875,212.15383911132812,169.62890625,204.59341430664062,169.62890625,197.97802734375,182.86328125,199.86813354492188,168.68359375,218.76922607421875,169.62890625,220.65933227539062,182.86328125,220.65933227539062,190.42578125,205.53846740722656,195.15234375,204.59341430664062,213.11328125,203.64834594726562,227.29296875,215.93406677246094,195.15234375,218.76922607421875,213.11328125,218.76922607421875,228.23828125,214.989013671875,158.28515625,216.87911987304688,158.28515625,212.15383911132812,159.23046875,-1.0,-1.0
218.31460571289062,159.23046875,212.6516876220703,168.68359375,205.1011199951172,169.62890625,195.6629180908203,182.86328125,201.32583618164062,167.73828125,219.2584228515625,167.73828125,225.86517333984375,172.46484375,221.1460723876953,162.06640625,204.1573028564453,206.49609375,-1.0,-1.0,-1.0,-1.0,218.31460571289062,207.44140625,218.31460571289062,216.89453125,219.2584228515625,228.23828125,216.42697143554688,158.28515625,218.31460571289062,158.28515625,211.70787048339844,159.23046875,-1.0,-1.0
217.13333129882812,159.90625,213.39999389648438,167.40625,206.86666870117188,167.40625,201.26666259765625,177.71875,203.13333129882812,189.90625,219.93333435058594,167.40625,223.6666717529297,176.78125,225.5333251953125,184.28125,207.8000030517578,188.96875,206.86666870117188,204.90625,206.86666870117188,218.03125,218.06666564941406,189.90625,217.13333129882812,204.90625,210.60000610351562,218.03125,216.1999969482422,158.03125,218.06666564941406,158.96875,211.5333251953125,158.96875,-1.0,-1.0
218.13333129882812,158.96875,214.39999389648438,166.46875,208.8000030517578,167.40625,201.3333282470703,181.46875,203.1999969482422,169.28125,220.93333435058594,166.46875,223.73333740234375,174.90625,223.73333740234375,184.28125,209.73333740234375,188.03125,208.8000030517578,204.90625,209.73333740234375,218.96875,219.06666564941406,188.96875,218.13333129882812,203.03125,211.60000610351562,218.03125,216.26666259765625,157.09375,219.06666564941406,158.03125,213.4666748046875,158.03125,221.86666870117188,159.90625
219.13333129882812,158.96875,215.39999389648438,164.59375,208.86666870117188,165.53125,204.1999969482422,172.09375,-1.0,-1.0,221.93333435058594,164.59375,225.6666717529297,170.21875,223.8000030517578,160.84375,209.8000030517578,187.09375,208.86666870117188,206.78125,210.73333740234375,218.96875,219.13333129882812,188.03125,219.13333129882812,203.96875,212.60000610351562,218.03125,218.1999969482422,157.09375,220.06666564941406,158.03125,215.39999389648438,158.03125,222.86666870117188,159.90625
-1.0,-1.0,212.6666717529297,154.28125,221.06666564941406,153.34375,224.8000030517578,169.28125,226.6666717529297,182.40625,204.26666259765625,155.21875,201.46665954589844,169.28125,199.60000610351562,181.46875,219.1999969482422,181.46875,220.13333129882812,202.09375,214.5333251953125,217.09375,208.0,180.53125,208.93333435058594,203.96875,209.86666870117188,218.03125,-1.0,-1.0,-1.0,-1.0,217.3333282470703,143.03125,208.0,144.90625
-1.0,-1.0,213.1630401611328,153.34375,221.57608032226562,153.34375,225.31521606445312,169.28125,226.25,182.40625,204.75,154.28125,201.94564819335938,169.28125,199.1413116455078,182.40625,219.70652770996094,182.40625,220.64129638671875,202.09375,215.96739196777344,218.03125,208.4891357421875,181.46875,209.42391967773438,203.96875,210.35870361328125,219.90625,-1.0,-1.0,-1.0,-1.0,216.9021759033203,142.09375,208.4891357421875,143.96875
-1.0,-1.0,213.6666717529297,153.34375,221.13333129882812,153.34375,225.8000030517578,167.40625,225.8000030517578,183.34375,206.1999969482422,154.28125,203.39999389648438,169.28125,200.60000610351562,183.34375,220.1999969482422,183.34375,221.13333129882812,203.03125,218.3333282470703,219.90625,209.0,182.40625,209.93333435058594,204.90625,210.86666870117188,220.84375,-1.0,-1.0,-1.0,-1.0,217.39999389648438,143.03125,209.93333435058594,144.90625
-1.0,-1.0,214.6666717529297,154.07421875,223.06666564941406,154.07421875,224.93333435058594,168.94921875,228.6666717529297,180.10546875,206.26666259765625,154.07421875,203.46665954589844,168.94921875,201.60000610351562,181.03515625,220.26666259765625,181.03515625,221.1999969482422,202.41796875,219.3333282470703,219.15234375,209.06666564941406,180.10546875,210.0,203.34765625,210.0,220.08203125,-1.0,-1.0,-1.0,-1.0,220.26666259765625,142.91796875,210.93333435058594,145.70703125
-1.0,-1.0,214.6666717529297,154.07421875,223.06666564941406,154.07421875,225.86666870117188,168.94921875,228.6666717529297,181.03515625,206.26666259765625,155.00390625,203.46665954589844,168.94921875,201.60000610351562,181.96484375,221.1999969482422,183.82421875,222.13333129882812,204.27734375,221.1999969482422,221.01171875,210.0,182.89453125,210.93333435058594,205.20703125,210.93333435058594,221.01171875,-1.0,-1.0,-1.0,-1.0,221.1999969482422,143.84765625,210.93333435058594,146.63671875
-1.0,-1.0,214.6666717529297,155.00390625,223.06666564941406,155.00390625,225.86666870117188,168.94921875,230.5333251953125,173.59765625,207.1999969482422,155.00390625,204.39999389648438,169.87890625,203.46665954589844,182.89453125,222.13333129882812,183.82421875,221.1999969482422,205.20703125,222.13333129882812,222.87109375,210.93333435058594,182.89453125,210.93333435058594,205.20703125,210.0,221.01171875,-1.0,-1.0,-1.0,-1.0,219.3333282470703,143.84765625,210.93333435058594,145.70703125
-1.0,-1.0,215.4193572998047,155.7265625,224.6666717529297,155.7265625,227.44085693359375,169.5546875,228.3656005859375,183.3828125,208.02149963378906,155.7265625,204.3225860595703,171.3984375,204.3225860595703,183.3828125,222.81719970703125,182.4609375,221.89247131347656,203.6640625,222.81719970703125,219.3359375,210.7957000732422,182.4609375,210.7957000732422,203.6640625,210.7957000732422,220.2578125,-1.0,-1.0,-1.0,-1.0,220.96774291992188,144.6640625,211.72042846679688,147.4296875
-1.0,-1.0,215.92308044433594,156.6484375,224.23077392578125,155.7265625,228.84616088867188,169.5546875,228.84616088867188,181.5390625,207.61538696289062,156.6484375,204.84616088867188,170.4765625,203.92308044433594,182.4609375,223.3076934814453,185.2265625,223.3076934814453,202.7421875,223.3076934814453,220.2578125,222.38461303710938,185.2265625,222.38461303710938,205.5078125,223.3076934814453,217.4921875,-1.0,-1.0,-1.0,-1.0,220.53846740722656,145.5859375,213.15383911132812,147.4296875
215.92308044433594,146.5078125,216.84616088867188,157.5703125,208.53846740722656,157.5703125,205.76922607421875,171.3984375,206.6923065185547,183.3828125,225.15383911132812,156.6484375,228.84616088867188,170.4765625,225.15383911132812,164.9453125,212.23077392578125,184.3046875,211.3076934814453,204.5859375,211.3076934814453,221.1796875,223.3076934814453,184.3046875,222.38461303710938,205.5078125,224.23077392578125,220.2578125,214.07691955566406,144.6640625,218.6923065185547,145.5859375,213.15383911132812,146.5078125,218.6923065185547,146.5078125
223.81719970703125,162.1796875,219.19354248046875,169.5546875,213.64515686035156,169.5546875,208.09677124023438,178.7734375,208.09677124023438,185.2265625,224.741943359375,169.5546875,227.51612854003906,176.0078125,-1.0,-1.0,213.64515686035156,189.8359375,211.7957000732422,205.5078125,211.7957000732422,221.1796875,222.89247131347656,189.8359375,223.81719970703125,207.3515625,224.741943359375,221.1796875,222.89247131347656,161.2578125,224.741943359375,161.2578125,220.1182861328125,163.1015625,-1.0,-1.0
-1.0,-1.0,218.54347229003906,156.44921875,210.32608032226562,157.36328125,206.67391967773438,171.07421875,206.67391967773438,182.95703125,226.7608642578125,156.44921875,230.4130401611328,171.07421875,226.7608642578125,164.67578125,213.06521606445312,186.61328125,213.06521606445312,204.89453125,211.2391357421875,221.34765625,224.02174377441406,186.61328125,224.02174377441406,206.72265625,224.02174377441406,222.26171875,-1.0,-1.0,-1.0,-1.0,-1.0,-1.0,-1.0,-1.0
-1.0,-1.0,218.77420043945312,157.078125,210.64515686035156,157.078125,208.83871459960938,171.578125,207.93548583984375,183.359375,226.90322875976562,156.171875,229.61289978027344,172.484375,232.32257080078125,184.265625,214.258056640625,185.171875,213.35484313964844,205.109375,212.4516143798828,221.421875,225.09677124023438,185.171875,224.19354248046875,207.828125,224.19354248046875,223.234375,-1.0,-1.0,-1.0,-1.0,220.5806427001953,144.390625,-1.0,-1.0
-1.0,-1.0,220.178955078125,157.078125,212.9368438720703,157.078125,210.22105407714844,170.671875,207.50526428222656,182.453125,228.32632446289062,157.078125,231.0421142578125,172.484375,232.85263061523438,185.171875,215.6526336669922,185.171875,214.74737548828125,206.015625,213.84210205078125,222.328125,226.5157928466797,185.171875,225.61053466796875,206.015625,225.61053466796875,224.140625,-1.0,-1.0,-1.0,-1.0,218.36842346191406,145.296875,219.273681640625,146.203125
219.77420043945312,145.296875,221.5806427001953,157.078125,213.4516143798828,157.078125,210.74192810058594,169.765625,208.93548583984375,181.546875,228.80645751953125,157.078125,232.4193572998047,173.390625,233.32257080078125,185.171875,217.06451416015625,186.078125,215.258056640625,206.015625,214.35484313964844,221.421875,227.0,186.078125,226.09677124023438,205.109375,225.19354248046875,221.421875,219.77420043945312,143.484375,222.48387145996094,142.578125,217.96774291992188,145.296875,223.38710021972656,145.296875
-1.0,-1.0,221.5806427001953,155.99609375,229.7096710205078,156.89453125,232.4193572998047,170.37109375,235.1290283203125,182.94921875,213.4516143798828,156.89453125,211.64515686035156,170.37109375,208.93548583984375,182.05078125,227.0,180.25390625,227.0,203.61328125,225.19354248046875,223.37890625,217.06451416015625,181.15234375,217.06451416015625,203.61328125,215.258056640625,220.68359375,-1.0,-1.0,-1.0,-1.0,224.29031372070312,146.11328125,217.96774291992188,146.11328125
220.0520782470703,146.11328125,221.84375,156.89453125,213.78125,157.79296875,212.8854217529297,170.37109375,209.3020782470703,182.05078125,229.0104217529297,155.99609375,233.4895782470703,171.26953125,235.28125,182.94921875,218.2604217529297,182.05078125,218.2604217529297,202.71484375,215.5729217529297,215.29296875,228.1145782470703,182.94921875,226.3229217529297,202.71484375,224.53125,219.78515625,220.0520782470703,144.31640625,223.6354217529297,144.31640625,219.15625,146.11328125,220.0520782470703,146.11328125
220.77420043945312,146.11328125,222.5806427001953,156.89453125,215.35484313964844,156.89453125,212.64515686035156,170.37109375,210.83871459960938,182.05078125,229.80645751953125,155.99609375,233.4193572998047,170.37109375,237.03225708007812,182.05078125,218.06451416015625,181.15234375,219.8709716796875,200.91796875,217.16128540039062,215.29296875,228.0,182.05078125,227.09677124023438,200.01953125,224.38710021972656,218.88671875,219.8709716796875,145.21484375,222.5806427001953,144.31640625,218.96774291992188,146.11328125,224.38710021972656,146.11328125
223.23403930664062,146.0390625,223.23403930664062,156.7265625,215.1914825439453,157.6171875,212.51063537597656,170.9765625,210.72340393066406,181.6640625,230.3829803466797,155.8359375,233.9574432373047,170.0859375,236.6383056640625,181.6640625,219.65957641601562,183.4453125,219.65957641601562,201.2578125,218.76596069335938,212.8359375,228.5957489013672,182.5546875,225.91488647460938,202.1484375,225.02127075195312,222.6328125,222.34042358398438,145.1484375,225.02127075195312,144.2578125,220.55319213867188,146.0390625,226.8085174560547,145.1484375
-1.0,-1.0,223.93814086914062,156.7265625,231.9175262451172,155.8359375,236.3505096435547,169.1953125,238.12371826171875,178.9921875,215.95877075195312,156.7265625,213.29896545410156,170.9765625,211.52577209472656,182.5546875,230.1443328857422,179.8828125,227.48452758789062,200.3671875,224.82473754882812,219.9609375,219.50515747070312,180.7734375,220.39175415039062,201.2578125,221.27835083007812,218.1796875,-1.0,-1.0,-1.0,-1.0,226.59793090820312,146.0390625,220.39175415039062,146.9296875
-1.0,-1.0,223.93814086914062,156.7265625,232.8041229248047,155.8359375,236.3505096435547,170.0859375,239.01031494140625,180.7734375,215.95877075195312,156.7265625,213.29896545410156,170.9765625,211.52577209472656,182.5546875,230.1443328857422,179.8828125,228.3711395263672,200.3671875,226.59793090820312,220.8515625,220.39175415039062,180.7734375,220.39175415039062,202.1484375,222.16494750976562,219.0703125,-1.0,-1.0,-1.0,-1.0,226.59793090820312,146.9296875,220.39175415039062,148.7109375
-1.0,-1.0,224.43157958984375,157.33984375,232.38946533203125,156.45703125,236.81053161621094,170.58203125,238.57894897460938,181.17578125,216.4736785888672,158.22265625,213.821044921875,171.46484375,212.05262756347656,182.94140625,230.6210479736328,181.17578125,227.96841430664062,202.36328125,226.1999969482422,220.90234375,220.01052856445312,181.17578125,220.89474487304688,203.24609375,221.77894592285156,220.90234375,-1.0,-1.0,-1.0,-1.0,227.96841430664062,146.74609375,220.89474487304688,148.51171875
-1.0,-1.0,225.57142639160156,158.9375,234.34693908691406,158.0625,237.85714721679688,172.0625,240.4897918701172,183.4375,217.6734619140625,158.9375,215.0408172607422,172.0625,212.4081573486328,185.1875,230.83673095703125,181.6875,228.20408630371094,201.8125,225.57142639160156,221.9375,220.30612182617188,181.6875,220.30612182617188,202.6875,220.30612182617188,221.0625,-1.0,-1.0,-1.0,-1.0,228.20408630371094,148.4375,220.30612182617188,150.1875
-1.0,-1.0,225.57142639160156,158.9375,234.34693908691406,158.0625,237.85714721679688,172.0625,240.4897918701172,183.4375,217.6734619140625,158.9375,215.0408172607422,172.9375,212.4081573486328,185.1875,230.83673095703125,181.6875,228.20408630371094,201.8125,225.57142639160156,221.0625,220.30612182617188,181.6875,220.30612182617188,202.6875,220.30612182617188,221.0625,-1.0,-1.0,-1.0,-1.0,229.08163452148438,148.4375,221.1836700439453,150.1875
-1.0,-1.0,226.0625,158.9375,233.9375,158.9375,238.3125,172.0625,240.0625,182.5625,217.3125,158.9375,215.5625,172.9375,213.8125,185.1875,231.3125,181.6875,228.6875,202.6875,226.0625,221.9375,220.8125,182.5625,220.8125,203.5625,220.8125,221.9375,-1.0,-1.0,-1.0,-1.0,229.5625,147.5625,221.6875,149.3125
-1.0,-1.0,226.757568359375,159.65234375,234.5757598876953,158.78515625,238.05050659179688,172.66015625,240.6565704345703,183.06640625,218.07070922851562,159.65234375,216.3333282470703,172.66015625,213.72727966308594,184.80078125,231.96969604492188,182.19921875,228.4949493408203,202.14453125,225.88888549804688,221.22265625,222.4141387939453,182.19921875,221.5454559326172,202.14453125,221.5454559326172,221.22265625,-1.0,-1.0,-1.0,-1.0,231.10101318359375,148.37890625,222.4141387939453,150.11328125
-1.0,-1.0,226.757568359375,159.65234375,234.5757598876953,158.78515625,238.05050659179688,172.66015625,240.6565704345703,183.06640625,218.07070922851562,160.51953125,216.3333282470703,173.52734375,213.72727966308594,184.80078125,231.10101318359375,182.19921875,229.36363220214844,203.01171875,225.88888549804688,220.35546875,221.5454559326172,183.06640625,222.4141387939453,203.01171875,224.15151977539062,219.48828125,-1.0,-1.0,-1.0,-1.0,230.23233032226562,149.24609375,222.4141387939453,150.11328125
-1.0,-1.0,226.38143920898438,159.65234375,235.04122924804688,158.78515625,238.50515747070312,172.66015625,240.23712158203125,183.93359375,218.58763122558594,160.51953125,216.8556671142578,173.52734375,214.2577362060547,184.80078125,231.5773162841797,181.33203125,228.97938537597656,203.01171875,226.38143920898438,222.95703125,222.05154418945312,182.19921875,222.9175262451172,202.14453125,222.9175262451172,222.95703125,-1.0,-1.0,-1.0,-1.0,230.71133422851562,149.24609375,222.9175262451172,150.11328125
-1.0,-1.0,226.88888549804688,159.65234375,234.70706176757812,159.65234375,238.18182373046875,171.79296875,240.78787231445312,183.06640625,218.2020263671875,160.51953125,217.3333282470703,173.52734375,214.72727966308594,183.93359375,231.23233032226562,181.33203125,229.4949493408203,202.14453125,226.88888549804688,218.62109375,222.5454559326172,182.19921875,222.5454559326172,201.27734375,223.4141387939453,221.22265625,-1.0,-1.0,-1.0,-1.0,230.36363220214844,149.24609375,222.5454559326172,150.11328125
-1.0,-1.0,226.64999389648438,159.5078125,235.25,158.6484375,237.8300018310547,172.3984375,240.41000366210938,183.5703125,218.91000366210938,160.3671875,217.19000244140625,173.2578125,214.61000061035156,183.5703125,231.80999755859375,181.8515625,229.22999572753906,202.4765625,226.64999389648438,217.9453125,222.35000610351562,181.8515625,222.35000610351562,202.4765625,222.35000610351562,217.9453125,-1.0,-1.0,-1.0,-1.0,230.9499969482422,149.1953125,223.2100067138672,150.9140625
-1.0,-1.0,227.3333282470703,160.08203125,234.96969604492188,159.23046875,238.36363220214844,172.00390625,240.06060791015625,183.07421875,218.84848022460938,160.08203125,216.3030242919922,173.70703125,213.757568359375,183.92578125,231.5757598876953,183.07421875,229.8787841796875,204.36328125,225.63636779785156,222.24609375,222.242431640625,183.07421875,223.09091186523438,203.51171875,223.93939208984375,220.54296875,-1.0,-1.0,-1.0,-1.0,230.72727966308594,149.01171875,222.242431640625,150.71484375
-1.0,-1.0,226.13861083984375,159.23046875,233.80197143554688,158.37890625,238.0594024658203,171.15234375,-1.0,-1.0,219.3267364501953,160.08203125,216.77227783203125,172.85546875,214.2178192138672,183.92578125,-1.0,-1.0,-1.0,-1.0,-1.0,-1.0,-1.0,-1.0,-1.0,-1.0,-1.0,-1.0,-1.0,-1.0,-1.0,-1.0,-1.0,-1.0,-1.0,-1.0
-1.0,-1.0,227.84158325195312,159.23046875,235.50494384765625,159.23046875,238.910888671875,172.85546875,240.61386108398438,182.22265625,219.3267364501953,160.08203125,216.77227783203125,172.85546875,214.2178192138672,183.07421875,232.95050048828125,183.92578125,230.3960418701172,205.21484375,232.95050048828125,223.09765625,222.732666015625,183.92578125,224.43563842773438,204.36328125,226.13861083984375,222.24609375,-1.0,-1.0,-1.0,-1.0,229.5445556640625,149.01171875,221.88119506835938,151.56640625
-1.0,-1.0,227.84158325195312,159.23046875,236.35643005371094,158.37890625,238.910888671875,172.85546875,241.46534729003906,182.22265625,219.3267364501953,160.08203125,216.77227783203125,172.85546875,214.2178192138672,183.92578125,233.80197143554688,183.92578125,226.13861083984375,206.91796875,226.13861083984375,223.94921875,223.5841522216797,184.77734375,226.13861083984375,203.51171875,227.84158325195312,222.24609375,-1.0,-1.0,-1.0,-1.0,-1.0,-1.0,221.88119506835938,151.56640625
-1.0,-1.0,227.84158325195312,159.23046875,220.17822265625,159.23046875,217.62376403808594,172.85546875,215.06930541992188,183.07421875,236.35643005371094,158.37890625,238.910888671875,172.85546875,241.46534729003906,183.92578125,224.43563842773438,186.48046875,223.5841522216797,209.47265625,221.88119506835938,225.65234375,233.80197143554688,186.48046875,230.3960418701172,209.47265625,229.5445556640625,225.65234375,-1.0,-1.0,-1.0,-1.0,-1.0,-1.0,-1.0,-1.0
-1.0,-1.0,228.6930694580078,159.23046875,237.20791625976562,159.23046875,238.910888671875,172.85546875,241.46534729003906,183.92578125,220.17822265625,159.23046875,217.62376403808594,172.85546875,214.2178192138672,183.92578125,234.65347290039062,184.77734375,232.09901428222656,203.51171875,230.3960418701172,222.24609375,224.43563842773438,183.92578125,224.43563842773438,205.21484375,226.13861083984375,223.09765625,-1.0,-1.0,-1.0,-1.0,232.95050048828125,148.16015625,224.43563842773438,149.01171875
-1.0,-1.0,228.6930694580078,159.23046875,237.20791625976562,159.23046875,239.7623748779297,172.85546875,241.46534729003906,183.07421875,221.0297088623047,159.23046875,218.47525024414062,172.85546875,214.2178192138672,183.92578125,233.80197143554688,183.07421875,232.95050048828125,201.80859375,231.24752807617188,216.28515625,224.43563842773438,183.92578125,225.28712463378906,203.51171875,224.43563842773438,223.94921875,-1.0,-1.0,-1.0,-1.0,233.80197143554688,149.01171875,224.43563842773438,149.86328125
-1.0,-1.0,228.6930694580078,159.23046875,237.20791625976562,159.23046875,239.7623748779297,172.00390625,241.46534729003906,183.07421875,221.0297088623047,159.23046875,218.47525024414062,172.00390625,215.06930541992188,183.07421875,233.80197143554688,181.37109375,234.65347290039062,200.10546875,232.09901428222656,217.13671875,224.43563842773438,182.22265625,226.13861083984375,202.66015625,224.43563842773438,221.39453125,-1.0,-1.0,-1.0,-1.0,233.80197143554688,149.01171875,224.43563842773438,149.86328125
-1.0,-1.0,229.5445556640625,159.23046875,236.35643005371094,159.23046875,239.7623748779297,171.15234375,241.46534729003906,184.77734375,221.88119506835938,159.23046875,218.47525024414062,172.85546875,215.92079162597656,184.77734375,235.50494384765625,183.07421875,232.95050048828125,204.36328125,229.5445556640625,221.39453125,224.43563842773438,183.92578125,225.28712463378906,205.21484375,225.28712463378906,221.39453125,-1.0,-1.0,-1.0,-1.0,232.95050048828125,149.01171875,225.28712463378906,149.01171875
-1.0,-1.0,229.5445556640625,158.37890625,237.20791625976562,158.37890625,239.7623748779297,170.30078125,-1.0,-1.0,222.732666015625,159.23046875,219.3267364501953,172.00390625,215.92079162597656,184.77734375,234.65347290039062,181.37109375,226.13861083984375,203.51171875,226.99009704589844,221.39453125,225.28712463378906,182.22265625,226.13861083984375,204.36328125,229.5445556640625,223.09765625,-1.0,-1.0,-1.0,-1.0,232.95050048828125,148.16015625,227.84158325195312,149.86328125
