-1.0,-1.0,624.0625,109.234375,630.4375,109.234375,-1.0,-1.0,-1.0,-1.0,617.6875,110.515625,615.1375122070312,143.828125,612.5875244140625,166.890625,630.4375,163.046875,-1.0,-1.0,-1.0,-1.0,617.6875,163.046875,-1.0,-1.0,-1.0,-1.0,-1.0,-1.0,-1.0,-1.0,627.8875122070312,88.734375,615.1375122070312,88.734375
-1.0,-1.0,619.9024658203125,74.64453125,625.0731811523438,74.64453125,-1.0,-1.0,-1.0,-1.0,614.731689453125,74.64453125,613.4390258789062,95.26953125,-1.0,-1.0,-1.0,-1.0,-1.0,-1.0,-1.0,-1.0,-1.0,-1.0,-1.0,-1.0,-1.0,-1.0,-1.0,-1.0,-1.0,-1.0,-1.0,-1.0,-1.0,-1.0
-1.0,-1.0,615.8433837890625,75.640625,620.9517822265625,75.640625,-1.0,-1.0,-1.0,-1.0,610.7349243164062,75.640625,-1.0,-1.0,-1.0,-1.0,612.0120239257812,121.765625,-1.0,-1.0,-1.0,-1.0,-1.0,-1.0,-1.0,-1.0,-1.0,-1.0,-1.0,-1.0,-1.0,-1.0,-1.0,-1.0,-1.0,-1.0
-1.0,-1.0,616.3720703125,111.515625,625.3255615234375,111.515625,-1.0,-1.0,-1.0,-1.0,604.8604736328125,110.234375,601.0232543945312,138.421875,595.906982421875,167.890625,622.7674560546875,157.640625,612.534912109375,202.484375,-1.0,-1.0,611.2557983398438,161.484375,-1.0,-1.0,-1.0,-1.0,-1.0,-1.0,-1.0,-1.0,620.2092895507812,91.015625,606.1395263671875,91.015625
-1.0,-1.0,612.093017578125,110.234375,619.7674560546875,108.953125,-1.0,-1.0,-1.0,-1.0,601.8604736328125,108.953125,596.7442016601562,130.734375,586.5116577148438,120.484375,618.4884033203125,155.078125,610.81396484375,203.765625,-1.0,-1.0,605.6976928710938,157.640625,608.2557983398438,199.921875,-1.0,-1.0,-1.0,-1.0,-1.0,-1.0,615.9302368164062,91.015625,601.8604736328125,91.015625
-1.0,-1.0,608.6896362304688,108.953125,618.988525390625,107.671875,-1.0,-1.0,-1.0,-1.0,599.6781616210938,108.953125,591.9540405273438,132.015625,581.6551513671875,165.328125,616.413818359375,155.078125,604.8275756835938,202.484375,-1.0,-1.0,600.9655151367188,155.078125,589.3793334960938,202.484375,-1.0,-1.0,-1.0,-1.0,-1.0,-1.0,613.839111328125,89.734375,599.6781616210938,91.015625
-1.0,-1.0,605.1460571289062,109.953125,615.3932495117188,109.953125,619.2359619140625,130.453125,-1.0,-1.0,596.1797485351562,109.953125,588.494384765625,133.015625,575.6853637695312,163.765625,611.550537109375,150.953125,603.8651733398438,180.421875,600.0224609375,206.046875,598.7415771484375,150.953125,597.460693359375,177.859375,597.460693359375,204.765625,-1.0,-1.0,-1.0,-1.0,611.550537109375,92.015625,597.460693359375,92.015625
-1.0,-1.0,601.3296508789062,111.234375,612.8021850585938,111.234375,615.3516235351562,131.734375,-1.0,-1.0,591.1318969726562,112.515625,584.7582397460938,133.015625,570.7362670898438,159.921875,608.97802734375,156.078125,593.6813354492188,203.484375,-1.0,-1.0,594.9560546875,158.640625,586.032958984375,206.046875,-1.0,-1.0,-1.0,-1.0,-1.0,-1.0,608.97802734375,93.296875,594.9560546875,92.015625
-1.0,-1.0,598.8369750976562,108.671875,609.0978393554688,108.671875,612.9456787109375,129.171875,-1.0,-1.0,588.5761108398438,109.953125,580.8804321289062,134.296875,565.4891357421875,156.078125,606.5325927734375,154.796875,592.4238891601562,202.203125,-1.0,-1.0,588.5761108398438,157.359375,587.29345703125,181.703125,-1.0,-1.0,-1.0,-1.0,-1.0,-1.0,605.25,90.734375,591.1412963867188,90.734375
-1.0,-1.0,596.2978515625,109.953125,606.5106201171875,108.671875,610.3404541015625,131.734375,-1.0,-1.0,584.8085327148438,109.953125,578.425537109375,133.015625,561.8297729492188,152.234375,602.6808471679688,154.796875,589.9149169921875,204.765625,-1.0,-1.0,584.8085327148438,156.078125,583.5319213867188,204.765625,-1.0,-1.0,-1.0,-1.0,-1.0,-1.0,602.6808471679688,92.015625,588.6383056640625,90.734375
-1.0,-1.0,593.2978515625,109.953125,603.5106201171875,109.953125,607.3404541015625,130.453125,-1.0,-1.0,581.8085327148438,109.953125,572.872314453125,131.734375,557.5531616210938,150.953125,598.4042358398438,154.796875,588.1914672851562,203.484375,-1.0,-1.0,580.5319213867188,154.796875,581.8085327148438,204.765625,-1.0,-1.0,-1.0,-1.0,-1.0,-1.0,599.6808471679688,92.015625,586.9149169921875,92.015625
-1.0,-1.0,590.6288452148438,109.671875,600.8556518554688,109.671875,604.6907348632812,126.328125,-1.0,-1.0,579.1237182617188,109.671875,563.7835083007812,125.046875,561.226806640625,114.796875,595.7422485351562,154.515625,586.7938232421875,203.203125,-1.0,-1.0,577.8453369140625,154.515625,579.1237182617188,182.703125,-1.0,-1.0,-1.0,-1.0,-1.0,-1.0,598.2989501953125,91.734375,584.2371215820312,90.453125
-1.0,-1.0,587.6288452148438,113.515625,597.8556518554688,113.515625,600.412353515625,132.734375,-1.0,-1.0,576.1237182617188,112.234375,568.45361328125,130.171875,-1.0,-1.0,592.7422485351562,157.078125,583.7938232421875,204.484375,-1.0,-1.0,574.8453369140625,157.078125,578.680419921875,201.921875,-1.0,-1.0,-1.0,-1.0,-1.0,-1.0,594.0206298828125,94.296875,581.2371215820312,91.734375
-1.0,-1.0,586.1428833007812,112.234375,596.4285888671875,113.515625,599.0,136.578125,-1.0,-1.0,574.5714111328125,110.953125,563.0,127.609375,-1.0,-1.0,590.0,158.359375,582.2857055664062,203.203125,-1.0,-1.0,570.7142944335938,155.796875,565.5714111328125,195.515625,-1.0,-1.0,-1.0,-1.0,-1.0,-1.0,592.5714111328125,94.296875,578.4285888671875,94.296875
-1.0,-1.0,583.8800048828125,110.953125,592.8400268554688,110.953125,-1.0,-1.0,-1.0,-1.0,572.3599853515625,110.953125,563.4000244140625,127.609375,559.5599975585938,118.640625,586.4400024414062,153.234375,581.3200073242188,198.078125,-1.0,-1.0,569.7999877929688,153.234375,565.9600219726562,187.828125,-1.0,-1.0,-1.0,-1.0,-1.0,-1.0,590.280029296875,95.578125,576.2000122070312,94.296875
-1.0,-1.0,580.058837890625,114.29296875,590.2548828125,113.01953125,-1.0,-1.0,-1.0,-1.0,568.5882568359375,114.29296875,558.3921508789062,135.94140625,543.0980224609375,152.49609375,585.1568603515625,160.13671875,580.058837890625,200.88671875,-1.0,-1.0,567.313720703125,160.13671875,562.2156982421875,198.33984375,-1.0,-1.0,-1.0,-1.0,-1.0,-1.0,587.7058715820312,93.91796875,573.686279296875,93.91796875
-1.0,-1.0,578.213623046875,111.953125,587.1844482421875,110.671875,-1.0,-1.0,-1.0,-1.0,567.961181640625,111.953125,556.4271850585938,135.015625,539.7669677734375,154.234375,580.7766723632812,158.078125,578.213623046875,199.078125,-1.0,-1.0,565.3980712890625,158.078125,561.5534057617188,195.234375,-1.0,-1.0,-1.0,-1.0,-1.0,-1.0,584.621337890625,94.015625,571.8058471679688,92.734375
-1.0,-1.0,573.1142578125,114.515625,582.047607421875,113.234375,-1.0,-1.0,-1.0,-1.0,564.1809692382812,114.515625,553.971435546875,137.578125,537.3809814453125,156.796875,578.2190551757812,160.640625,576.94287109375,202.921875,-1.0,-1.0,564.1809692382812,160.640625,557.7999877929688,200.359375,-1.0,-1.0,-1.0,-1.0,-1.0,-1.0,580.7714233398438,95.296875,568.009521484375,95.296875
-1.0,-1.0,571.3905029296875,111.953125,581.5999755859375,110.671875,589.2571411132812,128.609375,-1.0,-1.0,561.1809692382812,113.234375,553.5238037109375,136.296875,535.6571655273438,156.796875,579.047607421875,155.515625,573.94287109375,202.921875,-1.0,-1.0,561.1809692382812,158.078125,554.7999877929688,196.515625,-1.0,-1.0,-1.0,-1.0,-1.0,-1.0,579.047607421875,94.015625,565.009521484375,95.296875
-1.0,-1.0,570.638916015625,111.47265625,582.138916015625,111.47265625,585.9722290039062,134.39453125,-1.0,-1.0,559.138916015625,111.47265625,552.75,135.66796875,536.138916015625,157.31640625,577.0277709960938,156.04296875,574.4722290039062,201.88671875,-1.0,-1.0,559.138916015625,157.31640625,555.3055419921875,194.24609375,-1.0,-1.0,-1.0,-1.0,-1.0,-1.0,578.3055419921875,93.64453125,564.25,93.64453125
-1.0,-1.0,567.638916015625,111.47265625,577.861083984375,111.47265625,582.9722290039062,134.39453125,-1.0,-1.0,557.4166870117188,111.47265625,549.75,136.94140625,535.6944580078125,157.31640625,574.0277709960938,156.04296875,566.361083984375,196.79296875,-1.0,-1.0,556.138916015625,158.58984375,548.4722290039062,194.24609375,-1.0,-1.0,-1.0,-1.0,-1.0,-1.0,575.3055419921875,93.64453125,561.25,93.64453125
-1.0,-1.0,565.0908813476562,111.47265625,575.272705078125,111.47265625,-1.0,-1.0,-1.0,-1.0,554.9091186523438,112.74609375,548.5454711914062,136.94140625,534.5454711914062,157.31640625,571.4545288085938,159.86328125,566.3636474609375,201.88671875,-1.0,-1.0,553.6363525390625,161.13671875,547.272705078125,198.06640625,-1.0,-1.0,-1.0,-1.0,-1.0,-1.0,572.727294921875,92.37109375,558.727294921875,92.37109375
-1.0,-1.0,562.638916015625,111.47265625,572.861083984375,110.19921875,581.8055419921875,126.75390625,-1.0,-1.0,552.4166870117188,111.47265625,547.3055419921875,136.94140625,534.5277709960938,153.49609375,570.3055419921875,154.76953125,565.1944580078125,198.06640625,-1.0,-1.0,552.4166870117188,156.04296875,542.1944580078125,190.42578125,-1.0,-1.0,-1.0,-1.0,-1.0,-1.0,569.0277709960938,93.64453125,556.25,93.64453125
-1.0,-1.0,562.1944580078125,113.234375,572.4166870117188,114.515625,577.5277709960938,141.421875,-1.0,-1.0,550.6944580078125,113.234375,544.3055419921875,138.859375,531.5277709960938,158.078125,569.861083984375,164.484375,-1.0,-1.0,-1.0,-1.0,549.4166870117188,165.765625,-1.0,-1.0,-1.0,-1.0,-1.0,-1.0,-1.0,-1.0,566.0277709960938,92.734375,553.25,92.734375
-1.0,-1.0,561.3761596679688,113.234375,571.6513671875,113.234375,-1.0,-1.0,-1.0,-1.0,549.8165283203125,113.234375,543.3944702148438,141.421875,534.4036865234375,163.203125,567.7981567382812,163.203125,-1.0,-1.0,-1.0,-1.0,548.5321044921875,165.765625,-1.0,-1.0,-1.0,-1.0,-1.0,-1.0,-1.0,-1.0,563.9449462890625,91.453125,551.1008911132812,91.453125
-1.0,-1.0,558.4722290039062,114.515625,568.6944580078125,114.515625,-1.0,-1.0,-1.0,-1.0,546.9722290039062,114.515625,543.138916015625,138.859375,535.4722290039062,164.484375,566.138916015625,167.046875,-1.0,-1.0,-1.0,-1.0,543.138916015625,167.046875,535.4722290039062,200.359375,-1.0,-1.0,-1.0,-1.0,-1.0,-1.0,561.0277709960938,92.734375,546.9722290039062,92.734375
-1.0,-1.0,552.0908813476562,114.29296875,561.0,114.29296875,-1.0,-1.0,-1.0,-1.0,544.4545288085938,114.29296875,541.9091186523438,138.48828125,536.8181762695312,165.23046875,559.727294921875,163.95703125,554.6363525390625,200.88671875,-1.0,-1.0,543.1818237304688,162.68359375,535.5454711914062,199.61328125,-1.0,-1.0,-1.0,-1.0,-1.0,-1.0,557.1818237304688,93.91796875,545.727294921875,93.91796875
-1.0,-1.0,550.9166870117188,113.01953125,558.5833129882812,113.01953125,540.6944580078125,141.03515625,535.5833129882812,166.50390625,544.5277709960938,113.01953125,541.9722290039062,139.76171875,535.5833129882812,162.68359375,554.75,163.95703125,-1.0,-1.0,-1.0,-1.0,538.138916015625,163.95703125,529.1944580078125,193.24609375,-1.0,-1.0,-1.0,-1.0,-1.0,-1.0,556.0277709960938,93.91796875,544.5277709960938,92.64453125
-1.0,-1.0,547.9166870117188,113.01953125,556.861083984375,111.74609375,-1.0,-1.0,-1.0,-1.0,540.25,114.29296875,540.25,139.76171875,536.4166870117188,165.23046875,553.0277709960938,162.68359375,546.638916015625,197.06640625,-1.0,-1.0,536.4166870117188,165.23046875,528.75,194.51953125,-1.0,-1.0,-1.0,-1.0,-1.0,-1.0,554.3055419921875,93.91796875,540.25,93.91796875
-1.0,-1.0,544.638916015625,110.953125,551.0277709960938,110.953125,-1.0,-1.0,-1.0,-1.0,538.25,112.234375,539.5277709960938,139.140625,534.4166870117188,163.484375,547.1944580078125,164.765625,544.638916015625,194.234375,-1.0,-1.0,535.6944580078125,164.765625,529.3055419921875,194.234375,-1.0,-1.0,-1.0,-1.0,-1.0,-1.0,548.4722290039062,94.296875,536.9722290039062,94.296875
-1.0,-1.0,541.638916015625,113.515625,549.3055419921875,112.234375,-1.0,-1.0,-1.0,-1.0,532.6944580078125,114.796875,536.5277709960938,139.140625,532.6944580078125,164.765625,546.75,163.484375,-1.0,-1.0,-1.0,-1.0,532.6944580078125,166.046875,-1.0,-1.0,-1.0,-1.0,-1.0,-1.0,-1.0,-1.0,545.4722290039062,95.578125,532.6944580078125,96.859375
-1.0,-1.0,538.238525390625,112.234375,544.6605224609375,110.953125,-1.0,-1.0,-1.0,-1.0,530.5321044921875,112.234375,533.1008911132812,140.421875,531.8165283203125,163.484375,543.3761596679688,160.921875,-1.0,-1.0,-1.0,-1.0,531.8165283203125,163.484375,-1.0,-1.0,-1.0,-1.0,-1.0,-1.0,-1.0,-1.0,542.0917358398438,94.296875,530.5321044921875,94.296875
-1.0,-1.0,532.8055419921875,113.29296875,536.638916015625,113.29296875,530.25,140.03515625,531.5277709960938,164.23046875,526.4166870117188,113.29296875,-1.0,-1.0,-1.0,-1.0,537.9166870117188,161.68359375,-1.0,-1.0,-1.0,-1.0,528.9722290039062,161.68359375,-1.0,-1.0,-1.0,-1.0,-1.0,-1.0,-1.0,-1.0,537.9166870117188,96.73828125,-1.0,-1.0
540.4545288085938,92.91796875,530.272705078125,115.83984375,535.3636474609375,115.83984375,526.4545288085938,141.30859375,527.727294921875,164.23046875,522.6363525390625,117.11328125,-1.0,-1.0,-1.0,-1.0,534.0908813476562,161.68359375,534.0908813476562,194.79296875,-1.0,-1.0,522.6363525390625,161.68359375,-1.0,-1.0,-1.0,-1.0,536.6363525390625,91.64453125,-1.0,-1.0,532.8181762695312,94.19140625,523.9091186523438,95.46484375
-1.0,-1.0,529.0833129882812,113.29296875,536.75,112.01953125,-1.0,-1.0,-1.0,-1.0,521.4166870117188,113.29296875,521.4166870117188,140.03515625,520.138916015625,160.41015625,532.9166870117188,157.86328125,-1.0,-1.0,-1.0,-1.0,530.361083984375,160.41015625,-1.0,-1.0,-1.0,-1.0,-1.0,-1.0,-1.0,-1.0,531.638916015625,95.46484375,521.4166870117188,95.46484375
532.4722290039062,94.19140625,524.8055419921875,113.29296875,519.6944580078125,114.56640625,518.4166870117188,140.03515625,517.138916015625,161.68359375,533.75,110.74609375,-1.0,-1.0,-1.0,-1.0,523.5277709960938,159.13671875,-1.0,-1.0,-1.0,-1.0,531.1944580078125,155.31640625,-1.0,-1.0,-1.0,-1.0,528.638916015625,92.91796875,-1.0,-1.0,523.5277709960938,94.19140625,-1.0,-1.0
-1.0,-1.0,523.9541015625,113.796875,532.9449462890625,112.515625,-1.0,-1.0,-1.0,-1.0,514.9633178710938,115.078125,514.9633178710938,138.140625,511.110107421875,162.484375,526.52294921875,158.640625,517.5321044921875,198.359375,-1.0,-1.0,509.82568359375,161.203125,-1.0,-1.0,-1.0,-1.0,-1.0,-1.0,-1.0,-1.0,527.8073120117188,94.578125,514.9633178710938,94.578125
-1.0,-1.0,519.8055419921875,115.078125,530.0277709960938,112.515625,-1.0,-1.0,-1.0,-1.0,509.5833435058594,117.640625,509.5833435058594,141.984375,504.47222900390625,163.765625,524.9166870117188,159.921875,517.25,195.796875,-1.0,-1.0,510.8611145019531,161.203125,-1.0,-1.0,-1.0,-1.0,-1.0,-1.0,-1.0,-1.0,524.9166870117188,94.578125,512.138916015625,94.578125
481.7064208984375,111.234375,482.9908142089844,118.921875,479.1376037597656,117.640625,-1.0,-1.0,-1.0,-1.0,486.8440246582031,118.921875,489.412841796875,127.890625,490.6972351074219,139.421875,479.1376037597656,139.421875,479.1376037597656,152.234375,-1.0,-1.0,484.2752380371094,139.421875,481.7064208984375,152.234375,482.9908142089844,165.046875,481.7064208984375,109.953125,481.7064208984375,109.953125,481.7064208984375,109.953125,482.9908142089844,109.953125
-1.0,-1.0,516.0833129882812,112.29296875,525.0277709960938,111.01953125,-1.0,-1.0,-1.0,-1.0,507.1388854980469,113.56640625,502.02777099609375,139.03515625,490.52777099609375,154.31640625,519.9166870117188,155.58984375,512.25,189.97265625,-1.0,-1.0,505.8611145019531,156.86328125,503.3055419921875,188.69921875,-1.0,-1.0,-1.0,-1.0,-1.0,-1.0,518.638916015625,94.46484375,508.4166564941406,95.73828125
-1.0,-1.0,514.361083984375,111.01953125,522.0277709960938,111.01953125,-1.0,-1.0,-1.0,-1.0,505.4166564941406,111.01953125,499.02777099609375,135.21484375,488.8055419921875,153.04296875,514.361083984375,155.58984375,507.97222900390625,188.69921875,-1.0,-1.0,500.3055419921875,155.58984375,497.75,188.69921875,-1.0,-1.0,-1.0,-1.0,-1.0,-1.0,518.1944580078125,93.19140625,505.4166564941406,93.19140625
-1.0,-1.0,509.8055419921875,109.74609375,518.75,109.74609375,-1.0,-1.0,-1.0,-1.0,502.1388854980469,111.01953125,494.47222900390625,135.21484375,480.4166564941406,155.58984375,513.638916015625,155.58984375,504.6944580078125,189.97265625,-1.0,-1.0,499.5833435058594,155.58984375,497.02777099609375,192.51953125,-1.0,-1.0,-1.0,-1.0,-1.0,-1.0,514.9166870117188,94.46484375,503.4166564941406,93.19140625
-1.0,-1.0,508.0833435058594,110.234375,517.0277709960938,110.234375,-1.0,-1.0,-1.0,-1.0,500.4166564941406,110.234375,491.47222900390625,132.015625,478.6944580078125,152.515625,511.9166564941406,152.515625,502.97222900390625,188.390625,-1.0,-1.0,496.5833435058594,152.515625,495.3055419921875,188.390625,-1.0,-1.0,-1.0,-1.0,-1.0,-1.0,513.1944580078125,94.859375,501.6944580078125,93.578125
-1.0,-1.0,505.9541320800781,111.515625,514.9449462890625,111.515625,-1.0,-1.0,-1.0,-1.0,496.96331787109375,111.515625,487.97247314453125,130.734375,475.1284484863281,149.953125,511.09173583984375,151.234375,503.38531494140625,181.984375,-1.0,-1.0,496.96331787109375,149.953125,495.67889404296875,185.828125,-1.0,-1.0,-1.0,-1.0,-1.0,-1.0,509.8073425292969,94.859375,499.5321044921875,96.140625
-1.0,-1.0,503.0833435058594,111.515625,512.0277709960938,111.515625,515.861083984375,130.734375,-1.0,-1.0,494.1388854980469,111.515625,485.1944580078125,132.015625,471.1388854980469,148.671875,509.47222900390625,152.515625,503.0833435058594,180.703125,-1.0,-1.0,494.1388854980469,151.234375,492.8611145019531,180.703125,-1.0,-1.0,-1.0,-1.0,-1.0,-1.0,508.1944580078125,96.140625,496.6944580078125,96.140625
-1.0,-1.0,501.3611145019531,111.29296875,509.02777099609375,112.56640625,511.5833435058594,134.21484375,-1.0,-1.0,492.4166564941406,111.29296875,482.1944580078125,131.66796875,470.6944580078125,146.94921875,503.9166564941406,150.76953125,502.6388854980469,180.05859375,-1.0,-1.0,489.8611145019531,150.76953125,491.1388854980469,180.05859375,-1.0,-1.0,-1.0,-1.0,-1.0,-1.0,506.47222900390625,96.01171875,494.97222900390625,94.73828125
-1.0,-1.0,499.3611145019531,112.56640625,508.3055419921875,112.56640625,-1.0,-1.0,-1.0,-1.0,490.4166564941406,112.56640625,480.1944580078125,132.94140625,466.1388854980469,148.22265625,503.1944580078125,154.58984375,498.0833435058594,182.60546875,-1.0,-1.0,487.8611145019531,153.31640625,490.4166564941406,185.15234375,-1.0,-1.0,-1.0,-1.0,-1.0,-1.0,504.47222900390625,97.28515625,491.6944580078125,97.28515625
-1.0,-1.0,496.3611145019531,113.83984375,504.02777099609375,113.83984375,-1.0,-1.0,-1.0,-1.0,488.6944580078125,113.83984375,478.47222900390625,131.66796875,460.5833435058594,149.49609375,497.6388854980469,154.58984375,484.8611145019531,181.33203125,-1.0,-1.0,497.6388854980469,157.13671875,484.8611145019531,185.15234375,-1.0,-1.0,-1.0,-1.0,-1.0,-1.0,501.47222900390625,97.28515625,489.97222900390625,97.28515625
-1.0,-1.0,493.81817626953125,113.83984375,502.7272644042969,113.83984375,506.5454406738281,135.48828125,-1.0,-1.0,486.18182373046875,113.83984375,476.0,134.21484375,458.18182373046875,149.49609375,498.9090881347656,155.86328125,495.0909118652344,187.69921875,-1.0,-1.0,482.3636474609375,155.86328125,479.81817626953125,185.15234375,-1.0,-1.0,-1.0,-1.0,-1.0,-1.0,500.18182373046875,97.28515625,488.7272644042969,97.28515625
-1.0,-1.0,492.6388854980469,114.359375,500.3055419921875,114.359375,505.4166564941406,137.421875,-1.0,-1.0,483.6944580078125,114.359375,476.02777099609375,133.578125,459.4166564941406,148.953125,496.47222900390625,155.359375,492.6388854980469,187.390625,-1.0,-1.0,481.1388854980469,155.359375,478.5833435058594,187.390625,-1.0,-1.0,-1.0,-1.0,-1.0,-1.0,497.75,97.703125,486.25,96.421875
-1.0,-1.0,490.52294921875,113.078125,499.5137634277344,113.078125,502.08258056640625,136.140625,-1.0,-1.0,481.5321044921875,113.078125,473.82568359375,133.578125,459.6972351074219,148.953125,493.09173583984375,155.359375,-1.0,-1.0,-1.0,-1.0,478.96331787109375,154.078125,-1.0,-1.0,-1.0,-1.0,-1.0,-1.0,-1.0,-1.0,494.37615966796875,96.421875,484.1009216308594,95.140625
-1.0,-1.0,486.3611145019531,113.078125,494.02777099609375,113.078125,496.5833435058594,137.421875,-1.0,-1.0,477.4166564941406,114.359375,472.3055419921875,134.859375,456.97222900390625,150.234375,492.75,156.640625,492.75,191.234375,-1.0,-1.0,478.6944580078125,157.921875,476.1388854980469,193.796875,-1.0,-1.0,-1.0,-1.0,-1.0,-1.0,492.75,96.421875,481.25,95.140625
-1.0,-1.0,484.3611145019531,111.796875,493.3055419921875,111.796875,497.1388854980469,132.296875,-1.0,-1.0,476.6944580078125,113.078125,470.3055419921875,136.140625,456.25,148.953125,490.75,156.640625,489.47222900390625,191.234375,-1.0,-1.0,476.6944580078125,157.921875,474.1388854980469,195.078125,-1.0,-1.0,-1.0,-1.0,-1.0,-1.0,490.75,96.421875,479.25,95.140625
-1.0,-1.0,482.3611145019531,113.078125,491.3055419921875,111.796875,495.1388854980469,133.578125,-1.0,-1.0,474.6944580078125,113.078125,468.3055419921875,136.140625,455.52777099609375,152.796875,488.75,155.359375,486.1944580078125,191.234375,-1.0,-1.0,474.6944580078125,156.640625,470.8611145019531,191.234375,-1.0,-1.0,-1.0,-1.0,-1.0,-1.0,488.75,96.421875,477.25,95.140625
-1.0,-1.0,481.6388854980469,111.796875,489.3055419921875,110.515625,-1.0,-1.0,-1.0,-1.0,473.97222900390625,111.796875,467.5833435058594,136.140625,454.8055419921875,154.078125,488.02777099609375,155.359375,481.6388854980469,192.515625,-1.0,-1.0,472.6944580078125,156.640625,463.75,188.671875,-1.0,-1.0,-1.0,-1.0,-1.0,-1.0,486.75,93.859375,475.25,93.859375
-1.0,-1.0,479.6388854980469,111.796875,488.5833435058594,110.515625,-1.0,-1.0,-1.0,-1.0,471.97222900390625,111.796875,466.8611145019531,136.140625,455.3611145019531,152.796875,486.02777099609375,154.078125,479.6388854980469,196.359375,-1.0,-1.0,470.6944580078125,155.359375,461.75,192.515625,-1.0,-1.0,-1.0,-1.0,-1.0,-1.0,483.47222900390625,93.859375,471.97222900390625,93.859375
-1.0,-1.0,477.6388854980469,110.515625,485.3055419921875,109.234375,-1.0,-1.0,-1.0,-1.0,471.25,110.515625,466.1388854980469,134.859375,455.9166564941406,155.359375,482.75,155.359375,476.3611145019531,198.921875,-1.0,-1.0,468.6944580078125,156.640625,457.1944580078125,191.234375,-1.0,-1.0,-1.0,-1.0,-1.0,-1.0,482.75,93.859375,469.97222900390625,93.859375
-1.0,-1.0,476.52294921875,109.234375,482.9449462890625,109.234375,-1.0,-1.0,-1.0,-1.0,468.8165283203125,110.515625,464.96331787109375,134.859375,458.5412902832031,159.203125,480.37615966796875,156.640625,475.238525390625,197.640625,-1.0,-1.0,466.2477111816406,157.921875,454.6880798339844,192.515625,-1.0,-1.0,-1.0,-1.0,-1.0,-1.0,480.37615966796875,93.859375,468.8165283203125,93.859375
-1.0,-1.0,-1.0,-1.0,-1.0,-1.0,-1.0,-1.0,-1.0,-1.0,470.66973876953125,110.515625,465.5321044921875,136.140625,459.110107421875,156.640625,-1.0,-1.0,-1.0,-1.0,-1.0,-1.0,-1.0,-1.0,-1.0,-1.0,-1.0,-1.0,-1.0,-1.0,-1.0,-1.0,-1.0,-1.0,468.1009216308594,93.859375
460.6363525390625,94.73828125,470.81817626953125,108.74609375,477.18182373046875,108.74609375,-1.0,-1.0,-1.0,-1.0,469.5454406738281,110.01953125,464.45452880859375,135.48828125,459.3636474609375,158.41015625,469.5454406738281,158.41015625,-1.0,-1.0,-1.0,-1.0,464.45452880859375,157.13671875,-1.0,-1.0,-1.0,-1.0,-1.0,-1.0,463.18182373046875,92.19140625,-1.0,-1.0,467.0,93.46484375
457.8611145019531,96.01171875,470.6388854980469,110.01953125,475.75,110.01953125,-1.0,-1.0,-1.0,-1.0,465.52777099609375,111.29296875,462.97222900390625,136.76171875,460.4166564941406,158.41015625,469.3611145019531,157.13671875,-1.0,-1.0,-1.0,-1.0,462.97222900390625,157.13671875,-1.0,-1.0,-1.0,-1.0,-1.0,-1.0,459.1388854980469,92.19140625,-1.0,-1.0,462.97222900390625,93.46484375
455.8611145019531,96.01171875,467.3611145019531,108.74609375,472.47222900390625,110.01953125,460.97222900390625,132.94140625,-1.0,-1.0,463.52777099609375,110.01953125,462.25,136.76171875,459.6944580078125,158.41015625,468.6388854980469,155.86328125,-1.0,-1.0,-1.0,-1.0,457.1388854980469,155.86328125,-1.0,-1.0,-1.0,-1.0,-1.0,-1.0,458.4166564941406,93.46484375,-1.0,-1.0,460.97222900390625,93.46484375
452.5833435058594,96.01171875,465.3611145019531,111.29296875,471.75,111.29296875,-1.0,-1.0,-1.0,-1.0,460.25,111.29296875,460.25,136.76171875,458.97222900390625,159.68359375,467.9166564941406,157.13671875,469.1944580078125,190.24609375,-1.0,-1.0,460.25,157.13671875,443.6388854980469,186.42578125,-1.0,-1.0,-1.0,-1.0,455.1388854980469,93.46484375,-1.0,-1.0,458.97222900390625,96.01171875
-1.0,-1.0,462.0833435058594,112.56640625,468.47222900390625,112.56640625,454.4166564941406,138.03515625,458.25,163.50390625,458.25,112.56640625,458.25,136.76171875,458.25,159.68359375,464.6388854980469,158.41015625,-1.0,-1.0,-1.0,-1.0,454.4166564941406,157.13671875,442.9166564941406,187.69921875,-1.0,-1.0,-1.0,-1.0,-1.0,-1.0,464.6388854980469,97.28515625,455.6944580078125,97.28515625
466.47222900390625,94.73828125,458.8055419921875,112.56640625,460.0833435058594,113.83984375,454.97222900390625,135.48828125,457.52777099609375,158.41015625,453.6944580078125,112.56640625,456.25,136.76171875,456.25,158.41015625,461.3611145019531,155.86328125,440.9166564941406,190.24609375,-1.0,-1.0,449.8611145019531,154.58984375,-1.0,-1.0,-1.0,-1.0,460.0833435058594,94.73828125,-1.0,-1.0,458.8055419921875,97.28515625,-1.0,-1.0
464.47222900390625,97.28515625,454.25,113.83984375,454.25,116.38671875,452.97222900390625,135.48828125,455.52777099609375,157.13671875,450.4166564941406,113.83984375,-1.0,-1.0,-1.0,-1.0,455.52777099609375,157.13671875,-1.0,-1.0,-1.0,-1.0,449.1388854980469,154.58984375,-1.0,-1.0,-1.0,-1.0,460.6388854980469,96.01171875,-1.0,-1.0,455.52777099609375,98.55859375,-1.0,-1.0
-1.0,-1.0,452.7272644042969,112.56640625,459.0909118652344,112.56640625,447.6363525390625,134.21484375,450.18182373046875,158.41015625,450.18182373046875,112.56640625,450.18182373046875,135.48828125,451.45452880859375,155.86328125,454.0,153.31640625,-1.0,-1.0,-1.0,-1.0,447.6363525390625,153.31640625,440.0,183.87890625,-1.0,-1.0,-1.0,-1.0,-1.0,-1.0,456.5454406738281,97.28515625,446.3636474609375,97.28515625
-1.0,-1.0,450.7272644042969,112.56640625,455.81817626953125,112.56640625,444.3636474609375,134.21484375,446.9090881347656,160.95703125,448.18182373046875,112.56640625,446.9090881347656,136.76171875,445.6363525390625,157.13671875,452.0,157.13671875,439.2727355957031,192.79296875,-1.0,-1.0,441.81817626953125,157.13671875,434.18182373046875,187.69921875,-1.0,-1.0,-1.0,-1.0,-1.0,-1.0,454.5454406738281,96.01171875,445.6363525390625,97.28515625
-1.0,-1.0,448.7272644042969,113.83984375,456.3636474609375,112.56640625,-1.0,-1.0,-1.0,-1.0,443.6363525390625,113.83984375,443.6363525390625,135.48828125,441.0909118652344,154.58984375,451.2727355957031,153.31640625,446.18182373046875,183.87890625,-1.0,-1.0,441.0909118652344,154.58984375,432.18182373046875,183.87890625,-1.0,-1.0,-1.0,-1.0,-1.0,-1.0,452.5454406738281,97.28515625,442.3636474609375,97.28515625
-1.0,-1.0,446.7272644042969,112.56640625,453.0909118652344,111.29296875,-1.0,-1.0,-1.0,-1.0,441.6363525390625,113.83984375,440.3636474609375,135.48828125,437.81817626953125,155.86328125,449.2727355957031,153.31640625,445.45452880859375,182.60546875,-1.0,-1.0,441.6363525390625,153.31640625,432.7272644042969,185.15234375,-1.0,-1.0,-1.0,-1.0,-1.0,-1.0,450.5454406738281,96.01171875,439.0909118652344,96.01171875
435.02777099609375,97.421875,446.52777099609375,111.515625,452.9166564941406,110.234375,-1.0,-1.0,-1.0,-1.0,441.4166564941406,111.515625,436.3055419921875,135.859375,431.1944580078125,155.078125,450.3611145019531,151.234375,442.6944580078125,183.265625,-1.0,-1.0,441.4166564941406,152.515625,438.8611145019531,176.859375,-1.0,-1.0,-1.0,-1.0,436.3055419921875,93.578125,-1.0,-1.0,438.8611145019531,94.859375
431.75,96.140625,443.25,110.234375,449.6388854980469,110.234375,456.02777099609375,130.734375,-1.0,-1.0,436.8611145019531,111.515625,433.02777099609375,134.578125,426.6388854980469,152.515625,447.0833435058594,151.234375,440.6944580078125,183.265625,-1.0,-1.0,436.8611145019531,151.234375,433.02777099609375,183.265625,431.75,205.046875,-1.0,-1.0,434.3055419921875,93.578125,447.0833435058594,93.578125,436.8611145019531,93.578125
429.75,96.140625,441.25,110.234375,447.6388854980469,110.234375,-1.0,-1.0,-1.0,-1.0,434.8611145019531,111.515625,428.47222900390625,133.296875,418.25,151.234375,445.0833435058594,151.234375,438.6944580078125,184.546875,-1.0,-1.0,433.5833435058594,151.234375,431.02777099609375,185.828125,429.75,206.328125,-1.0,-1.0,432.3055419921875,93.578125,445.0833435058594,96.140625,434.8611145019531,94.859375
427.75,96.140625,439.25,110.234375,446.9166564941406,108.953125,-1.0,-1.0,-1.0,-1.0,432.8611145019531,110.234375,426.47222900390625,133.296875,417.52777099609375,149.953125,441.8055419921875,149.953125,434.1388854980469,180.703125,430.3055419921875,205.046875,430.3055419921875,148.671875,425.1944580078125,176.859375,-1.0,-1.0,-1.0,-1.0,430.3055419921875,93.578125,444.3611145019531,96.140625,432.8611145019531,94.859375
425.75,96.140625,437.25,108.953125,443.6388854980469,108.953125,-1.0,-1.0,-1.0,-1.0,432.1388854980469,108.953125,429.5833435058594,133.296875,416.8055419921875,148.671875,439.8055419921875,147.390625,434.6944580078125,178.140625,-1.0,-1.0,429.5833435058594,147.390625,424.47222900390625,178.140625,-1.0,-1.0,-1.0,-1.0,428.3055419921875,93.578125,-1.0,-1.0,430.8611145019531,93.578125
-1.0,-1.0,435.25,111.515625,441.6388854980469,111.515625,446.75,130.734375,-1.0,-1.0,427.5833435058594,111.515625,426.3055419921875,130.734375,416.0833435058594,144.828125,437.8055419921875,146.109375,423.75,170.453125,-1.0,-1.0,427.5833435058594,147.390625,430.1388854980469,174.296875,-1.0,-1.0,-1.0,-1.0,-1.0,-1.0,439.0833435058594,96.140625,428.8611145019531,96.140625
-1.0,-1.0,432.8165283203125,110.234375,440.52294921875,110.234375,445.6605529785156,125.609375,-1.0,-1.0,425.110107421875,111.515625,421.25689697265625,124.328125,-1.0,-1.0,435.38531494140625,144.828125,421.25689697265625,169.171875,-1.0,-1.0,425.110107421875,142.265625,427.67889404296875,170.453125,-1.0,-1.0,-1.0,-1.0,-1.0,-1.0,436.66973876953125,96.140625,427.67889404296875,96.140625
-1.0,-1.0,430.8165283203125,111.515625,438.52294921875,110.234375,-1.0,-1.0,-1.0,-1.0,423.110107421875,112.796875,415.4036560058594,130.734375,401.2752380371094,146.109375,433.38531494140625,148.671875,420.5412902832031,178.140625,-1.0,-1.0,424.3945007324219,148.671875,425.67889404296875,176.859375,-1.0,-1.0,-1.0,-1.0,-1.0,-1.0,434.66973876953125,96.140625,424.3945007324219,96.140625
432.66973876953125,97.421875,427.5321044921875,111.515625,421.110107421875,112.796875,412.1192626953125,129.453125,399.2752380371094,146.109375,435.238525390625,111.515625,436.52294921875,130.734375,-1.0,-1.0,421.110107421875,148.671875,417.25689697265625,171.734375,-1.0,-1.0,431.38531494140625,148.671875,430.1009216308594,171.734375,-1.0,-1.0,430.1009216308594,94.859375,432.66973876953125,96.140625,424.96331787109375,97.421875,-1.0,-1.0
-1.0,-1.0,426.97222900390625,113.56640625,434.6388854980469,113.56640625,-1.0,-1.0,-1.0,-1.0,420.5833435058594,113.56640625,412.9166564941406,127.57421875,395.02777099609375,147.94921875,419.3055419921875,150.49609375,425.6944580078125,174.69140625,-1.0,-1.0,428.25,150.49609375,415.47222900390625,174.69140625,-1.0,-1.0,-1.0,-1.0,-1.0,-1.0,429.52777099609375,98.28515625,420.5833435058594,98.28515625
413.47222900390625,98.28515625,424.97222900390625,113.56640625,432.6388854980469,113.56640625,-1.0,-1.0,-1.0,-1.0,418.5833435058594,113.56640625,408.3611145019531,131.39453125,394.3055419921875,146.67578125,427.52777099609375,150.49609375,426.25,175.96484375,-1.0,-1.0,416.02777099609375,150.49609375,413.47222900390625,175.96484375,-1.0,-1.0,-1.0,-1.0,416.02777099609375,95.73828125,428.8055419921875,98.28515625,418.5833435058594,98.28515625
-1.0,-1.0,421.6944580078125,113.56640625,429.3611145019531,112.29296875,-1.0,-1.0,-1.0,-1.0,416.5833435058594,114.83984375,407.6388854980469,132.66796875,392.3055419921875,146.67578125,425.52777099609375,150.49609375,425.52777099609375,174.69140625,-1.0,-1.0,417.8611145019531,150.49609375,417.8611145019531,174.69140625,-1.0,-1.0,-1.0,-1.0,-1.0,-1.0,426.8055419921875,98.28515625,416.5833435058594,99.55859375
-1.0,-1.0,419.6944580078125,113.56640625,427.3611145019531,112.29296875,-1.0,-1.0,-1.0,-1.0,414.5833435058594,113.56640625,405.6388854980469,133.94140625,391.5833435058594,146.67578125,423.52777099609375,150.49609375,423.52777099609375,181.05859375,-1.0,-1.0,415.8611145019531,151.76953125,412.02777099609375,181.05859375,-1.0,-1.0,-1.0,-1.0,-1.0,-1.0,424.8055419921875,98.28515625,415.8611145019531,98.28515625
-1.0,-1.0,417.6944580078125,113.56640625,425.3611145019531,112.29296875,404.9166564941406,135.21484375,-1.0,-1.0,412.5833435058594,113.56640625,404.9166564941406,135.21484375,393.4166564941406,145.40234375,420.25,149.22265625,420.25,178.51171875,-1.0,-1.0,417.6944580078125,153.04296875,410.02777099609375,178.51171875,-1.0,-1.0,-1.0,-1.0,-1.0,-1.0,422.8055419921875,98.28515625,413.8611145019531,97.01171875
-1.0,-1.0,415.6944580078125,112.29296875,423.3611145019531,111.01953125,-1.0,-1.0,-1.0,-1.0,409.3055419921875,112.29296875,402.9166564941406,135.21484375,392.6944580078125,146.67578125,419.52777099609375,150.49609375,419.52777099609375,178.51171875,-1.0,-1.0,409.3055419921875,150.49609375,406.75,177.23828125,-1.0,-1.0,-1.0,-1.0,-1.0,-1.0,419.52777099609375,97.01171875,409.3055419921875,95.73828125
-1.0,-1.0,413.4953308105469,112.0703125,421.1214904785156,110.8046875,-1.0,-1.0,-1.0,-1.0,407.14019775390625,112.0703125,400.7850341796875,134.8515625,390.6168212890625,150.0390625,419.8504638671875,150.0390625,419.8504638671875,181.6796875,-1.0,-1.0,416.0373840332031,152.5703125,-1.0,-1.0,-1.0,-1.0,-1.0,-1.0,-1.0,-1.0,417.30841064453125,96.8828125,407.14019775390625,96.8828125
-1.0,-1.0,411.4953308105469,110.8046875,417.8504638671875,110.8046875,-1.0,-1.0,-1.0,-1.0,405.14019775390625,112.0703125,400.0560607910156,132.3203125,391.15887451171875,147.5078125,417.8504638671875,150.0390625,417.8504638671875,176.6171875,-1.0,-1.0,405.14019775390625,151.3046875,398.7850341796875,177.8828125,-1.0,-1.0,-1.0,-1.0,-1.0,-1.0,415.30841064453125,96.8828125,405.14019775390625,95.6171875
398.92523193359375,96.375,410.1962585449219,112.625,417.71026611328125,111.375,-1.0,-1.0,-1.0,-1.0,403.9345703125,112.625,398.92523193359375,133.875,388.90655517578125,150.125,416.45794677734375,152.625,416.45794677734375,188.875,-1.0,-1.0,403.9345703125,153.875,396.4205627441406,185.125,-1.0,-1.0,-1.0,-1.0,400.1775817871094,93.875,-1.0,-1.0,405.1869201660156,96.375
-1.0,-1.0,407.11322021484375,113.875,414.58489990234375,111.375,-1.0,-1.0,-1.0,-1.0,400.88677978515625,115.125,398.396240234375,133.875,390.9245300292969,151.375,414.58489990234375,152.625,-1.0,-1.0,-1.0,-1.0,402.132080078125,155.125,-1.0,-1.0,-1.0,-1.0,-1.0,-1.0,-1.0,-1.0,410.84906005859375,96.375,400.88677978515625,96.375
-1.0,-1.0,407.3809509277344,111.16015625,413.5714416503906,109.91796875,-1.0,-1.0,-1.0,-1.0,399.952392578125,112.40234375,397.4761962890625,133.51953125,391.28570556640625,157.12109375,413.5714416503906,152.15234375,414.80950927734375,186.93359375,-1.0,-1.0,403.6666564941406,153.39453125,-1.0,-1.0,-1.0,-1.0,-1.0,-1.0,-1.0,-1.0,409.8571472167969,95.01171875,399.952392578125,96.25390625
-1.0,-1.0,405.3809509277344,109.91796875,411.5714416503906,108.67578125,-1.0,-1.0,-1.0,-1.0,399.19049072265625,111.16015625,396.71429443359375,133.51953125,391.76190185546875,153.39453125,410.3333435058594,152.15234375,410.3333435058594,186.93359375,-1.0,-1.0,401.6666564941406,152.15234375,390.5238037109375,186.93359375,-1.0,-1.0,-1.0,-1.0,-1.0,-1.0,407.8571472167969,95.01171875,397.952392578125,95.01171875
391.0,98.3671875,403.3809509277344,110.7109375,408.3333435058594,109.4765625,-1.0,-1.0,-1.0,-1.0,398.4285888671875,110.7109375,395.952392578125,132.9296875,392.23809814453125,156.3828125,408.3333435058594,151.4453125,-1.0,-1.0,-1.0,-1.0,399.6666564941406,152.6796875,-1.0,-1.0,-1.0,-1.0,-1.0,-1.0,393.4761962890625,95.8984375,-1.0,-1.0,395.952392578125,95.8984375
388.23077392578125,97.01171875,400.5384521484375,109.27734375,405.4615478515625,109.27734375,-1.0,-1.0,-1.0,-1.0,396.8461608886719,110.50390625,396.8461608886719,132.58203125,391.9230651855469,152.20703125,405.4615478515625,147.30078125,-1.0,-1.0,-1.0,-1.0,399.30767822265625,148.52734375,-1.0,-1.0,-1.0,-1.0,-1.0,-1.0,389.4615478515625,94.55859375,-1.0,-1.0,394.3846130371094,95.78515625
386.23077392578125,97.01171875,398.5384521484375,110.50390625,402.23077392578125,109.27734375,-1.0,-1.0,-1.0,-1.0,396.0769348144531,111.73046875,394.8461608886719,135.03515625,391.1538391113281,157.11328125,402.23077392578125,150.98046875,-1.0,-1.0,-1.0,-1.0,394.8461608886719,152.20703125,-1.0,-1.0,-1.0,-1.0,-1.0,-1.0,388.69232177734375,94.55859375,-1.0,-1.0,392.3846130371094,95.78515625
383.0980529785156,96.890625,396.4705810546875,110.296875,401.3333435058594,109.078125,-1.0,-1.0,-1.0,-1.0,392.82354736328125,110.296875,394.0392150878906,133.453125,391.60784912109375,154.171875,398.9019775390625,150.515625,398.9019775390625,182.203125,-1.0,-1.0,394.0392150878906,151.734375,380.6666564941406,180.984375,-1.0,-1.0,-1.0,-1.0,385.5294189453125,94.453125,-1.0,-1.0,390.39215087890625,95.671875
384.7450866699219,98.98046875,395.686279296875,108.66796875,399.3333435058594,108.66796875,-1.0,-1.0,-1.0,-1.0,393.2549133300781,108.66796875,392.0392150878906,132.88671875,390.82354736328125,155.89453125,396.9019775390625,151.05078125,395.686279296875,182.53515625,-1.0,-1.0,389.60784912109375,152.26171875,379.8823547363281,178.90234375,-1.0,-1.0,-1.0,-1.0,385.9607849121094,96.55859375,-1.0,-1.0,388.39215087890625,96.55859375
382.5742492675781,98.8515625,393.445556640625,109.6796875,398.2772216796875,108.4765625,-1.0,-1.0,-1.0,-1.0,391.0296936035156,109.6796875,389.82177734375,132.5390625,388.6138610839844,156.6015625,395.86138916015625,150.5859375,393.445556640625,183.0703125,-1.0,-1.0,387.40594482421875,151.7890625,378.95050048828125,180.6640625,-1.0,-1.0,-1.0,-1.0,383.78216552734375,96.4453125,-1.0,-1.0,386.1980285644531,96.4453125
379.3663330078125,100.0546875,389.0296936035156,110.8828125,384.1980285644531,110.8828125,-1.0,-1.0,-1.0,-1.0,390.23760986328125,112.0859375,387.82177734375,133.7421875,386.6138610839844,155.3984375,381.78216552734375,151.7890625,385.40594482421875,181.8671875,-1.0,-1.0,385.40594482421875,152.9921875,378.1584167480469,179.4609375,-1.0,-1.0,-1.0,-1.0,380.5742492675781,97.6484375,-1.0,-1.0,385.40594482421875,97.6484375
376.6000061035156,98.72265625,386.20001220703125,109.48046875,-1.0,-1.0,-1.0,-1.0,-1.0,-1.0,386.20001220703125,110.67578125,385.0,133.38671875,386.20001220703125,154.90234375,387.3999938964844,146.53515625,389.79998779296875,172.83203125,-1.0,-1.0,382.6000061035156,147.73046875,380.20001220703125,170.44140625,-1.0,-1.0,-1.0,-1.0,379.0,96.33203125,-1.0,-1.0,382.6000061035156,97.52734375
374.95050048828125,99.59375,383.267333984375,109.09375,-1.0,-1.0,-1.0,-1.0,-1.0,-1.0,383.267333984375,110.28125,382.0792236328125,134.03125,382.0792236328125,154.21875,380.8910827636719,149.46875,383.267333984375,180.34375,377.32672119140625,202.90625,380.8910827636719,150.65625,373.76239013671875,179.15625,372.5742492675781,206.46875,-1.0,-1.0,377.32672119140625,97.21875,-1.0,-1.0,379.7029724121094,97.21875
-1.0,-1.0,378.0899963378906,112.44140625,382.80999755859375,113.62109375,380.45001220703125,133.67578125,379.2699890136719,153.73046875,373.3699951171875,112.44140625,379.2699890136719,133.67578125,-1.0,-1.0,379.2699890136719,150.19140625,378.0899963378906,178.50390625,369.8299865722656,206.81640625,372.19000244140625,149.01171875,369.8299865722656,178.50390625,369.8299865722656,204.45703125,-1.0,-1.0,-1.0,-1.0,385.16998291015625,99.46484375,375.7300109863281,98.28515625
-1.0,-1.0,377.2699890136719,112.44140625,380.80999755859375,112.44140625,377.2699890136719,133.67578125,374.9100036621094,153.73046875,372.54998779296875,111.26171875,374.9100036621094,133.67578125,-1.0,-1.0,378.45001220703125,150.19140625,379.6300048828125,179.68359375,366.6499938964844,206.81640625,370.19000244140625,149.01171875,366.6499938964844,177.32421875,370.19000244140625,205.63671875,-1.0,-1.0,-1.0,-1.0,383.16998291015625,98.28515625,374.9100036621094,98.28515625
367.32989501953125,99.46484375,375.55670166015625,110.08203125,380.2577209472656,111.26171875,374.3814392089844,131.31640625,370.8556823730469,152.55078125,370.8556823730469,110.08203125,375.55670166015625,131.31640625,369.680419921875,153.73046875,375.55670166015625,146.65234375,369.680419921875,174.96484375,366.1546325683594,203.27734375,367.32989501953125,143.11328125,374.3814392089844,174.96484375,-1.0,-1.0,-1.0,-1.0,369.680419921875,95.92578125,380.2577209472656,98.28515625,372.0309143066406,97.10546875
363.93878173828125,100.20703125,375.5714416503906,111.84765625,380.2244873046875,110.68359375,-1.0,-1.0,-1.0,-1.0,370.9183654785156,111.84765625,369.7550964355469,132.80078125,365.10205078125,153.75390625,377.89794921875,149.09765625,375.5714416503906,182.85546875,377.89794921875,206.13671875,368.5918273925781,150.26171875,363.93878173828125,180.52734375,367.4285583496094,207.30078125,-1.0,-1.0,367.4285583496094,97.87890625,-1.0,-1.0,370.9183654785156,99.04296875
363.10205078125,99.04296875,373.5714416503906,111.84765625,378.2244873046875,111.84765625,-1.0,-1.0,-1.0,-1.0,368.9183654785156,111.84765625,366.5918273925781,135.12890625,360.7755126953125,151.42578125,375.89794921875,149.09765625,373.5714416503906,179.36328125,375.89794921875,201.48046875,368.9183654785156,149.09765625,366.5918273925781,179.36328125,366.5918273925781,204.97265625,-1.0,-1.0,365.4285583496094,96.71484375,-1.0,-1.0,370.0816345214844,97.87890625
362.0927734375,98.921875,372.4845275878906,111.640625,377.10308837890625,110.484375,-1.0,-1.0,-1.0,-1.0,367.865966796875,112.796875,362.0927734375,133.609375,355.1649475097656,152.109375,374.7938232421875,152.109375,372.4845275878906,181.015625,372.4845275878906,201.828125,366.7113342285156,152.109375,360.9381408691406,181.015625,363.2474365234375,202.984375,-1.0,-1.0,364.4020690917969,96.609375,375.9484558105469,96.609375,366.7113342285156,96.609375
-1.0,-1.0,370.4845275878906,110.484375,376.2577209472656,110.484375,-1.0,-1.0,-1.0,-1.0,365.865966796875,111.640625,360.0927734375,132.453125,354.319580078125,147.484375,372.7938232421875,146.328125,369.32989501953125,175.234375,362.4020690917969,201.828125,364.7113342285156,147.484375,365.865966796875,175.234375,367.0206298828125,200.671875,-1.0,-1.0,-1.0,-1.0,372.7938232421875,96.609375,364.7113342285156,96.609375
-1.0,-1.0,369.9479064941406,109.9453125,375.6770935058594,109.9453125,-1.0,-1.0,-1.0,-1.0,364.21875,111.0859375,357.34375,130.4765625,349.3229064941406,146.4453125,371.09375,146.4453125,369.9479064941406,172.6796875,-1.0,-1.0,361.9270935058594,147.5859375,361.9270935058594,173.8203125,364.21875,195.4921875,-1.0,-1.0,-1.0,-1.0,373.3854064941406,97.3984375,364.21875,97.3984375
-1.0,-1.0,365.65625,111.0859375,372.53125,111.0859375,-1.0,-1.0,-1.0,-1.0,361.0729064941406,111.0859375,353.0520935058594,130.4765625,342.7395935058594,147.5859375,369.09375,145.3046875,355.34375,176.1015625,357.6354064941406,200.0546875,359.9270935058594,146.4453125,359.9270935058594,176.1015625,364.5104064941406,203.4765625,-1.0,-1.0,-1.0,-1.0,370.2395935058594,96.2578125,361.0729064941406,97.3984375
-1.0,-1.0,365.82977294921875,109.75390625,371.46807861328125,109.75390625,353.425537109375,131.27734375,-1.0,-1.0,362.4468078613281,109.75390625,355.68084716796875,124.48046875,-1.0,-1.0,362.4468078613281,146.00390625,357.9361572265625,172.05859375,355.68084716796875,196.98046875,368.0851135253906,146.00390625,359.0638427734375,174.32421875,362.4468078613281,195.84765625,-1.0,-1.0,-1.0,-1.0,369.2127685546875,97.29296875,361.31915283203125,97.29296875
367.2127685546875,97.29296875,363.82977294921875,108.62109375,358.1914978027344,109.75390625,354.8085021972656,126.74609375,-1.0,-1.0,368.3404235839844,107.48828125,-1.0,-1.0,-1.0,-1.0,362.7021179199219,141.47265625,361.574462890625,166.39453125,-1.0,-1.0,367.2127685546875,140.33984375,368.3404235839844,164.12890625,-1.0,-1.0,364.95745849609375,95.02734375,367.2127685546875,93.89453125,360.4468078613281,96.16015625,-1.0,-1.0
-1.0,-1.0,362.6666564941406,109.25390625,368.258056640625,109.25390625,-1.0,-1.0,-1.0,-1.0,357.07525634765625,109.25390625,350.3656005859375,127.12890625,339.18280029296875,141.65234375,364.9032287597656,145.00390625,354.8387145996094,177.40234375,355.9570007324219,204.21484375,355.9570007324219,145.00390625,357.07525634765625,178.51953125,359.31182861328125,203.09765625,-1.0,-1.0,-1.0,-1.0,366.0215148925781,96.96484375,357.07525634765625,96.96484375
350.6021423339844,98.08203125,359.54840087890625,110.37109375,365.1397705078125,109.25390625,-1.0,-1.0,-1.0,-1.0,353.9570007324219,111.48828125,347.247314453125,128.24609375,336.06451416015625,141.65234375,365.1397705078125,143.88671875,360.6666564941406,178.51953125,356.19354248046875,206.44921875,357.31182861328125,145.00390625,356.19354248046875,179.63671875,357.31182861328125,204.21484375,-1.0,-1.0,352.8387145996094,95.84765625,-1.0,-1.0,356.19354248046875,96.96484375
348.0989074707031,98.08203125,358.18682861328125,110.37109375,362.6703186035156,109.25390625,-1.0,-1.0,-1.0,-1.0,353.70330810546875,111.48828125,344.73626708984375,129.36328125,332.4065856933594,142.76953125,360.4285888671875,145.00390625,-1.0,-1.0,-1.0,-1.0,354.8241882324219,145.00390625,354.8241882324219,179.63671875,359.30767822265625,198.62890625,-1.0,-1.0,351.4615478515625,95.84765625,361.5494384765625,98.08203125,353.70330810546875,98.08203125
360.25,99.0859375,356.9239196777344,111.2890625,350.271728515625,112.3984375,343.61956787109375,129.0390625,334.75,140.1328125,362.4674072265625,111.2890625,360.25,126.8203125,368.0108642578125,131.2578125,353.59783935546875,144.5703125,356.9239196777344,172.3046875,355.8152160644531,196.7109375,361.35870361328125,143.4609375,359.14129638671875,171.1953125,356.9239196777344,203.3671875,358.0325927734375,97.9765625,360.25,96.8671875,353.59783935546875,99.0859375,-1.0,-1.0
345.72528076171875,98.859375,354.5164794921875,111.984375,361.1098937988281,110.890625,-1.0,-1.0,-1.0,-1.0,347.9230651855469,114.171875,341.3296813964844,130.578125,331.4395751953125,140.421875,360.010986328125,141.515625,355.6153869628906,167.765625,356.71429443359375,184.171875,353.4175720214844,143.703125,355.6153869628906,165.578125,354.5164794921875,184.171875,-1.0,-1.0,347.9230651855469,97.765625,358.9120788574219,99.953125,350.1208801269531,98.859375
343.1538391113281,99.7109375,352.8461608886719,111.5703125,358.23077392578125,111.5703125,-1.0,-1.0,-1.0,-1.0,347.4615478515625,112.6484375,339.9230651855469,130.9765625,331.30767822265625,140.6796875,355.0,146.0703125,356.0769348144531,174.1015625,-1.0,-1.0,347.4615478515625,146.0703125,355.0,168.7109375,-1.0,-1.0,-1.0,-1.0,345.30767822265625,97.5546875,356.0769348144531,99.7109375,347.4615478515625,98.6328125
341.3999938964844,99.46875,352.0666809082031,111.15625,357.3999938964844,110.09375,-1.0,-1.0,-1.0,-1.0,346.73333740234375,111.15625,337.1333312988281,132.40625,326.4666748046875,143.03125,354.20001220703125,145.15625,355.26666259765625,171.71875,-1.0,-1.0,347.79998779296875,145.15625,353.1333312988281,182.34375,-1.0,-1.0,-1.0,-1.0,343.5333251953125,97.34375,355.26666259765625,98.40625,346.73333740234375,98.40625
340.4347839355469,101.3203125,349.8260803222656,111.7890625,356.0869445800781,110.7421875,-1.0,-1.0,-1.0,-1.0,342.521728515625,113.8828125,336.2608642578125,131.6796875,325.8260803222656,143.1953125,354.0,140.0546875,350.86956787109375,160.9921875,-1.0,-1.0,349.8260803222656,141.1015625,351.9130554199219,157.8515625,-1.0,-1.0,-1.0,-1.0,342.521728515625,97.1328125,352.9565124511719,99.2265625,343.5652160644531,98.1796875
348.3333435058594,99.2734375,347.28887939453125,111.8359375,341.022216796875,112.8828125,334.75555419921875,130.6796875,326.3999938964844,143.2421875,353.5555419921875,110.7890625,-1.0,-1.0,-1.0,-1.0,342.066650390625,146.3828125,341.022216796875,183.0234375,-1.0,-1.0,351.4666748046875,146.3828125,351.4666748046875,161.0390625,-1.0,-1.0,345.20001220703125,97.1796875,349.3777770996094,96.1328125,341.022216796875,99.2734375,353.5555419921875,98.2265625
349.0786437988281,100.046875,344.9438171386719,112.421875,337.7078552246094,113.453125,333.5730285644531,130.984375,325.3033752441406,143.359375,-1.0,-1.0,-1.0,-1.0,-1.0,-1.0,338.7415771484375,147.484375,338.7415771484375,182.546875,-1.0,-1.0,350.11236572265625,147.484375,345.9775390625,182.546875,-1.0,-1.0,344.9438171386719,97.984375,349.0786437988281,94.890625,341.84271240234375,99.015625,-1.0,-1.0
-1.0,-1.0,342.3033752441406,112.9765625,349.38201904296875,112.9765625,-1.0,-1.0,-1.0,-1.0,335.2247314453125,113.9921875,331.1797790527344,130.2421875,325.11236572265625,144.4609375,347.35955810546875,145.4765625,343.3146057128906,183.0546875,-1.0,-1.0,336.2359619140625,146.4921875,-1.0,-1.0,-1.0,-1.0,-1.0,-1.0,-1.0,-1.0,347.35955810546875,99.7734375,338.2584228515625,98.7578125
-1.0,-1.0,340.5,113.5,347.5,112.5,350.5,128.5,-1.0,-1.0,333.5,114.5,330.5,130.5,325.5,145.5,347.5,143.5,344.5,180.5,-1.0,-1.0,336.5,144.5,-1.0,-1.0,-1.0,-1.0,-1.0,-1.0,-1.0,-1.0,345.5,99.5,337.5,99.5
-1.0,-1.0,339.6966247558594,113.0078125,345.62921142578125,113.0078125,348.59552001953125,126.7890625,-1.0,-1.0,331.7865295410156,113.9921875,328.8202209472656,130.7265625,324.86517333984375,149.4296875,344.64044189453125,145.4921875,-1.0,-1.0,-1.0,-1.0,334.7528076171875,145.4921875,-1.0,-1.0,-1.0,-1.0,-1.0,-1.0,-1.0,-1.0,342.6629333496094,98.2421875,334.7528076171875,99.2265625
-1.0,-1.0,337.3999938964844,112.73828125,344.24444580078125,111.76171875,-1.0,-1.0,-1.0,-1.0,330.5555419921875,113.71484375,328.6000061035156,130.31640625,324.68890380859375,147.89453125,343.26666259765625,144.96484375,339.3555603027344,181.09765625,339.3555603027344,196.72265625,336.4222106933594,144.96484375,339.3555603027344,184.02734375,-1.0,-1.0,-1.0,-1.0,-1.0,-1.0,342.28887939453125,100.04296875,332.5111083984375,99.06640625
-1.0,-1.0,335.12359619140625,111.26953125,340.9213562011719,110.30859375,-1.0,-1.0,-1.0,-1.0,331.2584228515625,111.26953125,330.2921447753906,129.52734375,325.4606628417969,146.82421875,339.9550476074219,142.01953125,-1.0,-1.0,-1.0,-1.0,337.0561828613281,142.01953125,-1.0,-1.0,-1.0,-1.0,-1.0,-1.0,-1.0,-1.0,337.0561828613281,98.77734375,330.2921447753906,98.77734375
326.9325866699219,101.32421875,333.5393371582031,111.72265625,327.87640380859375,111.72265625,321.2696533203125,131.57421875,-1.0,-1.0,334.483154296875,111.72265625,330.7078552246094,128.73828125,325.0449523925781,146.69921875,327.87640380859375,143.86328125,-1.0,-1.0,-1.0,-1.0,337.3146057128906,145.75390625,-1.0,-1.0,-1.0,-1.0,-1.0,-1.0,-1.0,-1.0,-1.0,-1.0,328.8202209472656,99.43359375
-1.0,-1.0,331.7613525390625,109.35546875,336.4204406738281,108.42578125,-1.0,-1.0,-1.0,-1.0,329.8977355957031,109.35546875,328.9659118652344,129.80859375,325.2386474609375,146.54296875,330.8295593261719,139.10546875,-1.0,-1.0,-1.0,-1.0,335.4886474609375,144.68359375,-1.0,-1.0,-1.0,-1.0,-1.0,-1.0,-1.0,-1.0,334.55682373046875,96.33984375,327.1022644042969,98.19921875
-1.0,-1.0,329.77777099609375,110.70703125,335.24444580078125,108.87890625,-1.0,-1.0,-1.0,-1.0,-1.0,-1.0,-1.0,-1.0,-1.0,-1.0,330.68890380859375,148.18359375,-1.0,-1.0,-1.0,-1.0,332.5111083984375,145.44140625,-1.0,-1.0,-1.0,-1.0,-1.0,-1.0,-1.0,-1.0,330.68890380859375,96.99609375,-1.0,-1.0
-1.0,-1.0,-1.0,-1.0,-1.0,-1.0,-1.0,-1.0,-1.0,-1.0,325.54547119140625,112.171875,327.3636474609375,132.109375,322.81817626953125,148.421875,-1.0,-1.0,-1.0,-1.0,-1.0,-1.0,-1.0,-1.0,-1.0,-1.0,-1.0,-1.0,-1.0,-1.0,-1.0,-1.0,-1.0,-1.0,321.9090881347656,99.484375
-1.0,-1.0,324.6363525390625,115.796875,330.0909118652344,115.796875,327.3636474609375,132.109375,-1.0,-1.0,318.2727355957031,116.703125,314.6363525390625,139.359375,-1.0,-1.0,-1.0,-1.0,-1.0,-1.0,-1.0,-1.0,318.2727355957031,148.421875,-1.0,-1.0,-1.0,-1.0,-1.0,-1.0,-1.0,-1.0,-1.0,-1.0,319.18182373046875,100.390625
-1.0,-1.0,321.0,113.984375,-1.0,-1.0,-1.0,-1.0,-1.0,-1.0,321.9090881347656,113.984375,320.0909118652344,133.015625,320.0909118652344,147.515625,-1.0,-1.0,-1.0,-1.0,-1.0,-1.0,320.0909118652344,145.703125,-1.0,-1.0,-1.0,-1.0,-1.0,-1.0,-1.0,-1.0,-1.0,-1.0,316.4545593261719,100.390625
