273.3025207519531,185.67578125,256.49578857421875,204.15234375,261.5378112792969,204.15234375,276.66387939453125,222.62890625,280.02520751953125,200.79296875,249.77310180664062,205.83203125,246.41175842285156,234.38671875,-1.0,-1.0,264.899169921875,261.26171875,285.0672302246094,303.25390625,285.0672302246094,355.32421875,251.4537811279297,259.58203125,256.49578857421875,309.97265625,251.4537811279297,357.00390625,269.941162109375,182.31640625,-1.0,-1.0,261.5378112792969,183.99609375,-1.0,-1.0
278.05084228515625,187.2421875,259.5932312011719,205.6328125,264.62713623046875,203.9609375,278.05084228515625,222.3515625,284.7626953125,202.2890625,254.559326171875,203.9609375,-1.0,-1.0,-1.0,-1.0,267.9830627441406,259.1328125,288.11865234375,305.9453125,294.83050537109375,352.7578125,254.559326171875,259.1328125,257.9152526855469,307.6171875,251.20338439941406,356.1015625,276.3728942871094,185.5703125,-1.0,-1.0,267.9830627441406,185.5703125,-1.0,-1.0
278.1666564941406,188.9140625,261.5,205.6328125,268.1666564941406,203.9609375,283.1666564941406,222.3515625,291.5,208.9765625,256.5,205.6328125,256.5,234.0546875,-1.0,-1.0,273.1666564941406,260.8046875,291.5,305.9453125,301.5,349.4140625,258.1666564941406,260.8046875,261.5,307.6171875,251.5,356.1015625,278.1666564941406,185.5703125,-1.0,-1.0,269.8333435058594,185.5703125,-1.0,-1.0
283.3728942871094,190.5859375,266.5932312011719,207.3046875,273.3050842285156,205.6328125,288.4067687988281,220.6796875,296.7966003417969,210.6484375,259.88134765625,207.3046875,-1.0,-1.0,-1.0,-1.0,276.6610107421875,262.4765625,295.11865234375,305.9453125,306.8644104003906,349.4140625,261.559326171875,260.8046875,263.2373046875,309.2890625,251.4915313720703,354.4296875,283.3728942871094,185.5703125,-1.0,-1.0,274.9830627441406,185.5703125,-1.0,-1.0
288.5,190.5859375,271.8333435058594,207.3046875,276.8333435058594,207.3046875,295.1666564941406,220.6796875,295.1666564941406,203.9609375,265.1666564941406,207.3046875,-1.0,-1.0,-1.0,-1.0,280.1666564941406,262.4765625,298.5,307.6171875,308.5,349.4140625,266.8333435058594,262.4765625,266.8333435058594,307.6171875,250.1666717529297,356.1015625,286.8333435058594,187.2421875,-1.0,-1.0,276.8333435058594,187.2421875,-1.0,-1.0
294.1666564941406,190.5859375,275.8333435058594,207.3046875,280.8333435058594,207.3046875,299.1666564941406,224.0234375,297.5,203.9609375,270.8333435058594,207.3046875,-1.0,-1.0,-1.0,-1.0,284.1666564941406,262.4765625,302.5,307.6171875,312.5,352.7578125,272.5,262.4765625,270.8333435058594,309.2890625,250.8333282470703,352.7578125,292.5,187.2421875,-1.0,-1.0,284.1666564941406,187.2421875,-1.0,-1.0
297.72882080078125,190.5859375,280.94915771484375,208.9765625,287.6610107421875,207.3046875,304.440673828125,230.7109375,306.11865234375,208.9765625,274.2373046875,210.6484375,-1.0,-1.0,-1.0,-1.0,291.0169372558594,264.1484375,307.7966003417969,309.2890625,314.50848388671875,354.4296875,275.9152526855469,264.1484375,277.5932312011719,309.2890625,252.42373657226562,351.0859375,296.05084228515625,187.2421875,-1.0,-1.0,285.9830627441406,187.2421875,-1.0,-1.0
301.1666564941406,190.5859375,284.5,208.9765625,289.5,207.3046875,309.5,225.6953125,307.83331298828125,202.2890625,277.8333435058594,208.9765625,272.8333435058594,235.7265625,-1.0,-1.0,296.1666564941406,264.1484375,311.1666564941406,309.2890625,314.5,354.4296875,281.1666564941406,264.1484375,281.1666564941406,307.6171875,256.1666564941406,346.0703125,299.5,187.2421875,-1.0,-1.0,289.5,187.2421875,-1.0,-1.0
304.72882080078125,189.71484375,287.94915771484375,208.19140625,294.6610107421875,208.19140625,316.4745788574219,219.94921875,311.440673828125,201.47265625,281.2373046875,211.55078125,-1.0,-1.0,-1.0,-1.0,301.3728942871094,265.30078125,314.7966003417969,308.97265625,314.7966003417969,354.32421875,284.5932312011719,263.62109375,289.62713623046875,310.65234375,259.4237365722656,345.92578125,303.05084228515625,186.35546875,-1.0,-1.0,294.6610107421875,188.03515625,-1.0,-1.0
310.34454345703125,191.39453125,291.8571472167969,209.87109375,300.260498046875,208.19140625,318.7478942871094,221.62890625,317.0672302246094,201.47265625,283.45379638671875,211.55078125,-1.0,-1.0,-1.0,-1.0,305.3025207519531,265.30078125,317.0672302246094,308.97265625,315.3865661621094,354.32421875,290.1764831542969,265.30078125,295.2184753417969,312.33203125,268.3277282714844,339.20703125,308.66387939453125,186.35546875,-1.0,-1.0,301.941162109375,188.03515625,-1.0,-1.0
312.1666564941406,189.5859375,295.5,209.6484375,302.1666564941406,207.9765625,328.83331298828125,219.6796875,318.83331298828125,199.6171875,287.1666564941406,209.6484375,-1.0,-1.0,-1.0,-1.0,308.8333435058594,264.8203125,318.83331298828125,308.2890625,313.8333435058594,353.4296875,293.8333435058594,264.8203125,302.1666564941406,311.6328125,273.8333435058594,338.3828125,308.8333435058594,186.2421875,-1.0,-1.0,305.5,189.5859375,-1.0,-1.0
319.0847473144531,189.5859375,303.9830627441406,206.3046875,312.3728942871094,206.3046875,330.83050537109375,223.0234375,329.15252685546875,199.6171875,293.9152526855469,207.9765625,282.16949462890625,224.6953125,-1.0,-1.0,314.05084228515625,261.4765625,320.7626953125,309.9609375,315.72882080078125,351.7578125,300.62713623046875,261.4765625,317.4067687988281,309.9609375,292.2373046875,338.3828125,317.4067687988281,186.2421875,-1.0,-1.0,314.05084228515625,186.2421875,-1.0,-1.0
322.5,189.5859375,305.8333435058594,206.3046875,315.8333435058594,206.3046875,334.1666564941406,224.6953125,334.1666564941406,201.2890625,297.5,206.3046875,-1.0,-1.0,-1.0,-1.0,317.5,261.4765625,322.5,309.9609375,314.1666564941406,351.7578125,304.1666564941406,259.8046875,319.1666564941406,308.2890625,310.8333435058594,348.4140625,320.8333435058594,186.2421875,-1.0,-1.0,315.8333435058594,187.9140625,-1.0,-1.0
327.7626953125,191.2578125,310.9830627441406,206.3046875,319.3728942871094,204.6328125,337.83050537109375,223.0234375,339.50848388671875,201.2890625,300.9152526855469,207.9765625,289.16949462890625,224.6953125,-1.0,-1.0,319.3728942871094,259.8046875,326.0847473144531,308.2890625,316.0169372558594,351.7578125,305.94915771484375,259.8046875,322.72882080078125,308.2890625,310.9830627441406,348.4140625,326.0847473144531,186.2421875,-1.0,-1.0,321.05084228515625,186.2421875,-1.0,-1.0
331.1666564941406,189.5859375,314.5,206.3046875,324.5,206.3046875,339.5,228.0390625,344.5,201.2890625,304.5,207.9765625,-1.0,-1.0,-1.0,-1.0,322.8333435058594,261.4765625,327.8333435058594,309.9609375,319.5,350.0859375,309.5,259.8046875,321.1666564941406,308.2890625,316.1666564941406,350.0859375,329.5,186.2421875,-1.0,-1.0,322.8333435058594,186.2421875,-1.0,-1.0
336.83331298828125,189.5859375,318.5,206.3046875,326.8333435058594,206.3046875,343.5,224.6953125,350.1666564941406,207.9765625,308.5,206.3046875,-1.0,-1.0,-1.0,-1.0,326.8333435058594,261.4765625,326.8333435058594,308.2890625,313.5,351.7578125,311.8333435058594,259.8046875,333.5,309.9609375,331.8333435058594,350.0859375,335.1666564941406,186.2421875,-1.0,-1.0,328.5,186.2421875,-1.0,-1.0
341.5,189.5859375,321.5,206.3046875,331.5,206.3046875,346.5,224.6953125,353.1666564941406,206.3046875,311.5,207.9765625,-1.0,-1.0,-1.0,-1.0,329.8333435058594,261.4765625,326.5,309.9609375,314.8333435058594,351.7578125,316.5,261.4765625,336.5,308.2890625,341.5,348.4140625,339.83331298828125,186.2421875,-1.0,-1.0,334.8333435058594,187.9140625,-1.0,-1.0
344.3865661621094,190.39453125,325.899169921875,207.19140625,334.3025207519531,205.51171875,354.4705810546875,222.30859375,357.8319396972656,202.15234375,315.81512451171875,208.87109375,-1.0,-1.0,-1.0,-1.0,332.6218566894531,262.62109375,325.899169921875,309.65234375,314.13446044921875,353.32421875,320.8571472167969,260.94140625,342.70587158203125,304.61328125,351.1092529296875,346.60546875,342.70587158203125,185.35546875,-1.0,-1.0,339.34454345703125,187.03515625,-1.0,-1.0
349.11865234375,191.9296875,327.3050842285156,208.6484375,335.6949157714844,206.9765625,359.1864318847656,223.6953125,362.5423583984375,203.6328125,318.9152526855469,210.3203125,302.1355895996094,227.0390625,-1.0,-1.0,335.6949157714844,265.4921875,327.3050842285156,310.6328125,315.559326171875,349.0859375,323.94915771484375,263.8203125,349.11865234375,310.6328125,357.50848388671875,344.0703125,347.440673828125,188.5859375,-1.0,-1.0,342.4067687988281,188.5859375,-1.0,-1.0
349.1666564941406,193.6015625,330.8333435058594,210.3203125,339.1666564941406,206.9765625,360.83331298828125,223.6953125,367.5,208.6484375,320.8333435058594,211.9921875,304.1666564941406,227.0390625,-1.0,-1.0,339.1666564941406,263.8203125,329.1666564941406,312.3046875,315.8333435058594,350.7578125,329.1666564941406,263.8203125,349.1666564941406,307.2890625,360.83331298828125,340.7265625,347.5,190.2578125,-1.0,-1.0,340.8333435058594,190.2578125,-1.0,-1.0
354.440673828125,193.6015625,335.9830627441406,210.3203125,344.3728942871094,208.6484375,364.50848388671875,228.7109375,372.8983154296875,217.0078125,325.9152526855469,211.9921875,309.1355895996094,228.7109375,-1.0,-1.0,344.3728942871094,265.4921875,332.62713623046875,310.6328125,317.5254211425781,350.7578125,332.62713623046875,263.8203125,356.11865234375,307.2890625,366.1864318847656,342.3984375,352.7626953125,191.9296875,-1.0,-1.0,346.05084228515625,191.9296875,-1.0,-1.0
352.8333435058594,193.6015625,334.5,210.3203125,344.5,208.6484375,362.83331298828125,225.3671875,372.83331298828125,215.3359375,326.1666564941406,211.9921875,309.5,225.3671875,-1.0,-1.0,342.8333435058594,263.8203125,331.1666564941406,312.3046875,316.1666564941406,352.4296875,332.8333435058594,263.8203125,354.5,303.9453125,364.5,340.7265625,351.1666564941406,190.2578125,-1.0,-1.0,347.8333435058594,191.9296875,-1.0,-1.0
356.8333435058594,193.6015625,338.5,210.3203125,348.5,208.6484375,366.83331298828125,225.3671875,376.83331298828125,210.3203125,328.5,213.6640625,315.1666564941406,227.0390625,-1.0,-1.0,346.8333435058594,263.8203125,335.1666564941406,310.6328125,316.8333435058594,350.7578125,335.1666564941406,262.1484375,360.1666564941406,305.6171875,370.1666564941406,345.7421875,355.1666564941406,190.2578125,-1.0,-1.0,348.5,191.9296875,-1.0,-1.0
360.4067687988281,195.2734375,343.62713623046875,210.3203125,352.0169372558594,208.6484375,370.4745788574219,228.7109375,382.2203369140625,217.0078125,335.2373046875,211.9921875,-1.0,-1.0,-1.0,-1.0,352.0169372558594,265.4921875,340.27117919921875,310.6328125,318.4576416015625,352.4296875,340.27117919921875,263.8203125,365.440673828125,307.2890625,372.15252685546875,345.7421875,358.72882080078125,191.9296875,-1.0,-1.0,352.0169372558594,191.9296875,-1.0,-1.0
363.8333435058594,195.2734375,347.1666564941406,210.3203125,355.5,208.6484375,377.1666564941406,232.0546875,387.1666564941406,218.6796875,338.8333435058594,211.9921875,322.1666564941406,228.7109375,-1.0,-1.0,357.1666564941406,263.8203125,345.5,310.6328125,320.5,349.0859375,343.8333435058594,262.1484375,368.83331298828125,307.2890625,372.1666564941406,344.0703125,362.1666564941406,191.9296875,-1.0,-1.0,355.5,191.9296875,-1.0,-1.0
369.0847473144531,194.43359375,350.62713623046875,209.55078125,359.0169372558594,207.87109375,380.83050537109375,233.06640625,395.93218994140625,219.62890625,342.2373046875,211.23046875,325.4576416015625,226.34765625,-1.0,-1.0,362.3728942871094,263.30078125,352.3050842285156,308.65234375,328.8135681152344,340.56640625,350.62713623046875,263.30078125,370.7626953125,306.97265625,374.11865234375,347.28515625,367.4067687988281,191.07421875,-1.0,-1.0,359.0169372558594,191.07421875,-1.0,-1.0
374.70587158203125,192.75390625,352.8571472167969,209.55078125,361.260498046875,207.87109375,384.7899169921875,233.06640625,401.5966491699219,224.66796875,346.13446044921875,211.23046875,329.3277282714844,226.34765625,322.60504150390625,231.38671875,364.6218566894531,264.98046875,366.3025207519531,308.65234375,329.3277282714844,347.28515625,354.5378112792969,263.30078125,371.34454345703125,308.65234375,373.02520751953125,345.60546875,371.34454345703125,187.71484375,-1.0,-1.0,364.6218566894531,187.71484375,-1.0,-1.0
376.5,192.6015625,356.5,209.3203125,364.8333435058594,207.6484375,384.83331298828125,232.7265625,399.83331298828125,231.0546875,349.8333435058594,210.9921875,333.1666564941406,226.0390625,-1.0,-1.0,369.8333435058594,264.4921875,369.8333435058594,309.6328125,373.1666564941406,348.0859375,358.1666564941406,264.4921875,369.8333435058594,309.6328125,334.8333435058594,339.7265625,374.8333435058594,189.2578125,-1.0,-1.0,366.5,189.2578125,-1.0,-1.0
381.1666564941406,190.9296875,361.1666564941406,209.3203125,369.5,207.6484375,387.83331298828125,236.0703125,407.83331298828125,232.7265625,352.8333435058594,210.9921875,336.1666564941406,227.7109375,-1.0,-1.0,372.8333435058594,266.1640625,372.8333435058594,311.3046875,376.1666564941406,351.4296875,357.8333435058594,264.4921875,374.5,309.6328125,347.8333435058594,338.0546875,377.8333435058594,185.9140625,-1.0,-1.0,371.1666564941406,187.5859375,-1.0,-1.0
385.1666564941406,190.9296875,363.5,209.3203125,373.5,207.6484375,390.1666564941406,237.7421875,410.1666564941406,239.4140625,356.8333435058594,209.3203125,341.8333435058594,226.0390625,-1.0,-1.0,376.8333435058594,264.4921875,380.1666564941406,306.2890625,373.5,349.7578125,361.8333435058594,262.8203125,375.1666564941406,306.2890625,356.8333435058594,336.3828125,381.8333435058594,185.9140625,-1.0,-1.0,376.8333435058594,185.9140625,-1.0,-1.0
387.0847473144531,190.9296875,370.3050842285156,209.3203125,378.6949157714844,207.6484375,390.440673828125,237.7421875,408.8983154296875,244.4296875,361.9152526855469,209.3203125,360.2373046875,236.0703125,-1.0,-1.0,380.3728942871094,264.4921875,388.7626953125,304.6171875,370.3050842285156,338.0546875,365.27117919921875,262.8203125,377.0169372558594,302.9453125,366.94915771484375,341.3984375,383.72882080078125,185.9140625,388.7626953125,184.2421875,373.6610107421875,187.5859375,-1.0,-1.0
392.1666564941406,189.2578125,373.8333435058594,209.3203125,382.1666564941406,209.3203125,388.8333435058594,237.7421875,408.83331298828125,247.7734375,365.5,209.3203125,355.5,241.0859375,-1.0,-1.0,383.8333435058594,262.8203125,392.1666564941406,306.2890625,377.1666564941406,348.0859375,370.5,261.1484375,377.1666564941406,306.2890625,373.8333435058594,341.3984375,387.1666564941406,184.2421875,393.83331298828125,182.5703125,378.8333435058594,187.5859375,-1.0,-1.0
395.7626953125,190.9296875,378.9830627441406,209.3203125,387.3728942871094,210.9921875,390.72882080078125,239.4140625,412.5423583984375,256.1328125,368.9152526855469,209.3203125,358.84747314453125,232.7265625,-1.0,-1.0,385.6949157714844,262.8203125,400.7966003417969,306.2890625,390.72882080078125,348.0859375,370.5932312011719,262.8203125,377.3050842285156,304.6171875,373.94915771484375,344.7421875,390.72882080078125,185.9140625,397.440673828125,184.2421875,378.9830627441406,187.5859375,-1.0,-1.0
399.1666564941406,190.9296875,380.8333435058594,209.3203125,390.8333435058594,209.3203125,394.1666564941406,242.7578125,409.1666564941406,269.5078125,372.5,207.6484375,370.8333435058594,236.0703125,-1.0,-1.0,389.1666564941406,261.1484375,405.83331298828125,302.9453125,400.83331298828125,343.0703125,374.1666564941406,259.4765625,380.8333435058594,304.6171875,374.1666564941406,343.0703125,395.8333435058594,187.5859375,400.83331298828125,184.2421875,385.8333435058594,189.2578125,-1.0,-1.0
404.1666564941406,192.44921875,385.8333435058594,209.08984375,394.1666564941406,210.75390625,397.5,244.03515625,410.83331298828125,265.66796875,375.8333435058594,209.08984375,-1.0,-1.0,-1.0,-1.0,392.5,264.00390625,407.5,305.60546875,410.83331298828125,345.54296875,377.5,262.33984375,380.8333435058594,307.26953125,374.1666564941406,345.54296875,399.1666564941406,187.45703125,405.83331298828125,185.79296875,389.1666564941406,189.12109375,-1.0,-1.0
405.7310791015625,192.44921875,392.420166015625,209.08984375,394.08404541015625,209.08984375,397.4117736816406,239.04296875,410.7226867675781,265.66796875,385.76470947265625,207.42578125,-1.0,-1.0,-1.0,-1.0,392.420166015625,260.67578125,412.3865661621094,298.94921875,420.70587158203125,342.21484375,380.7731018066406,259.01171875,385.76470947265625,302.27734375,375.7815246582031,340.55078125,400.739501953125,187.45703125,409.058837890625,187.45703125,392.420166015625,190.78515625,-1.0,-1.0
413.11865234375,192.296875,393.1864318847656,210.515625,399.83050537109375,210.515625,404.8135681152344,243.640625,409.7966003417969,268.484375,386.5423583984375,208.859375,369.93218994140625,223.765625,-1.0,-1.0,396.50848388671875,265.171875,418.1016845703125,301.609375,428.06781005859375,341.359375,386.5423583984375,263.515625,388.2033996582031,304.921875,374.9152526855469,344.671875,409.7966003417969,188.984375,414.7796630859375,185.671875,399.83050537109375,190.640625,-1.0,-1.0
419.17498779296875,195.44140625,397.7250061035156,210.27734375,404.32501220703125,211.92578125,409.2749938964844,244.89453125,412.57501220703125,272.91796875,389.4750061035156,210.27734375,371.32501220703125,226.76171875,-1.0,-1.0,401.0249938964844,266.32421875,422.4750061035156,304.23828125,435.67498779296875,348.74609375,387.82501220703125,264.67578125,389.4750061035156,305.88671875,374.625,345.44921875,417.5249938964844,190.49609375,-1.0,-1.0,407.625,190.49609375,-1.0,-1.0
422.4117736816406,195.44140625,402.6470642089844,211.92578125,405.941162109375,213.57421875,410.8823547363281,251.48828125,417.4705810546875,279.51171875,394.4117736816406,211.92578125,-1.0,-1.0,-1.0,-1.0,404.29412841796875,266.32421875,424.058837890625,305.88671875,438.8823547363281,348.74609375,410.8823547363281,267.97265625,-1.0,-1.0,-1.0,-1.0,419.1176452636719,190.49609375,-1.0,-1.0,410.8823547363281,192.14453125,-1.0,-1.0
427.4117736816406,195.2734375,407.6470642089844,211.6796875,410.941162109375,213.3203125,412.5882263183594,251.0546875,417.5294189453125,257.6171875,399.4117736816406,211.6796875,-1.0,-1.0,-1.0,-1.0,409.29412841796875,264.1796875,427.4117736816406,298.6328125,442.23529052734375,347.8515625,420.8235168457031,264.1796875,-1.0,-1.0,-1.0,-1.0,425.76470947265625,190.3515625,-1.0,-1.0,415.8823547363281,191.9921875,-1.0,-1.0
431.4745788574219,195.2734375,413.38983154296875,213.3203125,413.38983154296875,213.3203125,-1.0,-1.0,-1.0,-1.0,421.61016845703125,211.6796875,-1.0,-1.0,-1.0,-1.0,411.7457580566406,264.1796875,433.11865234375,296.9921875,439.6949157714844,344.5703125,410.1016845703125,264.1796875,403.5254211425781,305.1953125,385.440673828125,333.0859375,429.83050537109375,190.3515625,-1.0,-1.0,419.9660949707031,191.9921875,-1.0,-1.0
434.25,193.47265625,417.9166564941406,213.06640625,416.2833251953125,211.43359375,404.8500061035156,235.92578125,422.816650390625,252.25390625,426.0833435058594,211.43359375,434.25,240.82421875,-1.0,-1.0,417.9166564941406,263.68359375,404.8500061035156,312.66796875,383.6166687011719,345.32421875,427.7166748046875,263.68359375,440.7833251953125,317.56640625,442.4166564941406,346.95703125,432.6166687011719,190.20703125,-1.0,-1.0,424.45001220703125,191.83984375,-1.0,-1.0
435.87396240234375,193.47265625,421.2016906738281,211.43359375,424.4621887207031,211.43359375,429.3529357910156,242.45703125,429.3529357910156,255.51953125,411.420166015625,209.80078125,-1.0,-1.0,-1.0,-1.0,421.2016906738281,265.31640625,416.3109130859375,307.76953125,391.8571472167969,333.89453125,432.6134338378906,265.31640625,442.39495849609375,311.03515625,442.39495849609375,346.95703125,434.24371337890625,190.20703125,-1.0,-1.0,427.7226867675781,191.83984375,-1.0,-1.0
442.50421142578125,191.6875,426.2016906738281,209.5625,427.8319396972656,209.5625,414.7899169921875,233.9375,434.3529357910156,253.4375,418.0504150390625,207.9375,-1.0,-1.0,-1.0,-1.0,427.8319396972656,261.5625,421.3109130859375,310.3125,396.8571472167969,331.4375,439.24371337890625,263.1875,444.13446044921875,315.1875,442.50421142578125,346.0625,440.87396240234375,188.4375,-1.0,-1.0,432.7226867675781,190.0625,-1.0,-1.0
-1.0,-1.0,430.3050842285156,207.9375,436.8135681152344,209.5625,446.5762634277344,233.9375,-1.0,-1.0,420.5423583984375,207.9375,404.27117919921875,222.5625,-1.0,-1.0,420.5423583984375,256.6875,-1.0,-1.0,-1.0,-1.0,407.5254211425781,256.6875,433.559326171875,303.8125,412.4067687988281,331.4375,-1.0,-1.0,-1.0,-1.0,441.6949157714844,188.4375,-1.0,-1.0
454.71185302734375,191.6875,435.1864318847656,207.9375,444.94915771484375,209.5625,448.2033996582031,243.6875,456.3389892578125,269.6875,425.4237365722656,207.9375,407.5254211425781,224.1875,-1.0,-1.0,436.8135681152344,258.3125,448.2033996582031,300.5625,443.322021484375,349.3125,418.9152526855469,255.0625,441.6949157714844,300.5625,418.9152526855469,337.9375,453.0847473144531,188.4375,-1.0,-1.0,444.94915771484375,188.4375,-1.0,-1.0
