285.3636474609375,61.8671875,291.1298828125,90.6953125,273.8311767578125,90.6953125,264.22076416015625,125.2890625,258.4545593261719,159.8828125,310.35064697265625,90.6953125,-1.0,-1.0,-1.0,-1.0,275.75323486328125,156.0390625,281.51947021484375,206.0078125,293.05194091796875,252.1328125,298.81817626953125,154.1171875,281.51947021484375,206.0078125,279.597412109375,259.8203125,283.4415588378906,58.0234375,289.2077941894531,58.0234375,-1.0,-1.0,300.7402648925781,61.8671875
283.3636474609375,60.98046875,289.1298828125,89.92578125,271.8311767578125,89.92578125,260.2987060546875,120.80078125,256.4545593261719,145.88671875,308.35064697265625,89.92578125,316.0389709472656,126.58984375,314.11688232421875,153.60546875,273.75323486328125,153.60546875,275.6753234863281,205.70703125,289.1298828125,255.87890625,296.81817626953125,153.60546875,277.597412109375,205.70703125,279.51947021484375,261.66796875,281.4415588378906,55.19140625,289.1298828125,57.12109375,-1.0,-1.0,300.662353515625,59.05078125
282.8717956542969,58.26171875,288.71795654296875,87.44140625,271.1794738769531,87.44140625,259.4871826171875,116.62109375,253.64102172851562,138.01953125,306.25640869140625,87.44140625,314.05126953125,122.45703125,312.1025695800781,147.74609375,271.1794738769531,149.69140625,271.1794738769531,204.16015625,282.8717956542969,237.23046875,292.6153869628906,151.63671875,278.974365234375,204.16015625,280.9230651855469,260.57421875,280.9230651855469,52.42578125,286.76922607421875,54.37109375,-1.0,-1.0,298.4615478515625,58.26171875
278.9230651855469,57.3671875,286.71795654296875,86.6640625,269.1794738769531,84.7109375,257.4871826171875,115.9609375,251.64102172851562,135.4921875,304.25640869140625,84.7109375,312.05126953125,119.8671875,310.1025695800781,147.2109375,269.1794738769531,149.1640625,265.28204345703125,205.8046875,280.8717956542969,252.6796875,290.6153869628906,151.1171875,278.9230651855469,203.8515625,278.9230651855469,258.5390625,278.9230651855469,51.5078125,284.76922607421875,51.5078125,-1.0,-1.0,296.4615478515625,55.4140625
277.45452880859375,54.609375,285.35064697265625,84.140625,267.58441162109375,82.171875,255.74026489257812,113.671875,249.81817626953125,131.390625,303.11688232421875,84.140625,311.01300048828125,121.546875,309.0389709472656,151.078125,267.58441162109375,149.109375,261.662353515625,204.234375,271.532470703125,249.515625,291.2727355957031,151.078125,279.4285583496094,204.234375,279.4285583496094,257.390625,275.48052978515625,50.671875,281.402587890625,50.671875,-1.0,-1.0,293.24676513671875,54.609375
275.4556884765625,53.70703125,283.35443115234375,83.35546875,265.582275390625,83.35546875,253.7341766357422,114.98046875,247.81011962890625,134.74609375,303.10125732421875,83.35546875,307.0506286621094,118.93359375,307.0506286621094,150.55859375,263.60760498046875,148.58203125,259.6582336425781,203.92578125,267.55694580078125,249.38671875,289.2784729003906,152.53515625,281.3797607421875,205.90234375,281.3797607421875,259.26953125,273.48101806640625,49.75390625,279.4050598144531,49.75390625,-1.0,-1.0,291.253173828125,51.73046875
273.0,52.90234375,283.0,82.78515625,265.0,80.79296875,251.0,114.66015625,247.0,132.58984375,301.0,82.78515625,305.0,120.63671875,303.0,154.50390625,263.0,148.52734375,257.0,204.30859375,261.0,254.11328125,287.0,152.51171875,281.0,206.30078125,281.0,260.08984375,271.0,48.91796875,277.0,48.91796875,-1.0,-1.0,289.0,50.91015625
269.0,52.09765625,279.0,82.21484375,261.0,82.21484375,249.0,116.34765625,245.0,136.42578125,299.0,82.21484375,303.0,118.35546875,301.0,154.49609375,261.0,148.47265625,253.0,204.69140625,255.0,256.89453125,285.0,152.48828125,281.0,208.70703125,281.0,258.90234375,267.0,48.08203125,273.0,48.08203125,-1.0,-1.0,287.0,50.08984375
267.0,52.09765625,279.0,82.21484375,259.0,82.21484375,247.0,116.34765625,245.0,136.42578125,297.0,82.21484375,299.0,120.36328125,295.0,154.49609375,259.0,148.47265625,251.0,204.69140625,249.0,258.90234375,285.0,152.48828125,279.0,208.70703125,279.0,260.91015625,265.0,48.08203125,271.0,48.08203125,-1.0,-1.0,285.0,50.08984375
265.51898193359375,53.31640625,275.64556884765625,81.64453125,257.417724609375,81.64453125,245.2658233642578,116.04296875,239.18988037109375,134.25390625,295.89874267578125,81.64453125,295.89874267578125,118.06640625,289.8227844238281,146.39453125,257.417724609375,148.41796875,249.3164520263672,205.07421875,243.24050903320312,257.68359375,283.746826171875,150.44140625,277.6708984375,207.09765625,279.6961975097656,261.73046875,263.4936828613281,49.26953125,269.5696105957031,47.24609375,-1.0,-1.0,283.746826171875,49.26953125
262.51251220703125,52.421875,274.6625061035156,80.859375,256.4375,80.859375,244.28750610351562,113.359375,238.21249389648438,133.671875,292.88751220703125,80.859375,294.9125061035156,117.421875,280.73748779296875,143.828125,254.41250610351562,149.921875,248.33749389648438,204.765625,240.2375030517578,257.578125,280.73748779296875,151.953125,276.6875,208.828125,278.7124938964844,261.640625,260.48748779296875,48.359375,266.5625,48.359375,-1.0,-1.0,280.73748779296875,50.390625
261.0379638671875,51.6328125,273.3417663574219,80.2890625,252.83544921875,80.2890625,242.582275390625,113.0390625,234.37974548339844,135.5546875,291.7974853515625,80.2890625,289.746826171875,117.1328125,277.44305419921875,139.6484375,252.83544921875,147.8359375,246.6835479736328,205.1484375,236.4303741455078,256.3203125,279.4936828613281,151.9296875,277.44305419921875,209.2421875,279.4936828613281,260.4140625,258.9873352050781,47.5390625,265.1392517089844,47.5390625,-1.0,-1.0,279.4936828613281,49.5859375
258.5375061035156,52.90625,270.98748779296875,81.78125,252.3125,79.71875,239.8625030517578,114.78125,233.6374969482422,135.40625,289.6625061035156,79.71875,287.5874938964844,116.84375,268.9125061035156,141.59375,250.2375030517578,147.78125,246.08749389648438,205.53125,237.78750610351562,259.15625,277.2124938964844,151.90625,275.13751220703125,209.65625,279.2875061035156,261.21875,254.3874969482422,48.78125,262.6875,46.71875,-1.0,-1.0,275.13751220703125,50.84375
254.46249389648438,52.01953125,266.9125061035156,81.00390625,248.2375030517578,78.93359375,237.8625030517578,112.05859375,231.6374969482422,136.90234375,285.5874938964844,81.00390625,283.51251220703125,116.19921875,264.8374938964844,138.97265625,248.2375030517578,147.25390625,244.08749389648438,205.22265625,239.9375,261.12109375,275.2124938964844,151.39453125,273.13751220703125,209.36328125,279.36248779296875,256.98046875,252.3874969482422,47.87890625,258.61248779296875,47.87890625,-1.0,-1.0,273.13751220703125,49.94921875
250.3874969482422,51.24609375,264.9125061035156,80.44921875,246.2375030517578,80.44921875,233.78750610351562,113.82421875,227.5625,136.76953125,281.51251220703125,80.44921875,281.51251220703125,117.99609375,260.76251220703125,136.76953125,244.16250610351562,149.28515625,242.08749389648438,205.60546875,240.0124969482422,264.01171875,271.13751220703125,153.45703125,269.0625,211.86328125,279.4375,257.75390625,248.3125,47.07421875,256.61248779296875,44.98828125,-1.0,-1.0,269.0625,49.16015625
248.40740966796875,49.16015625,260.85186767578125,78.36328125,242.1851806640625,78.36328125,231.8148193359375,111.73828125,229.74073791503906,120.08203125,279.5185241699219,78.36328125,279.5185241699219,115.91015625,258.77777099609375,134.68359375,242.1851806640625,149.28515625,240.11111450195312,207.69140625,238.0370330810547,264.01171875,269.14813232421875,151.37109375,265.0,211.86328125,279.5185241699219,255.66796875,246.3333282470703,44.98828125,254.62962341308594,42.90234375,-1.0,-1.0,267.0740661621094,47.07421875
244.77777099609375,46.26953125,257.370361328125,75.69140625,238.48147583007812,77.79296875,227.98765563964844,111.41796875,221.6913604736328,138.73828125,276.2592468261719,75.69140625,276.2592468261719,113.51953125,257.370361328125,134.53515625,238.48147583007812,149.24609375,236.38272094726562,205.98828125,236.38272094726562,264.83203125,265.76544189453125,151.34765625,263.6666564941406,212.29296875,278.3580322265625,250.12109375,244.77777099609375,42.06640625,248.97531127929688,42.06640625,-1.0,-1.0,263.6666564941406,46.26953125
242.22222900390625,45.46484375,254.96295166015625,75.10546875,235.8518524169922,75.10546875,225.2345733642578,111.09765625,220.98765563964844,140.73828125,271.95062255859375,75.10546875,274.0740661621094,113.21484375,257.08642578125,134.38671875,235.8518524169922,149.20703125,235.8518524169922,206.37109375,237.97531127929688,263.53515625,263.456787109375,151.32421875,259.2098693847656,210.60546875,276.197509765625,250.83203125,240.0987548828125,41.23046875,246.46913146972656,41.23046875,-1.0,-1.0,259.2098693847656,45.46484375
240.22222900390625,42.4375,250.83950805664062,74.3125,233.8518524169922,74.3125,221.11111450195312,110.4375,214.74073791503906,146.5625,269.95062255859375,72.1875,272.0740661621094,112.5625,255.08642578125,138.0625,231.7283935546875,148.6875,233.8518524169922,208.1875,240.22222900390625,265.5625,259.3333435058594,150.8125,257.2098693847656,210.3125,274.197509765625,250.6875,238.0987548828125,38.1875,244.46913146972656,38.1875,-1.0,-1.0,257.2098693847656,42.4375
238.66665649414062,39.4765625,249.40740966796875,73.7265625,227.92591857910156,73.7265625,219.3333282470703,110.1171875,212.88888549804688,148.6484375,268.74072265625,71.5859375,270.8888854980469,114.3984375,255.8518524169922,142.2265625,232.22222900390625,148.6484375,234.370361328125,210.7265625,238.66665649414062,266.3828125,258.0,150.7890625,255.8518524169922,210.7265625,273.03704833984375,255.6796875,236.51852416992188,37.3359375,242.96295166015625,37.3359375,-1.0,-1.0,255.8518524169922,39.4765625
235.6341552734375,38.55859375,244.21951293945312,70.78515625,222.756103515625,72.93359375,216.31707763671875,111.60546875,207.73170471191406,148.12890625,265.68292236328125,68.63671875,267.82928466796875,111.60546875,259.243896484375,143.83203125,229.19512939453125,145.98046875,233.48780822753906,210.43359375,237.78048706054688,266.29296875,254.9512176513672,148.12890625,252.8048858642578,210.43359375,267.82928466796875,257.69921875,233.48780822753906,34.26171875,239.9268341064453,34.26171875,-1.0,-1.0,250.65853881835938,38.55859375
236.28395080566406,39.88671875,244.97531127929688,72.34765625,223.24691772460938,72.34765625,216.7283935546875,111.30078125,208.0370330810547,145.92578125,266.7037048339844,70.18359375,268.87652587890625,111.30078125,260.1851806640625,143.76171875,229.7654266357422,145.92578125,231.93826293945312,208.68359375,238.456787109375,264.94921875,255.83950805664062,145.92578125,251.4938201904297,208.68359375,268.87652587890625,258.45703125,234.11111450195312,33.39453125,240.62962341308594,33.39453125,-1.0,-1.0,251.4938201904297,37.72265625
234.28915405273438,35.55859375,242.96385192871094,70.18359375,219.10842895507812,70.18359375,214.77108764648438,109.13671875,203.92770385742188,143.76171875,264.6506042480469,68.01953125,266.81927490234375,106.97265625,264.6506042480469,139.43359375,227.78314208984375,145.92578125,232.1204833984375,208.68359375,238.6265106201172,267.11328125,253.80722045898438,145.92578125,249.46987915039062,208.68359375,262.48193359375,262.78515625,232.1204833984375,29.06640625,240.79518127441406,29.06640625,225.6144561767578,37.72265625,249.46987915039062,33.39453125
232.28915405273438,32.52734375,238.79518127441406,67.40234375,217.10842895507812,69.58203125,210.6024169921875,110.99609375,199.759033203125,145.87109375,260.48193359375,65.22265625,264.81927490234375,108.81640625,264.81927490234375,141.51171875,223.6144561767578,143.69140625,230.1204833984375,204.72265625,236.6265106201172,265.75390625,249.6385498046875,143.69140625,245.30120849609375,206.90234375,256.14459228515625,263.57421875,230.1204833984375,28.16796875,238.79518127441406,28.16796875,223.6144561767578,34.70703125,247.46987915039062,32.52734375
231.90243530273438,31.66015625,236.2926788330078,66.78515625,214.34146118164062,66.78515625,207.756103515625,108.49609375,198.97561645507812,143.62109375,258.243896484375,64.58984375,267.0243835449219,106.30078125,267.0243835449219,148.01171875,220.9268341064453,143.62109375,229.7073211669922,205.08984375,236.2926788330078,264.36328125,247.26829528808594,143.62109375,240.68292236328125,207.28515625,249.46340942382812,266.55859375,227.51219177246094,27.26953125,236.2926788330078,27.26953125,220.9268341064453,33.85546875,245.07318115234375,31.66015625
229.95181274414062,30.7265625,234.3373565673828,65.9765625,210.2168731689453,65.9765625,205.83132934570312,110.0390625,197.06024169921875,145.2890625,256.26507568359375,63.7734375,265.0361328125,105.6328125,267.2289123535156,147.4921875,218.98794555664062,143.0859375,225.56626892089844,204.7734375,227.759033203125,259.8515625,243.10842895507812,145.2890625,234.3373565673828,204.7734375,240.91566467285156,266.4609375,225.56626892089844,26.3203125,234.3373565673828,26.3203125,218.98794555664062,32.9296875,243.10842895507812,30.7265625
226.22891235351562,29.859375,228.44578552246094,65.359375,206.277099609375,67.578125,195.19276428222656,105.296875,199.6265106201172,145.234375,252.83132934570312,65.359375,263.9156494140625,107.515625,270.5662536621094,149.671875,212.92770385742188,145.234375,224.01205444335938,205.140625,230.66265869140625,262.828125,241.74697875976562,145.234375,226.22891235351562,207.359375,232.8795166015625,269.484375,221.79518127441406,25.421875,232.8795166015625,25.421875,217.3614501953125,29.859375,239.53012084960938,29.859375
223.17857360839844,28.92578125,225.39285278320312,66.77734375,203.25,66.77734375,192.17857360839844,104.62890625,196.60714721679688,146.93359375,249.75,64.55078125,260.8214111328125,106.85546875,269.6785583496094,142.48046875,209.89285278320312,144.70703125,225.39285278320312,207.05078125,232.03570556640625,249.35546875,238.67857360839844,144.70703125,223.17857360839844,207.05078125,212.10714721679688,269.39453125,220.9642791748047,24.47265625,229.82142639160156,24.47265625,214.32142639160156,28.92578125,236.4642791748047,28.92578125
221.69879150390625,28.05859375,223.93975830078125,66.17578125,201.53012084960938,66.17578125,190.32530212402344,102.05078125,192.56626892089844,93.08203125,248.59036254882812,63.93359375,259.795166015625,104.29296875,268.759033203125,137.92578125,208.25302124023438,144.65234375,223.93975830078125,207.43359375,239.6265106201172,270.21484375,235.1445770263672,144.65234375,217.2168731689453,207.43359375,206.01205444335938,265.73046875,217.2168731689453,23.57421875,228.42169189453125,23.57421875,212.7349395751953,30.30078125,235.1445770263672,30.30078125
220.16867065429688,29.44921875,222.43373107910156,65.57421875,199.7831268310547,65.57421875,188.45782470703125,101.69921875,190.72288513183594,94.92578125,247.34939575195312,65.57421875,258.6746826171875,101.69921875,267.73492431640625,133.30859375,206.57830810546875,144.59765625,222.43373107910156,207.81640625,238.28915405273438,268.77734375,233.759033203125,144.59765625,213.3734893798828,207.81640625,202.04818725585938,271.03515625,215.6385498046875,22.67578125,226.96385192871094,22.67578125,211.10842895507812,29.44921875,233.759033203125,29.44921875
217.10714721679688,27.19140625,219.36904907226562,63.31640625,196.75,63.31640625,187.70237731933594,99.44140625,-1.0,-1.0,244.25,63.31640625,255.5595245361328,103.95703125,264.6071472167969,133.30859375,205.79762268066406,144.59765625,221.63095092773438,207.81640625,235.20237731933594,266.51953125,230.67857360839844,144.59765625,208.0595245361328,205.55859375,199.01190185546875,273.29296875,214.84524536132812,22.67578125,223.89285278320312,22.67578125,208.0595245361328,27.19140625,232.9404754638672,27.19140625
217.36904907226562,26.32421875,217.36904907226562,62.69921875,194.75,60.42578125,185.70237731933594,99.07421875,181.17857360839844,128.62890625,239.98809814453125,62.69921875,253.5595245361328,103.62109375,264.8690490722656,137.72265625,201.53570556640625,142.26953125,217.36904907226562,205.92578125,235.46429443359375,265.03515625,224.15475463867188,142.26953125,203.79762268066406,205.92578125,197.01190185546875,276.40234375,212.84524536132812,21.77734375,221.89285278320312,21.77734375,206.0595245361328,26.32421875,230.9404754638672,26.32421875
215.92941284179688,23.109375,215.92941284179688,59.609375,193.1058807373047,59.609375,181.69412231445312,96.109375,-1.0,-1.0,238.7529296875,61.890625,252.44705200195312,102.953125,263.85882568359375,139.453125,195.3882293701172,141.734375,211.3647003173828,207.890625,231.9058837890625,267.203125,220.49411010742188,144.015625,199.95294189453125,207.890625,195.3882293701172,276.328125,211.3647003173828,18.546875,220.49411010742188,18.546875,204.51763916015625,23.109375,229.62353515625,25.390625
215.65475463867188,19.9296875,213.34524536132812,56.6796875,190.25,56.6796875,181.01190185546875,95.7265625,176.39285278320312,125.5859375,236.4404754638672,58.9765625,250.29762268066406,102.6171875,261.8452453613281,141.6640625,192.5595245361328,139.3671875,204.10714721679688,205.9765625,227.20237731933594,258.8046875,217.96429443359375,139.3671875,199.48809814453125,205.9765625,192.5595245361328,279.4765625,208.7261962890625,17.6328125,220.2738037109375,17.6328125,201.79762268066406,22.2265625,227.20237731933594,22.2265625
211.34524536132812,16.71875,209.03570556640625,56.03125,188.25,53.71875,176.70237731933594,93.03125,-1.0,-1.0,234.4404754638672,56.03125,248.29762268066406,102.28125,255.2261962890625,146.21875,190.5595245361328,139.28125,202.10714721679688,208.65625,222.89285278320312,254.90625,213.65475463867188,139.28125,197.48809814453125,204.03125,192.86904907226562,278.03125,206.7261962890625,12.09375,218.2738037109375,14.40625,199.79762268066406,19.03125,225.20237731933594,21.34375
211.16665649414062,15.76171875,206.5,52.88671875,183.1666717529297,50.56640625,171.5,90.01171875,169.1666717529297,120.17578125,232.16665649414062,55.20703125,243.8333282470703,99.29296875,255.5,145.69921875,187.8333282470703,136.41796875,192.5,208.34765625,215.8333282470703,250.11328125,211.16665649414062,138.73828125,194.8333282470703,206.02734375,194.8333282470703,277.95703125,206.5,4.16015625,215.8333282470703,4.16015625,197.16665649414062,15.76171875,222.8333282470703,18.08203125
205.58822631835938,14.84765625,205.58822631835938,49.88671875,182.2941131591797,47.55078125,168.31764221191406,87.26171875,165.9882354736328,119.96484375,228.88235473632812,52.22265625,238.1999969482422,96.60546875,247.51763916015625,131.64453125,182.2941131591797,133.98046875,186.95294189453125,206.39453125,207.9176483154297,257.78515625,210.24705505371094,136.31640625,191.61175537109375,206.39453125,196.2705841064453,276.47265625,203.25881958007812,3.16796875,212.57647705078125,3.16796875,196.2705841064453,14.84765625,219.564697265625,14.84765625
204.8372039794922,10.17578125,202.51162719726562,49.88671875,179.2558135986328,47.55078125,165.3023223876953,84.92578125,-1.0,-1.0,225.76744079589844,49.88671875,232.7441864013672,96.60546875,237.39535522460938,136.31640625,179.2558135986328,133.98046875,176.93023681640625,208.73046875,202.51162719726562,253.11328125,209.48837280273438,136.31640625,193.2093048095703,206.39453125,193.2093048095703,278.80859375,200.18605041503906,3.16796875,209.48837280273438,3.16796875,193.2093048095703,12.51171875,216.46511840820312,12.51171875
201.32557678222656,3.17578125,198.97674560546875,45.50390625,175.48837280273438,43.15234375,161.39535522460938,87.83203125,-1.0,-1.0,222.46511840820312,47.85546875,229.51162719726562,97.23828125,229.51162719726562,144.26953125,177.8372039794922,132.51171875,170.7906951904297,207.76171875,187.23255920410156,271.25390625,206.02325439453125,137.21484375,191.93023681640625,205.41015625,191.93023681640625,278.30859375,196.62789916992188,3.17578125,208.37210083007812,3.17578125,189.58139038085938,3.17578125,215.41860961914062,3.17578125
199.18605041503906,2.18359375,194.44186401367188,44.79296875,173.093017578125,42.42578125,156.48837280273438,87.40234375,154.11627197265625,122.91015625,220.53488159179688,47.16015625,222.906982421875,99.23828125,222.906982421875,144.21484375,173.093017578125,134.74609375,163.60464477539062,203.39453125,182.58139038085938,267.30859375,203.93023681640625,137.11328125,194.44186401367188,208.12890625,194.44186401367188,279.14453125,194.44186401367188,2.18359375,206.3023223876953,2.18359375,184.9534912109375,2.18359375,213.41860961914062,2.18359375
195.6976776123047,2.19140625,193.3023223876953,42.69921875,169.3488311767578,40.31640625,152.58139038085938,85.58984375,150.18605041503906,118.94921875,217.2558135986328,45.08203125,219.65115356445312,95.12109375,217.2558135986328,133.24609375,169.3488311767578,130.86328125,162.1627960205078,202.34765625,171.7441864013672,271.44921875,200.48837280273438,135.62890625,193.3023223876953,207.11328125,190.906982421875,280.98046875,190.906982421875,2.19140625,202.88372802734375,2.19140625,183.72093200683594,2.19140625,210.06976318359375,2.19140625
191.69317626953125,2.19921875,189.30682373046875,42.97265625,165.44317626953125,40.57421875,151.125,88.54296875,148.73863220214844,71.75390625,213.1704559326172,42.97265625,215.55682373046875,98.13671875,208.39773559570312,136.51171875,165.44317626953125,134.11328125,158.28408813476562,206.06640625,158.28408813476562,273.22265625,201.2386474609375,138.91015625,194.0795440673828,210.86328125,194.0795440673828,280.41796875,186.9204559326172,2.19921875,198.85227966308594,2.19921875,177.375,2.19921875,206.01136779785156,2.19921875
189.6136474609375,2.203125,189.6136474609375,43.109375,163.11363220214844,40.703125,153.47727966308594,86.421875,148.65908813476562,115.296875,213.70455932617188,43.109375,216.1136474609375,96.046875,206.47726440429688,134.546875,167.93182373046875,132.140625,158.2954559326172,206.734375,158.2954559326172,274.109375,199.25,136.953125,192.02273559570312,209.140625,194.43182373046875,278.921875,184.7954559326172,2.203125,196.84091186523438,2.203125,177.56817626953125,2.203125,206.47726440429688,2.203125
188.5795440673828,2.2109375,186.14773559570312,40.9609375,164.26136779785156,38.5390625,152.10227966308594,84.5546875,142.375,116.0390625,210.46591186523438,43.3828125,210.46591186523438,101.5078125,193.44317626953125,140.2578125,164.26136779785156,130.5703125,152.10227966308594,208.0703125,147.23863220214844,275.8828125,198.30682373046875,140.2578125,191.01136779785156,212.9140625,193.44317626953125,278.3046875,181.28408813476562,2.2109375,195.875,2.2109375,176.4204559326172,2.2109375,203.1704559326172,2.2109375
184.55555725097656,2.21484375,184.55555725097656,41.08984375,157.91110229492188,38.66015625,148.22222900390625,84.82421875,136.11111450195312,116.41015625,208.77777099609375,43.51953125,203.93333435058594,99.40234375,184.55555725097656,133.41796875,160.3333282470703,130.98828125,148.22222900390625,208.73828125,138.5333251953125,279.19921875,191.8222198486328,138.27734375,189.39999389648438,211.16796875,191.8222198486328,279.19921875,177.28887939453125,2.21484375,191.8222198486328,2.21484375,172.44444274902344,2.21484375,199.08888244628906,2.21484375
181.2359619140625,2.22265625,181.2359619140625,41.34765625,156.7415771484375,38.90234375,146.94381713867188,82.91796875,134.69662475585938,112.26171875,205.73033142089844,43.79296875,200.83145141601562,95.14453125,178.78651428222656,124.48828125,159.19100952148438,129.37890625,146.94381713867188,210.07421875,132.2471923828125,276.09765625,191.03370666503906,136.71484375,188.58425903320312,212.51953125,191.03370666503906,278.54296875,173.88763427734375,2.22265625,188.58425903320312,2.22265625,168.98876953125,2.22265625,195.93258666992188,2.22265625
176.6666717529297,2.2265625,176.6666717529297,41.4765625,152.0,39.0234375,142.13333129882812,83.1796875,132.26666259765625,115.0703125,201.33334350585938,41.4765625,196.39999389648438,92.9921875,166.8000030517578,122.4296875,154.4666748046875,132.2421875,142.13333129882812,208.2890625,127.33333587646484,276.9765625,189.0,139.6015625,186.5333251953125,213.1953125,191.4666748046875,279.4296875,169.26666259765625,2.2265625,184.06666564941406,2.2265625,164.33334350585938,2.2265625,193.93333435058594,2.2265625
172.6666717529297,2.234375,172.6666717529297,41.734375,143.06666564941406,41.734375,135.6666717529297,91.109375,125.80000305175781,140.484375,197.33334350585938,41.734375,192.39999389648438,93.578125,160.33334350585938,120.734375,148.0,135.546875,135.6666717529297,212.078125,123.33333587646484,276.265625,185.0,142.953125,185.0,214.546875,189.93333435058594,281.203125,165.26666259765625,2.234375,180.06666564941406,2.234375,160.33334350585938,2.234375,187.4666748046875,2.234375
166.84616088867188,2.23828125,166.84616088867188,41.86328125,139.5274658203125,41.86328125,129.59341430664062,93.87109375,119.65933990478516,133.49609375,194.16482543945312,41.86328125,186.71429443359375,91.39453125,154.42857360839844,116.16015625,144.4945068359375,138.44921875,132.07691955566406,212.74609375,127.10989379882812,279.61328125,181.74725341796875,143.40234375,179.26373291015625,212.74609375,189.1977996826172,279.61328125,161.87911987304688,2.23828125,174.29669189453125,2.23828125,154.42857360839844,2.23828125,184.23077392578125,2.23828125
162.25,2.24609375,162.25,39.62890625,134.75,39.62890625,124.75,89.47265625,109.75,124.36328125,189.75,39.62890625,182.25,91.96484375,149.75,116.88671875,139.75,136.82421875,129.75,211.58984375,124.75,283.86328125,174.75,141.80859375,174.75,214.08203125,189.75,276.38671875,157.25,2.24609375,167.25,2.24609375,149.75,2.24609375,174.75,2.24609375
148.25,2.25390625,150.75,34.85546875,123.25,34.85546875,110.75,82.50390625,105.75,117.61328125,178.25,34.85546875,175.75,87.51953125,145.75,115.10546875,128.25,132.66015625,120.75,215.41796875,123.25,290.65234375,165.75,140.18359375,163.25,217.92578125,188.25,273.09765625,143.25,2.25390625,155.75,2.25390625,140.75,2.25390625,163.25,2.25390625
142.32257080078125,2.2578125,144.83871459960938,32.4453125,119.67742156982422,32.4453125,104.58064270019531,82.7578125,99.54838562011719,120.4921875,172.51612854003906,32.4453125,172.51612854003906,85.2734375,144.83871459960938,115.4609375,122.19355010986328,130.5546875,117.16128540039062,216.0859375,122.19355010986328,291.5546875,159.93548583984375,135.5859375,157.4193572998047,216.0859375,185.09677124023438,263.8828125,139.80645751953125,2.2578125,149.8709716796875,2.2578125,137.29031372070312,2.2578125,154.90322875976562,2.2578125
136.21505737304688,2.265625,141.29031372070312,30.109375,113.3763427734375,27.578125,95.61289978027344,85.796875,100.68817138671875,65.546875,169.2042999267578,30.109375,169.2042999267578,85.796875,143.8279571533203,118.703125,115.91397857666016,128.828125,115.91397857666016,217.421875,120.98924255371094,293.359375,153.97848510742188,133.890625,151.44085693359375,214.890625,181.89247131347656,262.984375,-1.0,-1.0,-1.0,-1.0,128.60214233398438,2.265625,151.44085693359375,2.265625
131.10638427734375,2.26953125,136.1702117919922,27.66015625,108.31915283203125,27.66015625,90.59574890136719,86.05859375,95.65957641601562,63.20703125,164.02127075195312,25.12109375,164.02127075195312,86.05859375,143.76596069335938,124.14453125,113.38298034667969,126.68359375,115.9148941040039,215.55078125,118.44680786132812,294.26171875,151.3616943359375,131.76171875,143.76596069335938,215.55078125,174.14894104003906,263.79296875,-1.0,-1.0,-1.0,-1.0,126.04255676269531,2.26953125,146.29788208007812,2.26953125
-1.0,-1.0,173.46807861328125,142.78515625,181.12765502929688,142.78515625,186.23403930664062,160.66796875,186.23403930664062,173.44140625,170.91488647460938,142.78515625,168.3616943359375,160.66796875,-1.0,-1.0,178.574462890625,173.44140625,173.46807861328125,196.43359375,168.3616943359375,219.42578125,168.3616943359375,173.44140625,165.80850219726562,193.87890625,165.80850219726562,214.31640625,-1.0,-1.0,-1.0,-1.0,176.02127075195312,135.12109375,170.91488647460938,135.12109375
124.08421325683594,1.28515625,129.22105407714844,19.27734375,100.96842193603516,19.27734375,80.42105102539062,80.96484375,82.98947143554688,57.83203125,154.9052734375,19.27734375,157.47369384765625,83.53515625,154.9052734375,129.80078125,106.10526275634766,119.51953125,108.67369079589844,214.62109375,118.94737243652344,291.73046875,139.49473571777344,119.51953125,129.22105407714844,212.05078125,157.47369384765625,276.30859375,-1.0,-1.0,-1.0,-1.0,-1.0,-1.0,-1.0,-1.0
122.08421325683594,1.29296875,122.08421325683594,19.39453125,93.5999984741211,19.39453125,75.47368621826172,78.87109375,80.65263366699219,55.59765625,153.15789794921875,16.80859375,155.74737548828125,81.45703125,150.56842041015625,130.58984375,101.36842346191406,122.83203125,109.1368408203125,210.75390625,116.90526580810547,293.50390625,135.03158569335938,125.41796875,124.6736831665039,210.75390625,147.97894287109375,285.74609375,-1.0,-1.0,-1.0,-1.0,-1.0,-1.0,-1.0,-1.0
107.625,1.296875,117.95832824707031,16.859375,89.54166412353516,16.859375,71.45833587646484,76.515625,76.625,55.765625,146.375,16.859375,154.125,76.515625,146.375,128.390625,97.29166412353516,120.609375,105.04166412353516,208.796875,117.95832824707031,294.390625,130.875,120.609375,115.375,208.796875,136.04165649414062,299.578125,-1.0,-1.0,-1.0,-1.0,-1.0,-1.0,-1.0,-1.0
101.56700897216797,1.3046875,111.9587631225586,14.3515625,83.38143920898438,14.3515625,67.79381561279297,76.9765625,67.79381561279297,50.8828125,143.13401794433594,14.3515625,150.92782592773438,71.7578125,145.73196411132812,126.5546875,93.773193359375,118.7265625,104.16494750976562,210.0546875,119.75257873535156,296.1640625,127.54638671875,118.7265625,109.36082458496094,210.0546875,119.75257873535156,298.7734375,-1.0,-1.0,-1.0,-1.0,-1.0,-1.0,-1.0,-1.0
99.3125,1.3125,109.8125,14.4375,78.3125,14.4375,67.8125,59.0625,-1.0,-1.0,138.6875,14.4375,151.8125,77.4375,149.1875,127.3125,88.8125,116.8125,96.6875,211.3125,120.3125,292.6875,122.9375,116.8125,101.9375,208.6875,112.4375,297.9375,-1.0,-1.0,-1.0,-1.0,-1.0,-1.0,-1.0,-1.0
98.50515747070312,1.31640625,103.78350830078125,14.48046875,72.1134033203125,17.11328125,66.83505249023438,59.23828125,-1.0,-1.0,132.81442260742188,14.48046875,151.28866577148438,72.40234375,156.5670166015625,122.42578125,85.30928039550781,119.79296875,98.50515747070312,211.94140625,119.6185531616211,293.55859375,122.25772857666016,119.79296875,93.226806640625,211.94140625,87.94845581054688,301.45703125,-1.0,-1.0,-1.0,-1.0,-1.0,-1.0,-1.0,-1.0
-1.0,-1.0,99.06121826171875,14.56640625,67.2244873046875,14.56640625,61.918365478515625,56.94140625,-1.0,-1.0,128.24490356445312,14.56640625,149.46939086914062,72.83203125,157.42855834960938,125.80078125,80.48979187011719,120.50390625,96.40815734863281,213.19921875,120.28571319580078,292.65234375,114.9795913696289,117.85546875,85.79591369628906,213.19921875,69.87754821777344,300.59765625,-1.0,-1.0,-1.0,-1.0,-1.0,-1.0,-1.0,-1.0
92.40815734863281,1.328125,95.06121826171875,14.609375,65.87754821777344,19.921875,55.26530456542969,57.109375,-1.0,-1.0,126.89795684814453,14.609375,145.46939086914062,70.390625,156.08163452148438,120.859375,81.79591369628906,118.203125,97.71427917480469,213.828125,118.93877410888672,293.515625,116.28571319580078,118.203125,87.10203552246094,208.515625,71.18367004394531,298.828125,-1.0,-1.0,-1.0,-1.0,68.53060913085938,1.328125,-1.0,-1.0
86.33333587646484,1.3359375,91.66667175292969,14.6953125,62.333335876464844,14.6953125,54.333335876464844,60.1171875,49.0,100.1953125,123.66667175292969,12.0234375,142.33334350585938,68.1328125,155.6666717529297,124.2421875,75.66667175292969,116.2265625,89.0,204.3984375,-1.0,-1.0,110.33333587646484,116.2265625,75.66667175292969,207.0703125,57.0,292.5703125,-1.0,-1.0,-1.0,-1.0,-1.0,-1.0,-1.0,-1.0
-1.0,-1.0,131.21359252929688,146.46875,139.31068420410156,146.46875,142.00970458984375,162.59375,150.10679626464844,176.03125,123.11650848388672,146.46875,117.71845245361328,159.90625,109.6213607788086,176.03125,133.91262817382812,178.71875,136.61166381835938,200.21875,133.91262817382812,221.71875,123.11650848388672,176.03125,120.41748046875,194.84375,120.41748046875,221.71875,-1.0,-1.0,-1.0,-1.0,142.00970458984375,133.03125,133.91262817382812,133.03125
135.28440856933594,128.3984375,129.88990783691406,144.6171875,137.98165893554688,144.6171875,140.67889404296875,160.8359375,148.77064514160156,177.0546875,119.10092163085938,144.6171875,111.0091781616211,158.1328125,-1.0,-1.0,135.28440856933594,179.7578125,137.98165893554688,204.0859375,132.587158203125,225.7109375,124.49541473388672,177.0546875,124.49541473388672,201.3828125,121.79816436767578,223.0078125,135.28440856933594,125.6953125,-1.0,-1.0,135.28440856933594,131.1015625,127.19266510009766,131.1015625
137.6548614501953,129.140625,129.47787475585938,145.453125,140.38052368164062,145.453125,143.10618591308594,164.484375,151.28318786621094,178.078125,118.5752182006836,145.453125,113.12389373779297,164.484375,118.5752182006836,175.359375,137.6548614501953,178.078125,137.6548614501953,202.546875,137.6548614501953,224.296875,124.02655029296875,180.796875,124.02655029296875,199.828125,124.02655029296875,224.296875,137.6548614501953,126.421875,-1.0,-1.0,134.92919921875,131.859375,124.02655029296875,131.859375
-1.0,-1.0,130.559326171875,146.70703125,138.79661560058594,146.70703125,144.28814697265625,163.16015625,149.7796630859375,171.38671875,119.57627868652344,146.70703125,116.83051300048828,165.90234375,114.08474731445312,174.12890625,138.79661560058594,179.61328125,138.79661560058594,201.55078125,136.0508575439453,220.74609375,127.81356811523438,176.87109375,127.81356811523438,198.80859375,127.81356811523438,223.48828125,-1.0,-1.0,-1.0,-1.0,136.0508575439453,130.25390625,122.32203674316406,130.25390625
-1.0,-1.0,127.78048706054688,144.78515625,136.02438354492188,142.02734375,144.26829528808594,155.81640625,149.76422119140625,169.60546875,116.78861999511719,147.54296875,114.0406494140625,166.84765625,108.54471588134766,166.84765625,138.77235412597656,177.87890625,138.77235412597656,205.45703125,133.27642822265625,224.76171875,127.78048706054688,180.63671875,130.52845764160156,202.69921875,127.78048706054688,224.76171875,-1.0,-1.0,-1.0,-1.0,133.27642822265625,128.23828125,114.0406494140625,133.75390625
-1.0,-1.0,124.36363220214844,144.78515625,132.654541015625,142.02734375,138.18182373046875,158.57421875,-1.0,-1.0,116.07272338867188,147.54296875,118.83636474609375,166.84765625,105.01818084716797,164.08984375,138.18182373046875,177.87890625,138.18182373046875,202.69921875,135.41818237304688,222.00390625,129.8909149169922,180.63671875,129.8909149169922,202.69921875,129.8909149169922,224.76171875,-1.0,-1.0,-1.0,-1.0,127.12727355957031,128.23828125,113.30908966064453,133.75390625
-1.0,-1.0,50.82828140258789,1.37890625,9.616161346435547,1.37890625,4.121212005615234,39.98828125,-1.0,-1.0,86.54545593261719,1.37890625,105.77777099609375,59.29296875,116.76766967773438,111.69140625,23.353534698486328,111.69140625,34.34343338012695,210.97265625,83.7979736328125,274.40234375,56.3232307434082,111.69140625,26.101009368896484,208.21484375,20.606060028076172,313.01171875,-1.0,-1.0,-1.0,-1.0,-1.0,-1.0,-1.0,-1.0
-1.0,-1.0,-1.0,-1.0,-1.0,-1.0,-1.0,-1.0,-1.0,-1.0,81.05050659179688,1.37890625,97.53535461425781,62.05078125,111.27272033691406,122.72265625,-1.0,-1.0,-1.0,-1.0,-1.0,-1.0,-1.0,-1.0,-1.0,-1.0,-1.0,-1.0,-1.0,-1.0,-1.0,-1.0,-1.0,-1.0,-1.0,-1.0
