193.92233276367188,107.96875,169.63107299804688,137.53125,153.4368896484375,142.90625,150.7378692626953,193.96875,156.13592529296875,234.28125,183.126220703125,134.84375,196.62136840820312,183.21875,212.81553649902344,207.40625,185.8252410888672,226.21875,199.3203887939453,296.09375,202.0194091796875,368.65625,202.0194091796875,220.84375,199.3203887939453,293.40625,202.0194091796875,363.28125,188.52427673339844,102.59375,-1.0,-1.0,172.33009338378906,107.96875,-1.0,-1.0
196.7102813720703,103.4921875,172.48599243164062,135.9296875,161.71963500976562,141.3359375,153.64486694335938,189.9921875,164.41122436523438,230.5390625,183.25233459472656,133.2265625,-1.0,-1.0,-1.0,-1.0,188.63551330566406,225.1328125,196.7102813720703,295.4140625,199.40187072753906,371.1015625,202.0934600830078,219.7265625,199.40187072753906,295.4140625,199.40187072753906,365.6953125,188.63551330566406,98.0859375,-1.0,-1.0,175.1775665283203,106.1953125,-1.0,-1.0
200.02703857421875,102.59765625,175.70269775390625,135.12890625,167.5946044921875,137.83984375,164.8918914794922,186.63671875,178.40541076660156,232.72265625,183.81082153320312,132.41796875,-1.0,-1.0,-1.0,-1.0,191.91891479492188,230.01171875,194.62161254882812,297.78515625,197.32432556152344,368.26953125,202.729736328125,224.58984375,216.24325561523438,292.36328125,197.32432556152344,362.84765625,194.62161254882812,97.17578125,200.02703857421875,94.46484375,178.40541076660156,102.59765625,-1.0,-1.0
204.85964965820312,100.80859375,180.38597106933594,133.52734375,169.50877380371094,136.25390625,169.50877380371094,185.33203125,188.54385375976562,228.95703125,188.54385375976562,130.80078125,-1.0,-1.0,-1.0,-1.0,199.42105102539062,226.23046875,196.70175170898438,302.57421875,193.98245239257812,370.73828125,210.29824829101562,223.50390625,232.05264282226562,286.21484375,215.73684692382812,321.66015625,199.42105102539062,95.35546875,204.85964965820312,92.62890625,183.1052703857422,100.80859375,-1.0,-1.0
208.3162384033203,99.80859375,183.7008514404297,132.52734375,175.4957275390625,135.25390625,178.23077392578125,184.33203125,197.37606811523438,225.23046875,191.90597534179688,129.80078125,-1.0,-1.0,-1.0,-1.0,205.58120727539062,225.23046875,194.64102172851562,301.57421875,191.90597534179688,372.46484375,216.5213623046875,225.23046875,235.6666717529297,287.94140625,194.64102172851562,361.55859375,202.84616088867188,94.35546875,205.58120727539062,91.62890625,183.7008514404297,99.80859375,-1.0,-1.0
211.57025146484375,98.01953125,184.13223266601562,130.92578125,178.64462280273438,133.66796875,184.13223266601562,183.02734375,208.82644653320312,221.41796875,192.36363220214844,128.18359375,-1.0,-1.0,-1.0,-1.0,208.82644653320312,224.16015625,244.49586486816406,284.48828125,206.0826416015625,358.52734375,197.8512420654297,224.16015625,197.8512420654297,295.45703125,-1.0,-1.0,206.0826416015625,92.53515625,208.82644653320312,89.79296875,186.87603759765625,98.01953125,-1.0,-1.0
216.36289978027344,97.125,188.78225708007812,130.125,183.26612854003906,130.125,191.54031372070312,179.625,216.36289978027344,218.125,194.2983856201172,127.375,-1.0,-1.0,-1.0,-1.0,213.60482788085938,220.875,246.7016143798828,286.875,230.15322875976562,355.625,199.81451416015625,220.875,194.2983856201172,292.375,186.02420043945312,374.875,210.84677124023438,91.625,216.36289978027344,91.625,194.2983856201172,97.125,-1.0,-1.0
222.53543090820312,95.3359375,197.59054565429688,131.2890625,189.2755889892578,131.2890625,197.59054565429688,181.0703125,230.85040283203125,217.0234375,208.6771697998047,128.5234375,-1.0,-1.0,-1.0,-1.0,214.22047424316406,222.5546875,255.7952880859375,286.1640625,247.48031616210938,366.3671875,192.0472412109375,222.5546875,192.0472412109375,294.4609375,183.73228454589844,371.8984375,216.99212646484375,89.8046875,219.7637939453125,87.0390625,197.59054565429688,98.1015625,-1.0,-1.0
225.28244018554688,97.1015625,200.41221618652344,130.2890625,189.35877990722656,130.2890625,203.17556762695312,180.0703125,241.8625946044922,213.2578125,214.22900390625,127.5234375,233.572509765625,177.3046875,239.0992431640625,185.6015625,208.70230102539062,218.7890625,258.4427490234375,287.9296875,272.2595520019531,362.6015625,222.5190887451172,216.0234375,-1.0,-1.0,-1.0,-1.0,219.7557373046875,91.5703125,225.28244018554688,86.0390625,200.41221618652344,97.1015625,-1.0,-1.0
230.5223846435547,98.109375,202.6119384765625,131.484375,199.82089233398438,131.484375,210.98507690429688,178.765625,258.4328308105469,217.703125,213.776123046875,131.484375,-1.0,-1.0,-1.0,-1.0,222.14926147460938,220.484375,258.4328308105469,295.578125,283.55224609375,362.328125,227.73133850097656,217.703125,-1.0,-1.0,-1.0,-1.0,224.9403076171875,92.546875,-1.0,-1.0,205.40298461914062,98.109375,-1.0,-1.0
236.81817626953125,99.1484375,206.15151977539062,132.7109375,203.36363220214844,132.7109375,214.51515197753906,180.2578125,264.69696044921875,219.4140625,220.09091186523438,132.7109375,-1.0,-1.0,-1.0,-1.0,222.8787841796875,222.2109375,264.69696044921875,300.5234375,295.3636474609375,364.8515625,234.03030395507812,222.2109375,267.48486328125,294.9296875,-1.0,-1.0,228.4545440673828,90.7578125,-1.0,-1.0,208.93939208984375,99.1484375,-1.0,-1.0
241.47286987304688,97.53515625,216.0775146484375,134.19921875,207.61239624023438,131.37890625,221.72093200683594,182.14453125,272.5116271972656,221.62890625,224.54263305664062,131.37890625,-1.0,-1.0,-1.0,-1.0,230.18603515625,227.26953125,269.6899108886719,297.77734375,297.906982421875,368.28515625,238.65115356445312,224.44921875,201.968994140625,297.77734375,173.75193786621094,368.28515625,235.82945251464844,91.89453125,241.47286987304688,89.07421875,216.0775146484375,97.53515625,-1.0,-1.0
250.1259765625,95.79296875,218.94488525390625,132.66015625,213.2755889892578,132.66015625,227.44882202148438,180.87109375,275.6378173828125,220.57421875,227.44882202148438,129.82421875,-1.0,-1.0,-1.0,-1.0,235.9527587890625,226.24609375,278.4724426269531,299.98046875,298.3149719238281,370.87890625,221.77952575683594,226.24609375,201.93701171875,297.14453125,173.59054565429688,370.87890625,241.62203979492188,90.12109375,247.29135131835938,87.28515625,221.77952575683594,95.79296875,-1.0,-1.0
256.9840087890625,95.05078125,228.50399780273438,129.26953125,222.80799865722656,132.12109375,234.20001220703125,183.44921875,276.91998291015625,217.66796875,234.20001220703125,129.26953125,-1.0,-1.0,-1.0,-1.0,251.28799438476562,226.22265625,285.4639892578125,297.51171875,299.7040100097656,371.65234375,237.04800415039062,226.22265625,208.5679931640625,300.36328125,174.39199829101562,365.94921875,248.44000244140625,89.34765625,254.13600158691406,86.49609375,231.3520050048828,95.05078125,-1.0,-1.0
261.00811767578125,93.30859375,232.39024353027344,127.71484375,229.52845764160156,127.71484375,235.2520294189453,179.32421875,275.31707763671875,216.59765625,240.97561645507812,124.84765625,-1.0,-1.0,-1.0,-1.0,261.00811767578125,225.19921875,289.6260070800781,296.87890625,298.21136474609375,371.42578125,255.2845458984375,225.19921875,261.00811767578125,296.87890625,258.1463317871094,351.35546875,255.2845458984375,87.57421875,258.1463317871094,84.70703125,238.1138153076172,93.30859375,-1.0,-1.0
263.82501220703125,94.44921875,232.10833740234375,126.16015625,229.22500610351562,129.04296875,237.875,180.93359375,275.35833740234375,218.41015625,237.875,126.16015625,-1.0,-1.0,-1.0,-1.0,255.1750030517578,224.17578125,289.7749938964844,299.12890625,298.42498779296875,371.19921875,260.9416809082031,227.05859375,260.9416809082031,296.24609375,260.9416809082031,351.01953125,255.1750030517578,88.68359375,263.82501220703125,85.80078125,237.875,94.44921875,-1.0,-1.0
267.84747314453125,87.046875,241.76271057128906,124.828125,235.96609497070312,127.734375,241.76271057128906,180.046875,273.6440734863281,217.828125,250.45762634277344,124.828125,267.84747314453125,165.515625,-1.0,-1.0,256.2542419433594,226.546875,235.96609497070312,307.921875,-1.0,-1.0,276.5423583984375,226.546875,293.93218994140625,302.109375,299.72882080078125,371.859375,259.15252685546875,84.140625,264.94915771484375,81.234375,241.76271057128906,89.953125,-1.0,-1.0
272.113037109375,85.2890625,245.8173828125,123.2734375,242.89566040039062,123.2734375,245.8173828125,175.8671875,275.0347900390625,219.6953125,254.58261108398438,120.3515625,-1.0,-1.0,-1.0,-1.0,275.0347900390625,231.3828125,292.5652160644531,304.4296875,295.4869384765625,362.8671875,283.79998779296875,231.3828125,251.66085815429688,310.2734375,-1.0,-1.0,263.34783935546875,79.4453125,-1.0,-1.0,248.7391357421875,88.2109375,-1.0,-1.0
278.6283264160156,80.70703125,252.02655029296875,118.99609375,243.15928649902344,121.94140625,252.02655029296875,174.95703125,272.716796875,222.08203125,263.84954833984375,116.05078125,-1.0,-1.0,-1.0,-1.0,281.5840759277344,222.08203125,287.4955749511719,304.55078125,296.3628234863281,375.23828125,296.3628234863281,219.13671875,299.3185729980469,304.55078125,296.3628234863281,372.29296875,272.716796875,77.76171875,275.67254638671875,68.92578125,254.9822998046875,83.65234375,-1.0,-1.0
285.0810852050781,78.93359375,258.4864807128906,117.42578125,249.62161254882812,120.38671875,255.53152465820312,176.64453125,270.3063049316406,224.01953125,267.3513488769531,114.46484375,-1.0,-1.0,-1.0,-1.0,279.1711730957031,226.98046875,288.0360412597656,306.92578125,214.1621551513672,357.26171875,296.90087890625,221.05859375,296.90087890625,306.92578125,290.9909973144531,377.98828125,276.2162170410156,73.01171875,285.0810852050781,67.08984375,258.4864807128906,81.89453125,-1.0,-1.0
289.6756591796875,78.16015625,265.89190673828125,113.87890625,256.97296142578125,116.85546875,254.0,173.41015625,271.83782958984375,224.01171875,274.810791015625,110.90234375,-1.0,-1.0,-1.0,-1.0,286.70269775390625,218.05859375,301.56756591796875,298.42578125,230.21621704101562,352.00390625,301.56756591796875,212.10546875,307.5135192871094,298.42578125,289.6756591796875,375.81640625,280.7567443847656,72.20703125,289.6756591796875,66.25390625,262.9189147949219,78.16015625,-1.0,-1.0
297.2252197265625,75.2890625,270.3063049316406,114.0859375,258.34234619140625,114.0859375,258.34234619140625,173.7734375,270.3063049316406,221.5234375,282.270263671875,111.1015625,-1.0,-1.0,-1.0,-1.0,291.24322509765625,212.5703125,306.19818115234375,296.1328125,288.25225830078125,376.7109375,306.19818115234375,209.5859375,315.1711730957031,293.1484375,276.28826904296875,355.8203125,291.24322509765625,69.3203125,294.2342224121094,66.3359375,270.3063049316406,75.2890625,-1.0,-1.0
304.7747802734375,74.5,277.6936950683594,113.5,262.6486511230469,113.5,259.6396484375,170.5,271.6756896972656,221.5,292.7387390136719,113.5,307.7837829589844,167.5,328.84686279296875,200.5,298.75677490234375,209.5,322.8288269042969,290.5,283.71173095703125,374.5,313.80181884765625,206.5,298.75677490234375,293.5,277.6936950683594,365.5,295.74774169921875,68.5,304.7747802734375,65.5,274.6846923828125,74.5,-1.0,-1.0
309.29730224609375,73.7109375,282.0540466308594,112.9140625,266.9189147949219,115.9296875,260.8648681640625,170.2109375,269.9459533691406,218.4609375,297.189208984375,112.9140625,309.29730224609375,161.1640625,327.45947265625,191.3203125,306.270263671875,209.4140625,333.5135192871094,290.8359375,297.189208984375,372.2578125,315.3513488769531,203.3828125,294.16217041015625,293.8515625,282.0540466308594,369.2421875,303.2432556152344,67.6796875,309.29730224609375,64.6640625,279.02703857421875,73.7109375,-1.0,-1.0
315.5535888671875,73.81640625,288.2321472167969,113.12109375,273.0535888671875,116.14453125,266.9821472167969,170.56640625,270.0178527832031,221.96484375,303.41070556640625,113.12109375,312.5178527832031,161.49609375,336.8035888671875,152.42578125,309.4821472167969,209.87109375,345.91070556640625,288.48046875,324.66070556640625,379.18359375,312.5178527832031,206.84765625,294.3035888671875,297.55078125,282.16070556640625,379.18359375,306.4464416503906,67.76953125,315.5535888671875,64.74609375,285.1964416503906,73.81640625,-1.0,-1.0
320.7698974609375,73.02734375,296.5575256347656,115.57421875,278.3982238769531,115.57421875,266.2920227050781,170.27734375,272.3451232910156,218.90234375,314.716796875,115.57421875,329.84954833984375,170.27734375,351.035400390625,197.62890625,308.6637268066406,209.78515625,351.035400390625,291.83984375,348.00885009765625,383.01171875,326.822998046875,203.70703125,290.5044250488281,303.99609375,278.3982238769531,379.97265625,308.6637268066406,66.94921875,320.7698974609375,63.91015625,287.4778747558594,76.06640625,-1.0,-1.0
327.02679443359375,75.29296875,302.59820556640625,115.00390625,284.27679443359375,118.05859375,272.0625,169.98828125,278.1696472167969,221.91796875,320.9196472167969,118.05859375,333.1339111328125,173.04296875,363.6696472167969,203.58984375,314.8125,209.69921875,357.5625,292.17578125,375.8839111328125,383.81640625,330.0803527832031,206.64453125,293.4375,307.44921875,278.1696472167969,383.81640625,317.8660888671875,69.18359375,327.02679443359375,66.12890625,293.4375,75.29296875,-1.0,-1.0
331.46429443359375,75.40625,313.03570556640625,118.28125,291.53570556640625,118.28125,279.25,173.40625,279.25,225.46875,337.6071472167969,124.40625,349.8928527832031,179.53125,377.53570556640625,204.03125,322.25,216.28125,365.25,295.90625,395.96429443359375,384.71875,346.8214111328125,216.28125,300.75,308.15625,276.1785583496094,384.71875,322.25,69.28125,337.6071472167969,66.21875,297.6785583496094,78.46875,-1.0,-1.0
338.9553527832031,74.6328125,320.4196472167969,120.8046875,298.7946472167969,117.7265625,283.34820556640625,176.2109375,286.4375,225.4609375,342.0446472167969,123.8828125,354.40179443359375,179.2890625,382.2053527832031,200.8359375,332.77679443359375,222.3828125,372.9375,305.4921875,400.7410888671875,385.5234375,354.40179443359375,219.3046875,-1.0,-1.0,-1.0,-1.0,329.6875,68.4765625,342.0446472167969,65.3984375,308.0625,74.6328125,-1.0,-1.0
346.4464416503906,73.859375,324.6964416503906,117.171875,306.0535888671875,117.171875,293.625,179.046875,293.625,225.453125,343.33929443359375,117.171875,361.9821472167969,179.046875,393.0535888671875,203.796875,343.33929443359375,219.265625,380.625,302.796875,405.4821472167969,392.515625,361.9821472167969,216.171875,-1.0,-1.0,-1.0,-1.0,334.0178527832031,67.671875,349.5535888671875,64.578125,312.2678527832031,73.859375,-1.0,-1.0
351.6283264160156,70.87109375,329.9468994140625,114.29296875,314.4601745605469,117.39453125,302.07080078125,179.42578125,302.07080078125,229.05078125,348.5309753417969,114.29296875,370.21240234375,179.42578125,398.0885009765625,207.33984375,351.6283264160156,219.74609375,388.79644775390625,300.38671875,407.3805236816406,390.33203125,370.21240234375,216.64453125,323.752197265625,306.58984375,277.2920227050781,377.92578125,342.3362731933594,64.66796875,351.6283264160156,61.56640625,320.6548767089844,73.97265625,-1.0,-1.0
359.60870361328125,69.08203125,340.930419921875,109.60546875,322.2521667480469,112.72265625,309.79998779296875,175.06640625,309.79998779296875,228.05859375,359.60870361328125,109.60546875,378.2869567871094,175.06640625,400.0782470703125,206.23828125,359.60870361328125,215.58984375,396.9652099609375,299.75390625,406.3043518066406,390.15234375,381.3999938964844,215.58984375,331.59130859375,309.10546875,284.8956604003906,380.80078125,350.2695617675781,59.73046875,359.60870361328125,59.73046875,328.478271484375,69.08203125,-1.0,-1.0
366.2930908203125,66.3984375,347.46551513671875,107.2265625,331.77587890625,110.3671875,316.0862121582031,179.4609375,322.362060546875,232.8515625,363.1551818847656,107.2265625,385.1206970214844,176.3203125,403.9482727050781,204.5859375,366.2930908203125,217.1484375,397.67242431640625,301.9453125,403.9482727050781,393.0234375,385.1206970214844,217.1484375,350.60345458984375,311.3671875,290.9827575683594,377.3203125,356.8793029785156,56.9765625,369.4310302734375,56.9765625,334.9137878417969,66.3984375,-1.0,-1.0
374.27117919921875,61.453125,355.3559265136719,105.640625,336.440673828125,105.640625,333.28814697265625,175.078125,339.5932312011719,225.578125,371.11865234375,102.484375,396.3389892578125,171.921875,412.1016845703125,203.484375,380.5762634277344,222.421875,399.49151611328125,310.796875,408.94915771484375,392.859375,396.3389892578125,219.265625,364.8135681152344,317.109375,308.06781005859375,364.453125,364.8135681152344,55.140625,377.4237365722656,51.984375,342.7457580566406,61.453125,-1.0,-1.0
382.25,56.4765625,363.25,100.8828125,344.25,104.0546875,344.25,167.4921875,353.75,221.4140625,382.25,97.7109375,-1.0,-1.0,-1.0,-1.0,385.41668701171875,215.0703125,404.41668701171875,310.2265625,404.41668701171875,395.8671875,404.41668701171875,211.8984375,379.0833435058594,316.5703125,315.75,364.1484375,372.75,50.1328125,385.41668701171875,50.1328125,350.5833435058594,59.6484375,-1.0,-1.0
390.51239013671875,53.74609375,371.37188720703125,98.48046875,355.4214782714844,101.67578125,355.4214782714844,165.58203125,371.37188720703125,216.70703125,384.1322326660156,95.28515625,-1.0,-1.0,-1.0,-1.0,393.7024841308594,213.51171875,406.4627990722656,306.17578125,400.0826416015625,398.83984375,412.84295654296875,207.12109375,403.272705078125,306.17578125,336.281005859375,360.49609375,380.942138671875,47.35546875,393.7024841308594,47.35546875,355.4214782714844,56.94140625,-1.0,-1.0
398.4959411621094,51.92578125,376.07318115234375,96.87890625,363.2601623535156,96.87890625,366.4634094238281,161.09765625,385.68292236328125,212.47265625,388.88616943359375,93.66796875,-1.0,-1.0,-1.0,-1.0,398.4959411621094,212.47265625,411.3089599609375,305.58984375,401.6991882324219,401.91796875,420.918701171875,206.05078125,411.3089599609375,308.80078125,356.8536682128906,360.17578125,388.88616943359375,45.50390625,401.6991882324219,42.29296875,366.4634094238281,55.13671875,-1.0,-1.0
406.4800109863281,50.10546875,383.968017578125,95.27734375,371.10400390625,95.27734375,377.5360107421875,163.03515625,396.8320007324219,211.43359375,396.8320007324219,92.05078125,-1.0,-1.0,-1.0,-1.0,403.2640075683594,217.88671875,406.4800109863281,311.45703125,403.2640075683594,405.02734375,422.55999755859375,214.66015625,441.85601806640625,298.55078125,374.32000732421875,359.85546875,396.8320007324219,43.65234375,409.69598388671875,43.65234375,374.32000732421875,53.33203125,-1.0,-1.0
416.8730163574219,48.28515625,390.8412780761719,93.67578125,381.079345703125,96.91796875,387.5873107910156,158.51953125,413.6190490722656,207.15234375,400.6031799316406,90.43359375,-1.0,-1.0,-1.0,-1.0,416.8730163574219,220.12109375,407.1111145019531,304.41796875,400.6031799316406,404.92578125,429.8888854980469,216.87890625,452.66668701171875,294.69140625,397.3492126464844,391.95703125,403.8571472167969,41.80078125,416.8730163574219,41.80078125,381.079345703125,51.52734375,-1.0,-1.0
422.4252014160156,45.5546875,399.6062927246094,91.2734375,386.5669250488281,94.5390625,402.86614990234375,159.8515625,428.94488525390625,208.8359375,409.3858337402344,88.0078125,-1.0,-1.0,-1.0,-1.0,409.3858337402344,215.3671875,409.3858337402344,306.8046875,399.6062927246094,401.5078125,435.4645690917969,215.3671875,461.5433044433594,290.4765625,419.16534423828125,372.1171875,412.64569091796875,39.0234375,422.4252014160156,35.7578125,386.5669250488281,48.8203125,-1.0,-1.0
430.4108581542969,43.734375,404.24029541015625,89.671875,397.6976623535156,92.953125,410.782958984375,152.015625,443.4961242675781,204.515625,414.05426025390625,86.390625,-1.0,-1.0,-1.0,-1.0,410.782958984375,214.359375,410.782958984375,309.515625,400.968994140625,401.390625,430.4108581542969,214.359375,469.6666564941406,286.546875,450.03875732421875,381.703125,420.5968933105469,37.171875,430.4108581542969,33.890625,394.4263610839844,47.015625,-1.0,-1.0
440.8461608886719,45.2109375,414.3846130371094,88.0703125,404.4615478515625,88.0703125,421.0,147.4140625,457.3846130371094,200.1640625,421.0,84.7734375,-1.0,-1.0,-1.0,-1.0,417.69232177734375,213.3515625,414.3846130371094,312.2578125,397.8461608886719,404.5703125,437.5384521484375,210.0546875,477.23077392578125,292.4765625,467.30767822265625,391.3828125,430.9230651855469,38.6171875,440.8461608886719,35.3203125,401.1538391113281,45.2109375,-1.0,-1.0
448.8409118652344,46.71875,418.9772644042969,89.78125,415.6590881347656,89.78125,428.93182373046875,146.09375,468.75,199.09375,428.93182373046875,86.46875,-1.0,-1.0,-1.0,-1.0,418.9772644042969,212.34375,415.6590881347656,311.71875,392.43182373046875,404.46875,442.20452880859375,209.03125,482.022705078125,291.84375,495.29547119140625,387.90625,438.8863525390625,40.09375,438.8863525390625,33.46875,412.3409118652344,46.71875,-1.0,-1.0
458.1679382324219,45.82421875,424.885498046875,88.98828125,424.885498046875,92.30859375,441.5267333984375,155.39453125,484.79388427734375,201.87890625,434.8702392578125,85.66796875,-1.0,-1.0,-1.0,-1.0,438.198486328125,208.51953125,421.5572509765625,314.76953125,394.9313049316406,407.73828125,448.1831970214844,208.51953125,484.79388427734375,298.16796875,514.7481079101562,387.81640625,448.1831970214844,39.18359375,454.8396911621094,35.86328125,421.5572509765625,49.14453125,-1.0,-1.0
462.5227355957031,45.82421875,429.3409118652344,88.98828125,432.6590881347656,92.30859375,449.25,152.07421875,495.70452880859375,201.87890625,422.70452880859375,88.98828125,-1.0,-1.0,-1.0,-1.0,452.56817626953125,208.51953125,485.75,298.16796875,515.6136474609375,394.45703125,439.29547119140625,208.51953125,492.3863525390625,301.48828125,512.2954711914062,381.17578125,455.8863525390625,39.18359375,462.5227355957031,35.86328125,429.3409118652344,49.14453125,-1.0,-1.0
471.5227355957031,45.82421875,435.0227355957031,88.98828125,441.6590881347656,88.98828125,454.93182373046875,152.07421875,501.3863525390625,201.87890625,428.3863525390625,88.98828125,-1.0,-1.0,-1.0,-1.0,464.8863525390625,208.51953125,498.06817626953125,304.80859375,517.977294921875,394.45703125,438.3409118652344,208.51953125,435.0227355957031,318.08984375,391.8863525390625,407.73828125,464.8863525390625,35.86328125,468.20452880859375,32.54296875,441.6590881347656,45.82421875,-1.0,-1.0
479.5227355957031,39.18359375,443.0227355957031,85.66796875,452.9772644042969,88.98828125,462.93182373046875,152.07421875,509.3863525390625,201.87890625,429.75,85.66796875,-1.0,-1.0,-1.0,-1.0,472.8863525390625,208.51953125,502.75,298.16796875,519.3409423828125,394.45703125,446.3409118652344,208.51953125,443.0227355957031,324.73046875,396.56817626953125,397.77734375,469.56817626953125,32.54296875,476.20452880859375,22.58203125,449.6590881347656,42.50390625,-1.0,-1.0
485.20452880859375,35.86328125,448.70452880859375,82.34765625,458.6590881347656,85.66796875,468.6136474609375,148.75390625,511.75,198.55859375,438.75,82.34765625,-1.0,-1.0,-1.0,-1.0,475.25,205.19921875,505.1136474609375,298.16796875,518.3863525390625,394.45703125,452.0227355957031,201.87890625,465.29547119140625,318.08984375,395.6136474609375,394.45703125,475.25,29.22265625,485.20452880859375,22.58203125,452.0227355957031,39.18359375,-1.0,-1.0
494.20452880859375,32.54296875,454.3863525390625,82.34765625,464.3409118652344,82.34765625,477.6136474609375,148.75390625,514.1136474609375,198.55859375,447.75,79.02734375,497.5227355957031,138.79296875,524.0681762695312,191.91796875,477.6136474609375,201.87890625,500.8409118652344,304.80859375,514.1136474609375,404.41796875,464.3409118652344,201.87890625,490.8863525390625,311.44921875,517.4318237304688,397.77734375,484.25,25.90234375,487.56817626953125,22.58203125,457.70452880859375,35.86328125,-1.0,-1.0
498.8863525390625,28.2890625,465.70452880859375,78.2109375,469.0227355957031,78.2109375,482.29547119140625,148.1015625,518.7954711914062,201.3515625,455.75,74.8828125,505.5227355957031,138.1171875,532.0681762695312,191.3671875,482.29547119140625,204.6796875,505.5227355957031,314.5078125,515.477294921875,401.0390625,485.6136474609375,201.3515625,-1.0,-1.0,-1.0,-1.0,488.93182373046875,21.6328125,492.25,18.3046875,465.70452880859375,31.6171875,-1.0,-1.0
507.8863525390625,24.9609375,471.3863525390625,74.8828125,471.3863525390625,74.8828125,-1.0,-1.0,-1.0,-1.0,484.6590881347656,71.5546875,511.20452880859375,134.7890625,534.4318237304688,188.0390625,484.6590881347656,201.3515625,521.1590576171875,307.8515625,511.20452880859375,407.6953125,501.25,201.3515625,521.1590576171875,311.1796875,511.20452880859375,394.3828125,497.93182373046875,21.6328125,501.25,14.9765625,474.70452880859375,31.6171875,-1.0,-1.0
513.85498046875,21.6328125,477.2442626953125,71.5546875,477.2442626953125,71.5546875,-1.0,-1.0,-1.0,-1.0,490.5572509765625,68.2265625,517.1832275390625,134.7890625,537.1526489257812,184.7109375,490.5572509765625,198.0234375,553.7938842773438,297.8671875,517.1832275390625,327.8203125,503.8702392578125,198.0234375,510.5267333984375,304.5234375,507.198486328125,351.1171875,500.5419921875,18.3046875,510.5267333984375,1.6640625,480.572509765625,28.2890625,-1.0,-1.0
519.8515625,21.6328125,483.2421875,71.5546875,483.2421875,71.5546875,-1.0,-1.0,-1.0,-1.0,473.2578125,68.2265625,-1.0,-1.0,-1.0,-1.0,496.5546875,201.3515625,573.1015625,284.5546875,506.5390625,364.4296875,496.5546875,198.0234375,509.8671875,294.5390625,496.5546875,361.1015625,509.8671875,18.3046875,516.5234375,1.6640625,486.5703125,24.9609375,-1.0,-1.0
530.01611328125,21.6328125,486.82257080078125,68.2265625,490.1451721191406,71.5546875,500.1129150390625,138.1171875,530.01611328125,201.3515625,476.8548278808594,64.8984375,-1.0,-1.0,-1.0,-1.0,506.758056640625,211.3359375,586.5,281.2265625,530.01611328125,354.4453125,500.1129150390625,214.6640625,506.758056640625,304.5234375,513.4031982421875,357.7734375,516.725830078125,18.3046875,-1.0,-1.0,493.4677429199219,24.9609375,-1.0,-1.0
533.0,21.6328125,496.3333435058594,68.2265625,496.3333435058594,68.2265625,-1.0,-1.0,-1.0,-1.0,496.3333435058594,64.8984375,-1.0,-1.0,-1.0,-1.0,509.6666564941406,198.0234375,613.0,267.9140625,556.3333129882812,354.4453125,499.6666564941406,198.0234375,509.6666564941406,301.1953125,-1.0,-1.0,523.0,18.3046875,533.0,1.6640625,499.6666564941406,24.9609375,-1.0,-1.0
541.1709594726562,21.6328125,501.3760681152344,64.8984375,504.69232177734375,68.2265625,508.008544921875,134.7890625,537.854736328125,194.6953125,498.059814453125,64.8984375,-1.0,-1.0,-1.0,-1.0,541.1709594726562,194.6953125,620.7606811523438,261.2578125,577.6495361328125,357.7734375,511.32476806640625,198.0234375,504.69232177734375,304.5234375,501.3760681152344,424.3359375,531.2222290039062,14.9765625,537.854736328125,1.6640625,508.008544921875,21.6328125,-1.0,-1.0
550.5089111328125,18.3046875,507.09820556640625,61.5703125,510.4375,64.8984375,517.1160888671875,138.1171875,543.830322265625,198.0234375,500.4196472167969,58.2421875,-1.0,-1.0,-1.0,-1.0,550.5089111328125,194.6953125,620.6339111328125,257.9296875,610.6160888671875,364.4296875,520.455322265625,198.0234375,507.09820556640625,311.1796875,507.09820556640625,407.6953125,540.4910888671875,14.9765625,-1.0,-1.0,517.1160888671875,18.3046875,-1.0,-1.0
557.633056640625,18.3046875,517.77978515625,61.5703125,521.1008911132812,68.2265625,524.4219970703125,138.1171875,550.9908447265625,201.3515625,507.8165283203125,58.2421875,-1.0,-1.0,-1.0,-1.0,560.9541015625,194.6953125,614.0917358398438,277.8984375,620.7339477539062,364.4296875,524.4219970703125,201.3515625,511.1376037597656,311.1796875,507.8165283203125,404.3671875,550.9908447265625,1.6640625,-1.0,-1.0,527.7431030273438,18.3046875,-1.0,-1.0
567.7428588867188,18.3046875,527.971435546875,61.5703125,527.971435546875,64.8984375,531.2857055664062,134.7890625,557.7999877929688,201.3515625,521.3428344726562,61.5703125,-1.0,-1.0,-1.0,-1.0,567.7428588867188,191.3671875,614.142822265625,284.5546875,624.085693359375,367.7578125,527.971435546875,201.3515625,514.7142944335938,314.5078125,508.0857238769531,401.0390625,557.7999877929688,1.6640625,-1.0,-1.0,537.914306640625,18.3046875,-1.0,-1.0
580.3529663085938,18.3046875,540.5882568359375,61.5703125,540.5882568359375,61.5703125,-1.0,-1.0,-1.0,-1.0,557.1568603515625,58.2421875,-1.0,-1.0,-1.0,-1.0,577.0391845703125,198.0234375,616.803955078125,297.8671875,623.431396484375,367.7578125,537.2745361328125,204.6796875,520.7058715820312,314.5078125,507.45098876953125,391.0546875,570.4117431640625,1.6640625,-1.0,-1.0,547.2156982421875,14.9765625,-1.0,-1.0
594.9072265625,14.9765625,548.1443481445312,61.5703125,554.82470703125,61.5703125,554.82470703125,131.4609375,574.865966796875,201.3515625,534.7835083007812,58.2421875,-1.0,-1.0,-1.0,-1.0,574.865966796875,201.3515625,618.2886962890625,301.1953125,618.2886962890625,374.4140625,534.7835083007812,204.6796875,528.1030883789062,311.1796875,511.4020690917969,391.0546875,584.8865966796875,1.6640625,-1.0,-1.0,554.82470703125,14.9765625,-1.0,-1.0
608.26806640625,1.6640625,564.8453369140625,54.9140625,564.8453369140625,58.2421875,568.185546875,131.4609375,584.8865966796875,201.3515625,551.4845581054688,54.9140625,-1.0,-1.0,-1.0,-1.0,564.8453369140625,201.3515625,-1.0,-1.0,-1.0,-1.0,541.4639282226562,204.6796875,538.1237182617188,314.5078125,508.0618591308594,424.3359375,604.9278564453125,1.6640625,-1.0,-1.0,574.865966796875,1.6640625,-1.0,-1.0
