242.49366760253906,310.7734375,233.77215576171875,318.8359375,238.46835327148438,318.8359375,245.17721557617188,330.2578125,254.5696258544922,334.9609375,229.74684143066406,318.8359375,-1.0,-1.0,-1.0,-1.0,239.1392364501953,343.0234375,244.50633239746094,356.4609375,-1.0,-1.0,231.08860778808594,342.3515625,233.77215576171875,357.8046875,234.4430389404297,373.9296875,240.48101806640625,308.7578125,-1.0,-1.0,238.46835327148438,310.1015625,232.4303741455078,309.4296875
242.49366760253906,310.7734375,233.77215576171875,318.8359375,238.46835327148438,318.8359375,245.17721557617188,330.2578125,254.5696258544922,334.2890625,229.74684143066406,318.8359375,-1.0,-1.0,-1.0,-1.0,238.46835327148438,343.0234375,237.1265869140625,357.1328125,237.1265869140625,373.2578125,230.417724609375,342.3515625,233.1012725830078,356.4609375,234.4430389404297,372.5859375,240.48101806640625,308.7578125,-1.0,-1.0,238.46835327148438,310.1015625,233.1012725830078,310.1015625
-1.0,-1.0,233.77215576171875,318.8359375,239.1392364501953,318.8359375,245.17721557617188,329.5859375,255.24050903320312,334.2890625,229.74684143066406,318.8359375,-1.0,-1.0,-1.0,-1.0,239.1392364501953,343.0234375,237.79747009277344,355.7890625,243.16455078125,373.2578125,230.417724609375,342.3515625,233.1012725830078,355.7890625,234.4430389404297,372.5859375,-1.0,-1.0,-1.0,-1.0,239.1392364501953,310.7734375,233.1012725830078,310.1015625
242.49366760253906,310.7734375,233.77215576171875,318.8359375,238.46835327148438,318.8359375,244.50633239746094,329.5859375,254.5696258544922,334.2890625,229.74684143066406,318.8359375,-1.0,-1.0,-1.0,-1.0,238.46835327148438,343.0234375,237.1265869140625,356.4609375,-1.0,-1.0,230.417724609375,342.3515625,232.4303741455078,355.7890625,234.4430389404297,372.5859375,241.1519012451172,309.4296875,-1.0,-1.0,239.1392364501953,310.1015625,233.1012725830078,310.1015625
242.49366760253906,311.4453125,233.77215576171875,318.8359375,238.46835327148438,318.8359375,244.50633239746094,330.2578125,255.24050903320312,334.9609375,229.74684143066406,318.8359375,-1.0,-1.0,-1.0,-1.0,238.46835327148438,343.6953125,237.1265869140625,357.1328125,237.1265869140625,373.2578125,230.417724609375,343.0234375,232.4303741455078,356.4609375,234.4430389404297,373.2578125,241.1519012451172,309.4296875,-1.0,-1.0,239.1392364501953,310.1015625,233.1012725830078,310.1015625
242.49366760253906,311.4453125,233.77215576171875,318.8359375,237.79747009277344,318.8359375,245.17721557617188,329.5859375,255.24050903320312,334.2890625,229.74684143066406,318.8359375,-1.0,-1.0,-1.0,-1.0,238.46835327148438,343.6953125,237.1265869140625,357.8046875,236.4556884765625,372.5859375,230.417724609375,343.0234375,232.4303741455078,356.4609375,233.77215576171875,373.2578125,241.1519012451172,308.7578125,-1.0,-1.0,239.1392364501953,310.1015625,233.1012725830078,309.4296875
242.49366760253906,310.7734375,233.77215576171875,318.8359375,237.79747009277344,318.8359375,245.17721557617188,329.5859375,256.582275390625,334.2890625,229.74684143066406,318.8359375,-1.0,-1.0,-1.0,-1.0,238.46835327148438,343.0234375,236.4556884765625,357.1328125,236.4556884765625,371.9140625,230.417724609375,342.3515625,231.75949096679688,356.4609375,231.08860778808594,370.5703125,241.1519012451172,308.7578125,-1.0,-1.0,239.1392364501953,310.1015625,232.4303741455078,309.4296875
242.49366760253906,310.7734375,233.77215576171875,318.8359375,237.79747009277344,318.8359375,245.17721557617188,329.5859375,255.91139221191406,334.2890625,229.74684143066406,318.8359375,-1.0,-1.0,-1.0,-1.0,237.79747009277344,343.0234375,236.4556884765625,357.1328125,236.4556884765625,371.9140625,230.417724609375,342.3515625,231.75949096679688,355.7890625,230.417724609375,370.5703125,241.1519012451172,308.7578125,-1.0,-1.0,239.1392364501953,310.1015625,233.1012725830078,309.4296875
-1.0,-1.0,233.77215576171875,318.8359375,237.79747009277344,318.8359375,244.50633239746094,329.5859375,255.91139221191406,334.2890625,229.07594299316406,318.8359375,-1.0,-1.0,-1.0,-1.0,237.79747009277344,343.0234375,236.4556884765625,357.1328125,236.4556884765625,372.5859375,230.417724609375,342.3515625,231.08860778808594,355.7890625,229.74684143066406,369.8984375,-1.0,-1.0,-1.0,-1.0,239.1392364501953,310.1015625,233.1012725830078,310.1015625
242.49366760253906,310.7734375,233.77215576171875,318.8359375,237.79747009277344,318.8359375,245.17721557617188,329.5859375,255.91139221191406,334.2890625,229.74684143066406,318.8359375,-1.0,-1.0,-1.0,-1.0,237.79747009277344,343.0234375,236.4556884765625,357.1328125,236.4556884765625,372.5859375,230.417724609375,342.3515625,231.75949096679688,355.7890625,229.74684143066406,369.8984375,-1.0,-1.0,-1.0,-1.0,239.1392364501953,310.1015625,233.1012725830078,309.4296875
242.49366760253906,310.7734375,233.77215576171875,318.8359375,238.46835327148438,318.8359375,245.17721557617188,329.5859375,255.91139221191406,334.2890625,229.74684143066406,318.8359375,-1.0,-1.0,-1.0,-1.0,237.79747009277344,343.0234375,236.4556884765625,357.1328125,236.4556884765625,372.5859375,230.417724609375,342.3515625,231.75949096679688,355.7890625,229.74684143066406,370.5703125,-1.0,-1.0,-1.0,-1.0,239.1392364501953,310.1015625,233.1012725830078,309.4296875
242.49366760253906,310.7734375,233.1012725830078,318.8359375,237.79747009277344,318.8359375,245.17721557617188,329.5859375,255.91139221191406,334.2890625,229.74684143066406,318.8359375,-1.0,-1.0,-1.0,-1.0,237.79747009277344,342.3515625,236.4556884765625,356.4609375,236.4556884765625,371.9140625,230.417724609375,341.6796875,231.08860778808594,355.7890625,229.74684143066406,369.8984375,240.48101806640625,308.7578125,-1.0,-1.0,238.46835327148438,310.1015625,233.1012725830078,310.1015625
-1.0,-1.0,233.77215576171875,318.8359375,237.79747009277344,318.8359375,245.17721557617188,330.2578125,255.24050903320312,334.9609375,229.74684143066406,318.8359375,-1.0,-1.0,-1.0,-1.0,237.79747009277344,343.0234375,236.4556884765625,356.4609375,236.4556884765625,372.5859375,229.74684143066406,341.6796875,231.08860778808594,355.7890625,229.74684143066406,370.5703125,-1.0,-1.0,-1.0,-1.0,238.46835327148438,310.1015625,233.1012725830078,310.1015625
242.49366760253906,311.4453125,233.77215576171875,318.8359375,237.79747009277344,318.8359375,245.17721557617188,329.5859375,255.91139221191406,334.9609375,229.74684143066406,318.8359375,-1.0,-1.0,-1.0,-1.0,238.46835327148438,343.6953125,236.4556884765625,357.1328125,236.4556884765625,372.5859375,230.417724609375,342.3515625,231.75949096679688,356.4609375,230.417724609375,370.5703125,240.48101806640625,308.7578125,-1.0,-1.0,238.46835327148438,310.1015625,-1.0,-1.0
242.49366760253906,311.4453125,233.77215576171875,318.8359375,237.79747009277344,318.8359375,244.50633239746094,329.5859375,255.24050903320312,334.9609375,229.74684143066406,318.8359375,-1.0,-1.0,-1.0,-1.0,237.79747009277344,342.3515625,236.4556884765625,357.1328125,236.4556884765625,372.5859375,230.417724609375,341.6796875,231.08860778808594,356.4609375,230.417724609375,371.2421875,240.48101806640625,308.7578125,-1.0,-1.0,238.46835327148438,310.1015625,-1.0,-1.0
242.49366760253906,311.4453125,233.77215576171875,318.8359375,237.79747009277344,318.8359375,244.50633239746094,329.5859375,255.91139221191406,334.9609375,229.74684143066406,318.8359375,-1.0,-1.0,-1.0,-1.0,237.79747009277344,343.0234375,236.4556884765625,357.8046875,236.4556884765625,373.2578125,230.417724609375,342.3515625,231.08860778808594,357.1328125,230.417724609375,371.2421875,240.48101806640625,308.7578125,-1.0,-1.0,238.46835327148438,310.1015625,233.1012725830078,310.1015625
242.49366760253906,311.4453125,233.77215576171875,318.8359375,237.79747009277344,318.8359375,244.50633239746094,329.5859375,255.91139221191406,334.9609375,229.74684143066406,318.8359375,-1.0,-1.0,-1.0,-1.0,237.79747009277344,342.3515625,236.4556884765625,357.8046875,236.4556884765625,373.2578125,230.417724609375,341.6796875,231.08860778808594,357.1328125,231.75949096679688,371.9140625,240.48101806640625,308.7578125,-1.0,-1.0,238.46835327148438,310.1015625,-1.0,-1.0
242.49366760253906,311.4453125,233.77215576171875,318.8359375,237.1265869140625,318.8359375,244.50633239746094,329.5859375,255.91139221191406,334.9609375,230.417724609375,318.8359375,-1.0,-1.0,-1.0,-1.0,237.1265869140625,342.3515625,236.4556884765625,357.8046875,236.4556884765625,373.2578125,230.417724609375,341.6796875,231.08860778808594,357.1328125,231.08860778808594,372.5859375,240.48101806640625,308.7578125,-1.0,-1.0,238.46835327148438,310.1015625,-1.0,-1.0
242.49366760253906,311.4453125,233.77215576171875,318.8359375,237.79747009277344,318.8359375,244.50633239746094,329.5859375,255.91139221191406,334.9609375,230.417724609375,318.8359375,-1.0,-1.0,-1.0,-1.0,237.79747009277344,342.3515625,236.4556884765625,357.8046875,236.4556884765625,373.2578125,230.417724609375,341.6796875,231.08860778808594,357.1328125,230.417724609375,372.5859375,240.48101806640625,308.7578125,-1.0,-1.0,238.46835327148438,310.1015625,-1.0,-1.0
242.49366760253906,311.4453125,233.77215576171875,318.8359375,237.79747009277344,318.8359375,245.17721557617188,329.5859375,255.91139221191406,334.9609375,230.417724609375,318.8359375,-1.0,-1.0,-1.0,-1.0,237.79747009277344,342.3515625,236.4556884765625,357.8046875,235.78480529785156,373.2578125,230.417724609375,341.6796875,231.75949096679688,357.1328125,231.08860778808594,372.5859375,240.48101806640625,308.7578125,-1.0,-1.0,238.46835327148438,310.1015625,-1.0,-1.0
242.49366760253906,311.4453125,233.77215576171875,318.8359375,237.79747009277344,318.8359375,245.17721557617188,329.5859375,255.24050903320312,334.9609375,230.417724609375,318.8359375,-1.0,-1.0,-1.0,-1.0,237.79747009277344,342.3515625,237.1265869140625,357.8046875,236.4556884765625,373.2578125,230.417724609375,341.6796875,231.75949096679688,357.1328125,231.75949096679688,372.5859375,240.48101806640625,308.7578125,-1.0,-1.0,238.46835327148438,310.1015625,-1.0,-1.0
242.49366760253906,310.7734375,233.77215576171875,318.8359375,238.46835327148438,319.5078125,245.17721557617188,330.2578125,255.91139221191406,334.9609375,229.74684143066406,318.8359375,-1.0,-1.0,-1.0,-1.0,237.79747009277344,343.0234375,237.1265869140625,358.4765625,235.78480529785156,373.2578125,230.417724609375,341.6796875,231.75949096679688,357.1328125,231.08860778808594,372.5859375,241.1519012451172,308.7578125,-1.0,-1.0,238.46835327148438,310.1015625,233.1012725830078,310.1015625
-1.0,-1.0,233.77215576171875,318.8359375,238.46835327148438,319.5078125,245.17721557617188,330.2578125,255.24050903320312,334.9609375,229.74684143066406,319.5078125,-1.0,-1.0,-1.0,-1.0,237.79747009277344,343.0234375,236.4556884765625,358.4765625,235.78480529785156,373.2578125,230.417724609375,341.6796875,231.08860778808594,357.8046875,231.08860778808594,372.5859375,-1.0,-1.0,-1.0,-1.0,239.1392364501953,310.7734375,233.1012725830078,310.1015625
-1.0,-1.0,233.77215576171875,319.5078125,238.46835327148438,319.5078125,245.17721557617188,330.2578125,255.24050903320312,334.9609375,229.74684143066406,319.5078125,-1.0,-1.0,-1.0,-1.0,237.79747009277344,343.0234375,236.4556884765625,358.4765625,236.4556884765625,373.9296875,230.417724609375,342.3515625,231.08860778808594,357.8046875,230.417724609375,372.5859375,-1.0,-1.0,-1.0,-1.0,239.1392364501953,310.7734375,233.1012725830078,310.1015625
-1.0,-1.0,233.77215576171875,319.5078125,239.1392364501953,319.5078125,245.17721557617188,330.2578125,255.24050903320312,334.2890625,229.74684143066406,319.5078125,-1.0,-1.0,-1.0,-1.0,238.46835327148438,343.0234375,236.4556884765625,358.4765625,237.1265869140625,373.2578125,230.417724609375,342.3515625,231.08860778808594,357.8046875,230.417724609375,371.9140625,-1.0,-1.0,-1.0,-1.0,239.1392364501953,310.7734375,233.1012725830078,310.1015625
-1.0,-1.0,233.77215576171875,319.5078125,238.46835327148438,319.5078125,245.17721557617188,330.2578125,255.24050903320312,334.9609375,229.07594299316406,320.1796875,-1.0,-1.0,-1.0,-1.0,237.79747009277344,344.3671875,236.4556884765625,358.4765625,236.4556884765625,373.9296875,230.417724609375,343.0234375,231.08860778808594,357.8046875,229.74684143066406,370.5703125,-1.0,-1.0,-1.0,-1.0,239.1392364501953,311.4453125,233.1012725830078,310.1015625
-1.0,-1.0,233.77215576171875,319.5078125,238.46835327148438,319.5078125,245.8480987548828,330.9296875,255.24050903320312,335.6328125,229.07594299316406,320.1796875,-1.0,-1.0,-1.0,-1.0,237.79747009277344,343.6953125,236.4556884765625,358.4765625,236.4556884765625,375.2734375,230.417724609375,342.3515625,231.75949096679688,357.8046875,232.4303741455078,373.9296875,-1.0,-1.0,-1.0,-1.0,239.1392364501953,310.7734375,233.1012725830078,310.1015625
-1.0,-1.0,233.1012725830078,319.5078125,238.46835327148438,319.5078125,245.17721557617188,330.2578125,255.24050903320312,334.9609375,228.40505981445312,320.1796875,-1.0,-1.0,-1.0,-1.0,238.46835327148438,343.6953125,237.1265869140625,358.4765625,239.1392364501953,373.9296875,230.417724609375,342.3515625,231.08860778808594,357.1328125,229.74684143066406,370.5703125,-1.0,-1.0,-1.0,-1.0,239.1392364501953,310.7734375,233.1012725830078,310.1015625
-1.0,-1.0,233.1012725830078,319.5078125,237.79747009277344,319.5078125,245.17721557617188,330.2578125,255.91139221191406,334.9609375,229.07594299316406,319.5078125,-1.0,-1.0,-1.0,-1.0,237.79747009277344,343.0234375,237.1265869140625,357.8046875,236.4556884765625,373.2578125,230.417724609375,341.6796875,231.08860778808594,357.1328125,229.74684143066406,371.2421875,-1.0,-1.0,-1.0,-1.0,239.1392364501953,310.1015625,233.1012725830078,309.4296875
-1.0,-1.0,233.77215576171875,319.5078125,237.79747009277344,319.5078125,244.50633239746094,329.5859375,255.24050903320312,334.9609375,229.74684143066406,319.5078125,-1.0,-1.0,-1.0,-1.0,237.79747009277344,343.0234375,236.4556884765625,357.1328125,237.1265869140625,373.9296875,230.417724609375,341.6796875,231.08860778808594,355.7890625,229.74684143066406,370.5703125,-1.0,-1.0,-1.0,-1.0,239.1392364501953,310.7734375,233.1012725830078,310.1015625
-1.0,-1.0,233.77215576171875,318.8359375,237.79747009277344,319.5078125,244.50633239746094,330.2578125,255.91139221191406,334.9609375,229.74684143066406,318.8359375,-1.0,-1.0,-1.0,-1.0,237.79747009277344,343.6953125,236.4556884765625,356.4609375,237.1265869140625,374.6015625,230.417724609375,342.3515625,231.75949096679688,355.1171875,235.11392211914062,375.2734375,-1.0,-1.0,-1.0,-1.0,239.81011962890625,311.4453125,233.1012725830078,310.1015625
-1.0,-1.0,233.77215576171875,318.8359375,237.79747009277344,318.8359375,244.50633239746094,329.5859375,255.24050903320312,334.9609375,229.74684143066406,318.8359375,-1.0,-1.0,-1.0,-1.0,237.79747009277344,343.6953125,237.1265869140625,358.4765625,236.4556884765625,373.2578125,231.08860778808594,342.3515625,231.08860778808594,357.1328125,229.74684143066406,370.5703125,-1.0,-1.0,-1.0,-1.0,239.81011962890625,310.7734375,233.1012725830078,309.4296875
-1.0,-1.0,233.77215576171875,318.1640625,238.46835327148438,318.1640625,244.50633239746094,329.5859375,256.582275390625,334.2890625,229.74684143066406,318.1640625,-1.0,-1.0,-1.0,-1.0,237.79747009277344,342.3515625,237.1265869140625,355.7890625,236.4556884765625,371.9140625,230.417724609375,340.3359375,231.75949096679688,355.1171875,230.417724609375,369.2265625,-1.0,-1.0,-1.0,-1.0,239.1392364501953,310.1015625,233.77215576171875,309.4296875
-1.0,-1.0,233.77215576171875,318.1640625,238.46835327148438,318.1640625,245.17721557617188,329.5859375,255.91139221191406,334.2890625,229.74684143066406,318.1640625,-1.0,-1.0,-1.0,-1.0,237.79747009277344,342.3515625,237.1265869140625,357.1328125,236.4556884765625,373.2578125,231.08860778808594,341.6796875,231.75949096679688,356.4609375,230.417724609375,369.8984375,-1.0,-1.0,-1.0,-1.0,239.1392364501953,310.1015625,233.1012725830078,309.4296875
-1.0,-1.0,233.77215576171875,318.1640625,238.46835327148438,318.1640625,244.50633239746094,329.5859375,255.91139221191406,334.2890625,229.74684143066406,318.1640625,-1.0,-1.0,-1.0,-1.0,237.79747009277344,342.3515625,237.1265869140625,356.4609375,236.4556884765625,371.9140625,230.417724609375,341.0078125,231.08860778808594,355.7890625,230.417724609375,369.8984375,-1.0,-1.0,-1.0,-1.0,239.1392364501953,310.1015625,233.1012725830078,309.4296875
-1.0,-1.0,234.4430389404297,318.1640625,238.46835327148438,318.1640625,244.50633239746094,329.5859375,256.582275390625,334.2890625,230.417724609375,318.1640625,-1.0,-1.0,-1.0,-1.0,237.79747009277344,342.3515625,237.1265869140625,356.4609375,236.4556884765625,371.9140625,230.417724609375,341.0078125,231.08860778808594,355.7890625,230.417724609375,369.8984375,-1.0,-1.0,-1.0,-1.0,239.1392364501953,310.1015625,233.1012725830078,309.4296875
-1.0,-1.0,234.4430389404297,318.1640625,238.46835327148438,318.8359375,244.50633239746094,329.5859375,255.24050903320312,334.2890625,229.74684143066406,318.8359375,-1.0,-1.0,-1.0,-1.0,237.79747009277344,342.3515625,237.1265869140625,357.1328125,236.4556884765625,371.9140625,230.417724609375,341.0078125,231.08860778808594,356.4609375,229.74684143066406,369.8984375,-1.0,-1.0,-1.0,-1.0,239.1392364501953,310.1015625,233.77215576171875,309.4296875
-1.0,-1.0,234.4430389404297,318.1640625,238.46835327148438,318.1640625,245.17721557617188,329.5859375,255.91139221191406,334.2890625,229.74684143066406,318.1640625,-1.0,-1.0,-1.0,-1.0,237.79747009277344,343.0234375,236.4556884765625,356.4609375,237.1265869140625,372.5859375,230.417724609375,341.0078125,231.08860778808594,355.7890625,229.74684143066406,369.8984375,-1.0,-1.0,-1.0,-1.0,239.81011962890625,310.1015625,233.77215576171875,309.4296875
-1.0,-1.0,233.77215576171875,318.1640625,238.46835327148438,318.1640625,245.17721557617188,329.5859375,255.24050903320312,333.6171875,229.07594299316406,318.8359375,-1.0,-1.0,-1.0,-1.0,237.79747009277344,342.3515625,237.1265869140625,356.4609375,237.1265869140625,372.5859375,230.417724609375,341.0078125,231.08860778808594,355.7890625,230.417724609375,370.5703125,-1.0,-1.0,-1.0,-1.0,239.81011962890625,310.1015625,233.1012725830078,308.7578125
-1.0,-1.0,233.77215576171875,318.1640625,239.1392364501953,318.1640625,245.17721557617188,329.5859375,254.5696258544922,333.6171875,229.07594299316406,318.8359375,-1.0,-1.0,-1.0,-1.0,237.79747009277344,342.3515625,237.1265869140625,356.4609375,237.1265869140625,372.5859375,230.417724609375,341.0078125,231.08860778808594,355.7890625,230.417724609375,370.5703125,-1.0,-1.0,-1.0,-1.0,239.81011962890625,309.4296875,233.1012725830078,308.7578125
-1.0,-1.0,233.77215576171875,318.1640625,237.79747009277344,317.4921875,245.17721557617188,328.9140625,255.24050903320312,332.9453125,229.74684143066406,318.1640625,-1.0,-1.0,-1.0,-1.0,238.46835327148438,342.3515625,237.1265869140625,356.4609375,237.79747009277344,372.5859375,231.08860778808594,341.6796875,231.75949096679688,355.7890625,230.417724609375,370.5703125,-1.0,-1.0,-1.0,-1.0,239.81011962890625,309.4296875,233.1012725830078,308.0859375
-1.0,-1.0,233.77215576171875,318.1640625,237.79747009277344,317.4921875,245.17721557617188,328.9140625,255.24050903320312,332.9453125,229.07594299316406,318.8359375,-1.0,-1.0,-1.0,-1.0,238.46835327148438,343.0234375,237.1265869140625,356.4609375,236.4556884765625,369.2265625,231.08860778808594,341.6796875,231.08860778808594,355.7890625,230.417724609375,370.5703125,-1.0,-1.0,-1.0,-1.0,239.81011962890625,309.4296875,233.1012725830078,308.0859375
-1.0,-1.0,233.77215576171875,318.8359375,238.46835327148438,318.1640625,245.17721557617188,328.9140625,255.24050903320312,332.9453125,229.07594299316406,318.8359375,-1.0,-1.0,-1.0,-1.0,238.46835327148438,343.0234375,237.1265869140625,357.1328125,243.16455078125,373.2578125,231.08860778808594,341.6796875,231.75949096679688,356.4609375,230.417724609375,370.5703125,-1.0,-1.0,-1.0,-1.0,239.81011962890625,309.4296875,233.1012725830078,308.7578125
-1.0,-1.0,233.77215576171875,318.1640625,239.1392364501953,318.1640625,245.17721557617188,328.9140625,255.24050903320312,332.9453125,228.40505981445312,318.8359375,-1.0,-1.0,-1.0,-1.0,238.46835327148438,343.0234375,237.1265869140625,356.4609375,237.1265869140625,370.5703125,231.08860778808594,341.6796875,231.75949096679688,355.7890625,231.08860778808594,370.5703125,-1.0,-1.0,-1.0,-1.0,239.81011962890625,309.4296875,233.1012725830078,308.7578125
-1.0,-1.0,233.77215576171875,318.1640625,239.1392364501953,318.1640625,245.17721557617188,328.9140625,255.24050903320312,332.2734375,228.40505981445312,318.8359375,-1.0,-1.0,-1.0,-1.0,238.46835327148438,342.3515625,237.1265869140625,356.4609375,243.16455078125,372.5859375,231.08860778808594,341.6796875,231.08860778808594,355.1171875,232.4303741455078,371.2421875,-1.0,-1.0,-1.0,-1.0,239.81011962890625,309.4296875,233.1012725830078,308.0859375
-1.0,-1.0,233.77215576171875,318.1640625,239.1392364501953,317.4921875,245.17721557617188,328.9140625,255.24050903320312,332.2734375,228.40505981445312,318.8359375,-1.0,-1.0,-1.0,-1.0,238.46835327148438,342.3515625,237.1265869140625,356.4609375,243.83544921875,372.5859375,231.08860778808594,341.6796875,231.08860778808594,355.1171875,232.4303741455078,371.2421875,-1.0,-1.0,-1.0,-1.0,239.81011962890625,308.7578125,233.1012725830078,308.0859375
-1.0,-1.0,233.77215576171875,318.1640625,239.1392364501953,317.4921875,245.17721557617188,328.9140625,255.24050903320312,332.2734375,228.40505981445312,318.8359375,-1.0,-1.0,-1.0,-1.0,238.46835327148438,341.6796875,237.1265869140625,355.7890625,243.16455078125,372.5859375,231.08860778808594,341.0078125,231.08860778808594,355.1171875,232.4303741455078,371.2421875,-1.0,-1.0,-1.0,-1.0,239.1392364501953,308.7578125,233.1012725830078,308.0859375
-1.0,-1.0,233.77215576171875,317.4921875,239.1392364501953,317.4921875,245.17721557617188,328.2421875,255.24050903320312,332.2734375,228.40505981445312,318.1640625,-1.0,-1.0,-1.0,-1.0,237.79747009277344,342.3515625,237.1265869140625,355.1171875,237.79747009277344,372.5859375,230.417724609375,341.0078125,231.08860778808594,355.1171875,232.4303741455078,370.5703125,-1.0,-1.0,-1.0,-1.0,239.1392364501953,308.0859375,233.1012725830078,307.4140625
242.49366760253906,308.7578125,233.77215576171875,316.8203125,237.79747009277344,316.8203125,245.17721557617188,328.2421875,255.24050903320312,332.2734375,229.74684143066406,317.4921875,-1.0,-1.0,-1.0,-1.0,238.46835327148438,341.6796875,237.1265869140625,355.1171875,237.1265869140625,370.5703125,230.417724609375,341.0078125,231.08860778808594,354.4453125,231.75949096679688,369.8984375,241.1519012451172,306.7421875,-1.0,-1.0,238.46835327148438,308.0859375,232.4303741455078,306.7421875
242.49366760253906,308.0859375,233.77215576171875,316.8203125,238.46835327148438,316.8203125,245.17721557617188,328.2421875,255.91139221191406,332.2734375,229.07594299316406,317.4921875,-1.0,-1.0,-1.0,-1.0,237.79747009277344,341.0078125,237.1265869140625,354.4453125,237.1265869140625,370.5703125,230.417724609375,340.3359375,231.08860778808594,354.4453125,232.4303741455078,370.5703125,240.48101806640625,306.0703125,-1.0,-1.0,237.79747009277344,307.4140625,232.4303741455078,306.7421875
242.49366760253906,308.7578125,233.77215576171875,316.8203125,238.46835327148438,316.8203125,245.17721557617188,327.5703125,255.91139221191406,332.2734375,229.07594299316406,317.4921875,-1.0,-1.0,-1.0,-1.0,237.79747009277344,340.3359375,237.1265869140625,354.4453125,237.1265869140625,370.5703125,230.417724609375,340.3359375,231.75949096679688,353.7734375,235.78480529785156,371.9140625,240.48101806640625,306.0703125,-1.0,-1.0,237.79747009277344,307.4140625,232.4303741455078,306.7421875
242.49366760253906,308.7578125,233.1012725830078,316.8203125,237.79747009277344,316.1484375,245.17721557617188,327.5703125,255.91139221191406,332.2734375,229.07594299316406,316.8203125,-1.0,-1.0,-1.0,-1.0,237.79747009277344,340.3359375,237.1265869140625,354.4453125,237.79747009277344,370.5703125,230.417724609375,339.6640625,231.75949096679688,353.7734375,235.11392211914062,371.9140625,240.48101806640625,306.0703125,-1.0,-1.0,237.79747009277344,307.4140625,232.4303741455078,306.7421875
242.49366760253906,308.7578125,233.77215576171875,316.1484375,237.79747009277344,316.1484375,245.17721557617188,327.5703125,255.91139221191406,331.6015625,229.07594299316406,316.8203125,-1.0,-1.0,-1.0,-1.0,237.79747009277344,340.3359375,237.1265869140625,353.7734375,242.49366760253906,371.9140625,230.417724609375,340.3359375,231.75949096679688,354.4453125,235.78480529785156,371.9140625,240.48101806640625,306.0703125,-1.0,-1.0,237.79747009277344,307.4140625,232.4303741455078,306.7421875
242.49366760253906,308.0859375,233.77215576171875,316.8203125,237.79747009277344,316.1484375,244.50633239746094,326.8984375,255.91139221191406,331.6015625,229.07594299316406,316.8203125,-1.0,-1.0,-1.0,-1.0,237.79747009277344,340.3359375,237.1265869140625,354.4453125,237.1265869140625,371.2421875,230.417724609375,339.6640625,231.75949096679688,353.7734375,234.4430389404297,371.2421875,240.48101806640625,306.0703125,-1.0,-1.0,237.79747009277344,307.4140625,232.4303741455078,306.7421875
242.49366760253906,308.0859375,233.77215576171875,316.8203125,238.46835327148438,316.1484375,244.50633239746094,326.8984375,255.91139221191406,331.6015625,228.40505981445312,317.4921875,-1.0,-1.0,-1.0,-1.0,238.46835327148438,341.0078125,237.1265869140625,354.4453125,237.1265869140625,371.2421875,230.417724609375,340.3359375,231.75949096679688,353.7734375,233.1012725830078,370.5703125,241.1519012451172,306.0703125,-1.0,-1.0,238.46835327148438,307.4140625,232.4303741455078,306.7421875
242.49366760253906,308.0859375,233.77215576171875,316.8203125,238.46835327148438,316.1484375,245.17721557617188,326.8984375,255.91139221191406,331.6015625,229.07594299316406,316.8203125,-1.0,-1.0,-1.0,-1.0,237.79747009277344,340.3359375,237.1265869140625,353.7734375,237.1265869140625,370.5703125,230.417724609375,339.6640625,231.08860778808594,353.1015625,232.4303741455078,370.5703125,-1.0,-1.0,-1.0,-1.0,238.46835327148438,307.4140625,233.1012725830078,306.7421875
-1.0,-1.0,233.77215576171875,316.1484375,239.1392364501953,316.1484375,245.17721557617188,326.8984375,255.24050903320312,331.6015625,229.07594299316406,316.8203125,-1.0,-1.0,-1.0,-1.0,237.79747009277344,339.6640625,237.1265869140625,353.7734375,237.1265869140625,370.5703125,229.74684143066406,338.9921875,231.08860778808594,353.1015625,233.1012725830078,369.8984375,-1.0,-1.0,-1.0,-1.0,239.1392364501953,307.4140625,233.1012725830078,306.7421875
-1.0,-1.0,233.77215576171875,316.1484375,239.1392364501953,316.1484375,244.50633239746094,326.8984375,255.91139221191406,332.2734375,229.07594299316406,316.8203125,-1.0,-1.0,-1.0,-1.0,238.46835327148438,339.6640625,237.79747009277344,354.4453125,237.1265869140625,371.2421875,230.417724609375,339.6640625,231.75949096679688,353.7734375,235.11392211914062,371.2421875,-1.0,-1.0,-1.0,-1.0,238.46835327148438,307.4140625,233.1012725830078,306.7421875
242.49366760253906,308.7578125,233.77215576171875,316.1484375,237.79747009277344,316.1484375,244.50633239746094,327.5703125,255.24050903320312,332.2734375,229.74684143066406,316.8203125,-1.0,-1.0,-1.0,-1.0,238.46835327148438,340.3359375,237.1265869140625,354.4453125,237.1265869140625,370.5703125,230.417724609375,339.6640625,231.75949096679688,353.7734375,233.1012725830078,369.8984375,240.48101806640625,306.0703125,-1.0,-1.0,238.46835327148438,307.4140625,-1.0,-1.0
242.49366760253906,308.7578125,233.77215576171875,316.8203125,237.79747009277344,316.8203125,244.50633239746094,327.5703125,254.5696258544922,332.2734375,229.74684143066406,316.8203125,-1.0,-1.0,-1.0,-1.0,237.79747009277344,340.3359375,237.1265869140625,355.1171875,237.1265869140625,371.2421875,230.417724609375,339.6640625,231.75949096679688,354.4453125,235.78480529785156,371.2421875,240.48101806640625,306.7421875,-1.0,-1.0,238.46835327148438,307.4140625,-1.0,-1.0
242.49366760253906,309.4296875,233.77215576171875,316.8203125,237.1265869140625,316.8203125,244.50633239746094,328.2421875,255.24050903320312,332.2734375,230.417724609375,316.8203125,-1.0,-1.0,-1.0,-1.0,237.79747009277344,341.0078125,237.1265869140625,355.1171875,240.48101806640625,372.5859375,229.74684143066406,340.3359375,231.08860778808594,354.4453125,233.1012725830078,371.2421875,241.1519012451172,307.4140625,-1.0,-1.0,238.46835327148438,308.0859375,-1.0,-1.0
242.49366760253906,308.7578125,233.77215576171875,317.4921875,237.79747009277344,316.8203125,245.17721557617188,328.2421875,254.5696258544922,332.9453125,229.07594299316406,317.4921875,-1.0,-1.0,-1.0,-1.0,238.46835327148438,341.6796875,237.1265869140625,355.7890625,242.49366760253906,372.5859375,230.417724609375,341.0078125,231.75949096679688,355.1171875,235.11392211914062,371.2421875,241.1519012451172,307.4140625,-1.0,-1.0,239.1392364501953,308.0859375,233.1012725830078,307.4140625
241.82278442382812,309.4296875,233.77215576171875,317.4921875,237.79747009277344,317.4921875,245.17721557617188,328.2421875,254.5696258544922,333.6171875,229.07594299316406,318.1640625,-1.0,-1.0,-1.0,-1.0,237.79747009277344,341.6796875,237.1265869140625,355.7890625,237.1265869140625,373.2578125,230.417724609375,341.0078125,231.75949096679688,355.1171875,233.77215576171875,370.5703125,240.48101806640625,307.4140625,-1.0,-1.0,239.1392364501953,308.7578125,233.1012725830078,307.4140625
242.49366760253906,308.7578125,233.77215576171875,317.4921875,237.79747009277344,316.8203125,245.17721557617188,328.2421875,254.5696258544922,332.9453125,229.07594299316406,317.4921875,-1.0,-1.0,-1.0,-1.0,238.46835327148438,341.6796875,237.1265869140625,355.7890625,243.83544921875,372.5859375,230.417724609375,340.3359375,231.75949096679688,354.4453125,234.4430389404297,371.2421875,240.48101806640625,306.7421875,-1.0,-1.0,238.46835327148438,308.0859375,-1.0,-1.0
242.49366760253906,308.7578125,233.77215576171875,317.4921875,237.79747009277344,316.8203125,244.50633239746094,328.2421875,255.24050903320312,332.9453125,229.74684143066406,317.4921875,-1.0,-1.0,-1.0,-1.0,237.79747009277344,341.6796875,237.1265869140625,355.7890625,242.49366760253906,372.5859375,230.417724609375,340.3359375,231.75949096679688,354.4453125,234.4430389404297,370.5703125,240.48101806640625,306.7421875,-1.0,-1.0,238.46835327148438,308.0859375,-1.0,-1.0
-1.0,-1.0,233.77215576171875,318.1640625,239.1392364501953,318.1640625,245.17721557617188,328.2421875,254.5696258544922,333.6171875,228.40505981445312,318.8359375,227.06329345703125,330.9296875,-1.0,-1.0,237.79747009277344,340.3359375,237.1265869140625,355.7890625,243.83544921875,372.5859375,229.74684143066406,339.6640625,231.08860778808594,354.4453125,235.11392211914062,371.9140625,-1.0,-1.0,-1.0,-1.0,239.1392364501953,308.7578125,233.1012725830078,308.0859375
-1.0,-1.0,233.77215576171875,318.8359375,238.46835327148438,318.1640625,245.17721557617188,328.9140625,255.24050903320312,333.6171875,229.07594299316406,318.8359375,-1.0,-1.0,-1.0,-1.0,237.79747009277344,342.3515625,237.1265869140625,356.4609375,237.1265869140625,373.2578125,229.74684143066406,341.0078125,231.75949096679688,355.7890625,234.4430389404297,371.2421875,-1.0,-1.0,-1.0,-1.0,239.1392364501953,309.4296875,232.4303741455078,308.7578125
-1.0,-1.0,233.77215576171875,318.1640625,238.46835327148438,318.1640625,245.17721557617188,328.9140625,254.5696258544922,333.6171875,229.74684143066406,318.1640625,-1.0,-1.0,-1.0,-1.0,237.79747009277344,341.6796875,237.1265869140625,356.4609375,237.79747009277344,373.2578125,229.74684143066406,341.0078125,231.75949096679688,355.1171875,235.11392211914062,371.2421875,-1.0,-1.0,-1.0,-1.0,239.1392364501953,309.4296875,232.4303741455078,308.7578125
-1.0,-1.0,233.77215576171875,318.1640625,237.79747009277344,318.1640625,245.17721557617188,328.9140625,254.5696258544922,333.6171875,229.74684143066406,318.1640625,-1.0,-1.0,-1.0,-1.0,237.79747009277344,341.6796875,237.1265869140625,355.7890625,239.81011962890625,372.5859375,230.417724609375,341.0078125,231.75949096679688,355.1171875,235.11392211914062,371.9140625,-1.0,-1.0,-1.0,-1.0,239.1392364501953,308.7578125,233.1012725830078,308.0859375
-1.0,-1.0,233.77215576171875,318.1640625,238.46835327148438,318.1640625,245.17721557617188,328.9140625,255.24050903320312,334.2890625,229.07594299316406,318.8359375,-1.0,-1.0,-1.0,-1.0,237.79747009277344,341.0078125,237.1265869140625,355.7890625,237.1265869140625,369.2265625,229.74684143066406,340.3359375,231.08860778808594,355.1171875,233.77215576171875,371.2421875,-1.0,-1.0,-1.0,-1.0,239.1392364501953,309.4296875,233.1012725830078,308.7578125
-1.0,-1.0,233.77215576171875,318.8359375,238.46835327148438,318.8359375,244.50633239746094,329.5859375,255.91139221191406,334.2890625,229.74684143066406,318.8359375,-1.0,-1.0,-1.0,-1.0,237.79747009277344,342.3515625,237.1265869140625,357.1328125,237.1265869140625,372.5859375,230.417724609375,342.3515625,231.75949096679688,356.4609375,233.1012725830078,371.9140625,-1.0,-1.0,-1.0,-1.0,239.1392364501953,310.1015625,233.1012725830078,309.4296875
-1.0,-1.0,233.77215576171875,319.5078125,239.1392364501953,319.5078125,244.50633239746094,330.2578125,255.24050903320312,334.9609375,229.74684143066406,319.5078125,-1.0,-1.0,-1.0,-1.0,237.79747009277344,343.0234375,236.4556884765625,357.8046875,236.4556884765625,372.5859375,230.417724609375,342.3515625,231.75949096679688,357.1328125,232.4303741455078,371.9140625,-1.0,-1.0,-1.0,-1.0,239.1392364501953,310.7734375,233.1012725830078,310.1015625
-1.0,-1.0,233.77215576171875,320.1796875,238.46835327148438,320.1796875,244.50633239746094,330.9296875,255.24050903320312,334.9609375,229.74684143066406,320.1796875,-1.0,-1.0,-1.0,-1.0,237.79747009277344,344.3671875,237.1265869140625,358.4765625,237.1265869140625,373.2578125,230.417724609375,343.0234375,231.75949096679688,358.4765625,233.1012725830078,373.2578125,-1.0,-1.0,-1.0,-1.0,239.1392364501953,311.4453125,233.1012725830078,310.7734375
-1.0,-1.0,233.77215576171875,319.5078125,239.1392364501953,319.5078125,244.50633239746094,330.2578125,254.5696258544922,334.9609375,229.07594299316406,320.1796875,-1.0,-1.0,-1.0,-1.0,237.79747009277344,343.6953125,236.4556884765625,358.4765625,237.1265869140625,372.5859375,230.417724609375,343.0234375,231.75949096679688,357.8046875,233.1012725830078,371.9140625,-1.0,-1.0,-1.0,-1.0,239.1392364501953,310.7734375,233.1012725830078,310.1015625
-1.0,-1.0,233.77215576171875,319.5078125,239.1392364501953,318.8359375,244.50633239746094,330.2578125,254.5696258544922,334.9609375,229.07594299316406,319.5078125,-1.0,-1.0,-1.0,-1.0,237.79747009277344,343.0234375,236.4556884765625,358.4765625,237.1265869140625,372.5859375,229.74684143066406,342.3515625,231.75949096679688,357.1328125,233.1012725830078,371.9140625,-1.0,-1.0,-1.0,-1.0,239.1392364501953,310.1015625,233.1012725830078,310.1015625
-1.0,-1.0,233.77215576171875,319.5078125,238.46835327148438,319.5078125,244.50633239746094,330.2578125,255.24050903320312,334.9609375,229.74684143066406,319.5078125,-1.0,-1.0,-1.0,-1.0,237.79747009277344,343.6953125,236.4556884765625,358.4765625,236.4556884765625,371.9140625,230.417724609375,343.0234375,231.75949096679688,357.8046875,233.1012725830078,371.9140625,-1.0,-1.0,-1.0,-1.0,239.1392364501953,310.7734375,233.1012725830078,310.1015625
241.82278442382812,311.4453125,234.4430389404297,319.5078125,238.46835327148438,319.5078125,245.8480987548828,331.6015625,255.91139221191406,334.9609375,229.74684143066406,319.5078125,-1.0,-1.0,-1.0,-1.0,237.1265869140625,344.3671875,236.4556884765625,360.4921875,236.4556884765625,375.2734375,230.417724609375,343.0234375,231.08860778808594,358.4765625,231.75949096679688,373.9296875,240.48101806640625,309.4296875,-1.0,-1.0,238.46835327148438,310.1015625,-1.0,-1.0
242.49366760253906,311.4453125,233.77215576171875,319.5078125,238.46835327148438,319.5078125,245.8480987548828,330.9296875,255.91139221191406,334.9609375,229.74684143066406,319.5078125,-1.0,-1.0,-1.0,-1.0,237.79747009277344,344.3671875,236.4556884765625,359.8203125,237.1265869140625,373.9296875,231.08860778808594,343.0234375,231.08860778808594,358.4765625,231.75949096679688,373.2578125,240.48101806640625,309.4296875,-1.0,-1.0,238.46835327148438,310.1015625,233.1012725830078,310.1015625
241.82278442382812,310.1015625,233.77215576171875,319.5078125,238.46835327148438,319.5078125,245.17721557617188,330.9296875,255.91139221191406,334.9609375,229.07594299316406,319.5078125,-1.0,-1.0,-1.0,-1.0,237.79747009277344,343.6953125,236.4556884765625,359.1484375,237.1265869140625,372.5859375,231.08860778808594,342.3515625,231.08860778808594,357.8046875,230.417724609375,371.2421875,240.48101806640625,308.7578125,-1.0,-1.0,238.46835327148438,309.4296875,233.1012725830078,310.1015625
242.49366760253906,311.4453125,233.77215576171875,319.5078125,238.46835327148438,319.5078125,245.17721557617188,330.9296875,255.24050903320312,334.9609375,229.74684143066406,319.5078125,-1.0,-1.0,-1.0,-1.0,237.79747009277344,344.3671875,236.4556884765625,359.8203125,237.1265869140625,373.2578125,231.08860778808594,343.0234375,231.75949096679688,358.4765625,232.4303741455078,373.9296875,240.48101806640625,309.4296875,-1.0,-1.0,239.1392364501953,310.7734375,233.1012725830078,310.1015625
241.82278442382812,311.4453125,233.77215576171875,319.5078125,238.46835327148438,319.5078125,245.17721557617188,331.6015625,255.91139221191406,334.9609375,229.74684143066406,319.5078125,-1.0,-1.0,-1.0,-1.0,237.1265869140625,344.3671875,236.4556884765625,360.4921875,237.1265869140625,374.6015625,230.417724609375,343.0234375,231.08860778808594,358.4765625,231.08860778808594,373.2578125,240.48101806640625,309.4296875,-1.0,-1.0,238.46835327148438,310.1015625,-1.0,-1.0
241.82278442382812,311.4453125,233.77215576171875,319.5078125,238.46835327148438,319.5078125,245.17721557617188,331.6015625,255.91139221191406,334.9609375,229.74684143066406,319.5078125,-1.0,-1.0,-1.0,-1.0,237.1265869140625,344.3671875,236.4556884765625,359.8203125,237.1265869140625,373.9296875,230.417724609375,343.0234375,231.08860778808594,358.4765625,231.75949096679688,373.9296875,240.48101806640625,309.4296875,-1.0,-1.0,238.46835327148438,310.1015625,-1.0,-1.0
241.82278442382812,311.4453125,233.77215576171875,319.5078125,238.46835327148438,319.5078125,245.17721557617188,331.6015625,255.91139221191406,334.9609375,229.74684143066406,319.5078125,-1.0,-1.0,-1.0,-1.0,237.1265869140625,344.3671875,236.4556884765625,359.8203125,237.1265869140625,373.9296875,230.417724609375,343.0234375,231.08860778808594,358.4765625,231.75949096679688,373.9296875,240.48101806640625,309.4296875,-1.0,-1.0,238.46835327148438,310.1015625,-1.0,-1.0
241.82278442382812,311.4453125,234.4430389404297,319.5078125,238.46835327148438,319.5078125,245.17721557617188,331.6015625,255.91139221191406,334.9609375,229.74684143066406,319.5078125,-1.0,-1.0,-1.0,-1.0,237.1265869140625,344.3671875,236.4556884765625,359.8203125,237.1265869140625,373.9296875,230.417724609375,343.0234375,231.08860778808594,358.4765625,231.75949096679688,373.9296875,240.48101806640625,309.4296875,-1.0,-1.0,238.46835327148438,310.1015625,-1.0,-1.0
241.82278442382812,311.4453125,234.4430389404297,319.5078125,238.46835327148438,319.5078125,245.17721557617188,331.6015625,255.91139221191406,334.9609375,229.74684143066406,319.5078125,-1.0,-1.0,-1.0,-1.0,237.1265869140625,344.3671875,235.78480529785156,359.8203125,237.1265869140625,373.9296875,230.417724609375,343.0234375,231.08860778808594,358.4765625,232.4303741455078,373.9296875,240.48101806640625,309.4296875,-1.0,-1.0,238.46835327148438,310.1015625,-1.0,-1.0
241.82278442382812,311.4453125,233.77215576171875,319.5078125,238.46835327148438,319.5078125,245.17721557617188,331.6015625,255.24050903320312,334.9609375,229.74684143066406,319.5078125,-1.0,-1.0,-1.0,-1.0,237.79747009277344,344.3671875,236.4556884765625,360.4921875,237.1265869140625,373.9296875,230.417724609375,343.0234375,231.08860778808594,358.4765625,232.4303741455078,374.6015625,241.1519012451172,309.4296875,-1.0,-1.0,238.46835327148438,310.1015625,-1.0,-1.0
242.49366760253906,311.4453125,234.4430389404297,319.5078125,238.46835327148438,319.5078125,245.17721557617188,331.6015625,255.24050903320312,334.9609375,229.74684143066406,319.5078125,-1.0,-1.0,-1.0,-1.0,237.79747009277344,344.3671875,236.4556884765625,359.8203125,235.78480529785156,373.2578125,230.417724609375,343.0234375,231.08860778808594,358.4765625,231.75949096679688,373.9296875,241.1519012451172,309.4296875,-1.0,-1.0,238.46835327148438,310.7734375,-1.0,-1.0
242.49366760253906,311.4453125,233.77215576171875,319.5078125,238.46835327148438,319.5078125,245.17721557617188,331.6015625,255.91139221191406,334.9609375,229.74684143066406,319.5078125,-1.0,-1.0,-1.0,-1.0,237.79747009277344,344.3671875,236.4556884765625,360.4921875,236.4556884765625,373.9296875,230.417724609375,343.0234375,231.08860778808594,359.1484375,232.4303741455078,374.6015625,241.1519012451172,309.4296875,-1.0,-1.0,239.1392364501953,310.7734375,233.1012725830078,310.7734375
242.49366760253906,312.1171875,233.77215576171875,320.1796875,238.46835327148438,320.1796875,245.17721557617188,331.6015625,255.91139221191406,334.9609375,229.07594299316406,320.1796875,-1.0,-1.0,-1.0,-1.0,237.1265869140625,344.3671875,236.4556884765625,360.4921875,235.78480529785156,373.2578125,230.417724609375,343.0234375,231.08860778808594,359.1484375,232.4303741455078,374.6015625,241.1519012451172,310.1015625,-1.0,-1.0,239.1392364501953,311.4453125,233.1012725830078,310.7734375
242.49366760253906,312.1171875,233.77215576171875,320.1796875,238.46835327148438,320.1796875,245.17721557617188,331.6015625,255.24050903320312,334.9609375,229.07594299316406,320.1796875,-1.0,-1.0,-1.0,-1.0,237.1265869140625,344.3671875,236.4556884765625,360.4921875,235.78480529785156,373.2578125,230.417724609375,343.0234375,231.08860778808594,359.1484375,232.4303741455078,373.9296875,240.48101806640625,310.1015625,-1.0,-1.0,238.46835327148438,311.4453125,233.1012725830078,310.7734375
241.82278442382812,311.4453125,233.77215576171875,320.1796875,238.46835327148438,320.1796875,245.17721557617188,331.6015625,255.24050903320312,334.9609375,229.07594299316406,320.1796875,-1.0,-1.0,-1.0,-1.0,237.1265869140625,344.3671875,236.4556884765625,360.4921875,235.78480529785156,373.2578125,230.417724609375,343.0234375,231.08860778808594,358.4765625,231.75949096679688,373.9296875,240.48101806640625,309.4296875,-1.0,-1.0,238.46835327148438,310.7734375,233.1012725830078,310.7734375
242.49366760253906,311.4453125,233.77215576171875,320.1796875,238.46835327148438,320.1796875,245.17721557617188,332.2734375,255.24050903320312,334.9609375,229.74684143066406,320.1796875,-1.0,-1.0,-1.0,-1.0,237.1265869140625,344.3671875,236.4556884765625,360.4921875,236.4556884765625,373.9296875,230.417724609375,343.0234375,231.08860778808594,358.4765625,231.75949096679688,373.9296875,240.48101806640625,309.4296875,-1.0,-1.0,239.1392364501953,310.7734375,233.1012725830078,310.1015625
242.49366760253906,311.4453125,233.77215576171875,320.8515625,238.46835327148438,320.1796875,245.8480987548828,332.2734375,255.91139221191406,335.6328125,229.74684143066406,320.8515625,-1.0,-1.0,-1.0,-1.0,237.79747009277344,345.0390625,236.4556884765625,361.1640625,235.78480529785156,373.9296875,231.08860778808594,343.6953125,231.08860778808594,359.1484375,232.4303741455078,374.6015625,239.81011962890625,310.1015625,-1.0,-1.0,239.1392364501953,311.4453125,233.1012725830078,310.7734375
-1.0,-1.0,233.77215576171875,320.1796875,239.1392364501953,320.1796875,245.17721557617188,332.2734375,254.5696258544922,335.6328125,229.74684143066406,320.1796875,-1.0,-1.0,-1.0,-1.0,237.79747009277344,344.3671875,235.78480529785156,360.4921875,236.4556884765625,373.9296875,230.417724609375,343.0234375,231.08860778808594,358.4765625,232.4303741455078,373.9296875,-1.0,-1.0,-1.0,-1.0,239.1392364501953,311.4453125,233.1012725830078,310.7734375
241.82278442382812,310.7734375,234.4430389404297,319.5078125,239.1392364501953,319.5078125,245.17721557617188,331.6015625,254.5696258544922,334.9609375,229.74684143066406,319.5078125,-1.0,-1.0,-1.0,-1.0,237.79747009277344,344.3671875,235.78480529785156,359.8203125,236.4556884765625,373.2578125,230.417724609375,343.0234375,231.08860778808594,358.4765625,231.75949096679688,373.2578125,240.48101806640625,308.7578125,-1.0,-1.0,239.1392364501953,310.1015625,233.1012725830078,310.1015625
-1.0,-1.0,233.77215576171875,320.1796875,239.1392364501953,319.5078125,245.17721557617188,331.6015625,255.24050903320312,334.9609375,229.07594299316406,320.1796875,-1.0,-1.0,-1.0,-1.0,237.79747009277344,344.3671875,235.78480529785156,359.8203125,236.4556884765625,373.2578125,230.417724609375,343.0234375,231.08860778808594,358.4765625,232.4303741455078,373.9296875,-1.0,-1.0,-1.0,-1.0,239.1392364501953,310.7734375,233.1012725830078,310.1015625
241.82278442382812,311.4453125,233.77215576171875,320.1796875,239.1392364501953,320.1796875,245.8480987548828,332.2734375,255.24050903320312,335.6328125,229.07594299316406,320.1796875,-1.0,-1.0,-1.0,-1.0,237.79747009277344,344.3671875,236.4556884765625,359.8203125,236.4556884765625,373.9296875,230.417724609375,343.0234375,231.08860778808594,358.4765625,232.4303741455078,373.9296875,240.48101806640625,309.4296875,-1.0,-1.0,239.1392364501953,310.7734375,233.1012725830078,310.7734375
241.82278442382812,311.4453125,233.77215576171875,320.1796875,239.1392364501953,320.1796875,245.8480987548828,331.6015625,255.24050903320312,335.6328125,229.07594299316406,320.1796875,-1.0,-1.0,-1.0,-1.0,237.79747009277344,344.3671875,236.4556884765625,360.4921875,236.4556884765625,373.9296875,230.417724609375,343.0234375,231.08860778808594,358.4765625,231.75949096679688,373.2578125,239.81011962890625,309.4296875,-1.0,-1.0,238.46835327148438,310.7734375,233.1012725830078,310.1015625
241.82278442382812,311.4453125,233.77215576171875,320.1796875,239.1392364501953,320.1796875,245.17721557617188,331.6015625,254.5696258544922,335.6328125,229.07594299316406,320.1796875,-1.0,-1.0,-1.0,-1.0,237.79747009277344,344.3671875,236.4556884765625,359.8203125,236.4556884765625,373.2578125,230.417724609375,343.0234375,231.08860778808594,358.4765625,232.4303741455078,373.2578125,239.81011962890625,309.4296875,-1.0,-1.0,238.46835327148438,310.7734375,233.1012725830078,310.1015625
241.82278442382812,311.4453125,233.77215576171875,320.1796875,238.46835327148438,320.1796875,245.17721557617188,331.6015625,254.5696258544922,335.6328125,229.07594299316406,320.1796875,-1.0,-1.0,-1.0,-1.0,237.79747009277344,344.3671875,236.4556884765625,360.4921875,236.4556884765625,373.9296875,230.417724609375,343.0234375,231.08860778808594,358.4765625,232.4303741455078,373.9296875,239.81011962890625,309.4296875,-1.0,-1.0,238.46835327148438,310.7734375,233.1012725830078,310.1015625
241.82278442382812,311.4453125,233.77215576171875,320.1796875,239.1392364501953,320.1796875,245.17721557617188,331.6015625,255.24050903320312,335.6328125,229.07594299316406,320.1796875,-1.0,-1.0,-1.0,-1.0,237.1265869140625,344.3671875,236.4556884765625,360.4921875,236.4556884765625,374.6015625,230.417724609375,343.0234375,231.08860778808594,358.4765625,232.4303741455078,373.9296875,239.81011962890625,309.4296875,-1.0,-1.0,238.46835327148438,310.7734375,233.1012725830078,310.1015625
242.49366760253906,312.1171875,233.77215576171875,320.1796875,238.46835327148438,320.1796875,245.17721557617188,331.6015625,254.5696258544922,335.6328125,229.07594299316406,320.1796875,-1.0,-1.0,-1.0,-1.0,237.79747009277344,344.3671875,236.4556884765625,360.4921875,236.4556884765625,374.6015625,230.417724609375,343.0234375,231.08860778808594,358.4765625,232.4303741455078,373.9296875,240.48101806640625,310.1015625,-1.0,-1.0,239.1392364501953,310.7734375,233.1012725830078,310.1015625
242.49366760253906,312.1171875,233.77215576171875,319.5078125,238.46835327148438,319.5078125,245.17721557617188,330.9296875,254.5696258544922,335.6328125,229.07594299316406,320.1796875,-1.0,-1.0,-1.0,-1.0,237.79747009277344,344.3671875,236.4556884765625,360.4921875,237.1265869140625,373.9296875,230.417724609375,343.0234375,231.08860778808594,358.4765625,233.1012725830078,373.9296875,240.48101806640625,310.1015625,-1.0,-1.0,239.1392364501953,310.7734375,233.1012725830078,310.1015625
242.49366760253906,312.1171875,233.77215576171875,319.5078125,238.46835327148438,319.5078125,245.17721557617188,331.6015625,253.89874267578125,335.6328125,229.74684143066406,320.1796875,-1.0,-1.0,-1.0,-1.0,237.79747009277344,344.3671875,236.4556884765625,360.4921875,236.4556884765625,373.9296875,230.417724609375,343.0234375,231.08860778808594,358.4765625,232.4303741455078,373.9296875,240.48101806640625,310.1015625,-1.0,-1.0,239.1392364501953,310.7734375,233.1012725830078,310.1015625
241.82278442382812,312.1171875,233.77215576171875,320.1796875,239.1392364501953,320.1796875,245.17721557617188,331.6015625,253.89874267578125,335.6328125,229.07594299316406,320.1796875,-1.0,-1.0,-1.0,-1.0,237.79747009277344,343.6953125,236.4556884765625,359.8203125,236.4556884765625,374.6015625,230.417724609375,343.0234375,231.08860778808594,358.4765625,232.4303741455078,373.9296875,240.48101806640625,310.1015625,-1.0,-1.0,238.46835327148438,310.7734375,233.1012725830078,310.7734375
241.82278442382812,312.1171875,233.77215576171875,320.1796875,239.1392364501953,320.1796875,245.8480987548828,331.6015625,253.89874267578125,335.6328125,229.07594299316406,320.1796875,-1.0,-1.0,-1.0,-1.0,237.79747009277344,344.3671875,236.4556884765625,360.4921875,237.1265869140625,374.6015625,230.417724609375,343.0234375,231.08860778808594,358.4765625,233.1012725830078,374.6015625,240.48101806640625,310.1015625,-1.0,-1.0,239.1392364501953,311.4453125,233.1012725830078,310.1015625
-1.0,-1.0,233.77215576171875,320.1796875,239.1392364501953,320.1796875,245.8480987548828,331.6015625,254.5696258544922,335.6328125,229.07594299316406,320.1796875,-1.0,-1.0,-1.0,-1.0,237.79747009277344,344.3671875,236.4556884765625,360.4921875,237.1265869140625,374.6015625,230.417724609375,343.0234375,231.08860778808594,358.4765625,232.4303741455078,373.9296875,-1.0,-1.0,-1.0,-1.0,239.1392364501953,311.4453125,233.1012725830078,310.7734375
-1.0,-1.0,233.77215576171875,320.1796875,239.1392364501953,320.1796875,245.8480987548828,331.6015625,253.89874267578125,336.3046875,229.07594299316406,320.1796875,-1.0,-1.0,-1.0,-1.0,237.1265869140625,343.6953125,236.4556884765625,359.8203125,237.1265869140625,375.2734375,230.417724609375,343.0234375,231.08860778808594,358.4765625,232.4303741455078,373.9296875,-1.0,-1.0,-1.0,-1.0,239.1392364501953,311.4453125,233.1012725830078,310.1015625
-1.0,-1.0,233.77215576171875,320.1796875,239.1392364501953,320.1796875,245.17721557617188,331.6015625,253.89874267578125,336.3046875,229.07594299316406,320.1796875,226.3924102783203,333.6171875,-1.0,-1.0,237.1265869140625,344.3671875,236.4556884765625,360.4921875,236.4556884765625,374.6015625,230.417724609375,343.6953125,231.08860778808594,358.4765625,231.75949096679688,373.9296875,-1.0,-1.0,-1.0,-1.0,239.1392364501953,311.4453125,233.1012725830078,310.7734375
-1.0,-1.0,233.77215576171875,320.1796875,239.1392364501953,320.1796875,245.17721557617188,331.6015625,253.89874267578125,335.6328125,229.07594299316406,320.1796875,-1.0,-1.0,-1.0,-1.0,237.1265869140625,344.3671875,236.4556884765625,359.8203125,236.4556884765625,374.6015625,230.417724609375,343.6953125,231.08860778808594,358.4765625,231.75949096679688,373.9296875,-1.0,-1.0,-1.0,-1.0,239.1392364501953,311.4453125,233.1012725830078,310.7734375
-1.0,-1.0,233.77215576171875,320.1796875,239.1392364501953,320.1796875,245.17721557617188,331.6015625,253.89874267578125,336.3046875,229.07594299316406,320.1796875,-1.0,-1.0,-1.0,-1.0,237.1265869140625,344.3671875,236.4556884765625,360.4921875,235.78480529785156,374.6015625,230.417724609375,343.6953125,231.08860778808594,358.4765625,231.75949096679688,373.9296875,-1.0,-1.0,-1.0,-1.0,239.1392364501953,311.4453125,233.1012725830078,310.7734375
-1.0,-1.0,233.77215576171875,320.1796875,239.1392364501953,320.1796875,245.17721557617188,331.6015625,253.89874267578125,335.6328125,229.07594299316406,320.1796875,-1.0,-1.0,-1.0,-1.0,237.1265869140625,344.3671875,236.4556884765625,359.8203125,235.78480529785156,373.9296875,230.417724609375,343.6953125,231.08860778808594,358.4765625,231.75949096679688,373.9296875,-1.0,-1.0,-1.0,-1.0,239.1392364501953,311.4453125,233.1012725830078,310.7734375
-1.0,-1.0,233.77215576171875,320.1796875,239.1392364501953,320.1796875,245.8480987548828,331.6015625,255.24050903320312,335.6328125,229.07594299316406,320.1796875,-1.0,-1.0,-1.0,-1.0,237.1265869140625,344.3671875,236.4556884765625,360.4921875,235.78480529785156,373.9296875,230.417724609375,343.6953125,231.08860778808594,358.4765625,231.75949096679688,373.2578125,-1.0,-1.0,-1.0,-1.0,239.1392364501953,311.4453125,233.1012725830078,310.7734375
-1.0,-1.0,233.77215576171875,320.1796875,239.1392364501953,320.1796875,245.17721557617188,331.6015625,255.24050903320312,335.6328125,228.40505981445312,320.8515625,226.3924102783203,333.6171875,-1.0,-1.0,237.1265869140625,344.3671875,236.4556884765625,359.8203125,235.78480529785156,373.9296875,229.74684143066406,343.6953125,231.08860778808594,358.4765625,231.75949096679688,373.2578125,-1.0,-1.0,-1.0,-1.0,238.46835327148438,311.4453125,233.1012725830078,310.7734375
-1.0,-1.0,233.77215576171875,320.1796875,239.1392364501953,320.1796875,245.17721557617188,331.6015625,255.24050903320312,335.6328125,229.07594299316406,320.1796875,226.3924102783203,333.6171875,-1.0,-1.0,237.1265869140625,344.3671875,236.4556884765625,359.8203125,235.78480529785156,373.9296875,229.74684143066406,343.6953125,231.08860778808594,358.4765625,231.75949096679688,373.2578125,-1.0,-1.0,-1.0,-1.0,239.1392364501953,311.4453125,233.1012725830078,310.7734375
-1.0,-1.0,233.77215576171875,320.1796875,239.1392364501953,320.1796875,245.17721557617188,331.6015625,255.24050903320312,335.6328125,228.40505981445312,320.8515625,-1.0,-1.0,-1.0,-1.0,237.1265869140625,344.3671875,236.4556884765625,359.8203125,235.78480529785156,373.9296875,229.74684143066406,343.6953125,231.08860778808594,358.4765625,231.75949096679688,373.9296875,-1.0,-1.0,-1.0,-1.0,239.1392364501953,311.4453125,233.1012725830078,310.7734375
-1.0,-1.0,233.77215576171875,320.1796875,239.1392364501953,320.1796875,245.17721557617188,331.6015625,255.24050903320312,335.6328125,229.07594299316406,320.1796875,-1.0,-1.0,-1.0,-1.0,237.1265869140625,344.3671875,236.4556884765625,359.8203125,235.78480529785156,373.9296875,229.74684143066406,343.6953125,231.08860778808594,358.4765625,231.75949096679688,373.9296875,-1.0,-1.0,-1.0,-1.0,238.46835327148438,311.4453125,233.1012725830078,310.7734375
-1.0,-1.0,233.77215576171875,320.1796875,238.46835327148438,320.1796875,245.17721557617188,331.6015625,255.24050903320312,335.6328125,229.07594299316406,320.1796875,-1.0,-1.0,-1.0,-1.0,237.1265869140625,344.3671875,236.4556884765625,360.4921875,235.78480529785156,373.9296875,230.417724609375,343.6953125,231.08860778808594,358.4765625,231.75949096679688,373.9296875,-1.0,-1.0,-1.0,-1.0,239.1392364501953,311.4453125,233.1012725830078,310.7734375
-1.0,-1.0,233.77215576171875,320.1796875,238.46835327148438,320.1796875,245.17721557617188,331.6015625,255.24050903320312,335.6328125,229.07594299316406,320.1796875,-1.0,-1.0,-1.0,-1.0,237.1265869140625,344.3671875,236.4556884765625,359.8203125,235.78480529785156,373.9296875,230.417724609375,343.6953125,231.08860778808594,358.4765625,231.75949096679688,373.9296875,-1.0,-1.0,-1.0,-1.0,239.1392364501953,311.4453125,233.1012725830078,310.7734375
-1.0,-1.0,233.77215576171875,320.1796875,238.46835327148438,320.1796875,245.17721557617188,331.6015625,255.24050903320312,335.6328125,229.07594299316406,320.1796875,-1.0,-1.0,-1.0,-1.0,237.1265869140625,344.3671875,236.4556884765625,360.4921875,235.78480529785156,373.9296875,230.417724609375,343.6953125,231.08860778808594,358.4765625,231.75949096679688,373.9296875,-1.0,-1.0,-1.0,-1.0,239.1392364501953,311.4453125,233.1012725830078,310.7734375
-1.0,-1.0,233.77215576171875,320.1796875,238.46835327148438,320.1796875,245.17721557617188,331.6015625,255.24050903320312,335.6328125,229.07594299316406,320.1796875,-1.0,-1.0,-1.0,-1.0,237.1265869140625,344.3671875,236.4556884765625,360.4921875,235.78480529785156,373.9296875,229.74684143066406,343.6953125,231.08860778808594,358.4765625,231.75949096679688,373.9296875,-1.0,-1.0,-1.0,-1.0,239.1392364501953,311.4453125,233.1012725830078,310.7734375
-1.0,-1.0,233.77215576171875,320.1796875,238.46835327148438,320.1796875,245.17721557617188,331.6015625,255.24050903320312,335.6328125,229.07594299316406,320.8515625,-1.0,-1.0,-1.0,-1.0,237.1265869140625,344.3671875,236.4556884765625,359.8203125,235.78480529785156,373.9296875,229.74684143066406,343.6953125,231.08860778808594,358.4765625,231.75949096679688,373.9296875,-1.0,-1.0,-1.0,-1.0,239.1392364501953,311.4453125,233.1012725830078,310.7734375
-1.0,-1.0,233.77215576171875,320.1796875,238.46835327148438,320.1796875,245.17721557617188,331.6015625,254.5696258544922,335.6328125,229.07594299316406,320.8515625,-1.0,-1.0,-1.0,-1.0,237.1265869140625,345.0390625,236.4556884765625,360.4921875,235.78480529785156,373.9296875,230.417724609375,343.6953125,231.08860778808594,358.4765625,231.75949096679688,373.9296875,-1.0,-1.0,-1.0,-1.0,239.1392364501953,311.4453125,233.1012725830078,310.7734375
-1.0,-1.0,233.77215576171875,320.1796875,238.46835327148438,320.1796875,245.17721557617188,331.6015625,254.5696258544922,335.6328125,229.07594299316406,320.8515625,-1.0,-1.0,-1.0,-1.0,237.1265869140625,345.0390625,236.4556884765625,360.4921875,236.4556884765625,373.9296875,230.417724609375,343.6953125,231.08860778808594,358.4765625,231.75949096679688,373.9296875,-1.0,-1.0,-1.0,-1.0,239.1392364501953,311.4453125,233.1012725830078,310.7734375
-1.0,-1.0,233.77215576171875,320.8515625,239.1392364501953,320.8515625,245.8480987548828,331.6015625,254.5696258544922,335.6328125,229.07594299316406,320.8515625,-1.0,-1.0,-1.0,-1.0,237.1265869140625,345.0390625,236.4556884765625,361.1640625,236.4556884765625,374.6015625,230.417724609375,344.3671875,231.08860778808594,359.1484375,232.4303741455078,374.6015625,-1.0,-1.0,-1.0,-1.0,239.1392364501953,312.1171875,233.1012725830078,311.4453125
-1.0,-1.0,233.77215576171875,320.8515625,238.46835327148438,320.8515625,245.17721557617188,331.6015625,254.5696258544922,335.6328125,229.07594299316406,320.8515625,-1.0,-1.0,-1.0,-1.0,237.1265869140625,345.0390625,236.4556884765625,361.1640625,236.4556884765625,374.6015625,230.417724609375,343.6953125,231.08860778808594,359.1484375,231.75949096679688,374.6015625,-1.0,-1.0,-1.0,-1.0,239.1392364501953,312.1171875,233.1012725830078,311.4453125
-1.0,-1.0,233.77215576171875,320.8515625,238.46835327148438,320.8515625,245.17721557617188,331.6015625,255.24050903320312,336.3046875,229.74684143066406,320.8515625,-1.0,-1.0,-1.0,-1.0,237.79747009277344,345.0390625,236.4556884765625,361.1640625,235.78480529785156,374.6015625,230.417724609375,344.3671875,231.08860778808594,359.1484375,231.08860778808594,374.6015625,-1.0,-1.0,-1.0,-1.0,239.1392364501953,312.1171875,233.1012725830078,311.4453125
-1.0,-1.0,233.77215576171875,320.8515625,239.1392364501953,320.8515625,245.8480987548828,331.6015625,255.24050903320312,336.3046875,229.07594299316406,320.8515625,-1.0,-1.0,-1.0,-1.0,237.1265869140625,345.0390625,236.4556884765625,361.1640625,235.78480529785156,374.6015625,230.417724609375,344.3671875,230.417724609375,358.4765625,231.08860778808594,374.6015625,-1.0,-1.0,-1.0,-1.0,239.1392364501953,312.1171875,233.1012725830078,311.4453125
-1.0,-1.0,233.77215576171875,319.5078125,239.1392364501953,319.5078125,245.17721557617188,330.9296875,255.24050903320312,334.9609375,229.07594299316406,319.5078125,-1.0,-1.0,-1.0,-1.0,237.1265869140625,343.6953125,236.4556884765625,359.1484375,235.78480529785156,371.9140625,230.417724609375,343.0234375,231.08860778808594,357.8046875,231.08860778808594,371.9140625,-1.0,-1.0,-1.0,-1.0,239.1392364501953,311.4453125,233.1012725830078,310.7734375
-1.0,-1.0,233.77215576171875,319.5078125,239.1392364501953,319.5078125,245.8480987548828,330.2578125,255.24050903320312,334.9609375,229.07594299316406,319.5078125,-1.0,-1.0,-1.0,-1.0,237.1265869140625,343.0234375,236.4556884765625,357.8046875,235.11392211914062,371.2421875,230.417724609375,342.3515625,231.08860778808594,357.1328125,230.417724609375,371.2421875,-1.0,-1.0,-1.0,-1.0,239.1392364501953,310.7734375,233.1012725830078,310.1015625
-1.0,-1.0,233.77215576171875,319.5078125,239.1392364501953,319.5078125,245.17721557617188,330.9296875,255.24050903320312,334.9609375,229.07594299316406,320.1796875,-1.0,-1.0,-1.0,-1.0,237.1265869140625,343.6953125,236.4556884765625,359.1484375,235.78480529785156,372.5859375,229.74684143066406,343.0234375,231.08860778808594,357.8046875,230.417724609375,371.9140625,-1.0,-1.0,-1.0,-1.0,239.1392364501953,311.4453125,233.1012725830078,310.7734375
-1.0,-1.0,233.77215576171875,320.1796875,239.1392364501953,320.1796875,245.8480987548828,331.6015625,255.24050903320312,335.6328125,229.07594299316406,320.8515625,227.06329345703125,332.9453125,-1.0,-1.0,237.79747009277344,344.3671875,236.4556884765625,360.4921875,235.78480529785156,374.6015625,230.417724609375,343.0234375,231.08860778808594,358.4765625,231.08860778808594,373.2578125,-1.0,-1.0,-1.0,-1.0,239.81011962890625,312.1171875,233.1012725830078,311.4453125
-1.0,-1.0,233.77215576171875,320.1796875,239.1392364501953,320.1796875,245.8480987548828,331.6015625,255.24050903320312,334.9609375,229.07594299316406,320.1796875,-1.0,-1.0,-1.0,-1.0,237.1265869140625,343.6953125,236.4556884765625,359.8203125,235.11392211914062,372.5859375,229.74684143066406,343.0234375,230.417724609375,357.8046875,230.417724609375,372.5859375,-1.0,-1.0,-1.0,-1.0,239.1392364501953,311.4453125,233.1012725830078,310.7734375
-1.0,-1.0,233.77215576171875,319.5078125,239.1392364501953,319.5078125,245.17721557617188,330.2578125,255.91139221191406,334.2890625,229.07594299316406,319.5078125,-1.0,-1.0,-1.0,-1.0,237.79747009277344,343.0234375,236.4556884765625,358.4765625,235.78480529785156,371.9140625,230.417724609375,342.3515625,231.08860778808594,357.1328125,230.417724609375,371.2421875,-1.0,-1.0,-1.0,-1.0,239.1392364501953,309.4296875,233.1012725830078,310.1015625
-1.0,-1.0,233.77215576171875,318.8359375,239.1392364501953,318.8359375,245.17721557617188,330.2578125,255.24050903320312,334.2890625,229.07594299316406,319.5078125,-1.0,-1.0,-1.0,-1.0,237.79747009277344,343.0234375,236.4556884765625,358.4765625,235.78480529785156,371.2421875,230.417724609375,342.3515625,231.08860778808594,357.1328125,230.417724609375,371.2421875,-1.0,-1.0,-1.0,-1.0,239.1392364501953,309.4296875,233.77215576171875,309.4296875
-1.0,-1.0,233.77215576171875,319.5078125,239.1392364501953,319.5078125,244.50633239746094,329.5859375,254.5696258544922,334.2890625,229.07594299316406,319.5078125,-1.0,-1.0,-1.0,-1.0,237.79747009277344,343.0234375,236.4556884765625,357.8046875,235.78480529785156,371.9140625,230.417724609375,342.3515625,231.08860778808594,357.1328125,230.417724609375,371.2421875,-1.0,-1.0,-1.0,-1.0,239.1392364501953,309.4296875,233.77215576171875,309.4296875
-1.0,-1.0,233.77215576171875,319.5078125,239.1392364501953,319.5078125,244.50633239746094,330.2578125,254.5696258544922,334.2890625,229.07594299316406,319.5078125,-1.0,-1.0,-1.0,-1.0,237.1265869140625,343.0234375,236.4556884765625,357.8046875,235.78480529785156,371.9140625,230.417724609375,342.3515625,230.417724609375,357.1328125,230.417724609375,371.2421875,-1.0,-1.0,-1.0,-1.0,239.1392364501953,310.1015625,233.1012725830078,310.1015625
-1.0,-1.0,233.77215576171875,319.5078125,239.1392364501953,318.8359375,245.17721557617188,329.5859375,255.24050903320312,334.2890625,229.07594299316406,319.5078125,-1.0,-1.0,-1.0,-1.0,237.79747009277344,343.0234375,236.4556884765625,357.8046875,235.78480529785156,371.9140625,230.417724609375,342.3515625,231.08860778808594,357.1328125,230.417724609375,371.2421875,-1.0,-1.0,-1.0,-1.0,239.1392364501953,309.4296875,233.77215576171875,309.4296875
-1.0,-1.0,233.77215576171875,318.8359375,239.1392364501953,318.8359375,245.17721557617188,329.5859375,254.5696258544922,333.6171875,229.07594299316406,318.8359375,-1.0,-1.0,-1.0,-1.0,237.79747009277344,343.0234375,236.4556884765625,357.8046875,235.78480529785156,371.2421875,230.417724609375,341.6796875,231.08860778808594,356.4609375,230.417724609375,371.2421875,-1.0,-1.0,-1.0,-1.0,239.1392364501953,309.4296875,233.1012725830078,309.4296875
-1.0,-1.0,233.77215576171875,318.8359375,239.1392364501953,318.8359375,245.17721557617188,329.5859375,254.5696258544922,333.6171875,228.40505981445312,318.8359375,-1.0,-1.0,-1.0,-1.0,237.79747009277344,342.3515625,236.4556884765625,357.8046875,236.4556884765625,371.9140625,230.417724609375,341.6796875,231.08860778808594,356.4609375,230.417724609375,371.2421875,-1.0,-1.0,-1.0,-1.0,239.1392364501953,309.4296875,233.1012725830078,309.4296875
-1.0,-1.0,233.77215576171875,318.8359375,239.1392364501953,318.1640625,245.8480987548828,329.5859375,254.5696258544922,333.6171875,228.40505981445312,318.8359375,-1.0,-1.0,-1.0,-1.0,237.79747009277344,342.3515625,236.4556884765625,357.1328125,236.4556884765625,371.9140625,231.08860778808594,341.6796875,231.08860778808594,355.7890625,230.417724609375,370.5703125,-1.0,-1.0,-1.0,-1.0,239.1392364501953,309.4296875,233.1012725830078,309.4296875
-1.0,-1.0,233.77215576171875,318.8359375,239.1392364501953,318.1640625,245.17721557617188,328.9140625,254.5696258544922,332.9453125,228.40505981445312,318.8359375,-1.0,-1.0,-1.0,-1.0,238.46835327148438,342.3515625,236.4556884765625,357.1328125,236.4556884765625,371.9140625,231.08860778808594,341.0078125,231.08860778808594,355.7890625,230.417724609375,371.2421875,-1.0,-1.0,-1.0,-1.0,239.1392364501953,308.7578125,233.1012725830078,309.4296875
-1.0,-1.0,233.77215576171875,318.1640625,239.1392364501953,318.1640625,245.8480987548828,328.9140625,254.5696258544922,332.9453125,228.40505981445312,318.8359375,227.7341766357422,330.9296875,-1.0,-1.0,238.46835327148438,341.0078125,236.4556884765625,356.4609375,237.1265869140625,371.9140625,230.417724609375,340.3359375,231.08860778808594,355.7890625,230.417724609375,370.5703125,-1.0,-1.0,-1.0,-1.0,239.1392364501953,308.7578125,233.77215576171875,308.7578125
-1.0,-1.0,233.77215576171875,318.1640625,239.1392364501953,318.1640625,245.17721557617188,328.9140625,253.89874267578125,332.9453125,228.40505981445312,318.8359375,227.06329345703125,330.9296875,-1.0,-1.0,238.46835327148438,341.0078125,236.4556884765625,356.4609375,237.1265869140625,371.2421875,230.417724609375,340.3359375,231.08860778808594,355.7890625,230.417724609375,370.5703125,-1.0,-1.0,-1.0,-1.0,239.1392364501953,308.7578125,233.1012725830078,308.7578125
-1.0,-1.0,233.77215576171875,318.1640625,239.1392364501953,318.1640625,245.17721557617188,328.9140625,254.5696258544922,332.9453125,228.40505981445312,318.8359375,227.06329345703125,330.9296875,-1.0,-1.0,238.46835327148438,341.0078125,236.4556884765625,356.4609375,236.4556884765625,371.2421875,231.08860778808594,340.3359375,231.08860778808594,355.7890625,231.08860778808594,370.5703125,-1.0,-1.0,-1.0,-1.0,239.1392364501953,308.7578125,233.77215576171875,308.7578125
-1.0,-1.0,233.77215576171875,318.1640625,239.81011962890625,318.1640625,245.17721557617188,328.2421875,254.5696258544922,332.9453125,228.40505981445312,318.8359375,227.06329345703125,331.6015625,-1.0,-1.0,238.46835327148438,341.6796875,237.1265869140625,355.7890625,240.48101806640625,372.5859375,231.08860778808594,341.0078125,231.08860778808594,355.1171875,229.74684143066406,371.2421875,-1.0,-1.0,-1.0,-1.0,239.1392364501953,308.7578125,233.1012725830078,308.0859375
-1.0,-1.0,234.4430389404297,318.1640625,239.81011962890625,317.4921875,245.17721557617188,328.2421875,254.5696258544922,332.2734375,229.07594299316406,318.1640625,227.7341766357422,331.6015625,-1.0,-1.0,239.1392364501953,341.0078125,237.1265869140625,355.7890625,237.79747009277344,371.9140625,231.75949096679688,340.3359375,231.75949096679688,355.7890625,229.74684143066406,371.2421875,-1.0,-1.0,-1.0,-1.0,239.1392364501953,308.7578125,233.1012725830078,308.0859375
-1.0,-1.0,234.4430389404297,317.4921875,239.81011962890625,317.4921875,245.17721557617188,328.2421875,254.5696258544922,332.2734375,229.07594299316406,318.1640625,227.7341766357422,330.9296875,-1.0,-1.0,240.48101806640625,341.0078125,239.1392364501953,355.1171875,-1.0,-1.0,233.1012725830078,341.0078125,233.77215576171875,356.4609375,236.4556884765625,371.9140625,-1.0,-1.0,-1.0,-1.0,239.1392364501953,308.0859375,233.77215576171875,308.0859375
-1.0,-1.0,235.78480529785156,316.8203125,239.81011962890625,316.8203125,245.17721557617188,327.5703125,254.5696258544922,331.6015625,231.08860778808594,316.8203125,-1.0,-1.0,-1.0,-1.0,239.81011962890625,337.6484375,237.79747009277344,354.4453125,236.4556884765625,373.2578125,233.77215576171875,336.9765625,234.4430389404297,353.7734375,233.77215576171875,369.8984375,-1.0,-1.0,-1.0,-1.0,239.1392364501953,308.0859375,233.77215576171875,307.4140625
-1.0,-1.0,235.78480529785156,316.8203125,239.81011962890625,316.8203125,245.17721557617188,327.5703125,255.24050903320312,331.6015625,231.75949096679688,316.8203125,229.74684143066406,330.2578125,-1.0,-1.0,240.48101806640625,336.3046875,238.46835327148438,353.7734375,236.4556884765625,372.5859375,234.4430389404297,335.6328125,235.11392211914062,354.4453125,235.78480529785156,369.2265625,-1.0,-1.0,-1.0,-1.0,239.1392364501953,308.0859375,-1.0,-1.0
-1.0,-1.0,235.78480529785156,316.8203125,239.81011962890625,316.8203125,245.17721557617188,327.5703125,255.24050903320312,331.6015625,231.08860778808594,316.8203125,-1.0,-1.0,-1.0,-1.0,240.48101806640625,336.9765625,240.48101806640625,354.4453125,244.50633239746094,369.8984375,235.11392211914062,336.9765625,235.78480529785156,353.7734375,235.78480529785156,369.8984375,-1.0,-1.0,-1.0,-1.0,238.46835327148438,307.4140625,-1.0,-1.0
-1.0,-1.0,235.78480529785156,316.8203125,239.81011962890625,316.8203125,245.17721557617188,327.5703125,255.24050903320312,331.6015625,231.08860778808594,316.8203125,-1.0,-1.0,-1.0,-1.0,241.1519012451172,337.6484375,240.48101806640625,354.4453125,244.50633239746094,369.8984375,235.11392211914062,336.9765625,235.78480529785156,353.7734375,235.78480529785156,369.8984375,-1.0,-1.0,-1.0,-1.0,238.46835327148438,307.4140625,-1.0,-1.0
-1.0,-1.0,235.78480529785156,316.8203125,239.81011962890625,316.8203125,245.8480987548828,327.5703125,255.24050903320312,331.6015625,231.08860778808594,316.8203125,-1.0,-1.0,-1.0,-1.0,240.48101806640625,336.9765625,240.48101806640625,353.7734375,244.50633239746094,369.8984375,235.11392211914062,336.9765625,235.78480529785156,353.7734375,235.78480529785156,369.8984375,-1.0,-1.0,-1.0,-1.0,238.46835327148438,307.4140625,-1.0,-1.0
-1.0,-1.0,235.78480529785156,316.1484375,239.1392364501953,316.8203125,245.17721557617188,328.2421875,255.24050903320312,332.2734375,231.08860778808594,316.1484375,-1.0,-1.0,-1.0,-1.0,242.49366760253906,336.9765625,-1.0,-1.0,-1.0,-1.0,-1.0,-1.0,-1.0,-1.0,-1.0,-1.0,-1.0,-1.0,-1.0,-1.0,238.46835327148438,307.4140625,-1.0,-1.0
-1.0,-1.0,235.78480529785156,316.1484375,239.1392364501953,316.8203125,245.17721557617188,328.2421875,254.5696258544922,331.6015625,231.08860778808594,316.1484375,-1.0,-1.0,-1.0,-1.0,243.16455078125,337.6484375,249.8734130859375,358.4765625,-1.0,-1.0,-1.0,-1.0,-1.0,-1.0,-1.0,-1.0,-1.0,-1.0,-1.0,-1.0,238.46835327148438,307.4140625,-1.0,-1.0
