455.3580322265625,183.8046875,445.23455810546875,195.9921875,441.1851806640625,197.0078125,434.0987548828125,217.3203125,432.0740661621094,234.5859375,450.2962951660156,195.9921875,-1.0,-1.0,-1.0,-1.0,442.1975402832031,232.5546875,442.1975402832031,258.9609375,439.1604919433594,279.2734375,449.283935546875,231.5390625,447.2592468261719,258.9609375,445.23455810546875,281.3046875,454.3456726074219,182.7890625,-1.0,-1.0,449.283935546875,184.8203125,-1.0,-1.0
457.3827209472656,183.7890625,447.2592468261719,195.9765625,443.2098693847656,195.9765625,434.0987548828125,216.2890625,431.0617370605469,232.5390625,452.32098388671875,196.9921875,-1.0,-1.0,-1.0,-1.0,442.1975402832031,232.5390625,443.2098693847656,258.9453125,439.1604919433594,279.2578125,450.2962951660156,232.5390625,449.283935546875,259.9609375,445.23455810546875,281.2890625,456.370361328125,181.7578125,459.40740966796875,181.7578125,452.32098388671875,182.7734375,-1.0,-1.0
458.3827209472656,184.8046875,448.2592468261719,198.0078125,443.1975402832031,196.9921875,434.08642578125,217.3046875,431.04937744140625,233.5546875,454.3333435058594,198.0078125,-1.0,-1.0,-1.0,-1.0,443.1975402832031,233.5546875,445.22222900390625,259.9609375,444.2098693847656,283.3203125,450.283935546875,233.5546875,449.2716064453125,260.9765625,445.22222900390625,282.3046875,457.370361328125,181.7578125,-1.0,-1.0,452.30865478515625,183.7890625,-1.0,-1.0
459.3950500488281,182.7734375,448.2592468261719,196.9921875,443.1975402832031,196.9921875,434.08642578125,217.3046875,432.0617370605469,233.5546875,454.3333435058594,198.0078125,453.32098388671875,217.3046875,-1.0,-1.0,443.1975402832031,233.5546875,445.22222900390625,259.9609375,445.22222900390625,285.3515625,451.2962951660156,233.5546875,450.283935546875,260.9765625,444.2098693847656,282.3046875,457.370361328125,180.7421875,459.3950500488281,178.7109375,453.32098388671875,182.7734375,-1.0,-1.0
461.9156494140625,187.8359375,449.7710876464844,199.0078125,444.7108459472656,197.9921875,433.57830810546875,218.3046875,431.5542297363281,234.5546875,455.8433837890625,200.0234375,453.81927490234375,217.2890625,459.8915710449219,217.2890625,443.69879150390625,233.5390625,447.7469787597656,258.9296875,443.69879150390625,282.2890625,450.78314208984375,233.5390625,449.7710876464844,258.9296875,444.7108459472656,281.2734375,459.8915710449219,183.7734375,-1.0,-1.0,453.81927490234375,184.7890625,-1.0,-1.0
462.41973876953125,183.7734375,451.283935546875,197.9921875,445.2098693847656,196.9765625,434.0740661621094,217.2890625,432.04937744140625,234.5546875,459.3827209472656,199.0078125,457.3580322265625,217.2890625,465.456787109375,226.4296875,444.1975402832031,233.5390625,447.23455810546875,258.9296875,444.1975402832031,282.2890625,452.2962951660156,233.5390625,450.2716064453125,258.9296875,445.2098693847656,280.2578125,461.40740966796875,181.7421875,-1.0,-1.0,455.3333435058594,182.7578125,-1.0,-1.0
463.4320983886719,183.7734375,452.2962951660156,197.9921875,445.2098693847656,195.9609375,434.0740661621094,216.2734375,432.04937744140625,233.5390625,460.3950500488281,199.0078125,458.370361328125,217.2890625,463.4320983886719,225.4140625,444.1975402832031,233.5390625,446.22222900390625,257.9140625,444.1975402832031,280.2578125,454.32098388671875,234.5546875,451.283935546875,257.9140625,446.22222900390625,280.2578125,462.41973876953125,180.7265625,-1.0,-1.0,455.3333435058594,182.7578125,-1.0,-1.0
463.41973876953125,183.7734375,452.283935546875,197.9921875,444.1851806640625,196.9765625,434.0617370605469,218.3046875,434.0617370605469,235.5703125,461.3950500488281,199.0078125,458.3580322265625,216.2734375,461.3950500488281,226.4296875,445.1975402832031,234.5546875,446.2098693847656,257.9140625,441.14813232421875,280.2578125,455.32098388671875,235.5703125,452.283935546875,258.9296875,447.22222900390625,279.2421875,461.3950500488281,180.7265625,463.41973876953125,180.7265625,454.30865478515625,182.7578125,-1.0,-1.0
464.4320983886719,183.7578125,451.2716064453125,198.9921875,444.1851806640625,196.9609375,435.0740661621094,216.2578125,435.0740661621094,232.5078125,460.3827209472656,200.0078125,459.370361328125,216.2578125,462.40740966796875,227.4296875,445.1975402832031,233.5234375,447.22222900390625,257.8984375,445.1975402832031,281.2578125,454.30865478515625,233.5234375,451.2716064453125,257.8984375,449.2469177246094,278.2109375,462.40740966796875,180.7109375,-1.0,-1.0,454.30865478515625,182.7421875,-1.0,-1.0
463.9156494140625,183.7578125,452.78314208984375,197.9765625,444.6867370605469,196.9609375,436.5903625488281,216.2578125,436.5903625488281,232.5078125,460.8795166015625,200.0078125,460.8795166015625,216.2578125,461.8915710449219,229.4609375,445.69879150390625,233.5234375,446.7108459472656,258.9140625,445.69879150390625,281.2578125,455.81927490234375,234.5390625,452.78314208984375,258.9140625,449.7469787597656,280.2421875,461.8915710449219,180.7109375,-1.0,-1.0,454.8072204589844,182.7421875,-1.0,-1.0
463.40740966796875,184.7734375,453.283935546875,197.9765625,444.1728515625,195.9453125,436.0740661621094,215.2421875,436.0740661621094,233.5234375,462.3950500488281,200.0078125,462.3950500488281,217.2734375,461.3827209472656,230.4765625,445.1851806640625,232.5078125,447.2098693847656,258.9140625,445.1851806640625,280.2421875,455.30865478515625,233.5234375,452.2716064453125,258.9140625,448.22222900390625,279.2265625,461.3827209472656,181.7265625,464.41973876953125,181.7265625,454.2962951660156,183.7578125,-1.0,-1.0
464.9156494140625,184.7578125,453.78314208984375,197.9609375,444.6747131347656,195.9296875,436.57830810546875,215.2265625,436.57830810546875,231.4765625,462.8915710449219,199.9921875,462.8915710449219,217.2578125,461.8795166015625,231.4765625,445.6867370605469,232.4921875,447.7108459472656,257.8828125,444.6747131347656,279.2109375,455.8072204589844,233.5078125,453.78314208984375,257.8828125,450.7469787597656,277.1796875,461.8795166015625,181.7109375,464.9156494140625,182.7265625,454.795166015625,182.7265625,-1.0,-1.0
465.41973876953125,184.7578125,454.283935546875,198.9765625,445.1728515625,195.9296875,437.0740661621094,214.2109375,437.0740661621094,231.4765625,463.3950500488281,201.0078125,463.3950500488281,217.2578125,462.3827209472656,230.4609375,445.1728515625,231.4765625,447.1975402832031,256.8671875,446.1851806640625,279.2109375,456.30865478515625,232.4921875,454.283935546875,256.8671875,451.2469177246094,274.1328125,462.3827209472656,182.7265625,465.41973876953125,182.7265625,455.2962951660156,183.7421875,-1.0,-1.0
465.41973876953125,184.7578125,454.283935546875,198.9765625,445.1728515625,196.9453125,437.0740661621094,214.2109375,437.0740661621094,232.4921875,463.3950500488281,201.0078125,463.3950500488281,219.2890625,461.370361328125,231.4765625,445.1728515625,232.4921875,447.1975402832031,257.8828125,446.1851806640625,279.2109375,456.30865478515625,233.5078125,454.283935546875,256.8671875,451.2469177246094,276.1640625,463.3950500488281,181.7109375,466.4320983886719,182.7265625,456.30865478515625,183.7421875,-1.0,-1.0
466.41973876953125,184.7421875,455.283935546875,198.9609375,447.1851806640625,195.9140625,437.0617370605469,215.2109375,437.0617370605469,232.4765625,464.3950500488281,200.9921875,463.3827209472656,218.2578125,462.370361328125,231.4609375,446.1728515625,232.4765625,447.1851806640625,259.8984375,446.1728515625,283.2578125,456.2962951660156,234.5078125,453.2592468261719,258.8828125,450.22222900390625,279.1953125,463.3827209472656,181.6953125,466.41973876953125,181.6953125,456.2962951660156,182.7109375,-1.0,-1.0
466.41973876953125,183.7265625,455.283935546875,198.9609375,447.1851806640625,197.9453125,438.0740661621094,215.2109375,438.0740661621094,232.4765625,464.3950500488281,200.9921875,464.3950500488281,218.2578125,462.370361328125,232.4765625,446.1728515625,233.4921875,447.1851806640625,259.8984375,446.1728515625,282.2421875,457.30865478515625,235.5234375,454.2716064453125,258.8828125,451.23455810546875,279.1953125,464.3950500488281,181.6953125,466.41973876953125,181.6953125,457.30865478515625,183.7265625,-1.0,-1.0
466.9156494140625,183.7265625,455.78314208984375,198.9609375,447.6867370605469,196.9296875,438.57830810546875,215.2109375,437.5662536621094,232.4765625,464.8915710449219,200.9921875,463.8795166015625,217.2421875,462.8674621582031,232.4765625,446.6747131347656,233.4921875,447.6867370605469,259.8984375,446.6747131347656,282.2421875,456.795166015625,234.5078125,454.7710876464844,259.8984375,450.722900390625,280.2109375,464.8915710449219,181.6953125,466.9156494140625,180.6796875,457.8072204589844,183.7265625,-1.0,-1.0
467.41973876953125,184.7421875,456.283935546875,198.9609375,447.1728515625,196.9296875,439.0740661621094,213.1796875,438.0617370605469,231.4609375,465.3950500488281,200.9921875,465.3950500488281,218.2578125,463.370361328125,231.4609375,447.1728515625,233.4921875,448.1851806640625,259.8984375,446.1604919433594,283.2578125,457.2962951660156,234.5078125,455.2716064453125,259.8984375,450.2098693847656,280.2109375,465.3950500488281,182.7109375,467.41973876953125,182.7109375,458.30865478515625,183.7265625,-1.0,-1.0
467.9156494140625,185.7578125,455.7710876464844,198.9609375,447.6747131347656,196.9296875,438.5662536621094,213.1796875,436.54217529296875,230.4453125,465.8915710449219,200.9921875,464.8795166015625,218.2578125,463.8674621582031,231.4609375,446.66265869140625,232.4765625,448.6867370605469,258.8828125,447.6747131347656,281.2265625,457.795166015625,234.5078125,455.7710876464844,258.8828125,451.722900390625,279.1953125,465.8915710449219,182.7109375,467.9156494140625,181.6953125,458.8072204589844,183.7265625,-1.0,-1.0
467.9156494140625,184.7421875,456.78314208984375,198.9609375,448.6867370605469,196.9296875,438.5662536621094,213.1796875,437.5542297363281,231.4609375,465.8915710449219,199.9765625,464.8795166015625,218.2578125,463.8674621582031,231.4609375,447.6747131347656,232.4765625,449.69879150390625,258.8828125,447.6747131347656,282.2421875,457.795166015625,233.4921875,455.7710876464844,259.8984375,451.722900390625,278.1796875,465.8915710449219,182.7109375,467.9156494140625,181.6953125,457.795166015625,183.7265625,-1.0,-1.0
468.4117736816406,184.7421875,457.2823486328125,198.9609375,449.188232421875,196.9296875,439.0705871582031,212.1640625,437.04705810546875,228.4140625,465.37646484375,200.9921875,464.3647155761719,217.2421875,464.3647155761719,231.4609375,447.1647033691406,233.4921875,449.188232421875,259.8984375,447.1647033691406,283.2578125,458.29412841796875,234.5078125,455.2588195800781,259.8984375,452.2235412597656,280.2109375,466.38824462890625,182.7109375,468.4117736816406,181.6953125,459.3058776855469,183.7265625,-1.0,-1.0
468.9156494140625,184.7421875,456.7710876464844,197.9453125,449.6867370605469,195.9140625,439.5662536621094,211.1484375,436.5301208496094,227.3984375,465.8795166015625,199.9765625,464.8674621582031,218.2578125,463.85540771484375,230.4453125,447.66265869140625,232.4765625,449.6867370605469,259.8984375,447.66265869140625,282.2421875,457.78314208984375,233.4921875,455.759033203125,259.8984375,451.7108459472656,278.1796875,466.8915710449219,182.7109375,468.9156494140625,181.6953125,459.8072204589844,183.7265625,-1.0,-1.0
469.4117736816406,184.7421875,457.2705993652344,197.9453125,450.188232421875,195.9140625,440.0705871582031,211.1484375,437.0353088378906,227.3984375,466.37646484375,199.9765625,465.3647155761719,218.2578125,464.3529357910156,229.4296875,447.1529541015625,233.4921875,449.1764831542969,259.8984375,448.1647033691406,284.2734375,458.2823486328125,233.4921875,456.2588195800781,259.8984375,451.20001220703125,279.1953125,467.38824462890625,182.7109375,469.4117736816406,181.6953125,460.3058776855469,182.7109375,-1.0,-1.0
469.4117736816406,184.7421875,458.2823486328125,197.9453125,450.188232421875,195.9140625,440.0705871582031,210.1328125,437.0353088378906,226.3828125,467.38824462890625,199.9765625,465.3647155761719,218.2578125,464.3529357910156,230.4453125,448.1647033691406,233.4921875,449.1764831542969,260.9140625,446.14117431640625,282.2421875,459.29412841796875,233.4921875,456.2588195800781,261.9296875,452.2117614746094,280.2109375,467.38824462890625,181.6953125,469.4117736816406,180.6796875,460.3058776855469,182.7109375,-1.0,-1.0
469.9080505371094,184.7421875,457.7701110839844,197.9453125,449.67816162109375,195.9140625,439.563232421875,211.1484375,436.52874755859375,230.4453125,466.8735656738281,199.9765625,465.862060546875,218.2578125,464.8505859375,230.4453125,448.6666564941406,233.4921875,449.67816162109375,261.9296875,445.6321716308594,283.2578125,459.7930908203125,234.5078125,457.7701110839844,260.9140625,452.712646484375,282.2421875,466.8735656738281,181.6953125,469.9080505371094,181.6953125,459.7930908203125,182.7109375,-1.0,-1.0
470.4117736816406,183.7265625,458.2705993652344,197.9453125,450.1764831542969,195.9140625,440.058837890625,211.1484375,438.0353088378906,228.4140625,467.37646484375,199.9765625,465.3529357910156,218.2578125,464.3411865234375,230.4453125,448.1529541015625,234.5078125,449.1647033691406,262.9453125,447.14117431640625,286.3046875,459.2823486328125,234.5078125,458.2705993652344,261.9296875,453.2117614746094,283.2578125,467.37646484375,181.6953125,470.4117736816406,180.6796875,460.29412841796875,182.7109375,-1.0,-1.0
469.89654541015625,183.7265625,458.7701110839844,196.9296875,450.67816162109375,195.9140625,439.5517272949219,211.1484375,437.52874755859375,231.4609375,466.862060546875,198.9609375,465.8505859375,218.2578125,464.8390808105469,231.4609375,448.6551818847656,234.5078125,449.6666564941406,262.9453125,447.6436767578125,286.3046875,459.7816162109375,235.5234375,459.7816162109375,264.9765625,454.7241516113281,283.2578125,467.8735656738281,180.6796875,470.9080505371094,180.6796875,459.7816162109375,182.7109375,-1.0,-1.0
469.89654541015625,183.7265625,458.7701110839844,196.9296875,450.67816162109375,194.8984375,439.5517272949219,211.1484375,437.52874755859375,230.4453125,466.862060546875,198.9609375,465.8505859375,217.2421875,465.8505859375,230.4453125,448.6551818847656,234.5078125,450.67816162109375,261.9296875,447.6436767578125,284.2734375,459.7816162109375,235.5234375,460.7930908203125,261.9296875,454.7241516113281,282.2421875,467.8735656738281,180.6796875,470.9080505371094,180.6796875,459.7816162109375,182.7109375,-1.0,-1.0
470.89654541015625,183.7265625,458.75860595703125,196.9296875,450.6666564941406,194.8984375,440.5517272949219,211.1484375,438.52874755859375,230.4453125,466.8505859375,197.9453125,465.8390808105469,218.2578125,465.8390808105469,231.4609375,449.6551818847656,234.5078125,450.6666564941406,262.9453125,448.6436767578125,286.3046875,460.7816162109375,235.5234375,460.7816162109375,264.9765625,454.712646484375,284.2734375,467.862060546875,180.6796875,470.89654541015625,180.6796875,460.7816162109375,182.7109375,-1.0,-1.0
470.89654541015625,183.7265625,458.75860595703125,196.9296875,450.6666564941406,194.8984375,440.5517272949219,212.1640625,439.54022216796875,232.4765625,466.8505859375,198.9609375,465.8390808105469,218.2578125,465.8390808105469,231.4609375,448.6436767578125,233.4921875,449.6551818847656,260.9140625,447.6321716308594,283.2578125,459.7701110839844,235.5234375,455.7241516113281,260.9140625,451.67816162109375,282.2421875,468.8735656738281,181.6953125,471.9080505371094,180.6796875,460.7816162109375,181.6953125,-1.0,-1.0
470.38201904296875,183.7265625,459.2584228515625,196.9296875,451.1685485839844,194.8984375,441.0561828613281,211.1484375,439.0337219238281,232.4765625,467.34832763671875,197.9453125,466.3370666503906,218.2578125,466.3370666503906,231.4609375,451.1685485839844,233.4921875,450.15728759765625,261.9296875,448.13482666015625,284.2734375,461.2808837890625,234.5078125,467.34832763671875,262.9453125,456.2247314453125,285.2890625,468.35955810546875,180.6796875,471.39324951171875,180.6796875,461.2808837890625,181.6953125,-1.0,-1.0
471.39324951171875,183.7265625,459.2584228515625,196.9296875,451.1685485839844,195.9140625,441.0561828613281,211.1484375,440.0449523925781,233.4921875,468.35955810546875,198.9609375,467.34832763671875,218.2578125,467.34832763671875,231.4609375,451.1685485839844,233.4921875,450.15728759765625,261.9296875,450.15728759765625,285.2890625,462.2921447753906,234.5078125,468.35955810546875,261.9296875,458.2471923828125,285.2890625,469.37078857421875,180.6796875,472.40447998046875,179.6640625,461.2808837890625,181.6953125,-1.0,-1.0
471.38201904296875,182.7109375,460.2584228515625,196.9296875,451.15728759765625,194.8984375,441.0449523925781,212.1640625,441.0449523925781,233.4921875,468.34832763671875,198.9609375,468.34832763671875,218.2578125,467.3370666503906,232.4765625,452.1685485839844,233.4921875,451.15728759765625,262.9453125,450.14605712890625,285.2890625,463.2921447753906,233.4921875,469.35955810546875,260.9140625,460.2584228515625,285.2890625,469.35955810546875,179.6640625,472.39324951171875,179.6640625,462.2808837890625,181.6953125,-1.0,-1.0
471.38201904296875,182.7109375,460.2584228515625,196.9296875,451.15728759765625,195.9140625,441.0449523925781,215.2109375,443.0674133300781,235.5234375,469.35955810546875,197.9453125,468.34832763671875,218.2578125,467.3370666503906,232.4765625,452.1685485839844,234.5078125,451.15728759765625,263.9609375,450.14605712890625,286.3046875,463.2921447753906,234.5078125,469.35955810546875,260.9140625,464.3033752441406,286.3046875,469.35955810546875,179.6640625,472.39324951171875,179.6640625,462.2808837890625,181.6953125,-1.0,-1.0
471.8791198730469,183.7265625,460.75823974609375,196.9296875,451.6593322753906,194.8984375,442.5604248046875,214.1953125,445.5934143066406,235.5234375,469.8571472167969,197.9453125,469.8571472167969,218.2578125,467.8351745605469,231.4609375,452.6703186035156,234.5078125,451.6593322753906,263.9609375,450.6483459472656,287.3203125,464.80218505859375,234.5078125,470.8681335449219,260.9140625,468.8461608886719,287.3203125,469.8571472167969,180.6796875,471.8791198730469,180.6796875,462.78021240234375,181.6953125,-1.0,-1.0
472.38201904296875,183.7265625,461.2584228515625,196.9296875,452.15728759765625,195.9140625,443.0561828613281,214.1953125,447.10113525390625,234.5078125,470.35955810546875,198.9609375,470.35955810546875,218.2578125,469.34832763671875,232.4765625,453.1685485839844,234.5078125,452.15728759765625,263.9609375,450.13482666015625,286.3046875,464.2921447753906,234.5078125,470.35955810546875,261.9296875,470.35955810546875,285.2890625,470.35955810546875,180.6796875,473.39324951171875,180.6796875,463.2808837890625,181.6953125,-1.0,-1.0
472.8791198730469,183.7265625,461.75823974609375,197.9453125,452.6593322753906,195.9140625,443.5604248046875,215.2109375,447.6044006347656,234.5078125,470.8571472167969,198.9609375,470.8571472167969,218.2578125,468.8351745605469,232.4765625,453.6703186035156,234.5078125,451.6483459472656,265.9921875,450.6373596191406,287.3203125,465.80218505859375,235.5234375,470.8571472167969,264.9765625,470.8571472167969,289.3515625,470.8571472167969,180.6796875,473.8901062011719,180.6796875,462.76922607421875,181.6953125,-1.0,-1.0
472.8791198730469,183.7265625,462.76922607421875,196.9296875,453.6703186035156,195.9140625,445.5824279785156,215.2109375,447.6044006347656,234.5078125,471.8681335449219,197.9453125,471.8681335449219,218.2578125,469.8461608886719,232.4765625,454.68133544921875,235.5234375,452.6593322753906,264.9765625,449.6263732910156,286.3046875,465.80218505859375,235.5234375,470.8571472167969,263.9609375,472.8791198730469,287.3203125,470.8571472167969,180.6796875,473.8901062011719,180.6796875,463.78021240234375,181.6953125,-1.0,-1.0
473.8791198730469,183.7265625,463.76922607421875,196.9296875,454.6703186035156,195.9140625,445.5714416503906,215.2109375,447.5934143066406,235.5234375,472.8681335449219,198.9609375,472.8681335449219,219.2734375,470.8461608886719,233.4921875,454.6703186035156,236.5390625,452.6483459472656,267.0078125,449.6153869628906,288.3359375,467.8132019042969,236.5390625,471.8571472167969,265.9921875,475.9010925292969,289.3515625,471.8571472167969,180.6796875,474.8901062011719,180.6796875,464.78021240234375,181.6953125,-1.0,-1.0
474.3656005859375,183.7265625,464.258056640625,197.9453125,455.1612854003906,195.9140625,447.07525634765625,215.2109375,450.1075134277344,235.5234375,473.3548278808594,198.9609375,474.3656005859375,219.2734375,471.3333435058594,233.4921875,455.1612854003906,236.5390625,453.1397705078125,265.9921875,450.1075134277344,287.3203125,468.30108642578125,236.5390625,473.3548278808594,265.9921875,476.3870849609375,289.3515625,472.3440856933594,180.6796875,475.3763427734375,180.6796875,465.2688293457031,181.6953125,-1.0,-1.0
475.8681335449219,183.7265625,464.74725341796875,197.9453125,455.6483459472656,196.9296875,448.5714416503906,215.2109375,451.6044006347656,235.5234375,474.8571472167969,198.9609375,475.8681335449219,218.2578125,471.8241882324219,234.5078125,456.6593322753906,236.5390625,454.6373596191406,265.9921875,450.5934143066406,287.3203125,469.80218505859375,236.5390625,473.8461608886719,267.0078125,476.8791198730469,290.3671875,473.8461608886719,180.6796875,476.8791198730469,180.6796875,465.75823974609375,181.6953125,-1.0,-1.0
477.75555419921875,182.83984375,465.4888916015625,198.19140625,456.28887939453125,198.19140625,450.1555480957031,217.63671875,453.22222900390625,237.08203125,475.71112060546875,199.21484375,476.73333740234375,219.68359375,472.6444396972656,235.03515625,458.3333435058594,237.08203125,454.24444580078125,266.76171875,451.1777648925781,286.20703125,471.6222229003906,237.08203125,475.71112060546875,267.78515625,476.73333740234375,290.30078125,474.68890380859375,180.79296875,477.75555419921875,179.76953125,467.5333251953125,181.81640625,-1.0,-1.0
479.25,182.83984375,466.9891357421875,198.19140625,456.771728515625,198.19140625,451.6630554199219,218.66015625,453.7065124511719,237.08203125,477.2065124511719,199.21484375,478.228271484375,218.66015625,474.14129638671875,235.03515625,457.7934875488281,237.08203125,455.75,265.73828125,452.6847839355469,284.16015625,471.0760803222656,238.10546875,475.1630554199219,264.71484375,477.2065124511719,286.20703125,476.1847839355469,180.79296875,479.25,179.76953125,469.0325927734375,182.83984375,-1.0,-1.0
480.25,183.86328125,467.9891357421875,198.19140625,458.7934875488281,198.19140625,451.64129638671875,217.63671875,452.6630554199219,237.08203125,479.228271484375,200.23828125,479.228271484375,218.66015625,476.1630554199219,234.01171875,458.7934875488281,237.08203125,456.75,267.78515625,452.6630554199219,286.20703125,473.09783935546875,238.10546875,477.1847839355469,266.76171875,478.2065124511719,287.23046875,478.2065124511719,180.79296875,481.271728515625,180.79296875,470.0325927734375,182.83984375,-1.0,-1.0
481.25,183.86328125,470.0108642578125,199.21484375,459.7934875488281,198.19140625,453.6630554199219,218.66015625,453.6630554199219,238.10546875,480.228271484375,200.23828125,481.25,220.70703125,476.14129638671875,237.08203125,460.8152160644531,239.12890625,456.728271484375,267.78515625,451.61956787109375,285.18359375,475.11956787109375,240.15234375,478.1847839355469,268.80859375,477.1630554199219,291.32421875,479.2065124511719,180.79296875,482.271728515625,179.76953125,471.0325927734375,182.83984375,-1.0,-1.0
482.74468994140625,183.86328125,471.5106506347656,199.21484375,461.2978820800781,197.16796875,454.14892578125,218.66015625,454.14892578125,239.12890625,481.723388671875,200.23828125,483.7659606933594,221.73046875,477.6383056640625,237.08203125,462.31915283203125,238.10546875,458.2340393066406,266.76171875,452.10638427734375,285.18359375,476.6170349121094,239.12890625,479.68084716796875,268.80859375,476.6170349121094,291.32421875,480.7021179199219,180.79296875,483.7659606933594,180.79296875,472.53192138671875,182.83984375,-1.0,-1.0
484.6373596191406,182.953125,473.27471923828125,199.453125,462.945068359375,197.390625,455.71429443359375,219.046875,455.71429443359375,238.640625,484.6373596191406,201.515625,484.6373596191406,222.140625,479.4725341796875,237.609375,463.97802734375,238.640625,459.8461608886719,266.484375,453.6483459472656,285.046875,478.4395751953125,238.640625,480.5054931640625,269.578125,477.4065856933594,292.265625,482.5714416503906,180.890625,485.6703186035156,180.890625,474.30767822265625,181.921875,-1.0,-1.0
486.6703186035156,182.953125,475.30767822265625,198.421875,463.945068359375,197.390625,456.71429443359375,218.015625,454.6483459472656,238.640625,485.6373596191406,200.484375,486.6703186035156,220.078125,480.4725341796875,236.578125,464.97802734375,237.609375,460.8461608886719,267.515625,454.6483459472656,286.078125,480.4725341796875,238.640625,483.5714416503906,268.546875,481.5054931640625,287.109375,484.6044006347656,179.859375,487.70330810546875,179.859375,476.3406677246094,181.921875,-1.0,-1.0
488.70330810546875,182.953125,476.30767822265625,198.421875,464.945068359375,197.390625,457.71429443359375,218.015625,455.6483459472656,239.671875,487.6703186035156,200.484375,487.6703186035156,220.078125,482.5054931640625,236.578125,465.97802734375,238.640625,463.9120788574219,268.546875,456.6813049316406,286.078125,481.4725341796875,238.640625,483.5384521484375,268.546875,481.4725341796875,288.140625,486.6373596191406,179.859375,489.73626708984375,179.859375,478.3736267089844,180.890625,-1.0,-1.0
490.0869445800781,182.06640625,477.5652160644531,197.65234375,466.0869445800781,196.61328125,458.7826232910156,216.35546875,455.65216064453125,239.21484375,489.0434875488281,199.73046875,489.0434875488281,219.47265625,482.7825927734375,236.09765625,467.13043212890625,237.13671875,466.0869445800781,268.30859375,459.8260803222656,285.97265625,482.7825927734375,237.13671875,485.9130554199219,268.30859375,481.7391357421875,289.08984375,486.9565124511719,179.98828125,490.0869445800781,179.98828125,479.65216064453125,179.98828125,-1.0,-1.0
492.13043212890625,182.06640625,479.60870361328125,197.65234375,468.13043212890625,195.57421875,459.7826232910156,217.39453125,455.60870361328125,236.09765625,491.0869445800781,199.73046875,491.0869445800781,219.47265625,484.8260803222656,236.09765625,469.1739196777344,237.13671875,469.1739196777344,267.26953125,459.7826232910156,285.97265625,484.8260803222656,237.13671875,486.9130554199219,269.34765625,485.86956787109375,287.01171875,489.0,178.94921875,492.13043212890625,178.94921875,480.65216064453125,179.98828125,-1.0,-1.0
493.13043212890625,181.02734375,480.60870361328125,197.65234375,469.13043212890625,195.57421875,459.7391357421875,217.39453125,455.5652160644531,237.13671875,493.13043212890625,199.73046875,493.13043212890625,219.47265625,485.8260803222656,236.09765625,471.2174072265625,237.13671875,471.2174072265625,266.23046875,462.86956787109375,284.93359375,486.86956787109375,237.13671875,487.9130554199219,268.30859375,485.8260803222656,288.05078125,490.0,177.91015625,493.13043212890625,177.91015625,482.6956481933594,179.98828125,-1.0,-1.0
494.61700439453125,181.02734375,482.10638427734375,197.65234375,470.6383056640625,195.57421875,461.25531005859375,216.35546875,457.0851135253906,234.01953125,493.574462890625,198.69140625,493.574462890625,218.43359375,487.31915283203125,236.09765625,472.723388671875,237.13671875,473.7659606933594,267.26953125,464.3829650878906,288.05078125,487.31915283203125,237.13671875,487.31915283203125,269.34765625,481.0638427734375,288.05078125,491.4893493652344,177.91015625,494.61700439453125,177.91015625,484.1914978027344,179.98828125,-1.0,-1.0
496.13043212890625,181.02734375,483.60870361328125,196.61328125,472.13043212890625,194.53515625,462.7391357421875,214.27734375,459.60870361328125,231.94140625,495.0869445800781,198.69140625,495.0869445800781,218.43359375,488.8260803222656,236.09765625,474.2174072265625,236.09765625,476.3043518066406,268.30859375,471.0869445800781,292.20703125,488.8260803222656,237.13671875,487.7825927734375,268.30859375,486.7391357421875,285.97265625,494.0434875488281,177.91015625,496.13043212890625,177.91015625,484.65216064453125,178.94921875,-1.0,-1.0
497.13043212890625,181.02734375,484.60870361328125,196.61328125,473.13043212890625,194.53515625,463.7391357421875,213.23828125,460.60870361328125,230.90234375,496.0869445800781,198.69140625,496.0869445800781,218.43359375,489.8260803222656,236.09765625,475.2174072265625,236.09765625,478.34783935546875,268.30859375,473.13043212890625,291.16796875,489.8260803222656,237.13671875,488.7825927734375,269.34765625,484.60870361328125,289.08984375,495.0434875488281,177.91015625,497.13043212890625,177.91015625,486.6956481933594,178.94921875,-1.0,-1.0
498.61700439453125,181.02734375,486.10638427734375,196.61328125,473.5957336425781,194.53515625,466.2978820800781,212.19921875,463.17022705078125,227.78515625,497.574462890625,198.69140625,497.574462890625,218.43359375,491.31915283203125,235.05859375,476.723388671875,235.05859375,479.85107421875,267.26953125,475.68084716796875,291.16796875,491.31915283203125,236.09765625,490.276611328125,268.30859375,487.14892578125,287.01171875,495.4893493652344,177.91015625,498.61700439453125,177.91015625,487.14892578125,179.98828125,-1.0,-1.0
500.6595764160156,181.02734375,487.10638427734375,196.61328125,475.6383056640625,194.53515625,467.2978820800781,213.23828125,464.17022705078125,228.82421875,499.61700439453125,198.69140625,499.61700439453125,218.43359375,493.3616943359375,235.05859375,477.723388671875,235.05859375,481.89361572265625,267.26953125,477.723388671875,291.16796875,492.31915283203125,236.09765625,491.276611328125,268.30859375,487.10638427734375,285.97265625,497.53192138671875,177.91015625,500.6595764160156,177.91015625,489.1914978027344,179.98828125,-1.0,-1.0
500.61700439453125,182.2265625,488.10638427734375,196.8828125,475.5957336425781,195.8359375,468.2978820800781,212.5859375,464.1276550292969,229.3359375,499.574462890625,198.9765625,499.574462890625,218.8671875,493.31915283203125,235.6171875,478.723388671875,235.6171875,483.9361572265625,267.0234375,480.8085021972656,289.0078125,493.31915283203125,235.6171875,492.276611328125,267.0234375,488.10638427734375,284.8203125,497.4893493652344,179.0859375,500.61700439453125,178.0390625,489.14892578125,180.1328125,-1.0,-1.0
501.0625,182.2265625,489.6041564941406,196.8828125,477.1041564941406,195.8359375,469.8125,213.6328125,465.6458435058594,230.3828125,501.0625,198.9765625,501.0625,218.8671875,494.8125,236.6640625,479.1875,235.6171875,485.4375,267.0234375,484.3958435058594,289.0078125,493.7708435058594,236.6640625,493.7708435058594,265.9765625,490.6458435058594,285.8671875,497.9375,179.0859375,501.0625,179.0859375,489.6041564941406,180.1328125,-1.0,-1.0
502.574462890625,182.2265625,490.0638427734375,196.8828125,478.5957336425781,195.8359375,471.2978820800781,213.6328125,467.1276550292969,230.3828125,501.53192138671875,198.9765625,502.574462890625,218.8671875,498.4042663574219,234.5703125,480.68084716796875,235.6171875,486.9361572265625,268.0703125,485.89361572265625,287.9609375,495.276611328125,236.6640625,495.276611328125,265.9765625,491.10638427734375,284.8203125,499.4468078613281,179.0859375,502.574462890625,179.0859375,491.10638427734375,180.1328125,-1.0,-1.0
503.574462890625,182.2265625,491.0638427734375,196.8828125,479.5957336425781,195.8359375,472.2978820800781,214.6796875,467.0851135253906,233.5234375,502.53192138671875,198.9765625,503.574462890625,218.8671875,499.4042663574219,234.5703125,482.723388671875,236.6640625,486.89361572265625,268.0703125,486.89361572265625,289.0078125,496.276611328125,236.6640625,494.1914978027344,267.0234375,491.0638427734375,284.8203125,500.4468078613281,179.0859375,503.574462890625,179.0859375,492.10638427734375,180.1328125,-1.0,-1.0
504.574462890625,182.2265625,492.0638427734375,196.8828125,480.5957336425781,195.8359375,473.2978820800781,213.6328125,469.1276550292969,230.3828125,503.53192138671875,198.9765625,504.574462890625,218.8671875,501.4468078613281,235.6171875,483.723388671875,237.7109375,488.9361572265625,268.0703125,486.85107421875,289.0078125,498.31915283203125,238.7578125,494.14892578125,268.0703125,492.0638427734375,284.8203125,501.4468078613281,180.1328125,504.574462890625,179.0859375,493.10638427734375,180.1328125,-1.0,-1.0
506.0625,183.2734375,493.5625,197.9296875,481.0625,195.8359375,473.7708435058594,213.6328125,470.6458435058594,227.2421875,505.0208435058594,198.9765625,506.0625,218.8671875,502.9375,236.6640625,484.1875,237.7109375,489.3958435058594,270.1640625,487.3125,289.0078125,498.7708435058594,238.7578125,495.6458435058594,269.1171875,-1.0,-1.0,502.9375,180.1328125,506.0625,180.1328125,494.6041564941406,180.1328125,-1.0,-1.0
506.0208435058594,182.2265625,494.5625,197.9296875,483.1041564941406,196.8828125,474.7708435058594,213.6328125,471.6458435058594,228.2890625,506.0208435058594,198.9765625,508.1041564941406,220.9609375,504.9791564941406,237.7109375,486.2291564941406,238.7578125,491.4375,269.1171875,490.3958435058594,287.9609375,499.7708435058594,239.8046875,496.6458435058594,268.0703125,-1.0,-1.0,503.9375,180.1328125,507.0625,179.0859375,495.6041564941406,180.1328125,-1.0,-1.0
508.0625,182.2265625,495.5625,197.9296875,484.1041564941406,196.8828125,475.7708435058594,216.7734375,472.6458435058594,232.4765625,507.0208435058594,198.9765625,509.1041564941406,220.9609375,507.0208435058594,238.7578125,487.2291564941406,238.7578125,492.4375,269.1171875,491.3958435058594,287.9609375,500.7708435058594,239.8046875,497.6458435058594,268.0703125,-1.0,-1.0,504.9375,180.1328125,508.0625,179.0859375,496.6041564941406,180.1328125,-1.0,-1.0
509.47369384765625,182.40234375,495.78948974609375,198.22265625,485.2631530761719,197.16796875,476.84210205078125,216.15234375,474.7368469238281,236.19140625,507.368408203125,199.27734375,510.52630615234375,221.42578125,509.47369384765625,239.35546875,488.4210510253906,239.35546875,493.6842041015625,268.88671875,-1.0,-1.0,502.1052551269531,239.35546875,498.9473571777344,267.83203125,-1.0,-1.0,506.3157958984375,179.23828125,508.4210510253906,179.23828125,496.84210205078125,180.29296875,-1.0,-1.0
509.4210510253906,182.40234375,496.78948974609375,198.22265625,486.2631530761719,197.16796875,477.84210205078125,217.20703125,475.7368469238281,237.24609375,509.4210510253906,199.27734375,511.52630615234375,218.26171875,515.73681640625,229.86328125,489.4210510253906,238.30078125,493.631591796875,267.83203125,-1.0,-1.0,503.1052551269531,239.35546875,499.9473571777344,267.83203125,-1.0,-1.0,506.2631530761719,179.23828125,509.4210510253906,179.23828125,497.84210205078125,180.29296875,-1.0,-1.0
509.93548583984375,182.40234375,498.3440856933594,198.22265625,486.752685546875,197.16796875,479.3763427734375,216.15234375,477.2688293457031,230.91796875,509.93548583984375,199.27734375,512.0430297851562,220.37109375,514.1505126953125,240.41015625,490.9677429199219,239.35546875,494.1290283203125,265.72265625,-1.0,-1.0,505.7204284667969,239.35546875,501.50537109375,266.77734375,-1.0,-1.0,507.82794189453125,179.23828125,509.93548583984375,179.23828125,498.3440856933594,180.29296875,-1.0,-1.0
511.9892578125,182.40234375,499.3440856933594,197.16796875,487.752685546875,197.16796875,480.3763427734375,218.26171875,479.32257080078125,242.51953125,510.93548583984375,198.22265625,514.0968017578125,218.26171875,519.3656005859375,233.02734375,491.9677429199219,239.35546875,495.1290283203125,267.83203125,-1.0,-1.0,506.7204284667969,240.41015625,502.50537109375,267.83203125,-1.0,-1.0,508.82794189453125,179.23828125,511.9892578125,179.23828125,500.3978576660156,180.29296875,-1.0,-1.0
512.574462890625,182.2734375,500.0638427734375,197.9765625,488.5957336425781,196.9296875,482.3404235839844,215.7734375,479.2127685546875,230.4296875,512.574462890625,199.0234375,515.7021484375,221.0078125,519.872314453125,240.8984375,492.7659606933594,238.8046875,495.89361572265625,269.1640625,-1.0,-1.0,507.3616943359375,239.8515625,504.2340393066406,268.1171875,-1.0,-1.0,509.4468078613281,179.1328125,512.574462890625,179.1328125,501.10638427734375,180.1796875,-1.0,-1.0
513.0625,182.2734375,500.5625,197.9765625,489.1041564941406,197.9765625,483.8958435058594,215.7734375,480.7708435058594,230.4296875,513.0625,199.0234375,517.2291870117188,219.9609375,522.4375,235.6640625,494.3125,239.8515625,495.3541564941406,268.1171875,-1.0,-1.0,508.8958435058594,239.8515625,506.8125,268.1171875,-1.0,-1.0,509.9375,178.0859375,513.0625,178.0859375,502.6458435058594,179.1328125,-1.0,-1.0
514.4736938476562,181.40234375,501.84210205078125,197.22265625,491.3157958984375,197.22265625,485.0,216.20703125,481.84210205078125,230.97265625,513.4210815429688,198.27734375,517.631591796875,220.42578125,522.8947143554688,235.19140625,495.52630615234375,241.51953125,495.52630615234375,269.99609375,-1.0,-1.0,509.2105407714844,240.46484375,508.15789794921875,269.99609375,-1.0,-1.0,512.368408203125,178.23828125,514.4736938476562,178.23828125,503.9473571777344,178.23828125,-1.0,-1.0
516.5263061523438,179.29296875,503.8947448730469,197.22265625,493.368408203125,196.16796875,486.0,213.04296875,483.8947448730469,229.91796875,514.4210815429688,198.27734375,518.631591796875,219.37109375,521.7894897460938,236.24609375,497.5789489746094,240.46484375,496.52630615234375,268.94140625,-1.0,-1.0,510.2105407714844,239.41015625,511.2631530761719,267.88671875,510.2105407714844,280.54296875,514.4210815429688,176.12890625,517.5789794921875,176.12890625,506.0,178.23828125,-1.0,-1.0
517.5263061523438,179.29296875,504.8947448730469,196.16796875,495.4210510253906,195.11328125,487.0,214.09765625,487.0,241.51953125,515.4210815429688,198.27734375,518.5789794921875,219.37109375,523.8421020507812,236.24609375,498.5789489746094,241.51953125,496.47369384765625,269.99609375,-1.0,-1.0,512.26318359375,240.46484375,513.3157958984375,269.99609375,-1.0,-1.0,515.4210815429688,177.18359375,517.5263061523438,176.12890625,508.0526428222656,178.23828125,-1.0,-1.0
518.5263061523438,179.29296875,506.9473571777344,196.16796875,496.4210510253906,195.11328125,489.0526428222656,218.31640625,489.0526428222656,240.46484375,517.4736938476562,198.27734375,519.5789794921875,218.31640625,523.7894897460938,240.46484375,500.631591796875,241.51953125,497.47369384765625,269.99609375,-1.0,-1.0,514.3157958984375,240.46484375,514.3157958984375,271.05078125,-1.0,-1.0,517.4736938476562,176.12890625,-1.0,-1.0,509.0526428222656,178.23828125,-1.0,-1.0
522.2291870117188,180.2265625,507.6458435058594,196.9765625,498.2708435058594,194.8828125,490.9791564941406,215.8203125,489.9375,235.7109375,517.0208129882812,198.0234375,519.1041870117188,220.0078125,526.3958129882812,234.6640625,502.4375,240.9453125,499.3125,269.2109375,497.2291564941406,282.8203125,515.9791870117188,239.8984375,519.1041870117188,269.2109375,-1.0,-1.0,519.1041870117188,177.0859375,-1.0,-1.0,510.7708435058594,179.1796875,-1.0,-1.0
521.1458129882812,180.2265625,508.6458435058594,195.9296875,499.2708435058594,194.8828125,491.9791564941406,214.7734375,489.8958435058594,235.7109375,516.9791870117188,198.0234375,519.0625,220.0078125,526.3541870117188,238.8515625,502.3958435058594,240.9453125,499.2708435058594,269.2109375,-1.0,-1.0,514.8958129882812,240.9453125,519.0625,270.2578125,-1.0,-1.0,519.0625,177.0859375,-1.0,-1.0,510.7291564941406,179.1796875,-1.0,-1.0
523.1875,180.2265625,508.6041564941406,195.9296875,500.2708435058594,194.8828125,494.0208435058594,215.8203125,494.0208435058594,237.8046875,519.0208129882812,198.0234375,520.0625,221.0546875,526.3125,237.8046875,503.3958435058594,240.9453125,500.2708435058594,269.2109375,498.1875,281.7734375,516.9375,239.8984375,520.0625,269.2109375,-1.0,-1.0,521.1041870117188,177.0859375,-1.0,-1.0,512.7708129882812,178.1328125,-1.0,-1.0
524.5789794921875,179.34765625,509.84210205078125,195.16796875,501.4210510253906,194.11328125,495.1052551269531,217.31640625,496.15789794921875,239.46484375,519.3157958984375,197.27734375,520.368408203125,219.42578125,526.6842041015625,238.41015625,504.5789489746094,241.57421875,501.4210510253906,271.10546875,-1.0,-1.0,518.26318359375,241.57421875,523.5263061523438,271.10546875,-1.0,-1.0,522.4736938476562,176.18359375,-1.0,-1.0,514.0526123046875,178.29296875,-1.0,-1.0
525.5263061523438,180.40234375,511.84210205078125,195.16796875,503.4210510253906,194.11328125,497.1052551269531,216.26171875,499.2105407714844,237.35546875,520.26318359375,197.27734375,521.3157958984375,218.37109375,526.5789794921875,237.35546875,506.5789489746094,239.46484375,504.47369384765625,266.88671875,-1.0,-1.0,520.26318359375,239.46484375,523.4210815429688,267.94140625,-1.0,-1.0,523.4210815429688,177.23828125,-1.0,-1.0,516.0526123046875,178.29296875,-1.0,-1.0
527.1041870117188,180.2734375,512.5208129882812,195.9765625,504.1875,194.9296875,500.0208435058594,217.9609375,503.1458435058594,237.8515625,521.8958129882812,197.0234375,521.8958129882812,217.9609375,526.0625,235.7578125,508.3541564941406,238.8984375,503.1458435058594,268.2109375,-1.0,-1.0,519.8125,238.8984375,523.9791870117188,269.2578125,-1.0,-1.0,525.0208129882812,177.1328125,-1.0,-1.0,517.7291870117188,179.2265625,-1.0,-1.0
529.0103149414062,180.2734375,514.2886352539062,197.0234375,504.8247375488281,195.9765625,501.67010498046875,219.0078125,505.87628173828125,237.8515625,523.7525634765625,198.0703125,523.7525634765625,219.0078125,531.1134033203125,228.4296875,506.9278259277344,239.9453125,503.773193359375,271.3515625,-1.0,-1.0,521.6494750976562,239.9453125,524.8041381835938,271.3515625,-1.0,-1.0,526.9072265625,177.1328125,-1.0,-1.0,519.54638671875,179.2265625,-1.0,-1.0
529.958740234375,179.40234375,515.2371215820312,197.33203125,506.8247375488281,195.22265625,502.6185607910156,219.48046875,509.9793701171875,239.51953125,524.7010498046875,198.38671875,525.7525634765625,219.48046875,526.8041381835938,237.41015625,507.87628173828125,239.51953125,505.773193359375,272.21484375,-1.0,-1.0,522.5979614257812,239.51953125,523.6494750976562,273.26953125,-1.0,-1.0,528.9072265625,177.29296875,-1.0,-1.0,521.54638671875,178.34765625,-1.0,-1.0
531.958740234375,180.45703125,517.2371215820312,197.33203125,507.773193359375,196.27734375,504.6185607910156,219.48046875,513.0309448242188,238.46484375,526.7010498046875,198.38671875,526.7010498046875,220.53515625,527.7525634765625,238.46484375,509.87628173828125,239.51953125,505.67010498046875,272.21484375,-1.0,-1.0,522.494873046875,239.51953125,523.54638671875,272.21484375,-1.0,-1.0,529.8556518554688,177.29296875,-1.0,-1.0,523.54638671875,179.40234375,-1.0,-1.0
533.958740234375,180.45703125,519.2371215820312,197.33203125,509.773193359375,196.27734375,506.6185607910156,220.53515625,515.0309448242188,237.41015625,528.7010498046875,198.38671875,528.7010498046875,221.58984375,528.7010498046875,239.51953125,509.773193359375,239.51953125,506.6185607910156,273.26953125,-1.0,-1.0,522.3917236328125,239.51953125,524.494873046875,273.26953125,-1.0,-1.0,531.8556518554688,177.29296875,-1.0,-1.0,524.494873046875,179.40234375,-1.0,-1.0
535.958740234375,180.3203125,522.2886352539062,196.0234375,512.8247680664062,194.9765625,508.6185607910156,220.1015625,518.0824584960938,237.8984375,531.7525634765625,198.1171875,531.7525634765625,221.1484375,532.8041381835938,238.9453125,512.8247680664062,239.9921875,508.6185607910156,274.5390625,-1.0,-1.0,525.4432983398438,239.9921875,526.494873046875,275.5859375,-1.0,-1.0,534.9072265625,177.1796875,-1.0,-1.0,526.494873046875,179.2734375,-1.0,-1.0
536.9072265625,181.56640625,523.2371215820312,197.38671875,513.773193359375,196.33203125,510.6185607910156,220.58984375,520.0824584960938,238.51953125,532.7010498046875,198.44140625,532.7010498046875,220.58984375,533.7525634765625,238.51953125,513.773193359375,238.51953125,510.6185607910156,274.37890625,-1.0,-1.0,526.3917236328125,239.57421875,527.4432983398438,274.37890625,-1.0,-1.0,534.8041381835938,178.40234375,-1.0,-1.0,527.4432983398438,179.45703125,-1.0,-1.0
539.958740234375,180.51171875,524.185546875,196.33203125,514.7216796875,196.33203125,512.6185302734375,219.53515625,522.0824584960938,238.51953125,534.7010498046875,196.33203125,535.7525634765625,219.53515625,536.8041381835938,237.46484375,515.773193359375,238.51953125,512.6185302734375,274.37890625,-1.0,-1.0,530.494873046875,239.57421875,532.5979614257812,274.37890625,-1.0,-1.0,537.8556518554688,177.34765625,-1.0,-1.0,530.494873046875,178.40234375,-1.0,-1.0
540.3434448242188,179.45703125,526.6868896484375,196.33203125,516.1818237304688,195.27734375,514.080810546875,219.53515625,522.48486328125,238.51953125,536.1414184570312,197.38671875,537.19189453125,218.48046875,541.3939208984375,235.35546875,520.3838500976562,240.62890625,515.1312866210938,275.43359375,-1.0,-1.0,534.0404052734375,239.57421875,536.1414184570312,276.48828125,-1.0,-1.0,538.242431640625,176.29296875,541.3939208984375,175.23828125,530.888916015625,177.34765625,-1.0,-1.0
542.8811645507812,179.3203125,528.1881103515625,196.0703125,517.6930541992188,196.0703125,515.5940551757812,220.1484375,522.9406127929688,238.9921875,537.6336669921875,197.1171875,540.7821655273438,218.0546875,546.0297241210938,234.8046875,522.9406127929688,240.0390625,519.7920532226562,274.5859375,-1.0,-1.0,537.6336669921875,238.9921875,538.6831665039062,273.5390625,-1.0,-1.0,540.7821655273438,176.1796875,-1.0,-1.0,533.4356689453125,177.2265625,-1.0,-1.0
545.9306640625,178.45703125,530.1881103515625,196.38671875,519.6930541992188,195.33203125,516.5445556640625,219.58984375,523.89111328125,238.57421875,540.6831665039062,196.38671875,542.7821655273438,219.58984375,548.0297241210938,237.51953125,524.9406127929688,241.73828125,523.89111328125,273.37890625,-1.0,-1.0,539.6336669921875,240.68359375,538.5841674804688,274.43359375,-1.0,-1.0,544.8811645507812,175.29296875,-1.0,-1.0,536.4851684570312,177.40234375,-1.0,-1.0
547.9306640625,178.45703125,531.1386108398438,195.33203125,520.6435546875,195.33203125,518.5445556640625,219.58984375,523.7920532226562,238.57421875,542.6831665039062,195.33203125,544.7821655273438,218.53515625,551.0792236328125,237.51953125,529.0396118164062,241.73828125,529.0396118164062,270.21484375,-1.0,-1.0,543.732666015625,240.68359375,542.6831665039062,269.16015625,-1.0,-1.0,545.8316650390625,175.29296875,-1.0,-1.0,537.4356689453125,177.40234375,-1.0,-1.0
548.8811645507812,178.45703125,533.1386108398438,195.33203125,522.6435546875,195.33203125,519.4950561523438,219.58984375,523.6930541992188,239.62890625,544.6831665039062,196.38671875,547.8316650390625,218.53515625,555.17822265625,239.62890625,529.9901123046875,241.73828125,529.9901123046875,271.26953125,-1.0,-1.0,544.6831665039062,241.73828125,543.6336669921875,270.21484375,-1.0,-1.0,547.8316650390625,176.34765625,-1.0,-1.0,539.4356689453125,176.34765625,-1.0,-1.0
549.8316650390625,180.4140625,536.1881103515625,196.1171875,524.6435546875,195.0703125,520.445556640625,219.1484375,523.5940551757812,240.0859375,546.6831665039062,196.1171875,550.8811645507812,218.1015625,558.2277221679688,239.0390625,531.9901123046875,241.1328125,534.089111328125,271.4921875,-1.0,-1.0,547.732666015625,241.1328125,544.5841674804688,271.4921875,-1.0,-1.0,548.7821655273438,177.2734375,-1.0,-1.0,540.3861083984375,177.2734375,-1.0,-1.0
551.8316650390625,181.4609375,537.1386108398438,196.1171875,525.5940551757812,196.1171875,521.3960571289062,219.1484375,523.4950561523438,241.1328125,548.6831665039062,196.1171875,551.8316650390625,218.1015625,560.2277221679688,236.9453125,535.0396118164062,240.0859375,536.089111328125,270.4453125,-1.0,-1.0,548.6831665039062,237.9921875,547.6336669921875,269.3984375,-1.0,-1.0,549.732666015625,178.3203125,553.9306640625,178.3203125,541.3366088867188,177.2734375,-1.0,-1.0
554.8811645507812,178.51171875,539.1386108398438,195.38671875,528.6435546875,195.38671875,522.3465576171875,218.58984375,523.3960571289062,241.79296875,550.6831665039062,195.38671875,553.8316650390625,217.53515625,562.2277221679688,235.46484375,534.9406127929688,240.73828125,539.1386108398438,270.26953125,-1.0,-1.0,549.6336669921875,238.62890625,550.6831665039062,270.26953125,547.53466796875,287.14453125,552.7821655273438,175.34765625,-1.0,-1.0,543.3366088867188,176.40234375,-1.0,-1.0
557.2941284179688,179.56640625,541.4117431640625,195.38671875,530.8235473632812,194.33203125,523.4117431640625,216.48046875,523.4117431640625,240.73828125,553.058837890625,196.44140625,556.2352905273438,217.53515625,564.7058715820312,233.35546875,537.1764526367188,237.57421875,540.3529663085938,262.88671875,540.3529663085938,281.87109375,550.941162109375,236.51953125,552.0,263.94140625,552.0,280.81640625,555.1764526367188,176.40234375,-1.0,-1.0,546.7058715820312,176.40234375,-1.0,-1.0
559.41748046875,177.3203125,543.6893310546875,195.1171875,532.1553344726562,194.0703125,523.7669677734375,217.1015625,523.7669677734375,241.1796875,554.1747436523438,195.1171875,558.3689575195312,216.0546875,564.6602172851562,231.7578125,538.4465942382812,236.9921875,542.6407470703125,263.1640625,542.6407470703125,280.9609375,552.0776977539062,235.9453125,552.0776977539062,262.1171875,552.0776977539062,280.9609375,557.3203735351562,174.1796875,-1.0,-1.0,547.8834838867188,175.2265625,-1.0,-1.0
559.1764526367188,177.45703125,544.3529663085938,194.33203125,532.7058715820312,194.33203125,526.3529663085938,215.42578125,523.1764526367188,234.41015625,557.058837890625,195.38671875,560.2352905273438,216.48046875,566.5882568359375,230.19140625,540.11767578125,238.62890625,545.4117431640625,269.21484375,-1.0,-1.0,553.88232421875,237.57421875,552.8235473632812,268.16015625,-1.0,-1.0,557.058837890625,174.29296875,-1.0,-1.0,548.5882568359375,175.34765625,-1.0,-1.0
561.8811645507812,177.45703125,547.1881103515625,194.33203125,535.6435546875,194.33203125,527.2474975585938,215.42578125,525.1484985351562,235.46484375,557.6831665039062,195.38671875,561.8811645507812,215.42578125,568.17822265625,229.13671875,540.89111328125,239.68359375,548.2376098632812,271.32421875,-1.0,-1.0,555.5841674804688,238.62890625,554.53466796875,269.21484375,-1.0,-1.0,559.7821655273438,174.29296875,-1.0,-1.0,552.4356689453125,175.34765625,-1.0,-1.0
564.2941284179688,179.56640625,548.4117431640625,195.38671875,537.8235473632812,195.38671875,528.2941284179688,217.53515625,526.1764526367188,235.46484375,560.058837890625,197.49609375,564.2941284179688,216.48046875,568.5294189453125,229.13671875,543.11767578125,240.73828125,549.4705810546875,272.37890625,-1.0,-1.0,557.941162109375,240.73828125,555.8235473632812,272.37890625,-1.0,-1.0,562.1764526367188,175.34765625,-1.0,-1.0,554.7647094726562,176.40234375,-1.0,-1.0
566.41748046875,178.3203125,550.6893310546875,196.1171875,539.1553344726562,196.1171875,529.7184448242188,217.0546875,527.621337890625,234.8515625,562.2233276367188,197.1640625,565.3689575195312,217.0546875,567.4660034179688,232.7578125,545.4465942382812,241.1328125,550.6893310546875,272.5390625,-1.0,-1.0,559.0776977539062,241.1328125,556.9805908203125,270.4453125,-1.0,-1.0,564.3203735351562,175.1796875,-1.0,-1.0,555.9320678710938,176.2265625,-1.0,-1.0
568.4660034179688,178.3203125,552.7378540039062,196.1171875,542.25244140625,195.0703125,532.8155517578125,217.0546875,528.621337890625,233.8046875,564.2718505859375,197.1640625,567.41748046875,217.0546875,568.4660034179688,229.6171875,546.4465942382812,241.1328125,551.6893310546875,272.5390625,-1.0,-1.0,561.126220703125,242.1796875,559.0291137695312,271.4921875,-1.0,-1.0,566.3689575195312,175.1796875,-1.0,-1.0,557.9805908203125,176.2265625,-1.0,-1.0
570.4660034179688,178.3203125,554.7378540039062,197.1640625,543.203857421875,196.1171875,534.8155517578125,217.0546875,530.621337890625,234.8515625,566.2718505859375,198.2109375,568.3689575195312,220.1953125,566.2718505859375,242.1796875,548.4465942382812,242.1796875,552.6407470703125,271.4921875,-1.0,-1.0,562.0776977539062,242.1796875,559.9805908203125,271.4921875,-1.0,-1.0,567.3203735351562,175.1796875,569.41748046875,175.1796875,558.9320678710938,176.2265625,-1.0,-1.0
570.9306640625,178.45703125,556.2376098632812,196.38671875,545.7425537109375,195.33203125,536.2970581054688,216.42578125,533.1484985351562,234.35546875,567.7821655273438,197.44140625,571.980224609375,218.53515625,571.980224609375,226.97265625,549.9406127929688,242.79296875,557.287109375,273.37890625,-1.0,-1.0,564.6336669921875,243.84765625,561.4851684570312,272.32421875,-1.0,-1.0,567.7821655273438,175.29296875,570.9306640625,175.29296875,560.4356689453125,176.34765625,-1.0,-1.0
573.3529663085938,178.45703125,559.5882568359375,196.38671875,547.941162109375,195.33203125,538.4117431640625,217.48046875,534.1764526367188,235.41015625,570.1764526367188,197.44140625,574.4117431640625,217.48046875,573.3529663085938,224.86328125,551.11767578125,241.73828125,556.4117431640625,273.37890625,-1.0,-1.0,565.941162109375,242.79296875,561.7058715820312,272.32421875,-1.0,-1.0,571.2352905273438,175.29296875,-1.0,-1.0,562.7647094726562,177.40234375,-1.0,-1.0
575.3529663085938,177.40234375,561.5882568359375,196.38671875,549.941162109375,195.33203125,540.4117431640625,216.42578125,536.1764526367188,234.35546875,572.1764526367188,197.44140625,576.4117431640625,217.48046875,573.2352905273438,224.86328125,553.11767578125,242.79296875,558.4117431640625,274.43359375,-1.0,-1.0,567.941162109375,243.84765625,563.7058715820312,273.37890625,-1.0,-1.0,573.2352905273438,175.29296875,574.2941284179688,175.29296875,564.7647094726562,176.34765625,-1.0,-1.0
576.4660034179688,177.2265625,562.8349609375,193.9765625,552.3494873046875,192.9296875,542.91259765625,214.9140625,538.7184448242188,233.7578125,574.3689575195312,195.0234375,577.5145874023438,215.9609375,573.3203735351562,222.2421875,555.4951171875,240.0390625,560.7378540039062,274.5859375,-1.0,-1.0,570.1747436523438,240.0390625,567.0291137695312,273.5390625,-1.0,-1.0,574.3689575195312,175.1328125,578.5631103515625,175.1328125,567.0291137695312,176.1796875,-1.0,-1.0
579.5145874023438,176.1796875,565.8834838867188,193.9765625,555.3980712890625,193.9765625,545.961181640625,214.9140625,542.8155517578125,232.7109375,576.3689575195312,195.0234375,577.41748046875,218.0546875,575.3203735351562,223.2890625,558.543701171875,238.9921875,561.6893310546875,275.6328125,-1.0,-1.0,572.1747436523438,238.9921875,567.9805908203125,276.6796875,-1.0,-1.0,577.41748046875,174.0859375,-1.0,-1.0,569.0291137695312,175.1328125,-1.0,-1.0
581.0297241210938,177.34765625,567.3861083984375,194.22265625,557.9406127929688,194.22265625,547.445556640625,214.26171875,545.3465576171875,232.19140625,576.8316650390625,195.27734375,578.9306640625,217.42578125,576.8316650390625,222.69921875,561.089111328125,240.62890625,562.1386108398438,277.54296875,-1.0,-1.0,572.6336669921875,240.62890625,569.4851684570312,277.54296875,-1.0,-1.0,578.9306640625,174.18359375,-1.0,-1.0,570.53466796875,175.23828125,-1.0,-1.0
583.4705810546875,177.34765625,569.7058715820312,195.27734375,558.058837890625,195.27734375,549.5882568359375,220.58984375,547.4705810546875,245.90234375,580.2941284179688,195.27734375,584.5294189453125,217.42578125,580.2941284179688,221.64453125,562.2941284179688,242.73828125,563.3529663085938,276.48828125,-1.0,-1.0,576.058837890625,241.68359375,575.0,276.48828125,576.058837890625,295.47265625,581.3529663085938,174.18359375,-1.0,-1.0,571.8235473632812,175.23828125,-1.0,-1.0
585.4705810546875,176.29296875,570.6470336914062,194.22265625,560.058837890625,194.22265625,552.6470336914062,220.58984375,560.058837890625,242.73828125,582.2941284179688,195.27734375,585.4705810546875,216.37109375,583.3529663085938,219.53515625,565.3529663085938,241.68359375,565.3529663085938,277.54296875,564.2941284179688,295.47265625,578.058837890625,241.68359375,579.11767578125,277.54296875,575.941162109375,295.47265625,583.3529663085938,173.12890625,-1.0,-1.0,573.8235473632812,174.18359375,-1.0,-1.0
587.4705810546875,175.34375,572.6470336914062,194.46875,562.058837890625,194.46875,554.6470336914062,222.09375,555.7058715820312,246.53125,583.2352905273438,195.53125,585.3529663085938,217.84375,584.2941284179688,221.03125,567.3529663085938,244.40625,567.3529663085938,278.40625,566.2941284179688,296.46875,581.11767578125,243.34375,581.11767578125,278.40625,580.058837890625,296.46875,585.3529663085938,172.15625,-1.0,-1.0,576.88232421875,174.28125,-1.0,-1.0
589.4705810546875,176.40625,574.6470336914062,194.46875,564.058837890625,194.46875,556.6470336914062,223.15625,557.7058715820312,245.46875,585.2352905273438,194.46875,586.2941284179688,218.90625,589.4705810546875,230.59375,569.3529663085938,243.34375,568.2941284179688,278.40625,566.1764526367188,296.46875,583.11767578125,243.34375,586.2941284179688,278.40625,584.1764526367188,296.46875,587.3529663085938,172.15625,-1.0,-1.0,578.88232421875,174.28125,-1.0,-1.0
592.9000244140625,175.6328125,576.7000122070312,193.9609375,566.97998046875,192.8828125,561.5800170898438,219.8359375,563.739990234375,242.4765625,586.4199829101562,193.9609375,588.5800170898438,218.7578125,590.739990234375,230.6171875,572.3800048828125,243.5546875,570.219970703125,278.0546875,568.0599975585938,297.4609375,585.3400268554688,242.4765625,589.6599731445312,278.0546875,-1.0,-1.0,589.6599731445312,172.3984375,-1.0,-1.0,581.02001953125,173.4765625,-1.0,-1.0
594.346923828125,176.83203125,578.1224365234375,193.12109375,568.3877563476562,193.12109375,564.0612182617188,218.09765625,566.2244873046875,240.90234375,588.9387817382812,193.12109375,588.9387817382812,220.26953125,593.2653198242188,230.04296875,573.7958984375,243.07421875,570.551025390625,279.99609375,569.4693603515625,298.45703125,586.7755126953125,241.98828125,592.1836547851562,276.73828125,-1.0,-1.0,592.1836547851562,172.48828125,-1.0,-1.0,582.448974609375,173.57421875,-1.0,-1.0
595.7113647460938,175.859375,580.412353515625,193.359375,571.6701049804688,193.359375,567.2989501953125,218.515625,571.6701049804688,242.578125,590.2474365234375,194.453125,589.1546630859375,220.703125,593.5257568359375,228.359375,568.3917236328125,237.109375,570.5773315429688,278.671875,-1.0,-1.0,584.7835083007812,238.203125,595.7113647460938,276.484375,-1.0,-1.0,593.5257568359375,172.578125,-1.0,-1.0,584.7835083007812,173.671875,-1.0,-1.0
598.5360717773438,175.0859375,582.9484252929688,192.8359375,572.9278564453125,192.8359375,569.587646484375,219.4609375,576.26806640625,241.6484375,592.9690551757812,192.8359375,601.8762817382812,212.8046875,592.9690551757812,219.4609375,570.7010498046875,234.9921875,571.814453125,279.3671875,-1.0,-1.0,587.4020385742188,234.9921875,598.5360717773438,276.0390625,-1.0,-1.0,596.3092651367188,172.8671875,-1.0,-1.0,587.4020385742188,173.9765625,-1.0,-1.0
600.5360717773438,176.1953125,584.9484252929688,193.9453125,576.041259765625,192.8359375,573.814453125,220.5703125,581.6082763671875,241.6484375,594.9690551757812,195.0546875,594.9690551757812,219.4609375,598.3092651367188,231.6640625,576.041259765625,240.5390625,572.7010498046875,281.5859375,-1.0,-1.0,590.5154418945312,239.4296875,598.3092651367188,277.1484375,-1.0,-1.0,598.3092651367188,172.8671875,601.6494750976562,173.9765625,589.4020385742188,173.9765625,-1.0,-1.0
603.6494750976562,176.31640625,586.9484252929688,195.30859375,576.9278564453125,195.30859375,576.9278564453125,223.23828125,585.8350219726562,242.23046875,596.9690551757812,195.30859375,603.6494750976562,216.53515625,-1.0,-1.0,579.1546630859375,239.99609375,575.814453125,279.09765625,-1.0,-1.0,593.6288452148438,239.99609375,599.1958618164062,277.98046875,599.1958618164062,290.26953125,601.4226684570312,174.08203125,603.6494750976562,174.08203125,591.4020385742188,174.08203125,-1.0,-1.0
606.1063842773438,176.5625,589.1914672851562,195.6875,579.0425415039062,195.6875,580.1702270507812,221.5625,590.3191528320312,240.6875,599.3404541015625,195.6875,598.2127685546875,223.8125,595.9574584960938,240.6875,582.425537109375,239.5625,579.0425415039062,278.9375,577.9149169921875,285.6875,594.8297729492188,239.5625,600.4680786132812,275.5625,602.723388671875,289.0625,602.723388671875,173.1875,604.9786987304688,174.3125,593.7021484375,174.3125,-1.0,-1.0
607.9786987304688,176.82421875,591.0638427734375,194.94921875,582.0425415039062,194.94921875,582.0425415039062,221.00390625,594.44677734375,239.12890625,601.2127685546875,194.94921875,605.723388671875,222.13671875,-1.0,-1.0,584.2978515625,236.86328125,-1.0,-1.0,-1.0,-1.0,598.9574584960938,233.46484375,-1.0,-1.0,-1.0,-1.0,605.723388671875,173.42578125,-1.0,-1.0,595.574462890625,174.55859375,-1.0,-1.0
611.0,177.1015625,593.8571166992188,194.2109375,583.5714111328125,194.2109375,585.8571166992188,222.7265625,599.5714111328125,240.9765625,603.0,194.2109375,608.7142944335938,220.4453125,-1.0,-1.0,585.8571166992188,242.1171875,580.1428833007812,278.6171875,-1.0,-1.0,600.7142944335938,238.6953125,603.0,276.3359375,-1.0,-1.0,608.7142944335938,172.5390625,-1.0,-1.0,598.4285888671875,173.6796875,-1.0,-1.0
612.2584228515625,176.24609375,596.2135009765625,195.76953125,585.8988647460938,194.62109375,588.1910400390625,223.33203125,604.2359619140625,240.55859375,606.528076171875,195.76953125,612.2584228515625,221.03515625,616.8427124023438,206.10546875,589.3370971679688,246.30078125,581.3146362304688,280.75390625,-1.0,-1.0,605.3820190429688,238.26171875,-1.0,-1.0,-1.0,-1.0,609.96630859375,172.80078125,-1.0,-1.0,599.6516723632812,175.09765625,-1.0,-1.0
615.2584228515625,177.39453125,600.3595581054688,196.91796875,588.8988647460938,196.91796875,590.044921875,224.48046875,606.0899047851562,241.70703125,612.96630859375,198.06640625,618.6966552734375,223.33203125,617.550537109375,238.26171875,592.3370971679688,242.85546875,585.460693359375,276.16015625,-1.0,-1.0,610.6741333007812,241.70703125,608.3820190429688,279.60546875,-1.0,-1.0,611.8202514648438,172.80078125,-1.0,-1.0,601.505615234375,175.09765625,-1.0,-1.0
618.8604736328125,175.390625,603.7442016601562,195.046875,592.1162719726562,195.046875,593.279052734375,222.796875,608.3953247070312,241.296875,615.3720703125,195.046875,618.8604736328125,217.015625,616.534912109375,240.140625,594.4418334960938,241.296875,594.4418334960938,274.828125,-1.0,-1.0,611.8837280273438,240.140625,604.906982421875,273.671875,-1.0,-1.0,616.534912109375,171.921875,-1.0,-1.0,606.0697631835938,173.078125,-1.0,-1.0
613.720947265625,187.33984375,604.4185791015625,195.48828125,591.6279296875,195.48828125,593.9534912109375,223.42578125,607.906982421875,240.88671875,616.0465087890625,196.65234375,619.534912109375,219.93359375,617.2092895507812,239.72265625,596.279052734375,243.21484375,596.279052734375,274.64453125,592.7907104492188,294.43359375,613.720947265625,242.05078125,614.8837280273438,276.97265625,616.0465087890625,290.94140625,-1.0,-1.0,-1.0,-1.0,606.7442016601562,173.37109375,-1.0,-1.0
624.4166870117188,174.8515625,609.25,194.7734375,597.5833129882812,194.7734375,596.4166870117188,221.7265625,606.9166870117188,241.6484375,622.0833129882812,194.7734375,629.0833129882812,215.8671875,624.4166870117188,220.5546875,606.9166870117188,241.6484375,603.4166870117188,275.6328125,592.9166870117188,288.5234375,620.9166870117188,241.6484375,622.0833129882812,274.4609375,620.9166870117188,294.3828125,622.0833129882812,171.3359375,623.25,170.1640625,611.5833129882812,171.3359375,-1.0,-1.0
626.25,173.8515625,612.25,194.9453125,599.4166870117188,194.9453125,598.25,219.5546875,606.4166870117188,241.8203125,625.0833129882812,194.9453125,632.0833129882812,216.0390625,627.4166870117188,219.5546875,608.75,245.3359375,605.25,280.4921875,600.5833129882812,294.5546875,626.25,242.9921875,625.0833129882812,281.6640625,625.0833129882812,300.4140625,623.9166870117188,170.3359375,626.25,169.1640625,613.4166870117188,171.5078125,-1.0,-1.0
629.2962646484375,174.18359375,615.0740966796875,194.23828125,602.0370483398438,195.41796875,599.6666870117188,220.19140625,605.5925903320312,242.60546875,628.111083984375,194.23828125,635.2222290039062,214.29296875,628.111083984375,219.01171875,611.5184936523438,244.96484375,609.1481323242188,275.63671875,-1.0,-1.0,629.2962646484375,244.96484375,628.111083984375,277.99609375,-1.0,-1.0,625.74072265625,169.46484375,629.2962646484375,169.46484375,615.0740966796875,171.82421875,-1.0,-1.0
632.2962646484375,174.18359375,618.0740966796875,194.23828125,605.0370483398438,195.41796875,601.4815063476562,219.01171875,603.8518676757812,243.78515625,631.111083984375,194.23828125,-1.0,-1.0,-1.0,-1.0,615.7037353515625,244.96484375,614.5184936523438,282.71484375,612.1481323242188,300.41015625,633.4815063476562,243.78515625,628.74072265625,283.89453125,626.370361328125,300.41015625,628.74072265625,169.46484375,632.2962646484375,169.46484375,616.888916015625,171.82421875,-1.0,-1.0
632.2962646484375,173.00390625,618.0740966796875,194.23828125,605.0370483398438,195.41796875,601.4815063476562,219.01171875,603.8518676757812,243.78515625,631.111083984375,194.23828125,-1.0,-1.0,-1.0,-1.0,615.7037353515625,244.96484375,613.3333129882812,283.89453125,-1.0,-1.0,633.4815063476562,243.78515625,628.74072265625,283.89453125,627.5555419921875,300.41015625,628.74072265625,169.46484375,632.2962646484375,169.46484375,616.888916015625,171.82421875,-1.0,-1.0
