-1.0,-1.0,440.0169372558594,214.453125,450.3559265136719,214.453125,455.5254211425781,231.984375,-1.0,-1.0,430.71185302734375,215.484375,426.5762634277344,236.109375,420.3728942871094,251.578125,451.38983154296875,247.453125,459.6610107421875,269.109375,462.7627258300781,287.671875,436.9152526855469,248.484375,440.0169372558594,275.296875,443.11865234375,295.921875,-1.0,-1.0,-1.0,-1.0,442.0847473144531,201.046875,432.7796630859375,203.109375
-1.0,-1.0,439.0169372558594,214.453125,448.322021484375,214.453125,453.49151611328125,231.984375,455.559326171875,246.421875,428.677978515625,214.453125,424.5423583984375,235.078125,419.3728942871094,250.546875,449.3559265136719,247.453125,457.62713623046875,268.078125,460.72882080078125,287.671875,434.88134765625,247.453125,439.0169372558594,274.265625,441.0847473144531,294.890625,-1.0,-1.0,-1.0,-1.0,441.0847473144531,201.046875,431.7796630859375,202.078125
-1.0,-1.0,437.5172424316406,214.453125,446.82757568359375,214.453125,453.03448486328125,233.015625,455.10345458984375,247.453125,427.17242431640625,215.484375,424.0689697265625,235.078125,418.89654541015625,251.578125,447.862060546875,247.453125,457.17242431640625,268.078125,461.3103332519531,288.703125,434.4137878417969,248.484375,437.5172424316406,277.359375,439.5862121582031,294.890625,-1.0,-1.0,-1.0,-1.0,439.5862121582031,201.046875,430.2758483886719,202.078125
-1.0,-1.0,436.0169372558594,215.484375,445.322021484375,215.484375,450.49151611328125,233.015625,451.5254211425781,249.515625,424.6440734863281,216.515625,421.5423583984375,235.078125,417.4067687988281,249.515625,444.28814697265625,248.484375,439.11865234375,274.265625,440.15252685546875,296.953125,431.88134765625,249.515625,431.88134765625,275.296875,432.9152526855469,294.890625,-1.0,-1.0,-1.0,-1.0,438.0847473144531,202.078125,428.7796630859375,203.109375
-1.0,-1.0,433.9830627441406,216.515625,443.28814697265625,216.515625,449.49151611328125,234.046875,449.49151611328125,249.515625,423.6440734863281,216.515625,419.50848388671875,237.140625,413.3050842285156,251.578125,443.28814697265625,249.515625,438.11865234375,275.296875,441.2203369140625,296.953125,430.88134765625,249.515625,430.88134765625,276.328125,428.8135681152344,297.984375,-1.0,-1.0,-1.0,-1.0,436.05084228515625,202.078125,426.7457580566406,204.140625
-1.0,-1.0,432.4827575683594,217.546875,442.82757568359375,216.515625,448.0,235.078125,450.0689697265625,250.546875,422.137939453125,216.515625,418.0,238.171875,412.82757568359375,252.609375,441.7930908203125,249.515625,436.6206970214844,275.296875,426.2758483886719,294.890625,429.3793029785156,249.515625,437.6551818847656,275.296875,441.7930908203125,296.953125,-1.0,-1.0,-1.0,-1.0,435.5862121582031,202.078125,426.2758483886719,204.140625
-1.0,-1.0,430.9830627441406,217.546875,441.322021484375,217.546875,445.4576416015625,235.078125,446.49151611328125,249.515625,421.677978515625,216.515625,417.5423583984375,235.078125,420.6440734863281,243.328125,440.28814697265625,249.515625,427.88134765625,275.296875,423.7457580566406,295.921875,427.88134765625,249.515625,435.11865234375,275.296875,440.28814697265625,293.859375,-1.0,-1.0,-1.0,-1.0,434.0847473144531,203.109375,424.7796630859375,205.171875
-1.0,-1.0,429.9830627441406,217.546875,438.2542419433594,217.546875,444.4576416015625,234.046875,444.4576416015625,248.484375,419.6440734863281,217.546875,415.50848388671875,237.140625,411.3728942871094,243.328125,438.2542419433594,249.515625,431.0169372558594,272.203125,440.322021484375,296.953125,425.84747314453125,249.515625,432.05084228515625,274.265625,440.322021484375,292.828125,-1.0,-1.0,-1.0,-1.0,432.05084228515625,204.140625,423.7796630859375,205.171875
-1.0,-1.0,427.9830627441406,217.546875,437.28814697265625,217.546875,442.4576416015625,235.078125,442.4576416015625,250.546875,416.61016845703125,217.546875,413.50848388671875,237.140625,410.4067687988281,251.578125,436.2542419433594,249.515625,430.05084228515625,276.328125,438.322021484375,296.953125,423.84747314453125,249.515625,426.94915771484375,278.390625,419.71185302734375,297.984375,-1.0,-1.0,-1.0,-1.0,431.0847473144531,204.140625,422.8135681152344,205.171875
-1.0,-1.0,425.94915771484375,217.546875,435.2542419433594,217.546875,440.4237365722656,235.078125,440.4237365722656,249.515625,415.61016845703125,217.546875,411.4745788574219,237.140625,409.4067687988281,251.578125,434.2203369140625,249.515625,429.05084228515625,277.359375,437.322021484375,297.984375,421.8135681152344,248.484375,426.9830627441406,276.328125,419.7457580566406,299.015625,-1.0,-1.0,-1.0,-1.0,429.05084228515625,204.140625,420.7796630859375,205.171875
-1.0,-1.0,424.4482727050781,216.515625,433.75860595703125,217.546875,437.89654541015625,235.078125,439.96551513671875,248.484375,415.137939453125,215.484375,411.0,237.140625,407.89654541015625,248.484375,422.3793029785156,251.578125,422.3793029785156,275.296875,419.2758483886719,297.984375,420.3103332519531,248.484375,-1.0,-1.0,-1.0,-1.0,-1.0,-1.0,-1.0,-1.0,429.6206970214844,203.109375,-1.0,-1.0
-1.0,-1.0,422.94915771484375,215.484375,431.2203369140625,216.515625,436.38983154296875,234.046875,437.4237365722656,246.421875,413.6440734863281,215.484375,410.5423583984375,235.078125,405.3728942871094,251.578125,431.2203369140625,250.546875,426.05084228515625,276.328125,434.322021484375,297.984375,419.84747314453125,250.546875,419.84747314453125,276.328125,421.9152526855469,299.015625,-1.0,-1.0,-1.0,-1.0,428.11865234375,203.109375,-1.0,-1.0
-1.0,-1.0,421.94915771484375,216.515625,430.2203369140625,216.515625,435.38983154296875,234.046875,434.3559265136719,245.390625,413.677978515625,216.515625,409.5423583984375,236.109375,404.3728942871094,250.546875,429.1864318847656,249.515625,422.9830627441406,276.328125,420.9152526855469,301.078125,417.8135681152344,249.515625,419.88134765625,276.328125,422.9830627441406,301.078125,-1.0,-1.0,-1.0,-1.0,424.0169372558594,205.171875,-1.0,-1.0
-1.0,-1.0,421.4827575683594,215.484375,429.75860595703125,216.515625,433.89654541015625,233.015625,433.89654541015625,244.359375,412.17242431640625,214.453125,408.03448486328125,235.078125,402.862060546875,249.515625,429.75860595703125,248.484375,420.4482727050781,275.296875,427.6896667480469,293.859375,416.3103332519531,249.515625,419.4137878417969,274.265625,420.4482727050781,300.046875,-1.0,-1.0,-1.0,-1.0,-1.0,-1.0,-1.0,-1.0
-1.0,-1.0,419.2184753417969,213.16796875,427.420166015625,212.14453125,433.5714416503906,230.56640625,434.5966491699219,243.87109375,409.9916076660156,213.16796875,406.91595458984375,233.63671875,399.739501953125,250.01171875,428.44537353515625,247.96484375,422.29412841796875,272.52734375,419.2184753417969,297.08984375,415.1176452636719,248.98828125,416.1428527832031,270.48046875,-1.0,-1.0,-1.0,-1.0,-1.0,-1.0,416.1428527832031,199.86328125,408.9664001464844,201.91015625
-1.0,-1.0,417.1932678222656,214.19140625,426.420166015625,212.14453125,431.5462341308594,229.54296875,-1.0,-1.0,408.9916076660156,215.21484375,404.8907470703125,233.63671875,397.71429443359375,248.98828125,426.420166015625,246.94140625,421.29412841796875,270.48046875,419.24371337890625,289.92578125,413.0924377441406,247.96484375,412.0672302246094,270.48046875,414.1176452636719,289.92578125,-1.0,-1.0,-1.0,-1.0,418.2184753417969,200.88671875,410.0168151855469,200.88671875
-1.0,-1.0,416.2184753417969,214.19140625,425.44537353515625,213.16796875,430.5714416503906,231.58984375,432.6218566894531,247.96484375,406.9916076660156,214.19140625,403.91595458984375,234.66015625,396.739501953125,247.96484375,425.44537353515625,247.96484375,421.34454345703125,273.55078125,419.29412841796875,296.06640625,411.0924377441406,247.96484375,409.0420227050781,272.52734375,412.1176452636719,292.99609375,-1.0,-1.0,-1.0,-1.0,418.2689208984375,199.86328125,408.0168151855469,200.88671875
-1.0,-1.0,415.2184753417969,214.19140625,424.44537353515625,213.16796875,428.5462341308594,231.58984375,-1.0,-1.0,405.9916076660156,214.19140625,401.8907470703125,233.63671875,395.739501953125,247.96484375,424.44537353515625,247.96484375,420.34454345703125,272.52734375,419.3193359375,296.06640625,409.0672302246094,247.96484375,407.0168151855469,269.45703125,409.0672302246094,294.01953125,-1.0,-1.0,-1.0,-1.0,418.29412841796875,200.88671875,409.0672302246094,200.88671875
-1.0,-1.0,414.74359130859375,214.19140625,423.974365234375,214.19140625,428.0769348144531,232.61328125,-1.0,-1.0,405.5128173828125,214.19140625,400.3846130371094,233.63671875,395.25640869140625,247.96484375,421.923095703125,247.96484375,419.8717956542969,272.52734375,418.8461608886719,294.01953125,407.5641174316406,247.96484375,406.5384521484375,272.52734375,-1.0,-1.0,-1.0,-1.0,-1.0,-1.0,416.79486083984375,199.86328125,408.5897521972656,199.86328125
-1.0,-1.0,413.24371337890625,214.19140625,421.44537353515625,214.19140625,426.5714416503906,232.61328125,-1.0,-1.0,404.0168151855469,214.19140625,398.8907470703125,234.66015625,391.71429443359375,247.96484375,420.420166015625,247.96484375,419.39495849609375,272.52734375,419.39495849609375,292.99609375,407.0924377441406,247.96484375,405.0420227050781,270.48046875,402.9916076660156,285.83203125,-1.0,-1.0,-1.0,-1.0,416.3193359375,199.86328125,407.0924377441406,199.86328125
-1.0,-1.0,411.2184753417969,214.19140625,400.9664001464844,214.19140625,397.8907470703125,234.66015625,395.84033203125,246.94140625,419.420166015625,212.14453125,423.52099609375,230.56640625,426.5966491699219,232.61328125,414.29412841796875,244.89453125,-1.0,-1.0,-1.0,-1.0,420.44537353515625,245.91796875,418.39495849609375,271.50390625,418.39495849609375,296.06640625,-1.0,-1.0,-1.0,-1.0,413.2689208984375,199.86328125,414.29412841796875,201.91015625
-1.0,-1.0,410.74359130859375,215.21484375,419.974365234375,214.19140625,423.05126953125,231.58984375,-1.0,-1.0,400.4871826171875,215.21484375,396.3846130371094,234.66015625,392.28204345703125,248.98828125,419.974365234375,245.91796875,-1.0,-1.0,-1.0,-1.0,406.6410217285156,246.94140625,-1.0,-1.0,-1.0,-1.0,-1.0,-1.0,-1.0,-1.0,413.8205261230469,200.88671875,404.5897521972656,200.88671875
412.3193359375,201.91015625,409.24371337890625,216.23828125,398.9916076660156,215.21484375,393.86553955078125,236.70703125,387.71429443359375,253.08203125,419.49578857421875,216.23828125,420.52099609375,233.63671875,423.5966491699219,246.94140625,402.0672302246094,248.98828125,408.2184753417969,273.55078125,411.29412841796875,295.04296875,417.44537353515625,247.96484375,417.44537353515625,273.55078125,418.4705810546875,295.04296875,409.24371337890625,198.83984375,415.39495849609375,197.81640625,407.1932678222656,199.86328125,416.420166015625,199.86328125
410.29412841796875,199.86328125,407.2184753417969,216.23828125,396.9664001464844,216.23828125,392.86553955078125,235.68359375,386.71429443359375,254.10546875,417.4705810546875,216.23828125,419.52099609375,233.63671875,420.5462341308594,247.96484375,401.0672302246094,248.98828125,400.0420227050781,273.55078125,397.9916076660156,288.90234375,415.420166015625,247.96484375,415.420166015625,272.52734375,417.4705810546875,295.04296875,408.24371337890625,197.81640625,414.39495849609375,196.79296875,406.1932678222656,197.81640625,415.420166015625,198.83984375
410.8461608886719,197.81640625,404.69232177734375,216.23828125,413.923095703125,216.23828125,417.0,233.63671875,-1.0,-1.0,394.4359130859375,217.26171875,390.3333435058594,235.68359375,385.20513916015625,251.03515625,411.8717956542969,248.98828125,-1.0,-1.0,-1.0,-1.0,398.5384521484375,250.01171875,-1.0,-1.0,-1.0,-1.0,408.79486083984375,196.79296875,412.8974304199219,196.79296875,406.74359130859375,197.81640625,413.923095703125,197.81640625
-1.0,-1.0,403.1932678222656,216.23828125,411.39495849609375,217.26171875,415.49578857421875,232.61328125,-1.0,-1.0,392.941162109375,217.26171875,387.81512451171875,234.66015625,384.739501953125,252.05859375,409.34454345703125,246.94140625,396.0168151855469,274.57421875,394.9916076660156,287.87890625,396.0168151855469,248.98828125,-1.0,-1.0,-1.0,-1.0,-1.0,-1.0,-1.0,-1.0,405.24371337890625,203.95703125,398.0672302246094,206.00390625
403.9830627441406,207.203125,400.88134765625,217.515625,390.5423583984375,216.484375,-1.0,-1.0,-1.0,-1.0,390.5423583984375,217.515625,386.4067687988281,234.015625,385.3728942871094,249.484375,399.84747314453125,245.359375,-1.0,-1.0,-1.0,-1.0,407.0847473144531,247.421875,408.11865234375,267.015625,410.1864318847656,289.703125,402.94915771484375,205.140625,406.05084228515625,205.140625,398.8135681152344,206.171875,-1.0,-1.0
403.0169372558594,207.203125,399.9152526855469,217.515625,389.5762634277344,216.484375,386.4745788574219,234.015625,384.4067687988281,248.453125,408.1864318847656,217.515625,412.322021484375,232.984375,415.4237365722656,246.390625,393.71185302734375,248.453125,393.71185302734375,270.109375,392.677978515625,287.640625,406.11865234375,247.421875,406.11865234375,270.109375,406.11865234375,290.734375,400.94915771484375,205.140625,405.0847473144531,205.140625,396.8135681152344,205.140625,405.0847473144531,206.171875
403.05084228515625,203.078125,398.9152526855469,216.484375,387.5423583984375,215.453125,383.4067687988281,234.015625,383.4067687988281,246.390625,408.2203369140625,216.484375,414.4237365722656,231.953125,414.4237365722656,244.328125,399.94915771484375,245.359375,-1.0,-1.0,-1.0,-1.0,405.11865234375,247.421875,405.11865234375,269.078125,407.1864318847656,289.703125,398.9152526855469,203.078125,410.28814697265625,196.890625,397.88134765625,204.109375,411.322021484375,197.921875
-1.0,-1.0,396.3793029785156,215.453125,405.6896667480469,217.515625,409.82757568359375,232.984375,412.9310302734375,245.359375,386.03448486328125,215.453125,381.89654541015625,232.984375,381.89654541015625,247.421875,403.6206970214844,245.359375,397.4137878417969,267.015625,405.6896667480469,283.515625,391.2069091796875,245.359375,394.3103332519531,269.078125,392.24139404296875,284.546875,-1.0,-1.0,-1.0,-1.0,398.4482727050781,202.046875,390.17242431640625,205.140625
-1.0,-1.0,394.88134765625,215.453125,404.1864318847656,216.484375,409.3559265136719,231.953125,411.4237365722656,246.390625,385.5762634277344,214.421875,380.4067687988281,231.953125,378.3389892578125,245.359375,402.11865234375,245.359375,394.88134765625,270.109375,392.8135681152344,289.703125,389.71185302734375,245.359375,392.8135681152344,269.078125,389.71185302734375,285.578125,-1.0,-1.0,-1.0,-1.0,397.9830627441406,202.046875,390.7457580566406,202.046875
-1.0,-1.0,393.88134765625,214.421875,403.1864318847656,214.421875,406.28814697265625,229.890625,408.3559265136719,245.359375,383.5423583984375,214.421875,378.3728942871094,231.953125,376.3050842285156,248.453125,401.11865234375,244.328125,394.9152526855469,267.015625,394.9152526855469,288.671875,388.71185302734375,244.328125,393.88134765625,268.046875,395.94915771484375,286.609375,-1.0,-1.0,-1.0,-1.0,395.94915771484375,201.015625,388.71185302734375,203.078125
411.0,198.953125,414.10345458984375,208.234375,408.9310302734375,208.234375,408.9310302734375,220.609375,-1.0,-1.0,419.2758483886719,208.234375,422.3793029785156,220.609375,420.3103332519531,229.890625,411.0,230.921875,413.0689697265625,249.484375,-1.0,-1.0,417.2069091796875,231.953125,419.2758483886719,255.671875,421.3448181152344,277.328125,409.96551513671875,197.921875,413.0689697265625,197.921875,-1.0,-1.0,414.10345458984375,197.921875
392.94915771484375,203.078125,390.88134765625,214.421875,381.5762634277344,214.421875,376.4067687988281,231.953125,374.3389892578125,246.390625,400.1864318847656,215.453125,404.322021484375,229.890625,410.5254211425781,244.328125,387.7796630859375,244.328125,390.88134765625,269.078125,391.9152526855469,290.734375,399.15252685546875,244.328125,406.38983154296875,261.859375,-1.0,-1.0,389.84747314453125,202.046875,393.9830627441406,201.015625,387.7796630859375,203.078125,396.05084228515625,202.046875
389.88134765625,201.015625,389.88134765625,215.453125,399.1864318847656,216.484375,403.322021484375,229.890625,407.4576416015625,238.140625,379.5423583984375,215.453125,375.4067687988281,232.984375,372.3050842285156,247.421875,398.15252685546875,244.328125,388.84747314453125,269.078125,389.88134765625,291.765625,386.7796630859375,245.359375,390.9152526855469,269.078125,391.94915771484375,288.671875,387.8135681152344,199.984375,390.9152526855469,197.921875,388.84747314453125,203.078125,-1.0,-1.0
411.137939453125,197.921875,413.2069091796875,207.203125,408.03448486328125,207.203125,407.0,219.578125,-1.0,-1.0,418.3793029785156,208.234375,419.4137878417969,219.578125,419.4137878417969,229.890625,410.10345458984375,232.984375,410.10345458984375,257.734375,-1.0,-1.0,417.3448181152344,232.984375,414.24139404296875,258.765625,419.4137878417969,274.234375,410.10345458984375,196.890625,413.2069091796875,195.859375,410.10345458984375,197.921875,414.24139404296875,196.890625
-1.0,-1.0,386.88134765625,216.484375,395.15252685546875,216.484375,400.322021484375,231.953125,405.49151611328125,247.421875,377.5762634277344,216.484375,373.440673828125,232.984375,372.4067687988281,246.390625,393.0847473144531,245.359375,391.0169372558594,269.078125,393.0847473144531,290.734375,382.7457580566406,245.359375,383.7796630859375,269.078125,383.7796630859375,289.703125,-1.0,-1.0,-1.0,-1.0,388.94915771484375,204.109375,380.677978515625,205.140625
-1.0,-1.0,385.88134765625,216.484375,394.15252685546875,216.484375,400.3559265136719,234.015625,405.5254211425781,248.453125,376.5762634277344,216.484375,372.440673828125,232.984375,370.3728942871094,248.453125,392.0847473144531,246.390625,388.9830627441406,269.078125,391.05084228515625,289.703125,381.7457580566406,246.390625,382.7796630859375,271.140625,380.71185302734375,289.703125,-1.0,-1.0,-1.0,-1.0,387.94915771484375,204.109375,379.677978515625,206.171875
-1.0,-1.0,384.9152526855469,217.515625,393.1864318847656,217.515625,399.38983154296875,234.015625,401.4576416015625,248.453125,375.61016845703125,217.515625,372.50848388671875,234.015625,369.4067687988281,248.453125,392.15252685546875,246.390625,388.0169372558594,269.078125,392.15252685546875,291.765625,380.7796630859375,246.390625,381.8135681152344,270.109375,379.7457580566406,291.765625,-1.0,-1.0,-1.0,-1.0,388.0169372558594,205.140625,379.7457580566406,205.140625
-1.0,-1.0,383.9152526855469,218.546875,392.1864318847656,217.515625,397.3559265136719,234.015625,397.3559265136719,250.515625,374.61016845703125,217.515625,371.50848388671875,234.015625,369.440673828125,247.421875,391.15252685546875,247.421875,387.0169372558594,269.078125,391.15252685546875,288.671875,379.7796630859375,247.421875,379.7796630859375,270.109375,379.7796630859375,289.703125,-1.0,-1.0,-1.0,-1.0,387.0169372558594,205.140625,379.7796630859375,206.171875
-1.0,-1.0,383.4482727050781,217.515625,391.72412109375,217.515625,396.89654541015625,234.015625,397.9310302734375,250.515625,374.137939453125,217.515625,370.0,234.015625,368.96551513671875,248.453125,390.6896667480469,247.421875,384.4827575683594,269.078125,390.6896667480469,289.703125,379.3103332519531,247.421875,381.3793029785156,270.109375,390.6896667480469,291.765625,-1.0,-1.0,-1.0,-1.0,385.5172424316406,205.140625,378.2758483886719,206.171875
-1.0,-1.0,381.1932678222656,217.23828125,390.420166015625,217.23828125,394.52099609375,234.63671875,396.5714416503906,248.96484375,372.9916076660156,217.23828125,369.91595458984375,232.58984375,368.8907470703125,247.94140625,389.39495849609375,247.94140625,385.29412841796875,269.43359375,387.34454345703125,288.87890625,377.0924377441406,246.91796875,379.1428527832031,270.45703125,380.1680603027344,288.87890625,-1.0,-1.0,-1.0,-1.0,385.29412841796875,204.95703125,377.0924377441406,205.98046875
-1.0,-1.0,381.2184753417969,217.23828125,389.420166015625,218.26171875,393.52099609375,234.63671875,395.5714416503906,249.98828125,371.9916076660156,217.23828125,368.91595458984375,233.61328125,367.8907470703125,246.91796875,388.39495849609375,248.96484375,383.2689208984375,271.48046875,383.2689208984375,295.01953125,376.0924377441406,247.94140625,377.1176452636719,272.50390625,379.1680603027344,293.99609375,-1.0,-1.0,-1.0,-1.0,384.29412841796875,204.95703125,376.0924377441406,205.98046875
-1.0,-1.0,379.69232177734375,217.23828125,388.923095703125,217.23828125,393.025634765625,234.63671875,395.0769348144531,249.98828125,370.4615478515625,217.23828125,368.4102478027344,233.61328125,366.3589782714844,246.91796875,385.8461608886719,247.94140625,380.71795654296875,269.43359375,380.71795654296875,288.87890625,375.5897521972656,246.91796875,375.5897521972656,270.45703125,378.6666564941406,287.85546875,-1.0,-1.0,-1.0,-1.0,383.79486083984375,204.95703125,375.5897521972656,205.98046875
-1.0,-1.0,378.9741516113281,216.9921875,388.1293029785156,218.0078125,391.1810302734375,235.2734375,394.2327575683594,249.4921875,369.8189697265625,216.9921875,365.75,234.2578125,362.6982727050781,250.5078125,386.0948181152344,249.4921875,379.99139404296875,281.9921875,378.9741516113281,298.2421875,372.8706970214844,248.4765625,375.92242431640625,281.9921875,379.99139404296875,303.3203125,-1.0,-1.0,-1.0,-1.0,382.0258483886719,204.8046875,374.9051818847656,205.8203125
-1.0,-1.0,377.23077392578125,216.73828125,387.3162536621094,217.74609375,390.3418884277344,233.87109375,393.3675231933594,248.98828125,368.1538391113281,216.73828125,365.1282043457031,233.87109375,362.1025695800781,246.97265625,385.29913330078125,247.98046875,381.26495361328125,267.12890625,378.23931884765625,284.26171875,372.18804931640625,246.97265625,372.18804931640625,267.12890625,373.19659423828125,282.24609375,-1.0,-1.0,-1.0,-1.0,381.26495361328125,204.64453125,374.20513916015625,205.65234375
-1.0,-1.0,376.23077392578125,216.73828125,385.30767822265625,216.73828125,389.3418884277344,234.87890625,392.3675231933594,248.98828125,367.1538391113281,217.74609375,365.1367492675781,233.87109375,362.1111145019531,246.97265625,384.29913330078125,247.98046875,380.26495361328125,268.13671875,379.25640869140625,286.27734375,372.19659423828125,247.98046875,371.18804931640625,269.14453125,370.17950439453125,285.26953125,-1.0,-1.0,-1.0,-1.0,380.26495361328125,205.65234375,373.20513916015625,206.66015625
-1.0,-1.0,375.0,217.5,384.0,217.5,388.0,234.5,392.0,249.5,366.0,218.5,364.0,234.5,359.0,248.5,383.0,247.5,379.0,269.5,379.0,288.5,370.0,247.5,369.0,269.5,369.0,286.5,-1.0,-1.0,-1.0,-1.0,379.0,205.5,371.0,206.5
-1.0,-1.0,373.76922607421875,217.26171875,383.68377685546875,217.26171875,387.6495666503906,234.12890625,390.6239318847656,249.01171875,364.8461608886719,218.25390625,361.8717956542969,235.12109375,357.9059753417969,249.01171875,381.70086669921875,248.01953125,369.80340576171875,269.84765625,367.8205261230469,283.73828125,369.80340576171875,247.02734375,378.72650146484375,269.84765625,378.72650146484375,284.73046875,-1.0,-1.0,-1.0,-1.0,377.73504638671875,206.34765625,370.79486083984375,207.33984375
-1.0,-1.0,373.2695617675781,218.25390625,382.1913146972656,218.25390625,386.1565246582031,235.12109375,390.1217346191406,249.01171875,364.34783935546875,218.25390625,360.3825988769531,235.12109375,357.40869140625,249.01171875,381.20001220703125,248.01953125,-1.0,-1.0,-1.0,-1.0,368.31304931640625,248.01953125,-1.0,-1.0,-1.0,-1.0,-1.0,-1.0,-1.0,-1.0,375.2521667480469,206.34765625,370.295654296875,206.34765625
373.2608642578125,208.33203125,372.2695617675781,218.25390625,364.3391418457031,218.25390625,360.3739013671875,235.12109375,355.4173889160156,248.01953125,381.1913146972656,218.25390625,385.1565246582031,235.12109375,391.1043395996094,250.99609375,368.3043518066406,248.01953125,366.3217468261719,269.84765625,364.3391418457031,285.72265625,380.20001220703125,248.01953125,379.20867919921875,269.84765625,378.2174072265625,286.71484375,372.2695617675781,206.34765625,376.2347717285156,204.36328125,371.27825927734375,206.34765625,376.2347717285156,207.33984375
373.99139404296875,208.1640625,371.0430908203125,218.9921875,362.1982727050781,219.9765625,358.2672424316406,235.7265625,354.3362121582031,249.5078125,379.887939453125,218.9921875,384.8017272949219,235.7265625,389.71551513671875,249.5078125,367.112060546875,248.5234375,366.1293029785156,268.2109375,365.14654541015625,285.9296875,379.887939453125,248.5234375,378.9051818847656,269.1953125,377.92242431640625,287.8984375,371.0430908203125,206.1953125,374.9741516113281,205.2109375,369.07757568359375,207.1796875,375.9569091796875,207.1796875
372.7304382324219,208.99609375,369.8086853027344,219.73828125,362.01739501953125,219.73828125,358.1217346191406,236.33984375,353.2521667480469,250.01171875,378.57391357421875,219.73828125,383.4434814453125,235.36328125,388.31304931640625,250.01171875,366.886962890625,250.01171875,365.9130554199219,270.51953125,363.9652099609375,287.12109375,378.57391357421875,249.03515625,377.6000061035156,269.54296875,377.6000061035156,288.09765625,370.7825927734375,207.04296875,374.6782531738281,205.08984375,369.8086853027344,208.01953125,376.6260986328125,208.01953125
371.7304382324219,209.97265625,368.8086853027344,220.71484375,361.01739501953125,220.71484375,357.1217346191406,237.31640625,352.2521667480469,250.01171875,376.6000061035156,220.71484375,381.4695739746094,236.33984375,385.3652038574219,250.01171875,364.9130554199219,250.01171875,364.9130554199219,270.51953125,362.9652099609375,285.16796875,376.6000061035156,250.01171875,376.6000061035156,270.51953125,376.6000061035156,287.12109375,369.7825927734375,208.01953125,372.704345703125,206.06640625,368.8086853027344,208.99609375,-1.0,-1.0
371.4482727050781,206.890625,367.5862121582031,220.453125,375.3103332519531,220.453125,379.17242431640625,236.921875,-1.0,-1.0,358.89654541015625,220.453125,355.03448486328125,236.921875,350.2069091796875,249.515625,375.3103332519531,249.515625,-1.0,-1.0,-1.0,-1.0,375.3103332519531,249.515625,376.2758483886719,270.828125,377.24139404296875,288.265625,368.5517272949219,206.890625,-1.0,-1.0,-1.0,-1.0,363.7241516113281,209.796875
-1.0,-1.0,366.122802734375,221.19140625,374.8070068359375,221.19140625,379.631591796875,236.56640625,380.59649658203125,250.01953125,357.4385986328125,221.19140625,353.5789489746094,237.52734375,348.75439453125,251.94140625,374.8070068359375,249.05859375,-1.0,-1.0,-1.0,-1.0,363.2280578613281,250.98046875,373.84210205078125,273.08203125,-1.0,-1.0,-1.0,-1.0,-1.0,-1.0,368.0526428222656,208.69921875,-1.0,-1.0
-1.0,-1.0,364.625,221.19140625,373.3035888671875,221.19140625,378.125,236.56640625,380.0535888671875,249.05859375,355.9464416503906,221.19140625,353.0535583496094,237.52734375,347.2678527832031,250.98046875,372.33929443359375,249.05859375,363.66070556640625,269.23828125,-1.0,-1.0,361.7321472167969,249.05859375,371.375,269.23828125,-1.0,-1.0,-1.0,-1.0,-1.0,-1.0,366.5535583496094,209.66015625,361.7321472167969,210.62109375
-1.0,-1.0,363.625,221.19140625,354.9464416503906,221.19140625,352.0535583496094,237.52734375,347.2321472167969,250.01953125,372.3035888671875,221.19140625,376.16070556640625,234.64453125,375.1964416503906,239.44921875,360.7321472167969,250.98046875,359.7678527832031,270.19921875,359.7678527832031,291.33984375,371.33929443359375,250.01953125,370.375,270.19921875,367.4821472167969,289.41796875,-1.0,-1.0,-1.0,-1.0,363.625,209.66015625,-1.0,-1.0
-1.0,-1.0,361.93804931640625,220.9296875,354.2920227050781,220.9296875,349.5132751464844,237.1328125,346.6460266113281,250.4765625,369.5840759277344,220.9296875,373.4070739746094,235.2265625,376.2743225097656,248.5703125,359.07080078125,248.5703125,359.07080078125,269.5390625,358.11505126953125,289.5546875,370.5398254394531,248.5703125,368.6283264160156,269.5390625,368.6283264160156,286.6953125,-1.0,-1.0,-1.0,-1.0,360.9822998046875,209.4921875,-1.0,-1.0
-1.0,-1.0,360.7368469238281,220.72265625,352.2105407714844,220.72265625,348.4210510253906,237.73828125,346.52630615234375,251.91796875,-1.0,-1.0,-1.0,-1.0,-1.0,-1.0,364.52630615234375,246.24609375,-1.0,-1.0,-1.0,-1.0,367.368408203125,248.13671875,367.368408203125,268.93359375,368.3157958984375,286.89453125,-1.0,-1.0,-1.0,-1.0,362.631591796875,208.43359375,-1.0,-1.0
-1.0,-1.0,359.7368469238281,220.72265625,368.2631530761719,220.72265625,373.0,235.84765625,375.84210205078125,249.08203125,350.2631530761719,220.72265625,347.4210510253906,237.73828125,345.52630615234375,249.08203125,367.3157958984375,248.13671875,366.368408203125,271.76953125,365.4210510253906,289.73046875,355.0,248.13671875,356.8947448730469,271.76953125,357.84210205078125,293.51171875,-1.0,-1.0,-1.0,-1.0,365.4210510253906,208.43359375,354.0526428222656,210.32421875
356.6371765136719,205.46875,357.5752258300781,220.46875,349.13275146484375,220.46875,346.3185729980469,237.34375,343.5044250488281,249.53125,366.0177001953125,220.46875,369.7698974609375,234.53125,372.5840759277344,248.59375,354.76104736328125,248.59375,356.6371765136719,270.15625,358.5132751464844,292.65625,365.07965087890625,247.65625,364.1416015625,270.15625,364.1416015625,286.09375,352.88494873046875,202.65625,358.5132751464844,200.78125,351.9468994140625,206.40625,358.5132751464844,201.71875
355.03570556640625,201.69140625,356.8928527832031,219.35546875,348.53570556640625,220.28515625,344.8214416503906,237.01953125,342.03570556640625,251.89453125,366.1785583496094,219.35546875,370.8214111328125,235.16015625,370.8214111328125,248.17578125,353.1785583496094,248.17578125,356.8928527832031,271.41796875,358.75,293.73046875,365.25,249.10546875,362.46429443359375,271.41796875,361.53570556640625,294.66015625,352.25,201.69140625,356.8928527832031,199.83203125,351.3214416503906,202.62109375,358.75,201.69140625
-1.0,-1.0,357.75,220.28515625,348.46429443359375,220.28515625,344.75,237.94921875,359.6071472167969,241.66796875,367.03570556640625,220.28515625,370.75,237.01953125,369.8214111328125,249.10546875,353.1071472167969,249.10546875,354.96429443359375,255.61328125,358.6785583496094,292.80078125,364.25,249.10546875,-1.0,-1.0,-1.0,-1.0,-1.0,-1.0,-1.0,-1.0,-1.0,-1.0,-1.0,-1.0
351.1785583496094,204.48046875,356.75,220.28515625,347.46429443359375,221.21484375,342.8214416503906,237.94921875,358.6071472167969,240.73828125,365.1071472167969,220.28515625,369.75,237.01953125,369.75,249.10546875,352.1071472167969,250.03515625,353.96429443359375,270.48828125,356.75,292.80078125,363.25,250.96484375,359.53570556640625,271.41796875,357.6785583496094,291.87109375,-1.0,-1.0,-1.0,-1.0,-1.0,-1.0,358.6071472167969,202.62109375
364.70269775390625,210.8203125,355.5135192871094,220.0390625,347.2432556152344,220.0390625,341.729736328125,234.7890625,350.9189147949219,240.3203125,362.8648681640625,220.0390625,367.45947265625,234.7890625,368.3783874511719,247.6953125,350.9189147949219,248.6171875,354.5946044921875,271.6640625,355.5135192871094,291.9453125,360.10809326171875,248.6171875,358.270263671875,270.7421875,357.3513488769531,293.7890625,362.8648681640625,208.9765625,-1.0,-1.0,359.1891784667969,208.9765625,-1.0,-1.0
-1.0,-1.0,355.22320556640625,219.87890625,347.02679443359375,220.79296875,338.8303527832031,236.33203125,348.84820556640625,239.07421875,362.5089416503906,220.79296875,367.0625,238.16015625,367.97320556640625,251.87109375,351.5803527832031,247.30078125,352.4910583496094,252.78515625,357.0446472167969,293.91796875,360.6875,248.21484375,-1.0,-1.0,-1.0,-1.0,-1.0,-1.0,-1.0,-1.0,-1.0,-1.0,-1.0,-1.0
-1.0,-1.0,354.22320556640625,220.79296875,346.02679443359375,221.70703125,352.40179443359375,237.24609375,359.6875,242.73046875,361.5089416503906,220.79296875,366.0625,238.16015625,368.7946472167969,250.95703125,351.4910583496094,248.21484375,352.40179443359375,254.61328125,356.0446472167969,293.00390625,360.59820556640625,249.12890625,-1.0,-1.0,-1.0,-1.0,-1.0,-1.0,-1.0,-1.0,-1.0,-1.0,-1.0,-1.0
-1.0,-1.0,353.7272644042969,221.453125,344.6363525390625,221.453125,338.2727355957031,239.578125,347.3636474609375,242.296875,361.9090881347656,220.546875,366.4545593261719,238.671875,-1.0,-1.0,350.0909118652344,247.734375,351.9090881347656,254.078125,356.4545593261719,293.046875,360.0909118652344,249.546875,-1.0,-1.0,-1.0,-1.0,-1.0,-1.0,-1.0,-1.0,-1.0,-1.0,-1.0,-1.0
-1.0,-1.0,352.47705078125,222.19921875,345.2843933105469,222.19921875,338.9908142089844,238.37109375,359.66973876953125,248.25390625,360.5688171386719,221.30078125,-1.0,-1.0,-1.0,-1.0,349.7798156738281,247.35546875,349.7798156738281,254.54296875,356.97247314453125,292.27734375,359.66973876953125,249.15234375,-1.0,-1.0,-1.0,-1.0,-1.0,-1.0,-1.0,-1.0,-1.0,-1.0,-1.0,-1.0
-1.0,-1.0,350.5779724121094,222.19921875,342.4862365722656,223.09765625,337.9908142089844,238.37109375,349.67889404296875,246.45703125,358.66973876953125,222.19921875,363.1651306152344,235.67578125,-1.0,-1.0,347.8807373046875,249.15234375,349.67889404296875,256.33984375,-1.0,-1.0,357.7706298828125,249.15234375,356.8715515136719,268.91796875,356.8715515136719,289.58203125,-1.0,-1.0,-1.0,-1.0,-1.0,-1.0,-1.0,-1.0
-1.0,-1.0,350.47705078125,222.19921875,343.2843933105469,223.09765625,337.889892578125,238.37109375,345.9816589355469,242.86328125,358.5688171386719,222.19921875,363.064208984375,237.47265625,-1.0,-1.0,348.67889404296875,249.15234375,350.47705078125,257.23828125,-1.0,-1.0,357.66973876953125,249.15234375,356.7706298828125,269.81640625,357.66973876953125,294.07421875,-1.0,-1.0,-1.0,-1.0,-1.0,-1.0,-1.0,-1.0
-1.0,-1.0,351.0545349121094,221.9453125,343.036376953125,222.8359375,337.69091796875,238.8671875,-1.0,-1.0,359.963623046875,221.9453125,-1.0,-1.0,-1.0,-1.0,348.3818054199219,248.6640625,348.3818054199219,254.0078125,-1.0,-1.0,358.18182373046875,247.7734375,-1.0,-1.0,-1.0,-1.0,-1.0,-1.0,-1.0,-1.0,-1.0,-1.0,-1.0,-1.0
355.064208984375,194.44140625,349.7798156738281,223.57421875,340.97247314453125,223.57421875,337.4495544433594,240.34765625,360.3486328125,249.17578125,357.7064208984375,223.57421875,360.3486328125,237.69921875,362.9908142089844,248.29296875,347.1376037597656,250.05859375,346.25689697265625,255.35546875,353.3027648925781,292.43359375,356.82568359375,249.17578125,-1.0,-1.0,-1.0,-1.0,352.4220275878906,194.44140625,-1.0,-1.0,348.0183410644531,194.44140625,-1.0,-1.0
-1.0,-1.0,348.1697998046875,222.69140625,341.0754699707031,222.69140625,336.6415100097656,239.46484375,-1.0,-1.0,357.0377502441406,221.80859375,-1.0,-1.0,-1.0,-1.0,345.5094299316406,250.05859375,349.0566101074219,272.12890625,347.28302001953125,293.31640625,355.26416015625,248.29296875,355.26416015625,273.89453125,353.4905700683594,290.66796875,-1.0,-1.0,-1.0,-1.0,348.1697998046875,194.44140625,-1.0,-1.0
-1.0,-1.0,350.0373840332031,221.5625,340.37384033203125,222.4375,336.85980224609375,239.0625,357.9439392089844,250.4375,358.8224182128906,221.5625,362.3364562988281,236.4375,362.3364562988281,250.4375,343.8878479003906,251.3125,346.52337646484375,275.8125,349.15887451171875,294.1875,353.5513916015625,251.3125,350.9158935546875,275.8125,350.9158935546875,295.9375,-1.0,-1.0,-1.0,-1.0,349.15887451171875,194.4375,-1.0,-1.0
-1.0,-1.0,346.1944580078125,223.18359375,-1.0,-1.0,-1.0,-1.0,-1.0,-1.0,338.3611145019531,224.05078125,334.879638671875,237.92578125,-1.0,-1.0,352.28704833984375,250.93359375,-1.0,-1.0,-1.0,-1.0,352.28704833984375,249.19921875,351.4166564941406,280.41796875,-1.0,-1.0,-1.0,-1.0,-1.0,-1.0,-1.0,-1.0,-1.0,-1.0
-1.0,-1.0,345.5660400390625,222.31640625,338.6226501464844,223.18359375,334.28302001953125,238.79296875,355.98114013671875,248.33203125,353.3773498535156,222.31640625,358.58489990234375,235.32421875,358.58489990234375,252.66796875,342.9622497558594,250.93359375,344.6981201171875,274.34765625,346.4339599609375,287.35546875,352.5094299316406,250.93359375,350.7735900878906,274.34765625,347.3018798828125,291.69140625,-1.0,-1.0,-1.0,-1.0,-1.0,-1.0,-1.0,-1.0
-1.0,-1.0,344.5660400390625,222.31640625,-1.0,-1.0,-1.0,-1.0,-1.0,-1.0,336.7547302246094,223.18359375,333.28302001953125,237.05859375,332.41510009765625,251.80078125,349.7735900878906,250.06640625,346.3018798828125,270.01171875,-1.0,-1.0,341.0943298339844,250.93359375,-1.0,-1.0,-1.0,-1.0,-1.0,-1.0,-1.0,-1.0,-1.0,-1.0,-1.0,-1.0
-1.0,-1.0,343.7850341796875,222.0703125,351.52337646484375,222.9296875,354.9626159667969,235.8203125,359.2616882324219,246.9921875,335.1869201660156,222.0703125,332.60748291015625,236.6796875,330.0280456542969,250.4296875,348.9439392089844,249.5703125,346.364501953125,270.1953125,343.7850341796875,288.2421875,337.766357421875,249.5703125,336.0467224121094,271.0546875,337.766357421875,287.3828125,-1.0,-1.0,-1.0,-1.0,347.22430419921875,211.7578125,339.4859924316406,214.3359375
-1.0,-1.0,342.5740661621094,221.97265625,350.2407531738281,221.97265625,355.35186767578125,236.44921875,356.2037048339844,248.37109375,334.0555419921875,222.82421875,331.5,236.44921875,329.7962951660156,250.07421875,348.53704833984375,249.22265625,345.9814758300781,271.36328125,343.4259338378906,291.80078125,337.46295166015625,249.22265625,334.90740966796875,269.66015625,333.2037048339844,287.54296875,-1.0,-1.0,-1.0,-1.0,345.129638671875,211.75390625,337.46295166015625,213.45703125
-1.0,-1.0,340.9320373535156,222.82421875,348.6213684082031,221.97265625,354.6019287109375,236.44921875,356.3106689453125,247.51953125,332.3883361816406,223.67578125,330.67962646484375,237.30078125,328.97088623046875,248.37109375,347.7669982910156,250.07421875,346.0582580566406,269.66015625,343.4951477050781,288.39453125,335.8058166503906,249.22265625,334.0970764160156,269.66015625,333.2427062988281,288.39453125,-1.0,-1.0,-1.0,-1.0,344.3495178222656,212.60546875,336.6601867675781,213.45703125
-1.0,-1.0,340.5769348144531,223.421875,348.19232177734375,223.421875,353.26922607421875,236.078125,354.9615478515625,248.734375,332.1153869628906,223.421875,330.4230651855469,237.765625,327.0384521484375,250.421875,346.5,248.734375,345.6538391113281,269.828125,346.5,282.484375,335.5,249.578125,332.9615478515625,269.828125,-1.0,-1.0,-1.0,-1.0,-1.0,-1.0,341.4230651855469,212.453125,336.3461608886719,212.453125
-1.0,-1.0,339.79046630859375,223.33203125,348.1714172363281,223.33203125,353.20001220703125,237.54296875,354.8761901855469,247.57421875,332.24761962890625,224.16796875,329.73333740234375,238.37890625,327.21905517578125,250.91796875,346.4952392578125,250.08203125,344.8190612792969,270.98046875,342.30474853515625,289.37109375,335.6000061035156,250.08203125,333.0857238769531,270.98046875,332.24761962890625,288.53515625,-1.0,-1.0,-1.0,-1.0,342.30474853515625,212.46484375,335.6000061035156,214.13671875
-1.0,-1.0,339.6285705566406,224.16796875,347.1714172363281,224.16796875,351.3619079589844,237.54296875,358.066650390625,240.88671875,330.4095153808594,224.16796875,329.5714416503906,237.54296875,327.05712890625,246.73828125,345.4952392578125,250.08203125,344.6571350097656,271.81640625,342.98095703125,289.37109375,333.76190185546875,250.91796875,332.9237976074219,270.98046875,331.24761962890625,288.53515625,-1.0,-1.0,-1.0,-1.0,342.1428527832031,214.13671875,334.6000061035156,214.13671875
-1.0,-1.0,338.6285705566406,225.00390625,347.009521484375,225.00390625,351.20001220703125,238.37890625,357.066650390625,240.88671875,330.24761962890625,225.00390625,330.24761962890625,237.54296875,-1.0,-1.0,344.4952392578125,250.91796875,344.4952392578125,271.81640625,343.6571350097656,289.37109375,332.76190185546875,250.91796875,331.9237976074219,270.98046875,330.24761962890625,287.69921875,-1.0,-1.0,-1.0,-1.0,341.1428527832031,214.97265625,334.4381103515625,214.97265625
-1.0,-1.0,338.56732177734375,224.7421875,346.0096130371094,224.7421875,349.31732177734375,237.9921875,355.93267822265625,242.1328125,330.2980651855469,224.7421875,330.2980651855469,237.9921875,-1.0,-1.0,343.5288391113281,250.4140625,343.5288391113281,271.1171875,342.7019348144531,288.5078125,331.9519348144531,249.5859375,331.125,269.4609375,331.125,286.0234375,-1.0,-1.0,-1.0,-1.0,341.0480651855469,214.8046875,334.43267822265625,215.6328125
-1.0,-1.0,337.23529052734375,224.66015625,344.6470642089844,225.48046875,347.941162109375,239.42578125,355.3529357910156,239.42578125,329.8235168457031,224.66015625,329.0,238.60546875,-1.0,-1.0,342.1764831542969,250.91015625,343.0,272.23828125,343.0,289.46484375,331.4705810546875,250.91015625,330.6470642089844,271.41796875,331.4705810546875,287.00390625,-1.0,-1.0,-1.0,-1.0,340.5294189453125,215.63671875,333.1176452636719,215.63671875
-1.0,-1.0,336.23529052734375,225.48046875,343.6470642089844,225.48046875,346.941162109375,239.42578125,348.5882263183594,251.73046875,328.0,225.48046875,325.5294189453125,239.42578125,323.058837890625,251.73046875,341.1764831542969,250.91015625,342.0,272.23828125,340.3529357910156,290.28515625,330.4705810546875,250.91015625,330.4705810546875,271.41796875,330.4705810546875,288.64453125,-1.0,-1.0,-1.0,-1.0,338.70587158203125,215.63671875,331.29412841796875,215.63671875
-1.0,-1.0,334.6116638183594,225.21875,342.7669982910156,225.21875,346.84466552734375,239.03125,347.6601867675781,252.03125,326.456298828125,225.21875,324.00970458984375,239.03125,322.3786315917969,250.40625,340.32037353515625,251.21875,341.13592529296875,271.53125,341.9514465332031,288.59375,328.9029235839844,251.21875,329.71844482421875,270.71875,329.71844482421875,286.96875,-1.0,-1.0,-1.0,-1.0,337.873779296875,214.65625,329.71844482421875,215.46875
-1.0,-1.0,334.5097961425781,224.34765625,342.54901123046875,224.34765625,345.76470947265625,238.83203125,346.5686340332031,251.70703125,326.4705810546875,224.34765625,323.2549133300781,239.63671875,320.8431396484375,248.48828125,340.13726806640625,251.70703125,340.13726806640625,271.01953125,340.941162109375,287.91796875,328.8823547363281,250.09765625,328.8823547363281,270.21484375,328.8823547363281,286.30859375,-1.0,-1.0,-1.0,-1.0,336.92156982421875,213.88671875,329.686279296875,214.69140625
-1.0,-1.0,333.70587158203125,224.34765625,341.7450866699219,224.34765625,344.9607849121094,238.02734375,-1.0,-1.0,325.6666564941406,224.34765625,322.45098876953125,238.83203125,321.6470642089844,250.90234375,339.3333435058594,250.90234375,339.3333435058594,270.21484375,339.3333435058594,285.50390625,328.07843017578125,250.09765625,328.8823547363281,270.21484375,329.686279296875,287.91796875,-1.0,-1.0,-1.0,-1.0,336.92156982421875,213.88671875,329.686279296875,214.69140625
-1.0,-1.0,332.9019470214844,224.34765625,340.941162109375,224.34765625,344.1568603515625,237.22265625,-1.0,-1.0,324.058837890625,224.34765625,320.8431396484375,238.83203125,321.6470642089844,246.87890625,338.5294189453125,250.09765625,337.7254943847656,269.41015625,338.5294189453125,283.08984375,327.2745056152344,250.09765625,328.8823547363281,270.21484375,328.8823547363281,287.91796875,-1.0,-1.0,-1.0,-1.0,336.1176452636719,213.88671875,328.8823547363281,213.88671875
-1.0,-1.0,332.0980529785156,224.34765625,340.13726806640625,224.34765625,344.1568603515625,238.02734375,345.76470947265625,250.09765625,324.058837890625,224.34765625,320.0392150878906,238.83203125,316.0196228027344,246.87890625,337.7254943847656,250.90234375,336.1176452636719,270.21484375,336.92156982421875,283.89453125,327.2745056152344,250.09765625,328.8823547363281,270.21484375,328.8823547363281,286.30859375,-1.0,-1.0,-1.0,-1.0,335.313720703125,213.88671875,328.07843017578125,213.88671875
-1.0,-1.0,331.29412841796875,223.54296875,339.3333435058594,223.54296875,343.3529357910156,237.22265625,345.76470947265625,249.29296875,323.2549133300781,224.34765625,319.23529052734375,238.83203125,316.0196228027344,249.29296875,337.7254943847656,250.09765625,335.313720703125,269.41015625,336.92156982421875,285.50390625,327.2745056152344,250.09765625,328.8823547363281,271.01953125,329.686279296875,288.72265625,-1.0,-1.0,-1.0,-1.0,334.5097961425781,213.08203125,327.2745056152344,213.88671875
-1.0,-1.0,331.29412841796875,223.54296875,339.3333435058594,223.54296875,342.54901123046875,238.02734375,345.76470947265625,249.29296875,322.45098876953125,223.54296875,320.0392150878906,237.22265625,317.62744140625,248.48828125,336.92156982421875,249.29296875,334.5097961425781,270.21484375,336.1176452636719,287.11328125,326.4705810546875,249.29296875,328.07843017578125,270.21484375,329.686279296875,287.91796875,-1.0,-1.0,-1.0,-1.0,333.70587158203125,213.08203125,327.2745056152344,213.88671875
-1.0,-1.0,330.4902038574219,224.34765625,338.5294189453125,224.34765625,342.54901123046875,238.02734375,344.9607849121094,249.29296875,321.6470642089844,224.34765625,318.4313659667969,238.02734375,316.8235168457031,249.29296875,336.92156982421875,249.29296875,333.70587158203125,271.01953125,330.4902038574219,288.72265625,325.6666564941406,248.48828125,328.07843017578125,271.01953125,334.5097961425781,288.72265625,-1.0,-1.0,-1.0,-1.0,333.70587158203125,213.88671875,326.4705810546875,213.88671875
-1.0,-1.0,329.686279296875,224.34765625,337.7254943847656,224.34765625,341.7450866699219,238.83203125,344.1568603515625,250.90234375,321.6470642089844,224.34765625,319.23529052734375,237.22265625,-1.0,-1.0,336.1176452636719,249.29296875,332.9019470214844,271.01953125,330.4902038574219,288.72265625,324.86273193359375,248.48828125,328.8823547363281,271.01953125,334.5097961425781,288.72265625,-1.0,-1.0,-1.0,-1.0,333.70587158203125,213.88671875,325.6666564941406,213.08203125
-1.0,-1.0,329.686279296875,224.34765625,336.92156982421875,224.34765625,341.7450866699219,238.02734375,342.54901123046875,250.09765625,320.8431396484375,224.34765625,318.4313659667969,237.22265625,-1.0,-1.0,336.1176452636719,249.29296875,-1.0,-1.0,-1.0,-1.0,325.6666564941406,249.29296875,-1.0,-1.0,-1.0,-1.0,-1.0,-1.0,-1.0,-1.0,332.0980529785156,213.88671875,325.6666564941406,213.88671875
-1.0,-1.0,328.8823547363281,225.15234375,336.92156982421875,225.15234375,340.941162109375,238.83203125,343.3529357910156,250.09765625,320.0392150878906,225.15234375,316.8235168457031,237.22265625,316.0196228027344,251.70703125,336.92156982421875,249.29296875,331.29412841796875,270.21484375,329.686279296875,288.72265625,325.6666564941406,249.29296875,328.8823547363281,271.01953125,331.29412841796875,287.91796875,-1.0,-1.0,-1.0,-1.0,331.29412841796875,214.69140625,325.6666564941406,214.69140625
-1.0,-1.0,328.8823547363281,225.15234375,336.92156982421875,225.15234375,341.7450866699219,238.83203125,344.9607849121094,249.29296875,320.0392150878906,225.15234375,316.0196228027344,238.02734375,315.2156982421875,250.09765625,336.1176452636719,249.29296875,331.29412841796875,270.21484375,329.686279296875,289.52734375,324.86273193359375,249.29296875,328.07843017578125,270.21484375,329.686279296875,289.52734375,-1.0,-1.0,-1.0,-1.0,332.0980529785156,215.49609375,324.86273193359375,216.30078125
-1.0,-1.0,328.8823547363281,225.95703125,337.7254943847656,225.95703125,341.7450866699219,239.63671875,344.1568603515625,249.29296875,320.0392150878906,225.95703125,316.8235168457031,238.02734375,314.4117736816406,246.87890625,336.1176452636719,249.29296875,328.8823547363281,271.82421875,328.8823547363281,289.52734375,324.86273193359375,250.09765625,330.4902038574219,271.82421875,328.8823547363281,291.13671875,-1.0,-1.0,-1.0,-1.0,331.29412841796875,216.30078125,324.86273193359375,218.71484375
-1.0,-1.0,328.8823547363281,225.95703125,336.92156982421875,225.95703125,340.941162109375,240.44140625,343.3529357910156,250.90234375,320.0392150878906,225.95703125,316.0196228027344,238.83203125,314.4117736816406,249.29296875,336.1176452636719,250.90234375,-1.0,-1.0,-1.0,-1.0,324.86273193359375,250.90234375,-1.0,-1.0,-1.0,-1.0,-1.0,-1.0,-1.0,-1.0,331.29412841796875,216.30078125,325.6666564941406,217.10546875
-1.0,-1.0,328.8823547363281,225.95703125,336.92156982421875,225.95703125,340.13726806640625,240.44140625,343.3529357910156,251.70703125,320.0392150878906,225.95703125,316.0196228027344,238.83203125,-1.0,-1.0,335.313720703125,251.70703125,331.29412841796875,271.82421875,330.4902038574219,288.72265625,324.058837890625,250.90234375,328.07843017578125,272.62890625,328.07843017578125,291.13671875,-1.0,-1.0,-1.0,-1.0,332.0980529785156,215.49609375,324.86273193359375,216.30078125
-1.0,-1.0,328.07843017578125,225.95703125,320.0392150878906,225.95703125,316.0196228027344,238.02734375,320.8431396484375,245.26953125,-1.0,-1.0,-1.0,-1.0,-1.0,-1.0,325.6666564941406,253.31640625,327.2745056152344,271.01953125,328.07843017578125,288.72265625,334.5097961425781,252.51171875,332.0980529785156,270.21484375,332.9019470214844,285.50390625,-1.0,-1.0,-1.0,-1.0,-1.0,-1.0,-1.0,-1.0
-1.0,-1.0,328.07843017578125,225.95703125,336.1176452636719,225.95703125,340.13726806640625,240.44140625,342.54901123046875,251.70703125,320.0392150878906,225.95703125,316.0196228027344,239.63671875,315.2156982421875,249.29296875,334.5097961425781,251.70703125,330.4902038574219,273.43359375,328.07843017578125,291.13671875,324.058837890625,250.90234375,327.2745056152344,273.43359375,329.686279296875,289.52734375,-1.0,-1.0,-1.0,-1.0,332.0980529785156,215.49609375,324.86273193359375,216.30078125
-1.0,-1.0,328.07843017578125,225.15234375,336.1176452636719,225.15234375,339.3333435058594,239.63671875,342.54901123046875,250.90234375,320.0392150878906,225.15234375,316.8235168457031,239.63671875,316.0196228027344,250.90234375,334.5097961425781,250.90234375,331.29412841796875,271.82421875,328.07843017578125,291.94140625,324.058837890625,250.90234375,326.4705810546875,273.43359375,328.07843017578125,291.13671875,-1.0,-1.0,-1.0,-1.0,331.29412841796875,215.49609375,324.86273193359375,216.30078125
-1.0,-1.0,328.07843017578125,225.15234375,336.1176452636719,225.15234375,340.13726806640625,238.83203125,343.3529357910156,249.29296875,320.0392150878906,224.34765625,316.8235168457031,238.83203125,316.0196228027344,250.90234375,334.5097961425781,250.90234375,331.29412841796875,270.21484375,325.6666564941406,289.52734375,324.058837890625,250.09765625,324.86273193359375,271.01953125,328.8823547363281,289.52734375,-1.0,-1.0,-1.0,-1.0,331.29412841796875,214.69140625,324.86273193359375,215.49609375
-1.0,-1.0,328.07843017578125,224.34765625,336.1176452636719,225.15234375,340.13726806640625,238.83203125,342.54901123046875,250.09765625,320.0392150878906,224.34765625,316.0196228027344,240.44140625,315.2156982421875,252.51171875,334.5097961425781,251.70703125,330.4902038574219,271.82421875,327.2745056152344,292.74609375,324.058837890625,250.90234375,324.86273193359375,272.62890625,327.2745056152344,290.33203125,-1.0,-1.0,-1.0,-1.0,332.0980529785156,214.69140625,324.86273193359375,215.49609375
-1.0,-1.0,328.07843017578125,224.34765625,336.1176452636719,225.15234375,340.13726806640625,238.83203125,342.54901123046875,250.09765625,320.0392150878906,224.34765625,316.0196228027344,240.44140625,315.2156982421875,250.90234375,334.5097961425781,250.90234375,330.4902038574219,271.01953125,326.4705810546875,288.72265625,324.058837890625,250.09765625,324.058837890625,270.21484375,324.86273193359375,289.52734375,-1.0,-1.0,-1.0,-1.0,331.29412841796875,214.69140625,324.86273193359375,215.49609375
-1.0,-1.0,328.07843017578125,224.34765625,336.1176452636719,225.15234375,339.3333435058594,238.02734375,342.54901123046875,249.29296875,320.0392150878906,224.34765625,316.0196228027344,239.63671875,314.4117736816406,248.48828125,334.5097961425781,250.09765625,330.4902038574219,269.41015625,327.2745056152344,287.11328125,324.058837890625,250.09765625,324.058837890625,269.41015625,324.058837890625,285.50390625,-1.0,-1.0,-1.0,-1.0,331.29412841796875,213.88671875,324.058837890625,215.49609375
-1.0,-1.0,328.07843017578125,224.34765625,336.1176452636719,224.34765625,339.3333435058594,238.02734375,341.7450866699219,249.29296875,320.0392150878906,224.34765625,316.0196228027344,238.02734375,314.4117736816406,247.68359375,333.70587158203125,250.09765625,330.4902038574219,270.21484375,328.8823547363281,284.69921875,323.2549133300781,249.29296875,323.2549133300781,269.41015625,324.058837890625,284.69921875,-1.0,-1.0,-1.0,-1.0,331.29412841796875,213.88671875,324.058837890625,215.49609375
-1.0,-1.0,328.07843017578125,224.34765625,335.313720703125,224.34765625,339.3333435058594,238.02734375,341.7450866699219,249.29296875,320.0392150878906,224.34765625,316.0196228027344,238.83203125,313.60784912109375,247.68359375,333.70587158203125,250.09765625,330.4902038574219,271.01953125,329.686279296875,287.11328125,323.2549133300781,250.09765625,323.2549133300781,270.21484375,321.6470642089844,286.30859375,-1.0,-1.0,-1.0,-1.0,331.29412841796875,214.69140625,324.058837890625,215.49609375
-1.0,-1.0,328.07843017578125,225.15234375,335.313720703125,224.34765625,339.3333435058594,238.02734375,340.941162109375,249.29296875,320.0392150878906,225.15234375,315.2156982421875,240.44140625,314.4117736816406,249.29296875,333.70587158203125,250.90234375,329.686279296875,273.43359375,329.686279296875,289.52734375,323.2549133300781,250.09765625,323.2549133300781,272.62890625,320.8431396484375,287.91796875,-1.0,-1.0,-1.0,-1.0,331.29412841796875,214.69140625,324.058837890625,215.49609375
-1.0,-1.0,328.07843017578125,225.15234375,335.313720703125,225.15234375,338.5294189453125,238.02734375,340.941162109375,249.29296875,320.0392150878906,225.15234375,315.2156982421875,238.83203125,313.60784912109375,248.48828125,333.70587158203125,250.09765625,330.4902038574219,270.21484375,329.686279296875,286.30859375,323.2549133300781,250.09765625,323.2549133300781,270.21484375,322.45098876953125,287.11328125,-1.0,-1.0,-1.0,-1.0,331.29412841796875,214.69140625,324.058837890625,215.49609375
-1.0,-1.0,327.2745056152344,225.15234375,335.313720703125,225.15234375,339.3333435058594,238.83203125,341.7450866699219,249.29296875,319.23529052734375,225.95703125,315.2156982421875,239.63671875,313.60784912109375,249.29296875,333.70587158203125,250.90234375,330.4902038574219,270.21484375,327.2745056152344,288.72265625,323.2549133300781,250.09765625,324.058837890625,271.01953125,326.4705810546875,286.30859375,-1.0,-1.0,-1.0,-1.0,331.29412841796875,215.49609375,324.058837890625,216.30078125
-1.0,-1.0,328.07843017578125,225.95703125,335.313720703125,225.95703125,338.5294189453125,239.63671875,341.7450866699219,250.09765625,320.0392150878906,226.76171875,314.4117736816406,239.63671875,314.4117736816406,250.90234375,332.9019470214844,250.09765625,329.686279296875,268.60546875,325.6666564941406,289.52734375,324.058837890625,250.09765625,324.058837890625,268.60546875,327.2745056152344,283.89453125,-1.0,-1.0,-1.0,-1.0,331.29412841796875,216.30078125,324.058837890625,217.10546875
327.2745056152344,220.32421875,327.2745056152344,227.56640625,320.8431396484375,227.56640625,316.0196228027344,241.24609375,314.4117736816406,250.09765625,334.5097961425781,226.76171875,338.5294189453125,239.63671875,340.13726806640625,254.12109375,323.2549133300781,251.70703125,324.058837890625,269.41015625,326.4705810546875,289.52734375,332.0980529785156,251.70703125,330.4902038574219,269.41015625,328.07843017578125,286.30859375,326.4705810546875,219.51953125,328.07843017578125,217.10546875,329.686279296875,217.10546875,324.86273193359375,217.91015625
327.2745056152344,219.51953125,327.2745056152344,227.56640625,319.23529052734375,228.37109375,316.8235168457031,242.05078125,314.4117736816406,254.92578125,334.5097961425781,227.56640625,338.5294189453125,239.63671875,332.9019470214844,242.05078125,323.2549133300781,251.70703125,324.058837890625,269.41015625,326.4705810546875,288.72265625,332.9019470214844,252.51171875,330.4902038574219,268.60546875,329.686279296875,286.30859375,325.6666564941406,218.71484375,329.686279296875,217.10546875,325.6666564941406,217.91015625,330.4902038574219,218.71484375
328.07843017578125,218.71484375,327.2745056152344,227.56640625,319.23529052734375,227.56640625,316.0196228027344,240.44140625,313.60784912109375,251.70703125,334.5097961425781,227.56640625,338.5294189453125,239.63671875,331.29412841796875,242.05078125,322.45098876953125,252.51171875,324.058837890625,270.21484375,325.6666564941406,288.72265625,332.0980529785156,252.51171875,330.4902038574219,269.41015625,331.29412841796875,287.11328125,326.4705810546875,217.10546875,329.686279296875,216.30078125,325.6666564941406,217.91015625,330.4902038574219,218.71484375
328.07843017578125,219.51953125,326.4705810546875,227.56640625,319.23529052734375,227.56640625,316.8235168457031,240.44140625,325.6666564941406,244.46484375,334.5097961425781,228.37109375,338.5294189453125,240.44140625,331.29412841796875,241.24609375,323.2549133300781,252.51171875,324.058837890625,269.41015625,326.4705810546875,287.11328125,332.0980529785156,252.51171875,330.4902038574219,269.41015625,330.4902038574219,285.50390625,326.4705810546875,218.71484375,329.686279296875,217.10546875,328.8823547363281,217.10546875,330.4902038574219,219.51953125
329.686279296875,219.51953125,327.2745056152344,226.76171875,319.23529052734375,226.76171875,316.0196228027344,239.63671875,320.0392150878906,245.26953125,334.5097961425781,226.76171875,338.5294189453125,239.63671875,333.70587158203125,241.24609375,324.058837890625,251.70703125,325.6666564941406,268.60546875,326.4705810546875,287.11328125,333.70587158203125,251.70703125,331.29412841796875,268.60546875,331.29412841796875,283.08984375,327.2745056152344,217.91015625,330.4902038574219,217.10546875,325.6666564941406,217.91015625,-1.0,-1.0
329.686279296875,219.51953125,327.2745056152344,225.95703125,320.0392150878906,226.76171875,316.0196228027344,239.63671875,-1.0,-1.0,334.5097961425781,225.95703125,337.7254943847656,238.02734375,340.941162109375,249.29296875,324.058837890625,252.51171875,326.4705810546875,269.41015625,325.6666564941406,288.72265625,333.70587158203125,251.70703125,331.29412841796875,270.21484375,336.1176452636719,287.91796875,327.2745056152344,217.91015625,330.4902038574219,217.10546875,325.6666564941406,217.91015625,332.0980529785156,217.10546875
-1.0,-1.0,324.86273193359375,225.15234375,327.2745056152344,225.15234375,339.3333435058594,240.44140625,-1.0,-1.0,319.23529052734375,225.95703125,-1.0,-1.0,-1.0,-1.0,326.4705810546875,254.12109375,325.6666564941406,271.82421875,325.6666564941406,290.33203125,333.70587158203125,253.31640625,333.70587158203125,270.21484375,335.313720703125,289.52734375,-1.0,-1.0,-1.0,-1.0,327.2745056152344,218.71484375,-1.0,-1.0
-1.0,-1.0,326.4705810546875,225.95703125,334.5097961425781,225.95703125,339.3333435058594,239.63671875,340.941162109375,251.70703125,319.23529052734375,226.76171875,316.0196228027344,239.63671875,315.2156982421875,251.70703125,332.9019470214844,250.09765625,332.0980529785156,269.41015625,333.70587158203125,284.69921875,323.2549133300781,249.29296875,325.6666564941406,268.60546875,328.07843017578125,284.69921875,-1.0,-1.0,-1.0,-1.0,328.8823547363281,217.10546875,324.058837890625,217.91015625
329.686279296875,216.30078125,327.2745056152344,225.15234375,335.313720703125,225.95703125,338.5294189453125,239.63671875,341.7450866699219,250.90234375,320.0392150878906,225.95703125,316.0196228027344,238.83203125,314.4117736816406,250.09765625,333.70587158203125,250.09765625,-1.0,-1.0,-1.0,-1.0,324.058837890625,249.29296875,334.5097961425781,268.60546875,334.5097961425781,282.28515625,328.07843017578125,215.49609375,-1.0,-1.0,328.07843017578125,216.30078125,-1.0,-1.0
-1.0,-1.0,327.2745056152344,225.15234375,335.313720703125,225.15234375,338.5294189453125,238.83203125,340.941162109375,250.90234375,319.23529052734375,225.95703125,316.0196228027344,238.02734375,314.4117736816406,249.29296875,333.70587158203125,248.48828125,-1.0,-1.0,-1.0,-1.0,324.058837890625,248.48828125,-1.0,-1.0,-1.0,-1.0,-1.0,-1.0,-1.0,-1.0,328.07843017578125,216.30078125,-1.0,-1.0
-1.0,-1.0,327.2745056152344,225.15234375,335.313720703125,225.15234375,337.7254943847656,237.22265625,340.941162109375,250.09765625,319.23529052734375,225.95703125,316.0196228027344,238.83203125,315.2156982421875,249.29296875,334.5097961425781,248.48828125,333.70587158203125,266.99609375,-1.0,-1.0,323.2549133300781,247.68359375,325.6666564941406,267.80078125,-1.0,-1.0,-1.0,-1.0,-1.0,-1.0,330.4902038574219,216.30078125,324.86273193359375,217.10546875
330.4902038574219,217.10546875,328.8823547363281,225.15234375,320.8431396484375,225.15234375,316.8235168457031,238.83203125,314.4117736816406,249.29296875,336.92156982421875,225.15234375,339.3333435058594,238.02734375,340.941162109375,247.68359375,324.058837890625,248.48828125,325.6666564941406,269.41015625,326.4705810546875,287.11328125,334.5097961425781,248.48828125,334.5097961425781,267.80078125,333.70587158203125,284.69921875,328.07843017578125,215.49609375,-1.0,-1.0,327.2745056152344,216.30078125,333.70587158203125,216.30078125
331.29412841796875,217.10546875,328.8823547363281,225.15234375,320.8431396484375,225.95703125,316.8235168457031,238.83203125,315.2156982421875,250.09765625,336.1176452636719,225.15234375,340.13726806640625,238.02734375,340.941162109375,247.68359375,324.86273193359375,249.29296875,326.4705810546875,269.41015625,326.4705810546875,287.11328125,335.313720703125,249.29296875,335.313720703125,268.60546875,332.0980529785156,286.30859375,329.686279296875,216.30078125,332.9019470214844,215.49609375,327.2745056152344,216.30078125,333.70587158203125,216.30078125
332.0980529785156,217.10546875,328.8823547363281,224.34765625,321.6470642089844,225.15234375,317.62744140625,238.83203125,315.2156982421875,250.09765625,336.92156982421875,223.54296875,339.3333435058594,236.41796875,344.9607849121094,246.87890625,324.86273193359375,249.29296875,326.4705810546875,269.41015625,326.4705810546875,287.91796875,335.313720703125,248.48828125,334.5097961425781,269.41015625,331.29412841796875,287.91796875,329.686279296875,215.49609375,332.9019470214844,214.69140625,327.2745056152344,215.49609375,333.70587158203125,215.49609375
332.0980529785156,217.10546875,329.686279296875,224.34765625,321.6470642089844,225.15234375,317.62744140625,238.02734375,315.2156982421875,249.29296875,336.92156982421875,223.54296875,340.13726806640625,237.22265625,344.1568603515625,246.07421875,325.6666564941406,249.29296875,326.4705810546875,270.21484375,326.4705810546875,287.91796875,336.1176452636719,248.48828125,335.313720703125,270.21484375,331.29412841796875,287.11328125,330.4902038574219,215.49609375,332.9019470214844,214.69140625,327.2745056152344,215.49609375,-1.0,-1.0
-1.0,-1.0,329.686279296875,224.34765625,322.45098876953125,224.34765625,317.62744140625,238.83203125,316.0196228027344,250.09765625,336.92156982421875,224.34765625,340.13726806640625,238.83203125,-1.0,-1.0,336.1176452636719,249.29296875,-1.0,-1.0,-1.0,-1.0,324.86273193359375,249.29296875,-1.0,-1.0,-1.0,-1.0,-1.0,-1.0,-1.0,-1.0,331.29412841796875,216.30078125,333.70587158203125,216.30078125
-1.0,-1.0,330.4902038574219,225.15234375,337.7254943847656,225.95703125,340.941162109375,238.83203125,346.5686340332031,234.80859375,322.45098876953125,225.95703125,318.4313659667969,238.83203125,316.8235168457031,250.09765625,335.313720703125,250.09765625,337.7254943847656,270.21484375,343.3529357910156,284.69921875,325.6666564941406,249.29296875,327.2745056152344,271.01953125,329.686279296875,288.72265625,-1.0,-1.0,-1.0,-1.0,333.70587158203125,216.30078125,327.2745056152344,216.30078125
-1.0,-1.0,331.29412841796875,225.95703125,337.7254943847656,225.95703125,340.941162109375,238.83203125,344.9607849121094,249.29296875,324.058837890625,225.95703125,319.23529052734375,238.83203125,317.62744140625,250.09765625,336.92156982421875,250.09765625,336.1176452636719,269.41015625,336.1176452636719,279.06640625,326.4705810546875,249.29296875,328.8823547363281,269.41015625,-1.0,-1.0,-1.0,-1.0,-1.0,-1.0,334.5097961425781,217.10546875,328.07843017578125,217.10546875
