245.90565490722656,216.28125,246.71697998046875,225.21875,239.41510009765625,225.21875,234.5471649169922,235.78125,233.73585510253906,247.96875,253.20755004882812,225.21875,257.26416015625,237.40625,258.88677978515625,247.96875,241.03773498535156,247.96875,244.28302001953125,265.03125,246.71697998046875,284.53125,249.96226501464844,248.78125,245.90565490722656,265.03125,245.90565490722656,283.71875,245.09434509277344,214.65625,247.52830505371094,213.84375,243.47169494628906,216.28125,249.96226501464844,216.28125
246.09434509277344,216.28125,247.71697998046875,225.21875,240.41510009765625,225.21875,235.5471649169922,235.78125,234.73585510253906,249.59375,254.20755004882812,225.21875,257.45281982421875,237.40625,259.88677978515625,247.15625,242.03773498535156,248.78125,243.66036987304688,265.84375,246.90565490722656,283.71875,250.96226501464844,249.59375,247.71697998046875,265.84375,242.84906005859375,282.90625,245.28302001953125,215.46875,-1.0,-1.0,243.66036987304688,216.28125,250.15093994140625,217.90625
-1.0,-1.0,248.71697998046875,225.21875,241.41510009765625,225.21875,235.73585510253906,236.59375,234.92453002929688,248.78125,255.20755004882812,225.21875,259.26416015625,237.40625,260.88677978515625,247.96875,243.03773498535156,247.96875,246.28302001953125,265.84375,247.09434509277344,284.53125,251.15093994140625,249.59375,248.71697998046875,266.65625,243.03773498535156,282.90625,-1.0,-1.0,-1.0,-1.0,246.28302001953125,216.28125,-1.0,-1.0
-1.0,-1.0,248.90565490722656,225.21875,240.79244995117188,225.21875,236.73585510253906,236.59375,235.1132049560547,247.96875,256.2075500488281,224.40625,259.45281982421875,237.40625,261.88677978515625,247.15625,244.03773498535156,247.96875,246.47169494628906,265.84375,246.47169494628906,285.34375,252.96226501464844,248.78125,250.52830505371094,266.65625,248.09434509277344,283.71875,-1.0,-1.0,-1.0,-1.0,-1.0,-1.0,-1.0,-1.0
249.09434509277344,216.28125,249.09434509277344,224.40625,241.79244995117188,224.40625,238.5471649169922,235.78125,236.1132049560547,248.78125,256.396240234375,224.40625,259.6415100097656,235.78125,263.6981201171875,246.34375,244.22640991210938,247.15625,247.47169494628906,266.65625,248.28302001953125,285.34375,253.96226501464844,247.96875,252.33963012695312,266.65625,245.84906005859375,283.71875,248.28302001953125,214.65625,250.71697998046875,213.84375,246.66036987304688,215.46875,252.33963012695312,214.65625
252.52830505371094,216.28125,249.28302001953125,224.40625,241.98114013671875,225.21875,237.92453002929688,235.78125,237.1132049560547,248.78125,257.396240234375,224.40625,260.6415100097656,236.59375,263.88677978515625,247.96875,245.22640991210938,247.96875,248.47169494628906,265.84375,248.47169494628906,284.53125,254.15093994140625,248.78125,252.52830505371094,266.65625,251.71697998046875,282.90625,250.90565490722656,215.46875,253.33963012695312,215.46875,247.66036987304688,216.28125,255.77359008789062,214.65625
254.0370330810547,215.46875,249.9629669189453,224.40625,242.62962341308594,224.40625,237.74073791503906,236.59375,237.74073791503906,248.78125,258.1111145019531,223.59375,260.5555419921875,236.59375,263.0,247.96875,245.88888549804688,247.96875,248.3333282470703,265.84375,247.51852416992188,283.71875,254.8518524169922,248.78125,254.8518524169922,266.65625,250.77777099609375,284.53125,251.59259033203125,214.65625,254.8518524169922,213.84375,248.3333282470703,215.46875,-1.0,-1.0
254.22222900390625,215.46875,250.9629669189453,223.59375,243.62962341308594,224.40625,237.92591857910156,235.78125,237.92591857910156,248.78125,259.1111145019531,223.59375,261.5555419921875,236.59375,263.1851806640625,247.15625,246.07406616210938,247.96875,248.51852416992188,265.84375,249.3333282470703,282.09375,255.8518524169922,247.96875,255.8518524169922,266.65625,252.59259033203125,282.09375,252.59259033203125,213.84375,255.0370330810547,213.84375,248.51852416992188,214.65625,256.6666564941406,214.65625
255.22222900390625,215.46875,251.9629669189453,222.78125,244.62962341308594,222.78125,239.74073791503906,234.15625,239.74073791503906,245.53125,260.1111145019531,222.78125,261.7407531738281,235.78125,264.1851806640625,247.15625,247.07406616210938,247.15625,248.70370483398438,265.84375,247.07406616210938,282.90625,256.85186767578125,247.96875,255.22222900390625,266.65625,252.77777099609375,282.90625,252.77777099609375,213.84375,256.03704833984375,213.84375,249.51852416992188,214.65625,257.6666564941406,213.84375
254.7943878173828,215.63671875,253.1495361328125,223.01953125,244.92523193359375,223.01953125,239.99066162109375,233.68359375,241.63551330566406,245.98828125,260.5513916015625,223.01953125,263.0186767578125,236.14453125,265.4859924316406,245.98828125,248.21495056152344,247.62890625,249.03738403320312,267.31640625,249.03738403320312,284.54296875,258.0841064453125,248.44921875,257.2616882324219,267.31640625,254.7943878173828,284.54296875,253.97195434570312,213.99609375,256.4392395019531,213.99609375,249.8598175048828,214.81640625,258.0841064453125,214.81640625
255.7943878173828,215.63671875,253.3271026611328,222.19921875,245.92523193359375,222.19921875,240.99066162109375,232.86328125,241.81307983398438,244.34765625,261.5513916015625,223.01953125,263.1962585449219,236.96484375,266.4859924316406,246.80859375,249.21495056152344,246.80859375,249.21495056152344,266.49609375,250.03738403320312,283.72265625,259.0841064453125,247.62890625,259.0841064453125,265.67578125,257.4392395019531,280.44140625,254.1495361328125,213.17578125,257.4392395019531,213.99609375,250.8598175048828,213.17578125,259.0841064453125,213.99609375
257.6168212890625,215.63671875,255.1495361328125,223.01953125,247.74766540527344,222.19921875,241.99066162109375,234.50390625,243.63551330566406,245.16796875,262.5513916015625,223.01953125,263.37384033203125,236.96484375,266.6635437011719,247.62890625,250.21495056152344,247.62890625,249.39251708984375,265.67578125,249.39251708984375,282.08203125,259.2616882324219,248.44921875,260.0841064453125,265.67578125,260.90655517578125,282.90234375,255.97195434570312,213.99609375,258.4392395019531,213.99609375,251.8598175048828,213.99609375,260.90655517578125,213.99609375
258.6168212890625,215.63671875,256.1495361328125,223.01953125,249.57009887695312,222.19921875,242.99066162109375,234.50390625,245.45794677734375,245.16796875,263.5513916015625,223.83984375,265.1962585449219,237.78515625,267.6635437011719,249.26953125,251.21495056152344,249.26953125,251.21495056152344,266.49609375,249.57009887695312,280.44140625,260.2616882324219,249.26953125,261.0841064453125,266.49609375,262.7289733886719,282.90234375,256.9719543457031,213.17578125,260.2616882324219,213.99609375,253.6822509765625,213.99609375,261.90655517578125,213.99609375
259.6168212890625,216.45703125,257.1495361328125,223.01953125,249.74766540527344,223.01953125,243.99066162109375,235.32421875,246.45794677734375,245.16796875,264.5513916015625,223.83984375,265.37384033203125,238.60546875,268.6635437011719,249.26953125,252.21495056152344,249.26953125,250.57009887695312,265.67578125,249.74766540527344,281.26171875,261.2616882324219,249.26953125,262.0841064453125,266.49609375,264.5513916015625,280.44140625,257.9719543457031,213.99609375,261.2616882324219,213.99609375,254.6822509765625,213.99609375,262.90655517578125,213.99609375
260.6168212890625,216.45703125,258.1495361328125,223.01953125,251.57009887695312,223.01953125,244.99066162109375,235.32421875,247.45794677734375,245.98828125,265.5513916015625,223.83984375,267.1962585449219,238.60546875,269.6635437011719,249.26953125,253.21495056152344,249.26953125,251.57009887695312,266.49609375,249.92523193359375,282.08203125,262.2616882324219,249.26953125,263.0841064453125,266.49609375,265.5513916015625,282.08203125,258.9719543457031,213.99609375,262.2616882324219,214.81640625,256.5046691894531,213.99609375,263.90655517578125,213.99609375
262.1192626953125,216.4609375,259.6422119140625,223.9140625,253.0366973876953,223.9140625,246.4311981201172,235.5078125,248.0825653076172,245.4453125,267.0733947753906,224.7421875,267.0733947753906,238.8203125,267.0733947753906,249.5859375,254.68807983398438,249.5859375,252.2110137939453,268.6328125,250.55963134765625,285.1953125,263.7706298828125,250.4140625,264.5963439941406,269.4609375,266.2477111816406,286.0234375,260.4678955078125,214.8046875,262.9449462890625,214.8046875,257.1651306152344,214.8046875,264.5963439941406,214.8046875
263.1192626953125,217.2890625,260.6422119140625,224.7421875,253.2110137939453,224.7421875,246.60549926757812,236.3359375,249.90826416015625,247.1015625,268.0733947753906,225.5703125,268.0733947753906,239.6484375,268.0733947753906,250.4140625,254.8623809814453,250.4140625,253.2110137939453,268.6328125,250.73394775390625,285.1953125,264.7706298828125,251.2421875,265.5963439941406,269.4609375,267.2477111816406,286.0234375,261.4678955078125,215.6328125,263.9449462890625,215.6328125,258.1651306152344,214.8046875,265.5963439941406,215.6328125
264.1192626953125,217.2890625,261.6422119140625,224.7421875,253.38531494140625,224.7421875,248.4311981201172,236.3359375,250.90826416015625,247.9296875,269.0733947753906,225.5703125,269.8990783691406,238.8203125,269.0733947753906,248.7578125,255.8623809814453,250.4140625,254.2110137939453,268.6328125,249.2568817138672,285.1953125,265.7706298828125,251.2421875,266.5963439941406,268.6328125,267.4220275878906,285.1953125,262.4678955078125,215.6328125,265.7706298828125,215.6328125,259.1651306152344,214.8046875,267.4220275878906,215.6328125
265.9449462890625,215.6328125,262.6422119140625,223.9140625,255.2110137939453,223.9140625,249.4311981201172,236.3359375,251.90826416015625,246.2734375,270.8990783691406,224.7421875,271.7247619628906,237.1640625,270.0733947753906,243.7890625,256.8623962402344,249.5859375,256.03668212890625,266.9765625,249.4311981201172,285.1953125,267.5963439941406,249.5859375,268.4220275878906,267.8046875,268.4220275878906,285.1953125,264.2935791015625,213.9765625,266.7706298828125,213.9765625,260.9908142089844,213.9765625,268.4220275878906,214.8046875
266.9449462890625,216.4609375,263.6422119140625,223.9140625,256.21099853515625,223.0859375,250.4311981201172,235.5078125,252.0825653076172,247.1015625,271.8990783691406,224.7421875,273.5504455566406,237.1640625,272.7247619628906,247.1015625,257.8623962402344,249.5859375,257.03668212890625,268.6328125,250.4311981201172,286.8515625,268.5963439941406,249.5859375,269.4220275878906,269.4609375,268.5963439941406,286.8515625,265.2935791015625,214.8046875,268.5963439941406,214.8046875,261.9908142089844,213.9765625,270.2477111816406,213.9765625
266.58489990234375,214.8046875,264.0943298339844,223.9140625,256.6226501464844,223.9140625,250.8113250732422,235.5078125,253.3018798828125,246.2734375,271.5660400390625,224.7421875,272.396240234375,237.1640625,272.396240234375,247.1015625,258.28302001953125,249.5859375,256.6226501464844,268.6328125,249.9811248779297,286.0234375,268.2452697753906,249.5859375,269.0754699707031,269.4609375,268.2452697753906,286.8515625,264.9245300292969,213.1484375,268.2452697753906,213.1484375,261.603759765625,213.9765625,269.9056701660156,214.8046875
267.58489990234375,214.8046875,265.0943298339844,223.9140625,257.6226501464844,223.0859375,252.64151000976562,234.6796875,252.64151000976562,244.6171875,272.5660400390625,223.9140625,275.0566101074219,236.3359375,275.88677978515625,246.2734375,259.28302001953125,247.9296875,258.45281982421875,268.6328125,250.15093994140625,287.6796875,270.0754699707031,248.7578125,270.0754699707031,268.6328125,268.41510009765625,286.8515625,265.9245300292969,212.3203125,269.2452697753906,213.1484375,262.603759765625,213.1484375,270.9056701660156,213.9765625
268.58489990234375,213.9765625,266.9245300292969,222.2578125,259.45281982421875,221.4296875,253.64151000976562,233.8515625,254.47169494628906,242.9609375,274.396240234375,223.0859375,275.2264099121094,236.3359375,276.0566101074219,247.1015625,260.28302001953125,247.9296875,259.45281982421875,266.9765625,253.64151000976562,282.7109375,270.2452697753906,247.9296875,270.2452697753906,268.6328125,268.58489990234375,286.8515625,267.7547302246094,212.3203125,270.2452697753906,213.1484375,264.4339599609375,213.1484375,271.9056701660156,213.9765625
269.58489990234375,213.9765625,267.0943298339844,222.2578125,259.6226501464844,221.4296875,253.8113250732422,233.0234375,253.8113250732422,239.6484375,275.396240234375,223.0859375,277.88677978515625,237.1640625,282.0377197265625,251.2421875,260.45281982421875,247.1015625,260.45281982421875,266.9765625,254.64151000976562,284.3671875,272.0754699707031,248.7578125,271.2452697753906,269.4609375,268.7547302246094,287.6796875,267.9245300292969,212.3203125,271.2452697753906,212.3203125,265.4339599609375,212.3203125,272.9056701660156,213.1484375
270.4678955078125,212.3203125,267.1651306152344,221.4296875,259.73394775390625,221.4296875,254.77981567382812,233.8515625,252.30274963378906,242.1328125,275.4220275878906,222.2578125,277.8990783691406,234.6796875,282.02752685546875,244.6171875,262.21099853515625,247.1015625,263.8623962402344,266.9765625,258.08258056640625,284.3671875,272.1192626953125,247.1015625,271.2935791015625,268.6328125,268.8165283203125,287.6796875,268.8165283203125,210.6640625,271.2935791015625,210.6640625,266.3394470214844,211.4921875,272.9449462890625,211.4921875
270.6422119140625,212.3203125,268.1651306152344,221.4296875,260.73394775390625,221.4296875,255.77981567382812,233.0234375,253.30274963378906,242.1328125,276.4220275878906,221.4296875,279.7247619628906,234.6796875,283.02752685546875,246.2734375,263.21099853515625,245.4453125,267.3394470214844,266.1484375,261.55963134765625,285.1953125,273.1192626953125,245.4453125,270.6422119140625,266.9765625,268.1651306152344,285.1953125,268.9908142089844,211.4921875,272.2935791015625,211.4921875,266.5137634277344,211.4921875,273.9449462890625,212.3203125
271.6422119140625,213.1484375,269.1651306152344,221.4296875,261.73394775390625,221.4296875,256.7798156738281,233.0234375,258.4311828613281,236.3359375,276.5963439941406,221.4296875,279.8990783691406,233.8515625,281.5504455566406,247.9296875,264.21099853515625,245.4453125,268.3394470214844,265.3203125,265.03668212890625,286.0234375,274.1192626953125,245.4453125,271.6422119140625,266.1484375,267.5137634277344,286.0234375,269.9908142089844,211.4921875,272.4678955078125,211.4921875,268.3394470214844,211.4921875,274.9449462890625,212.3203125
272.6422119140625,212.3203125,270.1651306152344,221.4296875,262.73394775390625,220.6015625,256.9541320800781,233.0234375,256.9541320800781,242.9609375,278.4220275878906,221.4296875,282.5504455566406,233.8515625,285.02752685546875,244.6171875,264.38531494140625,246.2734375,268.5137634277344,266.1484375,266.8623962402344,289.3359375,274.2935791015625,246.2734375,271.8165283203125,266.9765625,268.5137634277344,286.0234375,270.1651306152344,210.6640625,273.4678955078125,210.6640625,268.5137634277344,211.4921875,275.1192626953125,211.4921875
272.8165283203125,213.9765625,271.1651306152344,221.4296875,263.73394775390625,221.4296875,257.9541320800781,233.8515625,259.6054992675781,244.6171875,279.4220275878906,222.2578125,283.5504455566406,234.6796875,286.85321044921875,246.2734375,265.38531494140625,246.2734375,268.6880798339844,266.9765625,267.8623962402344,290.1640625,275.2935791015625,246.2734375,271.9908142089844,268.6328125,268.6880798339844,287.6796875,271.1651306152344,212.3203125,274.4678955078125,212.3203125,268.6880798339844,212.3203125,276.1192626953125,213.1484375
273.766357421875,214.140625,272.0841064453125,221.734375,264.5140075683594,221.734375,259.46728515625,234.390625,259.46728515625,243.671875,279.6542053222656,221.734375,283.85980224609375,234.390625,288.0654296875,244.515625,267.0373840332031,247.046875,269.5607604980469,266.453125,267.8785095214844,288.390625,277.1308288574219,247.890625,272.0841064453125,267.296875,270.40185546875,285.015625,272.0841064453125,212.453125,275.4486083984375,212.453125,268.7196350097656,212.453125,277.9719543457031,213.296875
273.92523193359375,214.984375,273.0841064453125,221.734375,266.3551330566406,221.734375,260.46728515625,232.703125,261.30841064453125,243.671875,280.6542053222656,221.734375,284.0186767578125,234.390625,287.3831787109375,243.671875,268.0373840332031,247.046875,271.40185546875,267.296875,268.8785095214844,290.078125,277.28973388671875,247.046875,273.0841064453125,267.296875,268.8785095214844,288.390625,272.24298095703125,213.296875,275.60748291015625,213.296875,269.7196350097656,212.453125,277.28973388671875,213.296875
274.0841064453125,214.984375,274.0841064453125,223.421875,266.5140075683594,223.421875,261.46728515625,236.078125,261.46728515625,243.671875,281.6542053222656,223.421875,285.0186767578125,235.234375,286.700927734375,247.046875,269.0373840332031,247.890625,271.5607604980469,266.453125,269.8785095214844,285.859375,279.1308288574219,247.890625,274.92523193359375,267.296875,270.7196350097656,285.015625,273.24298095703125,213.296875,276.60748291015625,213.296875,270.7196350097656,213.296875,277.4486083984375,214.140625
275.92523193359375,215.828125,274.24298095703125,225.109375,266.67291259765625,225.109375,262.46728515625,238.609375,262.46728515625,247.890625,282.6542053222656,225.109375,285.1775817871094,237.765625,286.0186767578125,247.046875,270.0373840332031,249.578125,273.40185546875,268.984375,276.766357421875,289.234375,279.28973388671875,249.578125,275.0841064453125,269.828125,270.0373840332031,289.234375,274.24298095703125,214.140625,277.60748291015625,214.140625,272.5607604980469,214.140625,279.28973388671875,214.984375
276.92523193359375,215.828125,275.24298095703125,225.109375,267.67291259765625,225.109375,263.46728515625,237.765625,264.30841064453125,247.890625,282.8130798339844,225.109375,285.3364562988281,237.765625,287.0186767578125,250.421875,270.1962585449219,249.578125,275.24298095703125,269.828125,276.92523193359375,289.234375,280.28973388671875,250.421875,275.24298095703125,269.828125,269.3551330566406,288.390625,275.24298095703125,214.140625,278.60748291015625,214.984375,272.7196350097656,214.984375,280.28973388671875,214.984375
278.412841796875,215.828125,276.7247619628906,224.265625,269.1284484863281,224.265625,264.064208984375,236.078125,265.7522888183594,246.203125,284.32110595703125,224.265625,286.0091857910156,236.078125,286.0091857910156,245.359375,270.8165283203125,248.734375,275.8807373046875,268.984375,277.5688171386719,290.078125,280.9449462890625,248.734375,277.5688171386719,268.984375,269.97247314453125,288.390625,276.7247619628906,214.140625,280.1009216308594,214.140625,274.1926574707031,214.140625,280.9449462890625,214.984375
279.412841796875,214.140625,277.7247619628906,223.421875,270.1284484863281,222.578125,265.064208984375,236.078125,265.90826416015625,246.203125,285.32110595703125,223.421875,287.85321044921875,236.078125,289.5412902832031,247.890625,271.8165283203125,248.734375,276.03668212890625,268.984375,278.5688171386719,290.078125,281.9449462890625,248.734375,278.5688171386719,268.984375,271.8165283203125,290.921875,277.7247619628906,212.453125,281.1009216308594,213.296875,275.1926574707031,213.296875,281.9449462890625,214.140625
280.412841796875,214.984375,278.7247619628906,223.421875,270.2843933105469,223.421875,266.064208984375,236.921875,266.064208984375,248.734375,285.47705078125,223.421875,288.0091857910156,235.234375,288.85321044921875,245.359375,272.8165283203125,248.734375,277.03668212890625,270.671875,277.8807373046875,290.921875,282.9449462890625,248.734375,281.25689697265625,269.828125,281.25689697265625,285.859375,278.7247619628906,214.140625,282.1009216308594,214.140625,276.1926574707031,214.140625,282.9449462890625,214.140625
281.412841796875,214.984375,280.5688171386719,223.421875,272.97247314453125,223.421875,267.90826416015625,236.078125,267.90826416015625,247.046875,288.1651306152344,223.421875,289.85321044921875,235.234375,290.6972351074219,246.203125,274.6605529785156,248.734375,278.03668212890625,268.984375,278.8807373046875,290.921875,284.78900146484375,249.578125,283.9449462890625,268.984375,280.5688171386719,283.328125,280.5688171386719,213.296875,283.1009216308594,214.140625,277.1926574707031,213.296875,284.78900146484375,214.140625
282.412841796875,214.984375,279.8807373046875,223.421875,272.2843933105469,223.421875,267.2201843261719,236.078125,268.064208984375,246.203125,288.32110595703125,223.421875,289.1651306152344,235.234375,290.85321044921875,247.046875,274.8165283203125,248.734375,278.1926574707031,268.984375,278.1926574707031,290.078125,284.9449462890625,248.734375,284.1009216308594,269.828125,276.50457763671875,288.390625,280.7247619628906,213.296875,284.1009216308594,213.296875,277.3486328125,213.296875,284.9449462890625,214.140625
282.5688171386719,215.828125,280.03668212890625,223.421875,272.44036865234375,223.421875,268.2201843261719,236.078125,268.2201843261719,247.890625,287.6330261230469,223.421875,290.1651306152344,236.078125,291.0091857910156,248.734375,274.97247314453125,248.734375,278.3486328125,269.828125,278.3486328125,290.921875,285.1009216308594,248.734375,284.25689697265625,270.671875,280.03668212890625,286.703125,280.8807373046875,214.140625,284.25689697265625,214.140625,277.50457763671875,214.140625,285.1009216308594,214.140625
283.5688171386719,214.140625,281.8807373046875,221.734375,274.2843933105469,221.734375,269.2201843261719,233.546875,269.2201843261719,246.203125,289.47705078125,221.734375,291.1651306152344,233.546875,292.0091857910156,245.359375,277.6605529785156,247.890625,279.3486328125,268.984375,277.6605529785156,289.234375,286.1009216308594,247.890625,286.1009216308594,268.984375,282.7247619628906,287.546875,281.8807373046875,211.609375,285.25689697265625,211.609375,279.3486328125,212.453125,286.1009216308594,212.453125
284.5688171386719,214.140625,282.8807373046875,221.734375,275.2843933105469,221.734375,270.2201843261719,234.390625,270.2201843261719,247.046875,290.47705078125,221.734375,293.0091857910156,234.390625,292.1651306152344,245.359375,277.8165283203125,247.890625,278.6605529785156,268.984375,278.6605529785156,288.390625,287.1009216308594,247.890625,287.1009216308594,268.984375,284.5688171386719,286.703125,282.8807373046875,212.453125,286.25689697265625,211.609375,280.3486328125,212.453125,287.9449462890625,212.453125
286.412841796875,214.984375,283.8807373046875,221.734375,276.2843933105469,221.734375,272.064208984375,234.390625,272.90826416015625,245.359375,291.47705078125,222.578125,292.32110595703125,234.390625,290.6330261230469,242.828125,277.97247314453125,247.890625,278.8165283203125,268.984375,278.8165283203125,288.390625,288.1009216308594,247.890625,290.6330261230469,268.140625,285.5688171386719,284.171875,284.7247619628906,213.296875,288.1009216308594,213.296875,281.3486328125,213.296875,288.9449462890625,214.140625
287.0540466308594,214.140625,284.5135192871094,222.578125,276.89190673828125,221.734375,272.65765380859375,233.546875,273.5045166015625,246.203125,291.2882995605469,222.578125,292.98199462890625,235.234375,293.8288269042969,246.203125,279.43243408203125,247.890625,279.43243408203125,268.984375,277.7387390136719,285.859375,288.74774169921875,248.734375,290.4414367675781,268.140625,289.5946044921875,284.171875,285.3603515625,212.453125,288.74774169921875,212.453125,282.81982421875,213.296875,289.5946044921875,212.453125
288.654541015625,214.16015625,285.2363586425781,222.67578125,277.5454406738281,222.67578125,273.2727355957031,234.59765625,274.12725830078125,246.51953125,292.9272766113281,222.67578125,295.49090576171875,236.30078125,295.49090576171875,249.07421875,280.963623046875,249.07421875,280.1091003417969,269.51171875,278.3999938964844,287.39453125,290.3636474609375,249.07421875,292.9272766113281,269.51171875,293.7818298339844,284.83984375,286.9454650878906,212.45703125,290.3636474609375,212.45703125,283.52728271484375,213.30859375,291.2181701660156,212.45703125
290.50909423828125,214.16015625,287.0909118652344,222.67578125,280.2545471191406,222.67578125,274.2727355957031,234.59765625,275.9818115234375,246.51953125,293.9272766113281,222.67578125,293.9272766113281,238.00390625,296.49090576171875,250.77734375,281.963623046875,249.07421875,281.1091003417969,269.51171875,279.3999938964844,286.54296875,290.50909423828125,250.77734375,293.0727233886719,268.66015625,294.7818298339844,283.98828125,288.79998779296875,213.30859375,292.2181701660156,213.30859375,286.2363586425781,213.30859375,-1.0,-1.0
290.654541015625,214.16015625,288.0909118652344,223.52734375,281.2545471191406,222.67578125,275.2727355957031,234.59765625,276.9818115234375,246.51953125,295.7818298339844,223.52734375,296.6363525390625,237.15234375,298.345458984375,250.77734375,282.963623046875,249.92578125,281.2545471191406,270.36328125,279.5454406738281,287.39453125,293.2181701660156,250.77734375,294.9272766113281,269.51171875,297.49090576171875,285.69140625,289.79998779296875,213.30859375,292.3636474609375,213.30859375,286.3818054199219,213.30859375,294.0727233886719,213.30859375
292.50909423828125,215.01171875,289.9454650878906,224.37890625,283.1091003417969,223.52734375,276.2727355957031,233.74609375,277.9818115234375,245.66796875,296.7818298339844,224.37890625,297.6363525390625,240.55859375,299.345458984375,252.48046875,284.81817626953125,251.62890625,282.2545471191406,272.06640625,279.69091796875,289.09765625,295.0727233886719,251.62890625,295.9272766113281,271.21484375,298.49090576171875,287.39453125,290.79998779296875,213.30859375,294.2181701660156,213.30859375,288.2363586425781,214.16015625,-1.0,-1.0
292.654541015625,215.01171875,290.9454650878906,224.37890625,283.2545471191406,223.52734375,277.2727355957031,234.59765625,278.9818115234375,245.66796875,297.7818298339844,224.37890625,301.20001220703125,236.30078125,300.345458984375,249.92578125,285.81817626953125,250.77734375,283.2545471191406,271.21484375,280.69091796875,288.24609375,296.9272766113281,251.62890625,297.7818298339844,270.36328125,-1.0,-1.0,290.9454650878906,214.16015625,294.3636474609375,213.30859375,288.3818054199219,214.16015625,296.0727233886719,213.30859375
295.3636474609375,214.16015625,292.79998779296875,224.37890625,285.963623046875,224.37890625,279.12725830078125,235.44921875,280.83636474609375,246.51953125,299.6363525390625,225.23046875,302.20001220703125,238.85546875,302.20001220703125,249.92578125,287.6727294921875,251.62890625,284.2545471191406,271.21484375,281.69091796875,288.24609375,297.9272766113281,251.62890625,298.7818298339844,270.36328125,301.345458984375,286.54296875,293.654541015625,212.45703125,296.2181701660156,210.75390625,291.9454650878906,213.30859375,-1.0,-1.0
-1.0,-1.0,293.97247314453125,224.6484375,287.0733947753906,223.7890625,281.03668212890625,235.8203125,281.8990783691406,246.9921875,301.73394775390625,224.6484375,304.32110595703125,239.2578125,-1.0,-1.0,288.79815673828125,252.1484375,285.3486328125,271.9140625,281.8990783691406,292.5390625,298.2843933105469,253.0078125,299.14678955078125,271.9140625,-1.0,-1.0,-1.0,-1.0,-1.0,-1.0,293.110107421875,213.4765625,-1.0,-1.0
299.2843933105469,213.4765625,295.8348693847656,223.7890625,288.935791015625,223.7890625,282.8990783691406,235.8203125,282.8990783691406,247.8515625,303.5963439941406,224.6484375,307.0458679199219,240.1171875,307.90826416015625,252.1484375,289.79815673828125,252.1484375,288.0733947753906,271.9140625,281.17431640625,289.9609375,300.14678955078125,252.1484375,301.8715515136719,272.7734375,299.2843933105469,288.2421875,296.6972351074219,211.7578125,301.0091857910156,211.7578125,293.2477111816406,213.4765625,301.8715515136719,212.6171875
300.5714416503906,212.6171875,296.28570556640625,223.7890625,289.4285583496094,222.9296875,283.4285583496094,236.6796875,284.28570556640625,248.7109375,304.0,224.6484375,305.71429443359375,239.2578125,305.71429443359375,251.2890625,291.1428527832031,251.2890625,290.28570556640625,270.1953125,283.4285583496094,289.1015625,300.5714416503906,252.1484375,301.4285583496094,271.0546875,299.71429443359375,289.1015625,297.1428527832031,211.7578125,301.4285583496094,210.8984375,294.5714416503906,212.6171875,-1.0,-1.0
-1.0,-1.0,298.1428527832031,222.9296875,290.4285583496094,222.9296875,285.28570556640625,235.8203125,285.28570556640625,248.7109375,305.8571472167969,222.9296875,308.4285583496094,238.3984375,307.5714416503906,250.4296875,293.0,250.4296875,292.1428527832031,271.0546875,284.4285583496094,289.1015625,303.28570556640625,251.2890625,304.1428527832031,271.9140625,305.8571472167969,288.2421875,-1.0,-1.0,-1.0,-1.0,293.8571472167969,210.8984375,-1.0,-1.0
-1.0,-1.0,299.1428527832031,222.0703125,291.4285583496094,222.0703125,285.4285583496094,235.8203125,286.28570556640625,248.7109375,306.8571472167969,222.9296875,309.4285583496094,237.5390625,309.4285583496094,250.4296875,294.0,249.5703125,294.0,269.3359375,287.1428527832031,288.2421875,304.28570556640625,250.4296875,304.28570556640625,270.1953125,305.1428527832031,286.5234375,-1.0,-1.0,-1.0,-1.0,295.71429443359375,210.8984375,-1.0,-1.0
302.71429443359375,210.0390625,300.1428527832031,221.2109375,292.4285583496094,221.2109375,287.28570556640625,234.1015625,288.1428527832031,247.8515625,307.0,221.2109375,310.4285583496094,237.5390625,312.1428527832031,249.5703125,295.8571472167969,248.7109375,295.8571472167969,269.3359375,289.0,290.8203125,305.28570556640625,249.5703125,303.5714416503906,270.1953125,301.8571472167969,287.3828125,300.1428527832031,210.0390625,-1.0,-1.0,296.71429443359375,210.0390625,305.28570556640625,206.6015625
304.5714416503906,210.8984375,301.1428527832031,222.0703125,294.28570556640625,221.2109375,288.28570556640625,234.1015625,289.1428527832031,247.8515625,308.8571472167969,222.0703125,313.1428527832031,237.5390625,315.71429443359375,247.8515625,297.71429443359375,249.5703125,299.4285583496094,268.4765625,293.4285583496094,288.2421875,307.1428527832031,249.5703125,305.4285583496094,270.1953125,304.5714416503906,285.6640625,302.0,209.1796875,305.4285583496094,209.1796875,297.71429443359375,210.8984375,307.1428527832031,209.1796875
304.71429443359375,210.8984375,302.1428527832031,222.0703125,295.28570556640625,221.2109375,289.28570556640625,234.1015625,290.1428527832031,246.9921875,309.8571472167969,222.9296875,311.5714416503906,237.5390625,314.1428527832031,248.7109375,297.8571472167969,247.8515625,300.4285583496094,266.7578125,297.0,283.0859375,306.4285583496094,248.7109375,306.4285583496094,267.6171875,304.71429443359375,283.0859375,303.0,210.8984375,307.28570556640625,210.8984375,299.5714416503906,210.8984375,307.28570556640625,209.1796875
307.4285583496094,211.7578125,303.1428527832031,222.0703125,295.4285583496094,221.2109375,289.4285583496094,235.8203125,291.1428527832031,246.9921875,310.8571472167969,222.9296875,315.1428527832031,234.9609375,318.5714416503906,245.2734375,298.8571472167969,247.8515625,301.4285583496094,266.7578125,301.4285583496094,289.1015625,307.4285583496094,248.7109375,308.28570556640625,267.6171875,304.8571472167969,288.2421875,305.71429443359375,210.0390625,309.1428527832031,210.0390625,301.4285583496094,210.0390625,-1.0,-1.0
306.9189147949219,212.64453125,304.3243408203125,223.05078125,296.54052734375,223.05078125,290.4864807128906,236.92578125,292.2162170410156,249.06640625,312.10809326171875,223.91796875,316.43243408203125,236.92578125,319.89190673828125,246.46484375,300.8648681640625,249.93359375,301.729736328125,270.74609375,302.5946044921875,290.69140625,309.5135192871094,249.93359375,306.0540466308594,269.87890625,304.3243408203125,291.55859375,305.1891784667969,211.77734375,307.7837829589844,210.91015625,302.5946044921875,212.64453125,310.3783874511719,212.64453125
308.7837829589844,213.51171875,305.3243408203125,223.91796875,297.54052734375,223.05078125,292.3513488769531,236.92578125,292.3513488769531,249.93359375,313.10809326171875,224.78515625,316.56756591796875,238.66015625,316.56756591796875,250.80078125,301.0,250.80078125,301.8648681640625,271.61328125,302.729736328125,291.55859375,310.5135192871094,250.80078125,307.9189147949219,269.87890625,306.1891784667969,291.55859375,307.0540466308594,211.77734375,309.6486511230469,210.91015625,302.729736328125,213.51171875,311.3783874511719,212.64453125
310.2831726074219,212.64453125,306.81414794921875,223.05078125,299.00885009765625,222.18359375,292.93804931640625,236.05859375,293.8052978515625,249.93359375,314.6194763183594,223.91796875,317.22125244140625,237.79296875,322.4247741699219,241.26171875,301.6106262207031,250.80078125,303.3451232910156,270.74609375,304.21240234375,289.82421875,312.0177001953125,251.66796875,306.81414794921875,270.74609375,304.21240234375,289.82421875,308.5486755371094,210.91015625,311.15045166015625,210.91015625,304.21240234375,212.64453125,312.88494873046875,211.77734375
312.15045166015625,211.77734375,306.9468994140625,222.18359375,300.00885009765625,221.31640625,293.93804931640625,236.05859375,294.8052978515625,249.93359375,314.752197265625,222.18359375,316.4867248535156,235.19140625,322.5575256347656,239.52734375,303.4778747558594,251.66796875,305.21240234375,274.21484375,311.2831726074219,294.16015625,313.0177001953125,251.66796875,306.9468994140625,274.21484375,302.6106262207031,290.69140625,309.5486755371094,210.04296875,313.0177001953125,210.04296875,305.21240234375,210.91015625,-1.0,-1.0
314.0177001953125,211.77734375,308.81414794921875,223.91796875,301.00885009765625,223.05078125,294.93804931640625,236.92578125,294.93804931640625,252.53515625,316.6194763183594,224.78515625,317.4867248535156,241.26171875,318.3539733886719,252.53515625,305.3451232910156,253.40234375,308.81414794921875,274.21484375,313.15045166015625,295.89453125,313.15045166015625,253.40234375,307.9468994140625,274.21484375,302.74334716796875,290.69140625,311.4159240722656,210.04296875,314.88494873046875,210.04296875,306.21240234375,211.77734375,-1.0,-1.0
314.15045166015625,213.51171875,308.9468994140625,224.78515625,302.00885009765625,223.91796875,295.93804931640625,238.66015625,295.93804931640625,253.40234375,316.752197265625,224.78515625,318.4867248535156,240.39453125,319.3539733886719,251.66796875,305.4778747558594,253.40234375,308.07965087890625,274.21484375,311.5486755371094,294.16015625,314.15045166015625,252.53515625,310.6814270019531,273.34765625,303.74334716796875,291.55859375,311.5486755371094,212.64453125,315.0177001953125,211.77734375,307.21240234375,213.51171875,-1.0,-1.0
315.15045166015625,212.64453125,310.81414794921875,223.05078125,303.8760986328125,223.05078125,296.93804931640625,236.92578125,296.93804931640625,250.80078125,317.752197265625,223.91796875,320.3539733886719,237.79296875,326.4247741699219,243.86328125,306.4778747558594,251.66796875,308.21240234375,272.48046875,312.5486755371094,293.29296875,316.0177001953125,251.66796875,312.5486755371094,271.61328125,303.8760986328125,291.55859375,313.4159240722656,210.91015625,316.0177001953125,210.91015625,308.21240234375,212.64453125,-1.0,-1.0
314.9189147949219,210.91015625,313.1891784667969,221.31640625,305.4053955078125,220.44921875,299.3513488769531,234.32421875,300.2162170410156,246.46484375,320.10809326171875,221.31640625,320.97296142578125,235.19140625,327.02703857421875,241.26171875,307.1351318359375,249.93359375,309.729736328125,271.61328125,313.1891784667969,293.29296875,316.6486511230469,249.93359375,314.0540466308594,270.74609375,304.54052734375,290.69140625,313.1891784667969,209.17578125,316.6486511230469,209.17578125,308.8648681640625,210.91015625,-1.0,-1.0
316.7837829589844,211.77734375,314.1891784667969,222.18359375,306.4053955078125,221.31640625,298.6216125488281,235.19140625,298.6216125488281,246.46484375,321.97296142578125,222.18359375,322.83782958984375,236.05859375,327.16217041015625,241.26171875,307.270263671875,250.80078125,310.729736328125,273.34765625,313.3243408203125,294.16015625,317.6486511230469,250.80078125,316.7837829589844,272.48046875,315.0540466308594,289.82421875,315.0540466308594,210.04296875,317.6486511230469,210.04296875,309.8648681640625,211.77734375,320.2432556152344,211.77734375
316.9189147949219,212.64453125,315.1891784667969,223.05078125,306.54052734375,222.18359375,299.6216125488281,237.79296875,300.4864807128906,251.66796875,322.97296142578125,223.05078125,323.83782958984375,236.92578125,323.83782958984375,249.93359375,308.270263671875,250.80078125,307.4053955078125,272.48046875,310.8648681640625,294.16015625,318.6486511230469,251.66796875,317.7837829589844,273.34765625,311.729736328125,292.42578125,315.1891784667969,210.91015625,318.6486511230469,210.04296875,310.8648681640625,212.64453125,320.3783874511719,211.77734375
318.7837829589844,210.91015625,316.1891784667969,221.31640625,307.54052734375,221.31640625,302.3513488769531,236.05859375,303.2162170410156,248.19921875,323.97296142578125,221.31640625,325.70269775390625,235.19140625,325.70269775390625,247.33203125,310.1351318359375,249.93359375,312.729736328125,272.48046875,312.729736328125,291.55859375,320.5135192871094,250.80078125,319.6486511230469,272.48046875,313.5946044921875,288.95703125,317.0540466308594,209.17578125,319.6486511230469,209.17578125,312.729736328125,210.04296875,-1.0,-1.0
321.8125,209.3125,318.3125,218.9375,309.5625,218.9375,304.3125,233.8125,305.1875,246.0625,326.1875,219.8125,329.6875,233.8125,333.1875,246.9375,312.1875,247.8125,313.9375,270.5625,314.8125,289.8125,324.4375,248.6875,324.4375,270.5625,319.1875,288.0625,319.1875,207.5625,322.6875,207.5625,314.8125,208.4375,-1.0,-1.0
321.0625,210.1875,318.4375,218.9375,309.6875,218.9375,305.3125,233.8125,305.3125,246.0625,326.3125,218.9375,329.8125,233.8125,333.3125,246.0625,312.3125,247.8125,314.0625,270.5625,314.9375,291.5625,324.5625,247.8125,324.5625,269.6875,320.1875,288.0625,318.4375,208.4375,322.8125,208.4375,314.9375,209.3125,324.5625,207.5625
322.9375,210.1875,320.3125,219.8125,311.5625,219.8125,306.3125,233.8125,308.0625,246.9375,329.0625,219.8125,331.6875,233.8125,333.4375,247.8125,314.1875,247.8125,314.1875,270.5625,314.1875,291.5625,326.4375,248.6875,327.3125,270.5625,323.8125,290.6875,321.1875,208.4375,324.6875,208.4375,317.6875,208.4375,325.5625,208.4375
324.16217041015625,209.33203125,320.630615234375,219.04296875,312.6846923828125,219.04296875,307.38739013671875,233.16796875,309.1531677246094,244.64453125,329.45947265625,218.16015625,332.10809326171875,233.16796875,335.6396484375,247.29296875,315.3333435058594,247.29296875,314.450439453125,271.12890625,313.56756591796875,291.43359375,326.8108215332031,248.17578125,329.45947265625,271.12890625,326.8108215332031,292.31640625,322.3963928222656,207.56640625,325.92791748046875,207.56640625,317.98199462890625,208.44921875,327.6936950683594,207.56640625
326.92791748046875,209.33203125,322.5135192871094,218.16015625,314.56756591796875,218.16015625,309.270263671875,232.28515625,311.0360412597656,244.64453125,331.34234619140625,218.16015625,333.10809326171875,233.16796875,337.52252197265625,248.17578125,316.3333435058594,246.41015625,315.450439453125,269.36328125,313.6846923828125,290.55078125,327.8108215332031,247.29296875,329.5765686035156,269.36328125,329.5765686035156,287.01953125,325.16217041015625,208.44921875,327.8108215332031,207.56640625,320.74774169921875,208.44921875,329.5765686035156,207.56640625
328.8108215332031,208.44921875,323.5135192871094,219.04296875,316.450439453125,219.04296875,310.270263671875,232.28515625,312.0360412597656,245.52734375,332.34234619140625,219.04296875,334.10809326171875,234.93359375,337.6396484375,249.94140625,317.3333435058594,248.17578125,316.450439453125,270.24609375,313.8017883300781,291.43359375,328.8108215332031,249.05859375,330.5765686035156,271.12890625,333.2252197265625,291.43359375,326.16217041015625,207.56640625,329.6936950683594,206.68359375,321.74774169921875,207.56640625,-1.0,-1.0
330.6936950683594,210.21484375,325.3963928222656,219.04296875,317.450439453125,219.04296875,311.270263671875,231.40234375,313.0360412597656,245.52734375,333.34234619140625,219.92578125,335.10809326171875,234.05078125,337.7567443847656,248.17578125,319.2162170410156,248.17578125,317.450439453125,269.36328125,314.8017883300781,291.43359375,329.8108215332031,249.05859375,331.5765686035156,270.24609375,334.2252197265625,290.55078125,328.92791748046875,208.44921875,330.6936950683594,208.44921875,323.630615234375,209.33203125,-1.0,-1.0
332.5765686035156,211.09765625,326.3963928222656,219.92578125,319.3333435058594,219.04296875,312.270263671875,233.16796875,315.8017883300781,245.52734375,335.2252197265625,219.92578125,336.9909973144531,234.05078125,338.7567443847656,246.41015625,321.0990905761719,248.17578125,318.450439453125,269.36328125,314.9189147949219,290.55078125,331.6936950683594,249.05859375,331.6936950683594,271.12890625,335.2252197265625,289.66796875,330.8108215332031,209.33203125,332.5765686035156,209.33203125,325.5135192871094,209.33203125,-1.0,-1.0
332.6936950683594,210.21484375,329.16217041015625,219.04296875,322.98199462890625,219.04296875,315.9189147949219,232.28515625,317.6846923828125,244.64453125,336.2252197265625,219.04296875,337.9909973144531,234.93359375,337.9909973144531,241.99609375,323.8648681640625,247.29296875,319.450439453125,269.36328125,315.9189147949219,289.66796875,332.6936950683594,248.17578125,333.5765686035156,270.24609375,331.8108215332031,289.66796875,331.8108215332031,209.33203125,333.5765686035156,209.33203125,328.2792663574219,210.21484375,-1.0,-1.0
334.5765686035156,211.09765625,330.16217041015625,219.92578125,322.2162170410156,219.04296875,316.9189147949219,233.16796875,318.6846923828125,246.41015625,338.9909973144531,219.92578125,340.7567443847656,234.05078125,342.52252197265625,245.52734375,324.8648681640625,248.17578125,321.3333435058594,270.24609375,316.0360412597656,289.66796875,335.45947265625,248.17578125,335.45947265625,271.12890625,338.10809326171875,291.43359375,332.8108215332031,209.33203125,335.45947265625,209.33203125,329.2792663574219,209.33203125,-1.0,-1.0
336.97344970703125,211.09765625,332.5486755371094,219.92578125,324.5840759277344,219.92578125,320.1593017578125,233.16796875,321.04425048828125,246.41015625,340.5132751464844,219.92578125,344.0531005859375,234.05078125,344.0531005859375,247.29296875,326.3539733886719,249.05859375,321.92919921875,270.24609375,315.7345275878906,291.43359375,336.97344970703125,249.94140625,338.74334716796875,272.01171875,338.74334716796875,291.43359375,335.20355224609375,209.33203125,337.8583984375,209.33203125,330.77874755859375,209.33203125,-1.0,-1.0
336.3185729980469,210.21484375,334.5486755371094,219.04296875,326.5840759277344,219.04296875,321.2743225097656,233.16796875,323.04425048828125,246.41015625,341.6283264160156,219.04296875,344.283203125,234.93359375,343.3982238769531,249.94140625,328.3539733886719,249.05859375,324.81414794921875,271.12890625,317.7345275878906,291.43359375,338.97344970703125,249.05859375,340.74334716796875,272.89453125,338.97344970703125,292.31640625,334.5486755371094,209.33203125,338.0885009765625,209.33203125,331.893798828125,209.33203125,338.97344970703125,209.33203125
337.4336242675781,209.33203125,335.6637268066406,219.04296875,327.6991271972656,219.04296875,322.3893737792969,232.28515625,322.3893737792969,245.52734375,343.6283264160156,219.04296875,347.16815185546875,232.28515625,347.16815185546875,247.29296875,330.3539733886719,247.29296875,328.5840759277344,271.12890625,318.84954833984375,290.55078125,340.0885009765625,248.17578125,340.97344970703125,271.12890625,339.20355224609375,291.43359375,336.5486755371094,207.56640625,339.20355224609375,207.56640625,333.00885009765625,208.44921875,340.97344970703125,207.56640625
339.8260803222656,209.4765625,337.16522216796875,218.3828125,330.069580078125,217.4921875,323.8608703613281,229.9609375,323.8608703613281,245.1015625,344.2608642578125,218.3828125,347.8086853027344,234.4140625,346.9217529296875,246.8828125,332.7304382324219,246.8828125,330.069580078125,269.1484375,322.0869445800781,288.7421875,342.4869689941406,246.8828125,341.6000061035156,270.9296875,338.05218505859375,290.5234375,337.16522216796875,207.6953125,341.6000061035156,207.6953125,335.39129638671875,208.5859375,342.4869689941406,207.6953125
341.3783874511719,207.72265625,337.7747802734375,218.50390625,330.56756591796875,218.50390625,325.16217041015625,232.87890625,326.06304931640625,245.45703125,345.88287353515625,218.50390625,347.6846923828125,233.77734375,346.7837829589844,246.35546875,334.1711730957031,247.25390625,334.1711730957031,268.81640625,328.7657775878906,288.58203125,344.0810852050781,247.25390625,343.18017578125,269.71484375,339.5765686035156,290.37890625,339.5765686035156,205.92578125,343.18017578125,205.92578125,335.97296142578125,206.82421875,-1.0,-1.0
342.47747802734375,206.82421875,339.7747802734375,217.60546875,330.7657775878906,218.50390625,326.2612609863281,231.98046875,327.16217041015625,245.45703125,347.88287353515625,217.60546875,349.6846923828125,232.87890625,-1.0,-1.0,336.1711730957031,247.25390625,337.97296142578125,268.81640625,330.7657775878906,290.37890625,346.0810852050781,247.25390625,344.2792663574219,269.71484375,338.8738708496094,290.37890625,340.6756896972656,205.02734375,344.2792663574219,205.02734375,337.07208251953125,206.82421875,-1.0,-1.0
343.5765686035156,205.02734375,341.7747802734375,216.70703125,332.7657775878906,215.80859375,328.2612609863281,230.18359375,329.16217041015625,245.45703125,349.88287353515625,217.60546875,353.4864807128906,231.98046875,-1.0,-1.0,337.270263671875,245.45703125,339.97296142578125,266.12109375,336.369384765625,288.58203125,347.18017578125,245.45703125,345.3783874511719,267.01953125,339.97296142578125,287.68359375,341.7747802734375,203.23046875,345.3783874511719,202.33203125,337.270263671875,204.12890625,348.0810852050781,204.12890625
345.3636474609375,204.234375,342.6363525390625,216.015625,333.5454406738281,216.015625,329.0,230.515625,329.9090881347656,245.015625,351.7272644042969,216.015625,354.4545593261719,230.515625,356.2727355957031,243.203125,339.0,244.109375,342.6363525390625,265.859375,338.0909118652344,288.515625,349.0,245.015625,345.3636474609375,266.765625,346.2727355957031,282.171875,343.54547119140625,202.421875,347.18182373046875,202.421875,339.0,203.328125,349.9090881347656,204.234375
345.54547119140625,204.234375,342.81817626953125,215.109375,333.7272644042969,216.015625,329.18182373046875,229.609375,330.0909118652344,245.015625,351.0,215.109375,354.6363525390625,230.515625,356.4545593261719,243.203125,338.2727355957031,244.109375,342.81817626953125,265.859375,338.2727355957031,288.515625,349.18182373046875,245.015625,341.9090881347656,266.765625,341.9090881347656,286.703125,343.7272644042969,202.421875,347.3636474609375,202.421875,339.18182373046875,203.328125,351.0,203.328125
346.6363525390625,204.234375,343.9090881347656,216.015625,334.81817626953125,215.109375,329.3636474609375,230.515625,330.2727355957031,245.015625,353.9090881347656,216.015625,357.54547119140625,230.515625,361.18182373046875,242.296875,339.3636474609375,245.015625,345.7272644042969,264.953125,339.3636474609375,289.421875,351.18182373046875,245.015625,345.7272644042969,266.765625,338.4545593261719,287.609375,344.81817626953125,201.515625,349.3636474609375,201.515625,341.18182373046875,203.328125,352.0909118652344,203.328125
349.27435302734375,205.140625,345.6637268066406,216.921875,336.6371765136719,216.921875,331.22125244140625,234.140625,332.1239013671875,246.828125,355.5929260253906,217.828125,359.20355224609375,232.328125,363.7168273925781,244.109375,340.247802734375,245.015625,346.5663757324219,265.859375,344.76104736328125,289.421875,351.07965087890625,245.921875,345.6637268066406,266.765625,342.0531005859375,288.515625,347.4690246582031,202.421875,351.07965087890625,202.421875,342.0531005859375,204.234375,353.78759765625,203.328125
349.4690246582031,205.140625,345.8583984375,216.921875,337.7345275878906,216.921875,332.3185729980469,234.140625,334.1239013671875,246.828125,355.78759765625,217.828125,359.3982238769531,230.515625,364.81414794921875,239.578125,342.247802734375,245.921875,348.5663757324219,265.859375,347.6637268066406,287.609375,350.3716735839844,246.828125,344.95574951171875,266.765625,342.247802734375,285.796875,346.76104736328125,203.328125,350.3716735839844,203.328125,343.15045166015625,204.234375,353.07965087890625,204.234375
351.43243408203125,206.2109375,348.6756896972656,215.4296875,340.4053955078125,215.4296875,333.97296142578125,231.1015625,334.89190673828125,245.8515625,356.9459533691406,216.3515625,359.70269775390625,230.1796875,367.97296142578125,241.2421875,343.16217041015625,245.8515625,350.5135192871094,267.0546875,351.43243408203125,286.4140625,352.3513488769531,246.7734375,345.0,267.0546875,344.0810852050781,286.4140625,348.6756896972656,203.4453125,352.3513488769531,203.4453125,345.9189147949219,203.4453125,355.10809326171875,204.3671875
353.43243408203125,205.2890625,349.7567443847656,215.4296875,341.4864807128906,215.4296875,335.97296142578125,232.0234375,335.0540466308594,245.8515625,358.9459533691406,216.3515625,363.54052734375,229.2578125,369.97296142578125,241.2421875,344.2432556152344,244.9296875,351.5946044921875,267.0546875,354.3513488769531,287.3359375,356.1891784667969,245.8515625,346.0810852050781,267.0546875,346.0810852050781,283.6484375,351.5946044921875,203.4453125,355.270263671875,202.5234375,347.9189147949219,203.4453125,357.10809326171875,204.3671875
357.270263671875,204.3671875,351.7567443847656,217.2734375,343.4864807128906,216.3515625,337.0540466308594,232.0234375,337.0540466308594,246.7734375,360.9459533691406,217.2734375,365.54052734375,230.1796875,371.97296142578125,242.1640625,346.2432556152344,246.7734375,354.5135192871094,267.9765625,355.43243408203125,287.3359375,355.43243408203125,247.6953125,348.0810852050781,267.9765625,347.16217041015625,286.4140625,352.6756896972656,202.5234375,357.270263671875,201.6015625,349.9189147949219,204.3671875,-1.0,-1.0
358.3513488769531,205.2890625,353.7567443847656,216.3515625,344.56756591796875,217.2734375,339.0540466308594,232.9453125,338.1351318359375,246.7734375,362.02703857421875,217.2734375,366.6216125488281,231.1015625,373.0540466308594,243.0859375,348.2432556152344,246.7734375,356.5135192871094,267.9765625,360.1891784667969,281.8046875,358.3513488769531,247.6953125,348.2432556152344,267.9765625,347.3243103027344,282.7265625,355.5946044921875,203.4453125,359.270263671875,202.5234375,350.0810852050781,204.3671875,-1.0,-1.0
357.3272705078125,204.48046875,354.5454406738281,217.49609375,346.20001220703125,216.56640625,340.6363525390625,232.37109375,339.7090759277344,246.31640625,362.8908996582031,217.49609375,367.52728271484375,230.51171875,374.9454650878906,242.59765625,349.9090881347656,247.24609375,356.3999938964844,268.62890625,357.3272705078125,288.15234375,359.18182373046875,247.24609375,348.9818115234375,269.55859375,346.20001220703125,290.01171875,355.47271728515625,202.62109375,359.18182373046875,201.69140625,351.7636413574219,203.55078125,361.036376953125,203.55078125
360.6785583496094,203.55078125,356.03570556640625,214.70703125,348.6071472167969,214.70703125,342.1071472167969,231.44140625,341.1785583496094,245.38671875,364.3928527832031,214.70703125,369.03570556640625,230.51171875,375.53570556640625,241.66796875,351.3928527832031,245.38671875,357.8928527832031,267.69921875,357.8928527832031,288.15234375,360.6785583496094,245.38671875,359.75,267.69921875,361.6071472167969,286.29296875,357.8928527832031,200.76171875,361.6071472167969,200.76171875,353.25,202.62109375,364.3928527832031,201.69140625
361.75,203.55078125,358.03570556640625,214.70703125,350.6071472167969,214.70703125,343.1785583496094,230.51171875,342.25,246.31640625,365.46429443359375,214.70703125,370.1071472167969,229.58203125,376.6071472167969,242.59765625,352.46429443359375,246.31640625,358.96429443359375,267.69921875,356.1785583496094,291.87109375,361.75,246.31640625,361.75,268.62890625,363.6071472167969,286.29296875,358.96429443359375,201.69140625,362.6785583496094,200.76171875,354.3214416503906,202.62109375,-1.0,-1.0
363.9549560546875,203.59375,359.270263671875,214.84375,350.83782958984375,214.84375,345.2162170410156,231.71875,344.2792663574219,245.78125,367.70269775390625,214.84375,371.450439453125,230.78125,377.07208251953125,242.96875,354.5855712890625,245.78125,361.1441345214844,268.28125,355.52252197265625,292.65625,363.9549560546875,246.71875,366.7657775878906,269.21875,365.8288269042969,285.15625,361.1441345214844,200.78125,364.89190673828125,200.78125,356.45947265625,202.65625,-1.0,-1.0
365.9549560546875,202.65625,361.270263671875,214.84375,352.83782958984375,214.84375,347.2162170410156,229.84375,347.2162170410156,245.78125,369.70269775390625,214.84375,372.5135192871094,231.71875,378.1351318359375,243.90625,357.52252197265625,245.78125,361.270263671875,268.28125,356.5855712890625,291.71875,367.8288269042969,246.71875,370.6396484375,269.21875,366.89190673828125,285.15625,364.0810852050781,200.78125,366.89190673828125,199.84375,358.45947265625,202.65625,-1.0,-1.0
368.6363525390625,201.81640625,362.963623046875,213.16015625,354.4545593261719,213.16015625,348.7818298339844,229.23046875,348.7818298339844,245.30078125,371.47271728515625,213.16015625,373.3636474609375,230.17578125,379.036376953125,242.46484375,358.2363586425781,245.30078125,362.963623046875,267.04296875,358.2363586425781,286.89453125,368.6363525390625,245.30078125,374.30908203125,266.09765625,365.79998779296875,284.05859375,365.79998779296875,199.92578125,368.6363525390625,198.98046875,361.0727233886719,201.81640625,-1.0,-1.0
370.6363525390625,200.87109375,364.0181884765625,212.21484375,356.4545593261719,212.21484375,351.7272644042969,229.23046875,351.7272644042969,244.35546875,372.52728271484375,213.16015625,374.4181823730469,230.17578125,378.20001220703125,242.46484375,361.18182373046875,244.35546875,361.18182373046875,267.98828125,359.2908935546875,290.67578125,370.6363525390625,245.30078125,367.79998779296875,268.93359375,364.963623046875,287.83984375,367.79998779296875,199.92578125,370.6363525390625,198.98046875,363.0727233886719,200.87109375,-1.0,-1.0
372.6363525390625,200.87109375,366.0181884765625,213.16015625,357.50909423828125,212.21484375,353.7272644042969,229.23046875,354.6727294921875,244.35546875,373.5818176269531,213.16015625,374.52728271484375,231.12109375,378.30908203125,244.35546875,363.18182373046875,245.30078125,362.2363586425781,268.93359375,360.345458984375,291.62109375,373.5818176269531,245.30078125,374.52728271484375,267.98828125,371.69091796875,289.73046875,369.79998779296875,199.92578125,372.6363525390625,198.98046875,364.12725830078125,200.87109375,-1.0,-1.0
374.1339416503906,201.81640625,367.5089416503906,213.16015625,358.9910583496094,213.16015625,355.2053527832031,228.28515625,356.15179443359375,243.41015625,375.0803527832031,214.10546875,376.97320556640625,230.17578125,378.8660583496094,241.51953125,364.6696472167969,245.30078125,362.77679443359375,269.87890625,361.8303527832031,293.51171875,375.0803527832031,246.24609375,376.97320556640625,269.87890625,374.1339416503906,293.51171875,372.2410583496094,199.92578125,374.1339416503906,198.98046875,366.5625,201.81640625,-1.0,-1.0
376.1339416503906,201.81640625,368.5625,214.10546875,360.9910583496094,214.10546875,356.2589416503906,228.28515625,359.09820556640625,241.51953125,377.0803527832031,214.10546875,378.97320556640625,231.12109375,382.7589416503906,244.35546875,366.6696472167969,246.24609375,362.8839416503906,270.82421875,360.9910583496094,292.56640625,377.0803527832031,247.19140625,377.0803527832031,270.82421875,377.0803527832031,291.62109375,373.2946472167969,199.92578125,376.1339416503906,198.98046875,367.6160583496094,201.81640625,-1.0,-1.0
378.0909118652344,201.97265625,371.345458984375,214.46484375,364.6000061035156,214.46484375,358.81817626953125,229.83984375,363.6363525390625,242.33203125,379.0545349121094,215.42578125,380.9818115234375,230.80078125,383.87274169921875,243.29296875,368.4545593261719,246.17578125,363.6363525390625,270.19921875,360.7454528808594,290.37890625,378.0909118652344,247.13671875,378.0909118652344,271.16015625,380.0181884765625,287.49609375,376.16363525390625,201.01171875,378.0909118652344,200.05078125,370.3818054199219,201.97265625,-1.0,-1.0
381.0545349121094,202.93359375,372.3818054199219,216.38671875,365.6363525390625,214.46484375,360.81817626953125,229.83984375,365.6363525390625,242.33203125,380.0909118652344,217.34765625,382.9818115234375,234.64453125,385.87274169921875,247.13671875,370.4545593261719,247.13671875,366.6000061035156,270.19921875,364.6727294921875,287.49609375,380.0909118652344,248.09765625,381.0545349121094,271.16015625,382.0181884765625,288.45703125,379.12725830078125,201.01171875,381.0545349121094,200.05078125,373.345458984375,201.97265625,-1.0,-1.0
382.0909118652344,203.89453125,374.3818054199219,216.38671875,367.6363525390625,215.42578125,362.81817626953125,230.80078125,367.6363525390625,243.29296875,382.0909118652344,217.34765625,384.0181884765625,233.68359375,386.9090881347656,248.09765625,370.52728271484375,248.09765625,366.6727294921875,271.16015625,365.7090759277344,288.45703125,382.0909118652344,249.05859375,383.0545349121094,272.12109375,389.79998779296875,294.22265625,380.16363525390625,201.97265625,383.0545349121094,201.01171875,374.3818054199219,202.93359375,-1.0,-1.0
385.0545349121094,204.85546875,376.3818054199219,217.34765625,370.6000061035156,216.38671875,364.81817626953125,230.80078125,370.6000061035156,244.25390625,383.12725830078125,218.30859375,386.0181884765625,237.52734375,389.87274169921875,250.01953125,372.52728271484375,249.05859375,366.7454528808594,273.08203125,365.7818298339844,293.26171875,383.12725830078125,250.98046875,384.0909118652344,274.04296875,386.9818115234375,295.18359375,382.16363525390625,202.93359375,385.0545349121094,201.97265625,377.345458984375,203.89453125,-1.0,-1.0
387.2843933105469,205.953125,380.47705078125,217.578125,373.66973876953125,216.609375,367.8348693847656,231.140625,371.7247619628906,245.671875,387.2843933105469,217.578125,391.17431640625,235.984375,393.1192626953125,251.484375,378.5321044921875,250.515625,371.7247619628906,270.859375,367.8348693847656,288.296875,387.2843933105469,250.515625,387.2843933105469,270.859375,389.2293701171875,289.265625,385.3394470214844,203.046875,388.25689697265625,202.078125,379.50457763671875,204.015625,-1.0,-1.0
389.7567443847656,205.953125,381.97296142578125,217.578125,376.1351318359375,217.578125,371.270263671875,232.109375,375.16217041015625,245.671875,388.7837829589844,218.546875,391.70269775390625,234.046875,-1.0,-1.0,380.02703857421875,249.546875,374.1891784667969,269.890625,370.29730224609375,287.328125,388.7837829589844,250.515625,387.8108215332031,270.859375,386.83782958984375,285.390625,387.8108215332031,203.046875,390.729736328125,202.078125,381.97296142578125,204.015625,-1.0,-1.0
392.729736328125,205.953125,384.9459533691406,217.578125,378.1351318359375,217.578125,373.270263671875,232.109375,378.1351318359375,247.609375,391.7567443847656,218.546875,394.6756896972656,235.015625,395.6486511230469,252.453125,383.0,250.515625,390.7837829589844,273.765625,392.729736328125,294.109375,391.7567443847656,251.484375,390.7837829589844,272.796875,388.83782958984375,289.265625,389.8108215332031,203.046875,392.729736328125,203.046875,384.9459533691406,204.015625,-1.0,-1.0
394.2293701171875,204.984375,387.4220275878906,217.578125,380.61468505859375,216.609375,375.7522888183594,233.078125,379.6422119140625,247.609375,394.2293701171875,218.546875,397.14678955078125,235.015625,397.14678955078125,251.484375,382.55963134765625,250.515625,377.6972351074219,271.828125,372.8348693847656,289.265625,393.25689697265625,250.515625,393.25689697265625,273.765625,393.25689697265625,295.078125,391.3119201660156,203.046875,395.20184326171875,203.046875,387.4220275878906,204.015625,-1.0,-1.0
396.2293701171875,204.11328125,388.4495544433594,216.80859375,381.6422119140625,216.80859375,376.7798156738281,231.45703125,380.66973876953125,248.05859375,395.25689697265625,217.78515625,399.14678955078125,236.33984375,398.17431640625,249.03515625,384.55963134765625,250.01171875,382.61468505859375,271.49609375,382.61468505859375,286.14453125,394.2843933105469,250.01171875,394.2843933105469,272.47265625,393.3119201660156,292.00390625,394.2843933105469,202.16015625,397.20184326171875,202.16015625,389.4220275878906,203.13671875,-1.0,-1.0
398.97222900390625,204.2421875,391.120361328125,216.0546875,383.2685241699219,216.0546875,379.34259033203125,231.8046875,382.28704833984375,246.5703125,397.9907531738281,216.0546875,-1.0,-1.0,-1.0,-1.0,388.1759338378906,248.5390625,393.0833435058594,271.1796875,394.0648193359375,290.8671875,397.9907531738281,247.5546875,395.0462951660156,271.1796875,393.0833435058594,289.8828125,396.02777099609375,202.2734375,399.9537048339844,202.2734375,391.120361328125,202.2734375,-1.0,-1.0
399.0092468261719,203.2578125,394.10186767578125,215.0703125,386.25,216.0546875,381.34259033203125,231.8046875,384.28704833984375,246.5703125,402.9351806640625,214.0859375,407.84259033203125,230.8203125,-1.0,-1.0,392.1388854980469,247.5546875,394.10186767578125,271.1796875,394.10186767578125,294.8046875,401.9537048339844,246.5703125,398.02777099609375,271.1796875,396.0648193359375,292.8359375,397.0462951660156,201.2890625,400.97222900390625,201.2890625,393.120361328125,202.2734375,-1.0,-1.0
401.9907531738281,202.2734375,396.10186767578125,215.0703125,388.25,216.0546875,383.34259033203125,231.8046875,386.28704833984375,246.5703125,403.9537048339844,214.0859375,405.9166564941406,229.8359375,-1.0,-1.0,394.1388854980469,247.5546875,395.120361328125,272.1640625,394.1388854980469,297.7578125,403.9537048339844,246.5703125,398.0648193359375,272.1640625,394.1388854980469,296.7734375,400.02777099609375,201.2890625,402.97222900390625,200.3046875,395.120361328125,201.2890625,-1.0,-1.0
401.52728271484375,203.2578125,398.5818176269531,212.1171875,391.7091064453125,212.1171875,385.81817626953125,229.8359375,386.79998779296875,246.5703125,406.4363708496094,212.1171875,408.3999938964844,229.8359375,411.345458984375,247.5546875,395.6363525390625,246.5703125,396.6181945800781,272.1640625,389.7454528808594,293.8203125,405.4545593261719,245.5859375,403.49090576171875,270.1953125,408.3999938964844,286.9296875,400.54547119140625,201.2890625,403.49090576171875,201.2890625,396.6181945800781,201.2890625,405.4545593261719,202.2734375
403.761474609375,203.37890625,400.78900146484375,214.29296875,392.8623962402344,214.29296875,386.91741943359375,230.16796875,388.8990783691406,247.03515625,408.7156066894531,214.29296875,411.6880798339844,231.16015625,414.6605529785156,247.03515625,397.8165283203125,246.04296875,398.8073425292969,267.87109375,394.8440246582031,290.69140625,407.7247619628906,245.05078125,403.761474609375,267.87109375,404.7522888183594,286.72265625,401.7798156738281,201.39453125,404.7522888183594,201.39453125,398.8073425292969,202.38671875,406.73394775390625,202.38671875
406.7522888183594,204.37109375,402.78900146484375,214.29296875,394.8623962402344,214.29296875,388.91741943359375,231.16015625,390.8990783691406,250.01171875,410.7156066894531,215.28515625,412.697265625,233.14453125,416.6605529785156,248.02734375,399.8165283203125,246.04296875,401.79815673828125,269.85546875,400.8073425292969,292.67578125,408.73394775390625,246.04296875,403.7798156738281,269.85546875,402.78900146484375,290.69140625,404.7706298828125,201.39453125,408.73394775390625,202.38671875,401.79815673828125,201.39453125,410.7156066894531,202.38671875
406.5,204.5,405.5,214.5,397.5,214.5,391.5,231.5,393.5,249.5,413.5,215.5,415.5,233.5,418.5,247.5,400.5,246.5,403.5,269.5,405.5,292.5,410.5,247.5,405.5,269.5,396.5,294.5,404.5,201.5,409.5,201.5,402.5,202.5,411.5,203.5
409.5,204.5,406.5,215.5,398.5,215.5,392.5,231.5,394.5,248.5,415.5,215.5,417.5,232.5,419.5,246.5,403.5,246.5,406.5,269.5,409.5,291.5,412.5,246.5,402.5,271.5,395.5,290.5,407.5,201.5,411.5,202.5,404.5,202.5,413.5,203.5
413.5,204.5,409.5,215.5,401.5,215.5,395.5,232.5,397.5,250.5,417.5,216.5,419.5,232.5,425.5,244.5,404.5,248.5,410.5,271.5,414.5,293.5,414.5,248.5,403.5,272.5,395.5,290.5,410.5,201.5,414.5,202.5,407.5,202.5,415.5,203.5
415.75701904296875,205.64453125,410.71026611328125,216.73046875,402.635498046875,216.73046875,396.5794372558594,232.85546875,397.5887756347656,250.99609375,418.7850341796875,215.72265625,421.8130798339844,231.84765625,428.8785095214844,244.94921875,406.67291259765625,247.97265625,412.7289733886719,270.14453125,415.75701904296875,291.30859375,415.75701904296875,247.97265625,405.6635437011719,271.15234375,396.5794372558594,290.30078125,412.7289733886719,204.63671875,416.766357421875,203.62890625,409.700927734375,204.63671875,416.766357421875,204.63671875
419.2752380371094,207.66015625,413.2201843261719,218.74609375,405.14678955078125,218.74609375,400.1009216308594,233.86328125,399.09173583984375,250.99609375,419.2752380371094,218.74609375,424.32110595703125,234.87109375,424.32110595703125,248.98046875,408.17431640625,248.98046875,414.2293701171875,271.15234375,419.2752380371094,293.32421875,418.26605224609375,249.98828125,407.1651306152344,271.15234375,398.08258056640625,290.30078125,416.2477111816406,205.64453125,-1.0,-1.0,412.21099853515625,207.66015625,-1.0,-1.0
421.2752380371094,206.65234375,416.2293701171875,218.74609375,409.1651306152344,219.75390625,403.110107421875,234.87109375,402.1009216308594,249.98828125,424.3027648925781,219.75390625,427.33026123046875,235.87890625,426.32110595703125,249.98828125,410.17431640625,248.98046875,419.25689697265625,271.15234375,422.2843933105469,290.30078125,420.26605224609375,249.98828125,410.17431640625,274.17578125,400.08258056640625,291.30859375,419.25689697265625,205.64453125,-1.0,-1.0,415.2201843261719,207.66015625,-1.0,-1.0
424.2843933105469,206.65234375,419.238525390625,217.73828125,411.1651306152344,216.73046875,405.110107421875,233.86328125,405.110107421875,250.99609375,427.3119201660156,218.74609375,429.33026123046875,233.86328125,429.33026123046875,248.98046875,414.1926574707031,248.98046875,422.26605224609375,271.15234375,424.2843933105469,289.29296875,423.2752380371094,248.98046875,413.1834716796875,271.15234375,404.1009216308594,290.30078125,422.26605224609375,204.63671875,426.3027648925781,204.63671875,418.2293701171875,205.64453125,-1.0,-1.0
427.3831787109375,205.95703125,421.2149658203125,217.21484375,414.0186767578125,216.19140625,407.8504638671875,233.58984375,406.8224182128906,253.03515625,428.4112243652344,217.21484375,431.4953308105469,233.58984375,432.52337646484375,246.89453125,416.07476806640625,248.94140625,425.3271179199219,272.48046875,425.3271179199219,294.99609375,426.3551330566406,248.94140625,419.15887451171875,272.48046875,404.766357421875,290.90234375,424.299072265625,203.91015625,428.4112243652344,203.91015625,420.1869201660156,204.93359375,-1.0,-1.0
430.4112243652344,205.95703125,424.24298095703125,216.19140625,416.0186767578125,216.19140625,409.8504638671875,232.56640625,409.8504638671875,253.03515625,431.43927001953125,216.19140625,433.4953308105469,233.58984375,435.5513916015625,249.96484375,421.15887451171875,248.94140625,426.299072265625,273.50390625,425.2710266113281,299.08984375,430.4112243652344,248.94140625,425.2710266113281,273.50390625,426.299072265625,296.01953125,428.3551330566406,203.91015625,430.4112243652344,202.88671875,423.2149658203125,203.91015625,-1.0,-1.0
432.4112243652344,204.93359375,425.2149658203125,216.19140625,419.0467224121094,216.19140625,412.8785095214844,232.56640625,412.8785095214844,249.96484375,432.4112243652344,216.19140625,434.46728515625,232.56640625,434.46728515625,249.96484375,423.15887451171875,248.94140625,427.2710266113281,274.52734375,426.24298095703125,298.06640625,432.4112243652344,248.94140625,427.2710266113281,273.50390625,426.24298095703125,297.04296875,430.3551330566406,202.88671875,433.43927001953125,202.88671875,426.24298095703125,203.91015625,-1.0,-1.0
409.7383117675781,201.86328125,412.8224182128906,212.09765625,409.7383117675781,213.12109375,409.7383117675781,226.42578125,-1.0,-1.0,420.0186767578125,214.14453125,-1.0,-1.0,-1.0,-1.0,406.6542053222656,244.84765625,409.7383117675781,267.36328125,-1.0,-1.0,434.4112243652344,246.89453125,-1.0,-1.0,-1.0,-1.0,409.7383117675781,200.83984375,410.766357421875,200.83984375,-1.0,-1.0,413.8504638671875,200.83984375
437.96331787109375,202.88671875,430.7706298828125,214.14453125,423.5779724121094,214.14453125,418.44036865234375,232.56640625,419.4678955078125,248.94140625,437.96331787109375,214.14453125,-1.0,-1.0,-1.0,-1.0,427.6880798339844,247.91796875,428.7156066894531,273.50390625,425.6330261230469,296.01953125,436.935791015625,247.91796875,438.9908142089844,273.50390625,434.8807373046875,296.01953125,436.935791015625,200.83984375,438.9908142089844,200.83984375,432.82568359375,200.83984375,-1.0,-1.0
440.9908142089844,203.015625,431.74310302734375,214.359375,425.5779724121094,214.359375,422.49542236328125,233.953125,424.5504455566406,249.421875,438.935791015625,214.359375,442.0183410644531,230.859375,442.0183410644531,249.421875,430.7156066894531,247.359375,429.6880798339844,273.140625,426.6054992675781,299.953125,438.935791015625,248.390625,443.0458679199219,272.109375,430.7156066894531,297.890625,438.935791015625,200.953125,-1.0,-1.0,435.85321044921875,201.984375,-1.0,-1.0
442.9908142089844,203.015625,434.7706298828125,213.328125,428.6054992675781,213.328125,424.49542236328125,231.890625,427.5779724121094,247.359375,440.935791015625,213.328125,442.9908142089844,229.828125,444.0183410644531,245.296875,432.7156066894531,247.359375,431.6880798339844,273.140625,427.5779724121094,300.984375,440.935791015625,247.359375,445.0458679199219,271.078125,436.82568359375,292.734375,441.96331787109375,200.953125,-1.0,-1.0,437.85321044921875,200.953125,-1.0,-1.0
446.0183410644531,203.015625,437.79815673828125,213.328125,431.6330261230469,213.328125,426.49542236328125,231.890625,431.6330261230469,247.359375,443.96331787109375,213.328125,444.9908142089844,229.828125,-1.0,-1.0,434.7156066894531,248.390625,432.6605529785156,272.109375,427.52294921875,298.921875,443.96331787109375,248.390625,449.1009216308594,271.078125,441.90826416015625,295.828125,444.9908142089844,199.921875,-1.0,-1.0,439.85321044921875,200.953125,-1.0,-1.0
449.9259338378906,204.22265625,440.59259033203125,213.57421875,435.40740966796875,212.53515625,430.22222900390625,231.23828125,435.40740966796875,246.82421875,446.8148193359375,214.61328125,447.85186767578125,230.19921875,-1.0,-1.0,436.4444580078125,248.90234375,434.370361328125,272.80078125,427.1111145019531,299.81640625,445.77777099609375,249.94140625,450.96295166015625,272.80078125,447.85186767578125,297.73828125,447.85186767578125,201.10546875,450.96295166015625,201.10546875,442.6666564941406,201.10546875,-1.0,-1.0
451.9259338378906,204.22265625,442.59259033203125,215.65234375,436.370361328125,214.61328125,433.2592468261719,231.23828125,439.4814758300781,246.82421875,449.85186767578125,215.65234375,452.96295166015625,232.27734375,454.0,247.86328125,439.4814758300781,249.94140625,434.2962951660156,274.87890625,428.0740661621094,300.85546875,448.8148193359375,249.94140625,454.0,273.83984375,455.03704833984375,297.73828125,448.8148193359375,201.10546875,452.96295166015625,203.18359375,444.6666564941406,202.14453125,-1.0,-1.0
456.0740661621094,205.26171875,445.7037048339844,215.65234375,439.4814758300781,214.61328125,436.370361328125,231.23828125,443.629638671875,246.82421875,452.96295166015625,215.65234375,456.0740661621094,231.23828125,-1.0,-1.0,440.5185241699219,249.94140625,435.3333435058594,274.87890625,428.0740661621094,300.85546875,450.8888854980469,250.98046875,455.03704833984375,273.83984375,461.2592468261719,297.73828125,454.0,202.14453125,458.14813232421875,203.18359375,446.7407531738281,202.14453125,-1.0,-1.0
