-1.0,-1.0,-1.0,-1.0,-1.0,-1.0,-1.0,-1.0,-1.0,-1.0,-1.0,-1.0,-1.0,-1.0,-1.0,-1.0,76.86792755126953,55.01953125,108.59119415283203,160.16796875,132.99371337890625,253.08984375,-1.0,-1.0,-1.0,-1.0,-1.0,-1.0,-1.0,-1.0,-1.0,-1.0,-1.0,-1.0,-1.0,-1.0
-1.0,-1.0,-1.0,-1.0,-1.0,-1.0,-1.0,-1.0,-1.0,-1.0,-1.0,-1.0,-1.0,-1.0,-1.0,-1.0,49.704402923583984,79.21875,42.38364791870117,166.96875,15.54088020324707,266.90625,-1.0,-1.0,-1.0,-1.0,-1.0,-1.0,-1.0,-1.0,-1.0,-1.0,-1.0,-1.0,-1.0,-1.0
-1.0,-1.0,-1.0,-1.0,-1.0,-1.0,-1.0,-1.0,-1.0,-1.0,-1.0,-1.0,-1.0,-1.0,-1.0,-1.0,56.484275817871094,71.67578125,49.201255798339844,168.86328125,15.213836669921875,258.76171875,-1.0,-1.0,-1.0,-1.0,-1.0,-1.0,-1.0,-1.0,-1.0,-1.0,-1.0,-1.0,-1.0,-1.0
-1.0,-1.0,-1.0,-1.0,-1.0,-1.0,-1.0,-1.0,-1.0,-1.0,-1.0,-1.0,-1.0,-1.0,-1.0,-1.0,69.71249389648438,69.0234375,67.2874984741211,168.3203125,21.212499618530273,255.5078125,-1.0,-1.0,-1.0,-1.0,-1.0,-1.0,-1.0,-1.0,-1.0,-1.0,-1.0,-1.0,-1.0,-1.0
-1.0,-1.0,-1.0,-1.0,-1.0,-1.0,-1.0,-1.0,-1.0,-1.0,-1.0,-1.0,-1.0,-1.0,-1.0,-1.0,94.47825622558594,80.87109375,80.01863098144531,172.60546875,31.819875717163086,223.30078125,-1.0,-1.0,-1.0,-1.0,-1.0,-1.0,-1.0,-1.0,-1.0,-1.0,-1.0,-1.0,-1.0,-1.0
-1.0,-1.0,-1.0,-1.0,-1.0,-1.0,-1.0,-1.0,-1.0,-1.0,-1.0,-1.0,-1.0,-1.0,-1.0,-1.0,135.21739196777344,71.21484375,149.67701721191406,165.36328125,137.6273193359375,264.33984375,-1.0,-1.0,-1.0,-1.0,-1.0,-1.0,-1.0,-1.0,-1.0,-1.0,-1.0,-1.0,-1.0,-1.0
-1.0,-1.0,-1.0,-1.0,-1.0,-1.0,-1.0,-1.0,-1.0,-1.0,-1.0,-1.0,-1.0,-1.0,-1.0,-1.0,144.6273193359375,75.796875,154.26708984375,172.046875,139.8074493408203,265.890625,-1.0,-1.0,-1.0,-1.0,-1.0,-1.0,-1.0,-1.0,-1.0,-1.0,-1.0,-1.0,-1.0,-1.0
-1.0,-1.0,-1.0,-1.0,-1.0,-1.0,-1.0,-1.0,-1.0,-1.0,-1.0,-1.0,-1.0,-1.0,-1.0,-1.0,141.50311279296875,75.55078125,153.49069213867188,171.48828125,139.1055908203125,265.02734375,-1.0,-1.0,-1.0,-1.0,-1.0,-1.0,-1.0,-1.0,-1.0,-1.0,-1.0,-1.0,-1.0,-1.0
-1.0,-1.0,233.62962341308594,15.5390625,240.8148193359375,13.1484375,250.3950653076172,63.3515625,233.62962341308594,115.9453125,226.44444274902344,17.9296875,248.0,70.5234375,233.62962341308594,111.1640625,238.4197540283203,106.3828125,-1.0,-1.0,-1.0,-1.0,221.65432739257812,103.9921875,209.67901611328125,173.3203125,233.62962341308594,249.8203125,-1.0,-1.0,-1.0,-1.0,-1.0,-1.0,-1.0,-1.0
-1.0,-1.0,233.57667541503906,13.10546875,231.19630432128906,13.10546875,-1.0,-1.0,-1.0,-1.0,235.95704650878906,15.48828125,240.71778869628906,67.91015625,228.81594848632812,115.56640625,216.9141082763672,103.65234375,197.87115478515625,167.98828125,231.19630432128906,218.02734375,226.43557739257812,106.03515625,226.43557739257812,170.37109375,231.19630432128906,241.85546875,-1.0,-1.0,-1.0,-1.0,-1.0,-1.0,221.67483520507812,1.19140625
-1.0,-1.0,228.67483520507812,15.4375,238.19630432128906,15.4375,240.57667541503906,72.4375,-1.0,-1.0,226.29446411132812,15.4375,231.05520629882812,74.8125,221.5337371826172,117.5625,214.39263916015625,108.0625,190.58895874023438,167.4375,226.29446411132812,236.3125,221.5337371826172,105.6875,223.9141082763672,174.5625,231.05520629882812,238.6875,-1.0,-1.0,-1.0,-1.0,-1.0,-1.0,221.5337371826172,1.1875
-1.0,-1.0,225.23170471191406,15.38671875,-1.0,-1.0,-1.0,-1.0,-1.0,-1.0,227.59754943847656,15.38671875,229.96340942382812,79.30078125,215.76828002929688,117.17578125,215.76828002929688,105.33984375,-1.0,-1.0,-1.0,-1.0,232.32925415039062,100.60546875,222.8658447265625,176.35546875,232.32925415039062,245.00390625,-1.0,-1.0,-1.0,-1.0,-1.0,-1.0,-1.0,-1.0
-1.0,-1.0,257.3475341796875,90.8359375,259.70123291015625,90.8359375,-1.0,-1.0,-1.0,-1.0,-1.0,-1.0,-1.0,-1.0,-1.0,-1.0,257.3475341796875,107.3515625,-1.0,-1.0,-1.0,-1.0,257.3475341796875,107.3515625,-1.0,-1.0,-1.0,-1.0,-1.0,-1.0,-1.0,-1.0,-1.0,-1.0,-1.0,-1.0
-1.0,-1.0,-1.0,-1.0,-1.0,-1.0,-1.0,-1.0,-1.0,-1.0,214.92071533203125,69.37109375,210.21340942382812,88.18359375,203.15243530273438,118.75390625,-1.0,-1.0,-1.0,-1.0,-1.0,-1.0,-1.0,-1.0,-1.0,-1.0,-1.0,-1.0,-1.0,-1.0,-1.0,-1.0,-1.0,-1.0,-1.0,-1.0
-1.0,-1.0,211.86746215820312,69.140625,-1.0,-1.0,-1.0,-1.0,-1.0,-1.0,218.8795166015625,78.515625,221.21685791015625,113.671875,-1.0,-1.0,-1.0,-1.0,-1.0,-1.0,-1.0,-1.0,218.8795166015625,132.421875,207.19277954101562,165.234375,230.56626892089844,244.921875,-1.0,-1.0,-1.0,-1.0,-1.0,-1.0,-1.0,-1.0
-1.0,-1.0,-1.0,-1.0,-1.0,-1.0,-1.0,-1.0,-1.0,-1.0,-1.0,-1.0,-1.0,-1.0,-1.0,-1.0,-1.0,-1.0,-1.0,-1.0,-1.0,-1.0,202.5060272216797,66.796875,207.18072509765625,165.234375,230.55421447753906,249.609375,-1.0,-1.0,-1.0,-1.0,-1.0,-1.0,-1.0,-1.0
-1.0,-1.0,281.9638671875,89.93359375,279.62652587890625,89.93359375,-1.0,-1.0,-1.0,-1.0,284.30120849609375,89.93359375,284.30120849609375,99.27734375,-1.0,-1.0,277.2891540527344,110.95703125,274.9518127441406,124.97265625,-1.0,-1.0,281.9638671875,108.62109375,279.62652587890625,124.97265625,-1.0,-1.0,-1.0,-1.0,-1.0,-1.0,-1.0,-1.0,-1.0,-1.0
-1.0,-1.0,-1.0,-1.0,-1.0,-1.0,-1.0,-1.0,-1.0,-1.0,-1.0,-1.0,-1.0,-1.0,-1.0,-1.0,168.27545166015625,68.6796875,179.8922119140625,166.4609375,138.0718536376953,264.2421875,-1.0,-1.0,-1.0,-1.0,-1.0,-1.0,-1.0,-1.0,-1.0,-1.0,-1.0,-1.0,-1.0,-1.0
-1.0,-1.0,-1.0,-1.0,-1.0,-1.0,-1.0,-1.0,-1.0,-1.0,-1.0,-1.0,-1.0,-1.0,-1.0,-1.0,171.83132934570312,70.76953125,148.57830810546875,131.09765625,132.30120849609375,184.46484375,-1.0,-1.0,-1.0,-1.0,-1.0,-1.0,-1.0,-1.0,-1.0,-1.0,-1.0,-1.0,-1.0,-1.0
-1.0,-1.0,-1.0,-1.0,162.48809814453125,1.15625,157.86904907226562,31.21875,160.17857360839844,72.84375,-1.0,-1.0,-1.0,-1.0,-1.0,-1.0,-1.0,-1.0,-1.0,-1.0,-1.0,-1.0,-1.0,-1.0,-1.0,-1.0,-1.0,-1.0,-1.0,-1.0,-1.0,-1.0,-1.0,-1.0,-1.0,-1.0
-1.0,-1.0,208.75,1.15234375,174.10714721679688,1.15234375,167.17857360839844,38.02734375,167.17857360839844,74.90234375,-1.0,-1.0,-1.0,-1.0,-1.0,-1.0,194.89285278320312,81.81640625,-1.0,-1.0,-1.0,-1.0,236.46429443359375,79.51171875,241.08334350585938,169.39453125,257.25,256.97265625,-1.0,-1.0,-1.0,-1.0,-1.0,-1.0,-1.0,-1.0
-1.0,-1.0,-1.0,-1.0,-1.0,-1.0,-1.0,-1.0,-1.0,-1.0,-1.0,-1.0,-1.0,-1.0,-1.0,-1.0,153.34730529785156,17.2265625,153.34730529785156,70.0546875,141.8502960205078,125.1796875,-1.0,-1.0,-1.0,-1.0,-1.0,-1.0,-1.0,-1.0,-1.0,-1.0,-1.0,-1.0,-1.0,-1.0
-1.0,-1.0,-1.0,-1.0,-1.0,-1.0,-1.0,-1.0,-1.0,-1.0,-1.0,-1.0,-1.0,-1.0,-1.0,-1.0,216.83233642578125,74.6484375,239.82635498046875,173.4140625,186.94012451171875,226.2421875,-1.0,-1.0,-1.0,-1.0,-1.0,-1.0,-1.0,-1.0,-1.0,-1.0,-1.0,-1.0,-1.0,-1.0
-1.0,-1.0,-1.0,-1.0,-1.0,-1.0,-1.0,-1.0,-1.0,-1.0,-1.0,-1.0,-1.0,-1.0,-1.0,-1.0,222.3855438232422,69.81640625,247.56626892089844,177.40234375,194.91566467285156,220.89453125,-1.0,-1.0,-1.0,-1.0,-1.0,-1.0,-1.0,-1.0,-1.0,-1.0,-1.0,-1.0,-1.0,-1.0
-1.0,-1.0,-1.0,-1.0,-1.0,-1.0,-1.0,-1.0,-1.0,-1.0,-1.0,-1.0,-1.0,-1.0,-1.0,-1.0,232.92681884765625,76.68359375,258.1463317871094,172.82421875,210.0,216.31640625,-1.0,-1.0,-1.0,-1.0,-1.0,-1.0,-1.0,-1.0,-1.0,-1.0,-1.0,-1.0,-1.0,-1.0
-1.0,-1.0,-1.0,-1.0,-1.0,-1.0,-1.0,-1.0,-1.0,-1.0,-1.0,-1.0,-1.0,-1.0,-1.0,-1.0,232.80606079101562,76.421875,260.1515197753906,174.515625,210.0181884765625,220.140625,-1.0,-1.0,-1.0,-1.0,-1.0,-1.0,-1.0,-1.0,-1.0,-1.0,-1.0,-1.0,-1.0,-1.0
-1.0,-1.0,-1.0,-1.0,-1.0,-1.0,-1.0,-1.0,-1.0,-1.0,-1.0,-1.0,-1.0,-1.0,-1.0,-1.0,241.04293823242188,78.703125,291.25152587890625,167.671875,252.4539794921875,197.328125,-1.0,-1.0,-1.0,-1.0,-1.0,-1.0,-1.0,-1.0,-1.0,-1.0,-1.0,-1.0,-1.0,-1.0
-1.0,-1.0,-1.0,-1.0,-1.0,-1.0,-1.0,-1.0,-1.0,-1.0,-1.0,-1.0,-1.0,-1.0,-1.0,-1.0,285.2822265625,71.61328125,301.1717834472656,162.55078125,248.96319580078125,221.66015625,-1.0,-1.0,-1.0,-1.0,-1.0,-1.0,-1.0,-1.0,-1.0,-1.0,-1.0,-1.0,-1.0,-1.0
-1.0,-1.0,-1.0,-1.0,-1.0,-1.0,-1.0,-1.0,-1.0,-1.0,-1.0,-1.0,-1.0,-1.0,-1.0,-1.0,288.95062255859375,73.6328125,316.20989990234375,157.4609375,263.96295166015625,227.6953125,-1.0,-1.0,-1.0,-1.0,-1.0,-1.0,-1.0,-1.0,-1.0,-1.0,-1.0,-1.0,-1.0,-1.0
-1.0,-1.0,-1.0,-1.0,-1.0,-1.0,-1.0,-1.0,-1.0,-1.0,-1.0,-1.0,-1.0,-1.0,-1.0,-1.0,295.478271484375,73.6328125,322.60870361328125,155.1953125,279.65216064453125,236.7578125,-1.0,-1.0,-1.0,-1.0,-1.0,-1.0,-1.0,-1.0,-1.0,-1.0,-1.0,-1.0,-1.0,-1.0
-1.0,-1.0,-1.0,-1.0,-1.0,-1.0,-1.0,-1.0,-1.0,-1.0,-1.0,-1.0,-1.0,-1.0,-1.0,-1.0,300.41876220703125,73.37890625,332.09375,152.40234375,302.6812438964844,240.45703125,-1.0,-1.0,-1.0,-1.0,-1.0,-1.0,-1.0,-1.0,-1.0,-1.0,-1.0,-1.0,-1.0,-1.0
-1.0,-1.0,-1.0,-1.0,312.01885986328125,1.12890625,321.0754699707031,34.99609375,339.18865966796875,86.92578125,-1.0,-1.0,-1.0,-1.0,-1.0,-1.0,-1.0,-1.0,-1.0,-1.0,-1.0,-1.0,-1.0,-1.0,-1.0,-1.0,-1.0,-1.0,-1.0,-1.0,-1.0,-1.0,-1.0,-1.0,-1.0,-1.0
-1.0,-1.0,297.182373046875,1.125,315.1949768066406,1.125,328.70440673828125,41.625,337.710693359375,91.125,270.16351318359375,1.125,-1.0,-1.0,-1.0,-1.0,306.1886901855469,79.875,339.9622802734375,160.875,344.46539306640625,248.625,270.16351318359375,79.875,272.41510009765625,167.625,258.9056701660156,250.875,-1.0,-1.0,-1.0,-1.0,-1.0,-1.0,-1.0,-1.0
-1.0,-1.0,303.7232666015625,1.12109375,-1.0,-1.0,-1.0,-1.0,-1.0,-1.0,-1.0,-1.0,-1.0,-1.0,-1.0,-1.0,314.9182434082031,86.32421875,346.26416015625,167.04296875,352.98114013671875,245.51953125,279.0943298339844,84.08203125,274.6163635253906,167.04296875,261.182373046875,254.48828125,-1.0,-1.0,-1.0,-1.0,-1.0,-1.0,-1.0,-1.0
380.35443115234375,149.10546875,380.35443115234375,151.34765625,371.39239501953125,151.34765625,371.39239501953125,155.83203125,380.35443115234375,158.07421875,382.5949401855469,151.34765625,387.0759582519531,155.83203125,-1.0,-1.0,371.39239501953125,164.80078125,382.5949401855469,164.80078125,-1.0,-1.0,382.5949401855469,162.55859375,387.0759582519531,162.55859375,-1.0,-1.0,378.1139221191406,146.86328125,380.35443115234375,146.86328125,375.8734130859375,146.86328125,-1.0,-1.0
-1.0,-1.0,317.48406982421875,1.1171875,292.9617919921875,1.1171875,277.356689453125,30.1640625,-1.0,-1.0,-1.0,-1.0,-1.0,-1.0,-1.0,-1.0,292.9617919921875,92.7265625,288.503173828125,166.4609375,259.52227783203125,251.3671875,328.63055419921875,90.4921875,355.3821716308594,161.9921875,370.98724365234375,246.8984375,-1.0,-1.0,-1.0,-1.0,-1.0,-1.0,-1.0,-1.0
-1.0,-1.0,323.4230651855469,1.1171875,303.3461608886719,1.1171875,285.5,27.9296875,296.6538391113281,56.9765625,341.26922607421875,1.1171875,350.19232177734375,36.8671875,354.6538391113281,83.7890625,336.80767822265625,90.4921875,363.576904296875,164.2265625,374.73077392578125,244.6640625,301.1153869628906,90.4921875,292.19232177734375,166.4609375,265.4230651855469,240.1953125,-1.0,-1.0,-1.0,-1.0,-1.0,-1.0,-1.0,-1.0
-1.0,-1.0,331.7096862792969,1.11328125,-1.0,-1.0,-1.0,-1.0,-1.0,-1.0,311.6193542480469,1.11328125,293.76129150390625,32.28515625,304.9225769042969,65.68359375,345.10321044921875,87.94921875,374.1225891113281,161.42578125,376.3548583984375,246.03515625,309.3870849609375,90.17578125,304.9225769042969,168.10546875,269.2064514160156,234.90234375,-1.0,-1.0,-1.0,-1.0,-1.0,-1.0,-1.0,-1.0
-1.0,-1.0,341.6103820800781,1.11328125,-1.0,-1.0,-1.0,-1.0,-1.0,-1.0,-1.0,-1.0,-1.0,-1.0,-1.0,-1.0,354.93505859375,87.94921875,381.58441162109375,165.87890625,372.7012939453125,246.03515625,321.6233825683594,87.94921875,317.18182373046875,172.55859375,281.64935302734375,225.99609375,-1.0,-1.0,-1.0,-1.0,-1.0,-1.0,-1.0,-1.0
-1.0,-1.0,349.8311767578125,1.109375,-1.0,-1.0,-1.0,-1.0,-1.0,-1.0,325.402587890625,1.109375,309.8571472167969,32.171875,-1.0,-1.0,363.1558532714844,89.859375,387.58441162109375,171.953125,376.48052978515625,249.609375,329.8441467285156,85.421875,329.8441467285156,171.953125,287.64935302734375,220.765625,-1.0,-1.0,-1.0,-1.0,-1.0,-1.0,-1.0,-1.0
-1.0,-1.0,356.36602783203125,1.10546875,376.24835205078125,1.10546875,378.45751953125,36.48046875,385.0849609375,93.96484375,332.06536865234375,1.10546875,318.8104553222656,32.05859375,325.4378967285156,67.43359375,367.4117736816406,91.75390625,389.5032653808594,169.13671875,376.24835205078125,248.73046875,332.06536865234375,87.33203125,343.1111145019531,171.34765625,294.5097961425781,217.77734375,-1.0,-1.0,-1.0,-1.0,-1.0,-1.0,-1.0,-1.0
-1.0,-1.0,364.582763671875,1.10546875,384.49005126953125,1.10546875,388.9139099121094,32.05859375,395.5496826171875,105.01953125,338.03973388671875,1.10546875,324.7682189941406,32.05859375,329.1920471191406,80.69921875,371.2185363769531,89.54296875,393.3377380371094,171.34765625,375.64239501953125,248.73046875,338.03973388671875,85.12109375,351.3112487792969,169.13671875,307.0728454589844,211.14453125,-1.0,-1.0,-1.0,-1.0,-1.0,-1.0,-1.0,-1.0
-1.0,-1.0,365.59869384765625,1.1015625,-1.0,-1.0,-1.0,-1.0,-1.0,-1.0,343.625,1.1015625,330.4407958984375,34.1484375,334.83551025390625,84.8203125,380.9802551269531,84.8203125,394.16448974609375,172.9453125,374.3881530761719,247.8515625,348.0197448730469,82.6171875,361.2039489746094,168.5390625,319.4539489746094,212.6015625,-1.0,-1.0,-1.0,-1.0,-1.0,-1.0,-1.0,-1.0
-1.0,-1.0,-1.0,-1.0,395.79998779296875,1.1015625,400.20001220703125,27.5390625,411.20001220703125,82.6171875,-1.0,-1.0,-1.0,-1.0,-1.0,-1.0,-1.0,-1.0,-1.0,-1.0,-1.0,-1.0,-1.0,-1.0,-1.0,-1.0,-1.0,-1.0,-1.0,-1.0,-1.0,-1.0,-1.0,-1.0,-1.0,-1.0
-1.0,-1.0,-1.0,-1.0,353.4362487792969,1.09765625,344.630859375,34.02734375,344.630859375,82.32421875,-1.0,-1.0,-1.0,-1.0,-1.0,-1.0,-1.0,-1.0,-1.0,-1.0,-1.0,-1.0,-1.0,-1.0,-1.0,-1.0,-1.0,-1.0,-1.0,-1.0,-1.0,-1.0,-1.0,-1.0,-1.0,-1.0
459.2952880859375,104.27734375,454.89263916015625,119.64453125,446.0872497558594,119.64453125,-1.0,-1.0,-1.0,-1.0,463.697998046875,119.64453125,-1.0,-1.0,-1.0,-1.0,448.28857421875,152.57421875,-1.0,-1.0,-1.0,-1.0,-1.0,-1.0,-1.0,-1.0,-1.0,-1.0,454.89263916015625,102.08203125,459.2952880859375,102.08203125,450.48992919921875,104.27734375,461.49664306640625,104.27734375
457.50665283203125,106.09375,457.50665283203125,121.40625,448.760009765625,119.21875,-1.0,-1.0,-1.0,-1.0,466.25335693359375,123.59375,-1.0,-1.0,-1.0,-1.0,-1.0,-1.0,-1.0,-1.0,-1.0,-1.0,-1.0,-1.0,-1.0,-1.0,-1.0,-1.0,455.32000732421875,101.71875,459.693359375,103.90625,455.32000732421875,103.90625,464.066650390625,106.09375
-1.0,-1.0,360.5466613769531,152.03125,358.3599853515625,152.03125,-1.0,-1.0,-1.0,-1.0,-1.0,-1.0,-1.0,-1.0,-1.0,-1.0,-1.0,-1.0,-1.0,-1.0,-1.0,-1.0,362.73333740234375,160.78125,-1.0,-1.0,-1.0,-1.0,-1.0,-1.0,-1.0,-1.0,-1.0,-1.0,-1.0,-1.0
459.20001220703125,105.71484375,459.20001220703125,123.15234375,448.26666259765625,125.33203125,446.08001708984375,140.58984375,-1.0,-1.0,467.9466552734375,123.15234375,474.50665283203125,140.58984375,474.50665283203125,136.23046875,450.4533386230469,155.84765625,-1.0,-1.0,-1.0,-1.0,465.760009765625,155.84765625,-1.0,-1.0,-1.0,-1.0,454.82666015625,103.53515625,461.38665771484375,103.53515625,452.6400146484375,107.89453125,465.760009765625,105.71484375
458.4533386230469,105.71484375,458.4533386230469,123.15234375,447.52001953125,123.15234375,447.52001953125,142.76953125,-1.0,-1.0,469.38665771484375,120.97265625,475.9466552734375,138.41015625,473.760009765625,136.23046875,449.7066650390625,155.84765625,-1.0,-1.0,-1.0,-1.0,467.20001220703125,155.84765625,-1.0,-1.0,-1.0,-1.0,456.26666259765625,103.53515625,462.82666015625,103.53515625,451.8933410644531,107.89453125,467.20001220703125,105.71484375
458.03973388671875,107.5078125,455.8675537109375,122.7109375,445.0066223144531,122.7109375,445.0066223144531,142.2578125,-1.0,-1.0,466.7284851074219,122.7109375,473.2450256347656,142.2578125,466.7284851074219,135.7421875,447.1788024902344,153.1171875,-1.0,-1.0,-1.0,-1.0,460.2119140625,155.2890625,-1.0,-1.0,-1.0,-1.0,455.8675537109375,103.1640625,462.38409423828125,103.1640625,451.523193359375,107.5078125,464.5562744140625,105.3359375
460.523193359375,105.3359375,458.3509826660156,120.5390625,449.6622619628906,118.3671875,440.9735107421875,131.3984375,-1.0,-1.0,467.03973388671875,120.5390625,471.38409423828125,142.2578125,464.8675537109375,133.5703125,447.49005126953125,148.7734375,-1.0,-1.0,-1.0,-1.0,458.3509826660156,155.2890625,-1.0,-1.0,-1.0,-1.0,458.3509826660156,100.9921875,462.69537353515625,103.1640625,454.0066223144531,105.3359375,467.03973388671875,107.5078125
-1.0,-1.0,426.5337829589844,1.0859375,400.4256591796875,1.0859375,380.8446044921875,48.8671875,374.31756591796875,96.6484375,452.64190673828125,1.0859375,461.3446044921875,44.5234375,487.45269775390625,90.1328125,409.1283874511719,96.6484375,428.70947265625,174.8359375,441.7635192871094,239.9921875,435.2364807128906,98.8203125,420.0067443847656,174.8359375,378.6689147949219,239.9921875,-1.0,-1.0,-1.0,-1.0,-1.0,-1.0,-1.0,-1.0
-1.0,-1.0,431.13104248046875,1.08203125,405.14483642578125,1.08203125,387.8206787109375,50.85546875,381.3241271972656,96.30078125,457.11724853515625,1.08203125,465.779296875,44.36328125,491.7655334472656,91.97265625,413.806884765625,96.30078125,431.13104248046875,174.20703125,387.8206787109375,232.63671875,444.1241455078125,98.46484375,435.4620666503906,174.20703125,441.9586181640625,239.12890625,-1.0,-1.0,-1.0,-1.0,-1.0,-1.0,-1.0,-1.0
-1.0,-1.0,436.23944091796875,1.08203125,412.3802795410156,1.08203125,397.1971740722656,48.69140625,386.35211181640625,98.46484375,462.2676086425781,1.08203125,468.774658203125,42.19921875,492.6337890625,87.64453125,418.8873291015625,91.97265625,440.57745361328125,174.20703125,440.57745361328125,245.62109375,449.2535095214844,94.13671875,444.9154968261719,174.20703125,440.57745361328125,236.96484375,-1.0,-1.0,-1.0,-1.0,-1.0,-1.0,-1.0,-1.0
-1.0,-1.0,440.22857666015625,1.08203125,418.5142822265625,1.08203125,401.1428527832031,50.85546875,394.6285705566406,98.46484375,466.28570556640625,1.08203125,472.79998779296875,44.36328125,496.68572998046875,87.64453125,422.8571472167969,96.30078125,438.05712890625,172.04296875,442.3999938964844,241.29296875,455.4285888671875,98.46484375,455.4285888671875,174.20703125,442.3999938964844,234.80078125,-1.0,-1.0,-1.0,-1.0,-1.0,-1.0,-1.0,-1.0
-1.0,-1.0,446.97808837890625,1.08203125,423.211669921875,1.08203125,408.08758544921875,50.85546875,403.76641845703125,100.62890625,472.9051208496094,1.08203125,477.2262878417969,44.36328125,500.9927062988281,74.66015625,434.01458740234375,91.97265625,-1.0,-1.0,-1.0,-1.0,464.26275634765625,91.97265625,-1.0,-1.0,-1.0,-1.0,-1.0,-1.0,-1.0,-1.0,-1.0,-1.0,-1.0,-1.0
-1.0,-1.0,454.25372314453125,1.08203125,432.6119384765625,1.08203125,419.6268615722656,50.85546875,419.6268615722656,94.13671875,475.8955078125,1.08203125,486.7164306640625,53.01953125,504.02984619140625,83.31640625,467.2388000488281,96.30078125,482.3880615234375,167.71484375,439.1044921875,215.32421875,475.8955078125,89.80859375,-1.0,-1.0,-1.0,-1.0,-1.0,-1.0,-1.0,-1.0,-1.0,-1.0,-1.0,-1.0
-1.0,-1.0,454.5038146972656,1.078125,478.1832275390625,1.078125,486.79388427734375,50.671875,499.7099304199219,83.015625,435.1297607421875,1.078125,426.5190734863281,52.828125,428.6717529296875,91.640625,473.87786865234375,95.953125,488.9465637207031,162.796875,448.0458068847656,231.796875,439.43511962890625,95.953125,445.89312744140625,171.421875,443.7404479980469,229.640625,-1.0,-1.0,-1.0,-1.0,-1.0,-1.0,-1.0,-1.0
-1.0,-1.0,461.765625,1.078125,481.171875,1.078125,489.796875,52.828125,504.890625,91.640625,442.359375,1.078125,431.578125,50.671875,433.734375,80.859375,474.703125,95.953125,498.421875,160.640625,466.078125,225.328125,442.359375,95.953125,448.828125,171.421875,442.359375,236.109375,-1.0,-1.0,-1.0,-1.0,-1.0,-1.0,-1.0,-1.0
-1.0,-1.0,467.91937255859375,1.078125,489.5322570800781,1.078125,493.8548583984375,54.984375,504.6612854003906,91.640625,448.4677429199219,1.078125,437.6612854003906,57.140625,450.6290283203125,83.015625,478.7257995605469,98.109375,502.5,160.640625,483.04840087890625,231.796875,446.30645751953125,98.109375,450.6290283203125,171.421875,444.1451721191406,236.109375,-1.0,-1.0,-1.0,-1.0,-1.0,-1.0,-1.0,-1.0
-1.0,-1.0,474.08197021484375,1.078125,495.7213134765625,1.078125,495.7213134765625,57.140625,508.7049255371094,93.796875,452.442626953125,1.078125,-1.0,-1.0,-1.0,-1.0,-1.0,-1.0,-1.0,-1.0,-1.0,-1.0,-1.0,-1.0,-1.0,-1.0,-1.0,-1.0,-1.0,-1.0,-1.0,-1.0,-1.0,-1.0,-1.0,-1.0
-1.0,-1.0,479.7213134765625,1.078125,503.3442687988281,1.078125,501.19671630859375,59.296875,509.7868957519531,98.109375,460.3934326171875,1.078125,445.36065673828125,54.984375,451.80328369140625,76.546875,486.1639404296875,102.421875,509.7868957519531,162.796875,509.7868957519531,238.265625,456.0983581542969,102.421875,451.80328369140625,171.421875,443.2131042480469,240.421875,-1.0,-1.0,-1.0,-1.0,-1.0,-1.0,-1.0,-1.0
-1.0,-1.0,488.0163879394531,1.07421875,507.3442687988281,1.07421875,505.19671630859375,50.48828125,511.63934326171875,97.75390625,468.68853759765625,1.07421875,451.5082092285156,52.63671875,-1.0,-1.0,492.31146240234375,104.19921875,515.9344482421875,164.35546875,520.2294921875,235.25390625,462.24591064453125,102.05078125,455.80328369140625,168.65234375,445.0655822753906,237.40234375,-1.0,-1.0,-1.0,-1.0,-1.0,-1.0,-1.0,-1.0
-1.0,-1.0,494.1639404296875,1.07421875,513.4918212890625,1.07421875,511.3442687988281,52.63671875,517.786865234375,97.75390625,-1.0,-1.0,-1.0,-1.0,-1.0,-1.0,498.4590148925781,102.05078125,515.6393432617188,168.65234375,528.5245971679688,235.25390625,-1.0,-1.0,-1.0,-1.0,-1.0,-1.0,-1.0,-1.0,-1.0,-1.0,-1.0,-1.0,-1.0,-1.0
-1.0,-1.0,498.19512939453125,11.81640625,519.6585693359375,1.07421875,515.3658447265625,54.78515625,523.9512329101562,102.05078125,476.7317199707031,11.81640625,463.8536682128906,63.37890625,476.7317199707031,78.41796875,502.48779296875,104.19921875,523.9512329101562,164.35546875,530.3902587890625,235.25390625,474.5853576660156,102.05078125,463.8536682128906,168.65234375,444.5365905761719,228.80859375,-1.0,-1.0,-1.0,-1.0,-1.0,-1.0,-1.0,-1.0
-1.0,-1.0,504.3414611816406,11.81640625,527.9512329101562,9.66796875,523.6585693359375,56.93359375,530.0975341796875,104.19921875,482.8780517578125,13.96484375,470.0,61.23046875,478.5853576660156,80.56640625,506.48779296875,104.19921875,530.0975341796875,168.65234375,532.243896484375,230.95703125,478.5853576660156,99.90234375,472.1463317871094,170.80078125,446.3902587890625,226.66015625,-1.0,-1.0,-1.0,-1.0,530.0975341796875,1.07421875,-1.0,-1.0
-1.0,-1.0,505.1639404296875,11.81640625,528.786865234375,9.66796875,524.4918212890625,56.93359375,530.9344482421875,104.19921875,483.68853759765625,11.81640625,466.5082092285156,61.23046875,481.5409851074219,78.41796875,507.31146240234375,106.34765625,526.6393432617188,168.65234375,533.0819702148438,230.95703125,479.3934326171875,102.05078125,470.80328369140625,170.80078125,447.1803283691406,226.66015625,-1.0,-1.0,-1.0,-1.0,533.0819702148438,1.07421875,-1.0,-1.0
-1.0,-1.0,511.31146240234375,11.81640625,532.786865234375,11.81640625,530.6393432617188,56.93359375,537.0819702148438,106.34765625,489.8360595703125,13.96484375,474.80328369140625,61.23046875,481.24591064453125,82.71484375,513.458984375,106.34765625,537.0819702148438,164.35546875,534.9344482421875,233.10546875,485.5409851074219,102.05078125,479.0983581542969,170.80078125,449.03277587890625,222.36328125,-1.0,-1.0,-1.0,-1.0,537.0819702148438,1.07421875,-1.0,-1.0
-1.0,-1.0,517.458984375,11.81640625,538.9344482421875,11.81640625,538.9344482421875,56.93359375,545.3770751953125,104.19921875,495.9836120605469,13.96484375,480.9508056640625,61.23046875,495.9836120605469,84.86328125,523.901611328125,108.49609375,543.2294921875,175.09765625,534.6393432617188,235.25390625,491.68853759765625,106.34765625,487.3934326171875,172.94921875,453.03277587890625,220.21484375,-1.0,-1.0,-1.0,-1.0,-1.0,-1.0,-1.0,-1.0
-1.0,-1.0,522.892578125,13.9140625,544.2149047851562,11.7734375,546.3471069335938,58.8671875,554.8760375976562,105.9609375,501.57025146484375,13.9140625,486.6446228027344,63.1484375,497.3057861328125,86.6953125,529.2892456054688,105.9609375,546.3471069335938,174.4609375,533.5537109375,236.5390625,499.4380187988281,103.8203125,501.57025146484375,172.3203125,463.1900939941406,212.9921875,-1.0,-1.0,-1.0,-1.0,-1.0,-1.0,-1.0,-1.0
-1.0,-1.0,527.86669921875,13.9140625,551.3333129882812,11.7734375,551.3333129882812,58.8671875,562.0,101.6796875,506.5333251953125,13.9140625,491.6000061035156,61.0078125,504.3999938964844,86.6953125,538.5333251953125,105.9609375,547.066650390625,178.7421875,534.2666625976562,236.5390625,506.5333251953125,103.8203125,506.5333251953125,168.0390625,474.5333251953125,206.5703125,-1.0,-1.0,-1.0,-1.0,-1.0,-1.0,-1.0,-1.0
-1.0,-1.0,532.9075927734375,11.73046875,556.3865356445312,11.73046875,558.52099609375,65.05078125,573.462158203125,101.30859375,513.697509765625,13.86328125,496.6218566894531,62.91796875,503.02520751953125,90.64453125,545.7142944335938,103.44140625,549.9832153320312,182.35546875,532.9075927734375,237.80859375,511.5630187988281,103.44140625,522.2352905273438,165.29296875,-1.0,-1.0,-1.0,-1.0,-1.0,-1.0,558.52099609375,1.06640625,-1.0,-1.0
-1.0,-1.0,538.2941284179688,11.6875,561.5882568359375,9.5625,563.7058715820312,60.5625,578.5294189453125,100.9375,517.11767578125,13.8125,502.29412841796875,60.5625,508.6470642089844,98.8125,551.0,100.9375,553.11767578125,177.4375,534.058837890625,236.9375,519.2352905273438,103.0625,529.8235473632812,168.9375,498.058837890625,205.0625,-1.0,-1.0,-1.0,-1.0,565.8235473632812,1.0625,-1.0,-1.0
-1.0,-1.0,543.3076782226562,11.6875,566.6239624023438,9.5625,568.7435913085938,60.5625,585.7008666992188,96.6875,522.111083984375,13.8125,507.27349853515625,60.5625,509.3931579589844,100.9375,553.906005859375,100.9375,551.7863159179688,175.3125,534.8290405273438,234.8125,524.2307739257812,100.9375,534.8290405273438,168.9375,509.3931579589844,209.3125,-1.0,-1.0,-1.0,-1.0,568.7435913085938,1.0625,-1.0,-1.0
-1.0,-1.0,548.2844848632812,13.76171875,571.612060546875,9.52734375,575.8534545898438,58.22265625,592.8189697265625,92.09765625,529.1983032226562,13.76171875,512.2327880859375,62.45703125,514.3534545898438,100.56640625,558.887939453125,98.44921875,554.6465454101562,176.78515625,533.4396362304688,236.06640625,531.3189697265625,100.56640625,541.9224243164062,170.43359375,522.836181640625,214.89453125,-1.0,-1.0,-1.0,-1.0,571.612060546875,1.05859375,-1.0,-1.0
576.8521728515625,1.0546875,557.9130249023438,15.8203125,534.7651977539062,15.8203125,517.930419921875,58.0078125,513.7217407226562,100.1953125,578.95654296875,13.7109375,581.0608520507812,55.8984375,595.7913208007812,87.5390625,543.1826171875,104.4140625,553.704345703125,174.0234375,534.7651977539062,235.1953125,568.434814453125,100.1953125,557.9130249023438,171.9140625,536.8695678710938,233.0859375,-1.0,-1.0,578.95654296875,1.0546875,-1.0,-1.0,-1.0,-1.0
-1.0,-1.0,562.92919921875,15.8203125,541.8672485351562,17.9296875,525.0177001953125,60.1171875,514.4867553710938,104.4140625,586.0973510742188,11.6015625,-1.0,-1.0,-1.0,-1.0,573.460205078125,104.4140625,556.610595703125,174.0234375,533.4425048828125,235.1953125,546.0796508789062,104.4140625,562.92919921875,174.0234375,567.1416015625,226.7578125,-1.0,-1.0,-1.0,-1.0,-1.0,-1.0,-1.0,-1.0
-1.0,-1.0,563.6964111328125,15.76171875,542.625,17.86328125,525.7678833007812,61.99609375,519.4464111328125,101.92578125,584.7678833007812,11.55859375,593.1964111328125,57.79296875,-1.0,-1.0,572.125,104.02734375,557.375,175.48046875,534.1964111328125,236.42578125,574.232177734375,99.82421875,-1.0,-1.0,-1.0,-1.0,-1.0,-1.0,-1.0,-1.0,-1.0,-1.0,-1.0,-1.0
-1.0,-1.0,567.0180053710938,17.796875,546.1171264648438,21.984375,529.3964233398438,63.859375,521.0360107421875,101.546875,592.09912109375,13.609375,600.45947265625,57.578125,604.6396484375,88.984375,552.3873901367188,105.734375,558.6576538085938,174.828125,533.5765991210938,237.640625,577.4684448242188,105.734375,567.0180053710938,174.828125,579.5585327148438,225.078125,-1.0,-1.0,-1.0,-1.0,-1.0,-1.0,-1.0,-1.0
-1.0,-1.0,572.0,19.890625,599.1818237304688,15.703125,605.4545288085938,57.578125,618.0,95.265625,551.0908813476562,24.078125,530.1818237304688,65.953125,523.9091186523438,105.734375,580.3636474609375,107.828125,563.6363525390625,172.734375,534.3636474609375,235.546875,555.272705078125,107.828125,574.0908813476562,174.828125,588.727294921875,225.078125,-1.0,-1.0,-1.0,-1.0,592.9090576171875,1.046875,-1.0,-1.0
-1.0,-1.0,581.1944580078125,21.90234375,602.120361328125,19.81640625,610.49072265625,61.53515625,-1.0,-1.0,560.2684936523438,21.90234375,535.1574096679688,67.79296875,528.879638671875,105.33984375,585.379638671875,109.51171875,568.638916015625,176.26171875,537.25,234.66796875,562.361083984375,109.51171875,583.2870483398438,174.17578125,595.8425903320312,226.32421875,-1.0,-1.0,-1.0,-1.0,602.120361328125,1.04296875,-1.0,-1.0
-1.0,-1.0,585.130859375,23.98828125,608.1588745117188,21.90234375,614.4392700195312,65.70703125,-1.0,-1.0,566.2897338867188,23.98828125,541.168212890625,67.79296875,532.7943725585938,105.33984375,591.4111938476562,111.59765625,574.66357421875,176.26171875,536.9813232421875,232.58203125,566.2897338867188,109.51171875,589.3177490234375,176.26171875,599.7850341796875,230.49609375,-1.0,-1.0,-1.0,-1.0,608.1588745117188,1.04296875,-1.0,-1.0
-1.0,-1.0,589.4905395507812,25.9765625,612.3207397460938,23.8984375,616.4716796875,65.4609375,-1.0,-1.0,570.8113403320312,25.9765625,547.9811401367188,69.6171875,537.603759765625,107.0234375,597.79248046875,113.2578125,583.26416015625,175.6015625,545.9056396484375,221.3203125,570.8113403320312,111.1796875,595.7169799804688,175.6015625,599.867919921875,229.6328125,-1.0,-1.0,-1.0,-1.0,610.2453002929688,1.0390625,-1.0,-1.0
-1.0,-1.0,595.5142822265625,25.87890625,616.2761840820312,21.73828125,620.4285888671875,67.28515625,-1.0,-1.0,574.7523803710938,27.94921875,553.990478515625,69.35546875,543.6094970703125,108.69140625,603.8190307617188,112.83203125,591.3619384765625,177.01171875,547.7619018554688,222.55859375,576.8285522460938,112.83203125,597.5904541015625,177.01171875,601.7428588867188,230.83984375,-1.0,-1.0,-1.0,-1.0,614.2000122070312,1.03515625,-1.0,-1.0
-1.0,-1.0,600.5242919921875,25.87890625,621.3009643554688,21.73828125,623.378662109375,65.21484375,637.9223022460938,104.55078125,581.8252563476562,27.94921875,558.9708862304688,73.49609375,550.6602172851562,108.69140625,610.91259765625,112.83203125,604.6796264648438,172.87109375,561.0485229492188,212.20703125,583.9028930664062,110.76171875,604.6796264648438,174.94140625,600.5242919921875,228.76953125,-1.0,-1.0,-1.0,-1.0,621.3009643554688,1.03515625,-1.0,-1.0
-1.0,-1.0,606.7572631835938,25.87890625,627.5339965820312,23.80859375,625.456298828125,65.21484375,644.1553344726562,100.41015625,585.9805908203125,27.94921875,567.2815551757812,69.35546875,563.126220703125,108.69140625,617.1456298828125,110.76171875,617.1456298828125,174.94140625,567.2815551757812,208.06640625,590.1359252929688,112.83203125,610.91259765625,179.08203125,602.6019287109375,226.69921875,-1.0,-1.0,-1.0,-1.0,627.5339965820312,1.03515625,-1.0,-1.0
