437.3644714355469,189.23046875,435.5700988769531,208.09765625,425.700927734375,206.30078125,418.52337646484375,219.77734375,425.700927734375,215.28515625,446.3364562988281,208.99609375,447.233642578125,224.26953125,449.92523193359375,240.44140625,426.59814453125,240.44140625,422.1121520996094,270.08984375,-1.0,-1.0,440.9532775878906,239.54296875,444.54205322265625,270.98828125,444.54205322265625,288.05859375,436.46728515625,187.43359375,440.0560607910156,188.33203125,432.8785095214844,190.12890625,442.7476501464844,191.02734375
439.3644714355469,193.72265625,437.5700988769531,208.99609375,427.700927734375,207.19921875,422.3177490234375,220.67578125,-1.0,-1.0,448.3364562988281,208.99609375,450.1308288574219,226.06640625,452.8224182128906,243.13671875,428.59814453125,243.13671875,425.90655517578125,269.19140625,422.3177490234375,282.66796875,442.9532775878906,241.33984375,448.3364562988281,270.98828125,-1.0,-1.0,437.5700988769531,191.02734375,442.9532775878906,190.12890625,435.77569580078125,191.92578125,445.6448669433594,191.92578125
443.15887451171875,191.92578125,439.5700988769531,208.99609375,429.700927734375,208.09765625,423.4205627441406,224.26953125,419.831787109375,241.33984375,450.3364562988281,210.79296875,452.1308288574219,226.96484375,456.6168212890625,243.13671875,430.59814453125,244.03515625,429.700927734375,270.98828125,-1.0,-1.0,445.8504638671875,244.03515625,448.54205322265625,272.78515625,-1.0,-1.0,441.3644714355469,191.02734375,444.9532775878906,189.23046875,436.8785095214844,193.72265625,447.6448669433594,191.92578125
446.0810852050781,191.02734375,442.47747802734375,206.30078125,432.56756591796875,205.40234375,425.3603515625,223.37109375,421.7567443847656,238.64453125,453.2882995605469,207.19921875,454.1891784667969,223.37109375,451.4864807128906,226.06640625,433.4684753417969,241.33984375,431.6666564941406,271.88671875,-1.0,-1.0,447.88287353515625,240.44140625,449.6846923828125,273.68359375,-1.0,-1.0,443.3783874511719,190.12890625,447.88287353515625,189.23046875,440.6756896972656,191.92578125,449.6846923828125,191.02734375
447.0,189.234375,445.18182373046875,204.640625,435.18182373046875,203.734375,431.5454406738281,217.328125,442.4545593261719,206.453125,455.18182373046875,205.546875,457.0,223.671875,458.81817626953125,238.171875,435.18182373046875,239.078125,434.2727355957031,270.796875,-1.0,-1.0,449.7272644042969,238.171875,450.6363525390625,269.890625,-1.0,-1.0,445.18182373046875,187.421875,448.81817626953125,187.421875,442.4545593261719,190.140625,452.4545593261719,190.140625
448.0909118652344,189.234375,447.18182373046875,206.453125,436.2727355957031,204.640625,431.7272644042969,218.234375,-1.0,-1.0,457.18182373046875,207.359375,458.0909118652344,224.578125,460.81817626953125,239.078125,437.18182373046875,237.265625,437.18182373046875,270.796875,435.3636474609375,292.546875,451.7272644042969,237.265625,451.7272644042969,271.703125,451.7272644042969,292.546875,446.2727355957031,187.421875,450.81817626953125,187.421875,443.54547119140625,190.140625,454.4545593261719,190.140625
451.0,189.234375,448.2727355957031,207.359375,437.3636474609375,206.453125,431.0,221.859375,427.3636474609375,235.453125,460.0909118652344,208.265625,460.0909118652344,225.484375,461.0,239.984375,439.18182373046875,238.171875,440.0909118652344,269.890625,437.3636474609375,292.546875,453.7272644042969,238.171875,451.9090881347656,271.703125,452.81817626953125,292.546875,449.18182373046875,187.421875,453.7272644042969,187.421875,446.4545593261719,190.140625,456.4545593261719,190.140625
453.2752380371094,189.25390625,450.52294921875,205.70703125,439.5137634277344,203.87890625,433.09173583984375,219.41796875,432.17431640625,233.12890625,461.5321044921875,206.62109375,462.44952392578125,224.90234375,463.3669738769531,240.44140625,441.3486328125,236.78515625,443.1834716796875,269.69140625,439.5137634277344,292.54296875,455.110107421875,237.69921875,452.3577880859375,271.51953125,451.44036865234375,292.54296875,451.44036865234375,186.51171875,455.110107421875,186.51171875,447.7706298828125,189.25390625,457.8623962402344,189.25390625
454.5089416503906,188.33984375,451.77679443359375,203.87890625,442.6696472167969,202.96484375,435.3839416503906,217.58984375,430.8303527832031,234.04296875,461.7946472167969,205.70703125,463.6160583496094,224.90234375,465.4375,239.52734375,443.5803527832031,236.78515625,446.3125,267.86328125,445.40179443359375,292.54296875,457.2410583496094,236.78515625,454.5089416503906,268.77734375,451.77679443359375,292.54296875,453.59820556640625,186.51171875,457.2410583496094,186.51171875,449.9553527832031,188.33984375,459.0625,189.25390625
456.5089416503906,187.42578125,452.8660583496094,203.87890625,442.84820556640625,202.96484375,437.3839416503906,213.93359375,452.8660583496094,201.13671875,463.7946472167969,207.53515625,465.6160583496094,225.81640625,469.2589111328125,240.44140625,445.5803527832031,236.78515625,449.22320556640625,270.60546875,443.7589416503906,292.54296875,458.3303527832031,236.78515625,454.6875,270.60546875,451.0446472167969,292.54296875,453.77679443359375,185.59765625,458.3303527832031,185.59765625,451.0446472167969,189.25390625,461.0625,188.33984375
456.6875,188.33984375,454.8660583496094,204.79296875,444.84820556640625,202.96484375,440.2946472167969,217.58984375,453.0446472167969,203.87890625,464.8839111328125,206.62109375,467.6160583496094,225.81640625,470.34820556640625,238.61328125,447.5803527832031,237.69921875,450.3125,271.51953125,-1.0,-1.0,460.3303527832031,237.69921875,454.8660583496094,271.51953125,450.3125,292.54296875,454.8660583496094,186.51171875,458.5089416503906,186.51171875,451.22320556640625,189.25390625,461.2410583496094,188.33984375
458.02703857421875,188.3671875,457.10809326171875,205.8828125,447.0,203.1171875,441.4864807128906,217.8671875,-1.0,-1.0,466.29730224609375,206.8046875,469.97296142578125,225.2421875,472.729736328125,239.0703125,449.7567443847656,238.1484375,451.5946044921875,272.2578125,-1.0,-1.0,460.7837829589844,239.0703125,455.270263671875,271.3359375,-1.0,-1.0,456.1891784667969,187.4453125,460.7837829589844,187.4453125,453.43243408203125,189.2890625,463.54052734375,189.2890625
459.5309753417969,190.2109375,457.6902770996094,204.9609375,446.6460266113281,204.0390625,441.1239013671875,219.7109375,439.2831726074219,234.4609375,467.81414794921875,207.7265625,471.4955749511719,226.1640625,476.09735107421875,239.9921875,451.247802734375,237.2265625,454.92919921875,271.3359375,-1.0,-1.0,461.3716735839844,238.1484375,453.0885009765625,271.3359375,452.16815185546875,292.5390625,457.6902770996094,187.4453125,463.21240234375,187.4453125,454.92919921875,190.2109375,465.97344970703125,191.1328125
459.6902770996094,188.3671875,459.6902770996094,204.9609375,448.6460266113281,203.1171875,442.20355224609375,220.6328125,438.5221252441406,232.6171875,470.7345275878906,206.8046875,473.4955749511719,225.2421875,478.09735107421875,239.0703125,450.4867248535156,239.9921875,454.16815185546875,273.1796875,-1.0,-1.0,462.4513244628906,239.9921875,457.84954833984375,272.2578125,-1.0,-1.0,457.84954833984375,186.5234375,462.4513244628906,186.5234375,455.0885009765625,189.2890625,466.13275146484375,189.2890625
460.7698974609375,188.3671875,461.6902770996094,205.8828125,451.5663757324219,204.0390625,444.20355224609375,216.9453125,451.5663757324219,223.3984375,471.81414794921875,207.7265625,475.4955749511719,225.2421875,478.25665283203125,238.1484375,451.5663757324219,237.2265625,455.247802734375,266.7265625,-1.0,-1.0,464.4513244628906,238.1484375,461.6902770996094,260.2734375,-1.0,-1.0,458.92919921875,186.5234375,463.5309753417969,187.4453125,456.16815185546875,190.2109375,468.13275146484375,190.2109375
461.6071472167969,189.33984375,462.53570556640625,205.14453125,453.25,204.21484375,446.75,218.16015625,-1.0,-1.0,471.8214111328125,206.07421875,476.46429443359375,222.80859375,478.3214111328125,234.89453125,455.1071472167969,235.82421875,456.03570556640625,262.78515625,-1.0,-1.0,466.25,235.82421875,460.6785583496094,264.64453125,-1.0,-1.0,460.6785583496094,187.48046875,464.3928527832031,187.48046875,456.96429443359375,190.26953125,469.03570556640625,189.33984375
464.53570556640625,189.33984375,463.6071472167969,204.21484375,455.25,204.21484375,447.8214416503906,218.16015625,-1.0,-1.0,472.8928527832031,204.21484375,477.53570556640625,220.94921875,477.53570556640625,231.17578125,457.1071472167969,235.82421875,457.1071472167969,271.15234375,-1.0,-1.0,468.25,234.89453125,462.6785583496094,271.15234375,466.3928527832031,287.88671875,463.6071472167969,187.48046875,467.3214416503906,187.48046875,459.8928527832031,190.26953125,471.03570556640625,188.41015625
465.1052551269531,189.33984375,466.03509521484375,204.21484375,456.7368469238281,203.28515625,449.2982482910156,217.23046875,453.9473571777344,218.16015625,475.3333435058594,204.21484375,479.0526428222656,221.87890625,482.7719421386719,233.96484375,458.59649658203125,234.89453125,464.1754455566406,259.99609375,470.6842041015625,292.53515625,470.6842041015625,234.89453125,464.1754455566406,259.99609375,467.8947448730469,285.09765625,464.1754455566406,187.48046875,467.8947448730469,186.55078125,460.4561462402344,189.33984375,472.5438537597656,188.41015625
467.1052551269531,189.33984375,468.03509521484375,204.21484375,458.7368469238281,204.21484375,450.368408203125,218.16015625,455.9473571777344,218.16015625,477.3333435058594,204.21484375,481.0526428222656,220.94921875,481.9824523925781,231.17578125,460.59649658203125,234.89453125,460.59649658203125,259.06640625,461.52630615234375,281.37890625,471.75439453125,233.96484375,467.1052551269531,262.78515625,469.8947448730469,282.30859375,465.24560546875,187.48046875,469.8947448730469,187.48046875,462.4561462402344,190.26953125,474.5438537597656,189.33984375
469.3274230957031,189.40625,470.2654724121094,205.34375,459.9468994140625,205.34375,453.3805236816406,220.34375,456.1947021484375,233.46875,479.6460266113281,205.34375,483.3982238769531,224.09375,486.21240234375,235.34375,462.76104736328125,237.21875,468.3893737792969,261.59375,-1.0,-1.0,473.07965087890625,237.21875,466.5132751464844,262.53125,474.0177001953125,287.84375,467.4513244628906,187.53125,472.1416015625,187.53125,464.6371765136719,191.28125,476.83184814453125,189.40625
471.3274230957031,189.40625,472.2654724121094,205.34375,461.9468994140625,205.34375,455.3805236816406,221.28125,454.4424743652344,238.15625,481.6460266113281,206.28125,485.3982238769531,224.09375,-1.0,-1.0,462.88494873046875,238.15625,464.76104736328125,258.78125,463.822998046875,281.28125,474.1416015625,237.21875,471.3274230957031,257.84375,476.95574951171875,288.78125,470.3893737792969,187.53125,474.1416015625,187.53125,466.6371765136719,191.28125,478.83184814453125,189.40625
473.7652282714844,189.40625,473.7652282714844,206.28125,464.3739013671875,205.34375,458.7391357421875,220.34375,-1.0,-1.0,484.09564208984375,207.21875,488.79132080078125,225.96875,490.6695556640625,238.15625,464.3739013671875,236.28125,466.2521667480469,257.84375,465.31304931640625,281.28125,475.64349365234375,238.15625,472.8260803222656,257.84375,476.5826110839844,286.90625,471.886962890625,187.53125,476.5826110839844,187.53125,469.069580078125,190.34375,481.27825927734375,189.40625
475.7652282714844,188.46875,475.7652282714844,207.21875,464.49566650390625,206.28125,456.0434875488281,230.65625,457.9217529296875,241.90625,487.0347900390625,208.15625,490.79132080078125,227.84375,493.60870361328125,240.03125,468.2521667480469,239.09375,475.7652282714844,259.71875,477.64349365234375,288.78125,478.5826110839844,239.09375,473.886962890625,259.71875,477.64349365234375,287.84375,473.886962890625,186.59375,478.5826110839844,186.59375,470.13043212890625,190.34375,483.27825927734375,188.46875
478.47369384765625,188.54296875,478.47369384765625,206.50390625,468.0526428222656,205.55859375,465.2105407714844,219.73828125,476.5789489746094,208.39453125,488.8947448730469,208.39453125,492.6842041015625,228.24609375,494.5789489746094,243.37109375,469.9473571777344,238.64453125,473.7368469238281,260.38671875,-1.0,-1.0,481.3157958984375,239.58984375,478.47369384765625,259.44140625,479.4210510253906,284.96484375,476.5789489746094,186.65234375,481.3157958984375,186.65234375,472.78948974609375,189.48828125,485.1052551269531,189.48828125
480.47369384765625,187.59765625,480.47369384765625,206.50390625,470.0526428222656,205.55859375,467.2105407714844,219.73828125,479.52630615234375,208.39453125,491.84210205078125,209.33984375,495.631591796875,231.08203125,496.5789489746094,244.31640625,469.1052551269531,243.37109375,479.52630615234375,267.00390625,-1.0,-1.0,482.368408203125,243.37109375,482.368408203125,267.94921875,-1.0,-1.0,478.5789489746094,185.70703125,483.3157958984375,185.70703125,474.78948974609375,188.54296875,488.0526428222656,188.54296875
481.9741516113281,186.65234375,482.92242431640625,206.50390625,472.49139404296875,204.61328125,463.9569091796875,228.24609375,460.1637878417969,242.42578125,494.3017272949219,209.33984375,498.0948181152344,232.02734375,497.14654541015625,248.09765625,474.387939453125,243.37109375,481.0258483886719,271.73046875,-1.0,-1.0,485.7672424316406,243.37109375,483.8706970214844,270.78515625,-1.0,-1.0,480.07757568359375,184.76171875,484.8189697265625,184.76171875,477.2327575683594,188.54296875,489.5603332519531,187.59765625
483.9741516113281,186.65234375,484.92242431640625,204.61328125,473.5430908203125,203.66796875,465.9569091796875,223.51953125,462.1637878417969,243.37109375,495.35345458984375,205.55859375,499.14654541015625,229.19140625,500.0948181152344,247.15234375,477.3362121582031,243.37109375,483.9741516113281,275.51171875,-1.0,-1.0,489.6637878417969,242.42578125,489.6637878417969,275.51171875,485.8706970214844,287.80078125,481.1293029785156,184.76171875,486.8189697265625,183.81640625,479.2327575683594,187.59765625,491.5603332519531,186.65234375
486.2174072265625,185.7734375,487.1739196777344,204.8359375,475.6956481933594,202.9296875,468.0434875488281,222.9453125,465.1739196777344,240.1015625,497.6956481933594,206.7421875,500.5652160644531,228.6640625,504.39129638671875,248.6796875,478.5652160644531,242.0078125,483.34783935546875,273.4609375,481.4347839355469,292.5234375,491.0,241.0546875,493.86956787109375,273.4609375,485.2608642578125,288.7109375,484.3043518066406,183.8671875,489.0869445800781,183.8671875,481.4347839355469,186.7265625,493.86956787109375,186.7265625
488.2174072265625,185.7734375,488.2174072265625,201.9765625,477.6956481933594,201.9765625,470.0434875488281,221.9921875,465.2608642578125,241.0546875,498.7391357421875,202.9296875,501.60870361328125,221.0390625,502.5652160644531,214.3671875,480.5652160644531,240.1015625,484.39129638671875,274.4140625,-1.0,-1.0,493.9565124511719,238.1953125,497.7825927734375,274.4140625,489.1739196777344,287.7578125,486.3043518066406,183.8671875,491.0869445800781,183.8671875,482.478271484375,186.7265625,494.9130554199219,185.7734375
490.2174072265625,184.8203125,490.2174072265625,201.9765625,479.6956481933594,201.0234375,472.0434875488281,221.0390625,467.2608642578125,239.1484375,500.7391357421875,202.9296875,503.60870361328125,224.8515625,508.39129638671875,244.8671875,481.60870361328125,237.2421875,484.478271484375,270.6015625,481.60870361328125,292.5234375,494.0434875488281,237.2421875,501.6956481933594,271.5546875,491.1739196777344,289.6640625,487.34783935546875,182.9140625,493.0869445800781,182.9140625,484.478271484375,185.7734375,497.86956787109375,185.7734375
492.4237365722656,184.8203125,492.4237365722656,200.0703125,481.9830627441406,199.1171875,473.440673828125,220.0859375,469.6440734863281,237.2421875,502.8644104003906,201.0234375,506.6610107421875,223.8984375,508.559326171875,246.7734375,483.88134765625,236.2890625,484.83050537109375,270.6015625,481.9830627441406,292.5234375,497.16949462890625,234.3828125,504.7626953125,271.5546875,495.27117919921875,288.7109375,489.5762634277344,181.9609375,494.322021484375,181.9609375,486.72882080078125,184.8203125,499.06781005859375,184.8203125
493.71795654296875,184.89453125,494.6752014160156,202.19140625,483.18804931640625,201.23046875,475.5299072265625,220.44921875,470.74359130859375,237.74609375,505.20513916015625,203.15234375,508.0769348144531,223.33203125,509.991455078125,241.58984375,486.059814453125,236.78515625,486.059814453125,269.45703125,483.18804931640625,292.51953125,499.4615478515625,235.82421875,507.1196594238281,270.41796875,-1.0,-1.0,491.80340576171875,182.97265625,496.5897521972656,182.97265625,487.974365234375,184.89453125,501.3760681152344,185.85546875
496.6752014160156,184.89453125,495.71795654296875,202.19140625,485.18804931640625,201.23046875,478.4871826171875,220.44921875,472.74359130859375,237.74609375,506.24786376953125,203.15234375,509.1196594238281,224.29296875,512.94873046875,250.23828125,488.059814453125,238.70703125,485.18804931640625,273.30078125,-1.0,-1.0,501.4615478515625,236.78515625,510.0769348144531,271.37890625,-1.0,-1.0,493.80340576171875,182.97265625,499.5469970703125,182.97265625,490.9316101074219,184.89453125,503.3760681152344,185.85546875
498.2184753417969,185.85546875,498.2184753417969,203.15234375,487.6806640625,202.19140625,482.8907470703125,217.56640625,493.4285583496094,219.48828125,507.7983093261719,204.11328125,510.6722717285156,223.33203125,514.5042114257812,250.23828125,489.5966491699219,236.78515625,485.76470947265625,270.41796875,480.97479248046875,292.51953125,503.96636962890625,236.78515625,511.6302490234375,273.30078125,-1.0,-1.0,496.3025207519531,182.97265625,501.0924377441406,183.93359375,492.4705810546875,186.81640625,505.8823547363281,186.81640625
500.45001220703125,185.953125,500.45001220703125,203.390625,490.7833251953125,201.453125,485.95001220703125,216.953125,495.6166687011719,219.859375,511.0833435058594,205.328125,513.0166625976562,224.703125,518.816650390625,237.296875,492.7166748046875,237.296875,487.8833312988281,268.296875,484.01666259765625,292.515625,506.25,237.296875,515.9166870117188,279.921875,-1.0,-1.0,497.54998779296875,184.015625,503.3500061035156,183.046875,494.6499938964844,186.921875,508.1833190917969,186.921875
503.4166564941406,186.921875,503.4166564941406,203.390625,493.75,201.453125,486.98333740234375,221.796875,481.1833190917969,238.265625,514.0499877929688,205.328125,516.9500122070312,226.640625,520.816650390625,237.296875,493.75,240.203125,489.8833312988281,273.140625,485.04998779296875,292.515625,508.25,239.234375,515.9833374023438,273.140625,-1.0,-1.0,501.48333740234375,184.015625,506.316650390625,184.015625,498.5833435058594,187.890625,511.1499938964844,186.921875
505.6806640625,187.06640625,506.65545654296875,204.64453125,495.9327697753906,202.69140625,488.13446044921875,223.19921875,483.260498046875,240.77734375,517.378173828125,204.64453125,518.3529663085938,227.10546875,521.2772827148438,241.75390625,496.9075622558594,240.77734375,492.0335998535156,273.98046875,488.13446044921875,293.51171875,511.5294189453125,240.77734375,517.378173828125,273.00390625,-1.0,-1.0,503.7310791015625,185.11328125,509.579833984375,185.11328125,500.8067321777344,189.01953125,514.4537963867188,188.04296875
508.6806640625,188.04296875,509.65545654296875,204.64453125,498.9327697753906,203.66796875,492.1092529296875,223.19921875,485.28570556640625,240.77734375,521.3529663085938,205.62109375,525.2520751953125,229.05859375,526.2268676757812,243.70703125,499.9075622558594,240.77734375,496.0083923339844,272.02734375,491.13446044921875,293.51171875,514.5294189453125,240.77734375,520.378173828125,273.00390625,-1.0,-1.0,506.7310791015625,185.11328125,511.60504150390625,185.11328125,503.8067321777344,189.01953125,516.47900390625,188.04296875
512.9249877929688,187.2109375,511.941650390625,205.9140625,501.125,204.9296875,494.2416687011719,223.6328125,487.35833740234375,242.3359375,522.7583618164062,206.8984375,528.6583251953125,228.5546875,526.691650390625,245.2890625,503.0916748046875,242.3359375,499.1583251953125,270.8828125,494.2416687011719,294.5078125,517.8416748046875,240.3671875,522.7583618164062,273.8359375,-1.0,-1.0,510.9583435058594,184.2578125,515.875,184.2578125,507.0249938964844,188.1953125,519.808349609375,188.1953125
515.9249877929688,186.2265625,514.941650390625,202.9609375,504.125,202.9609375,497.2416687011719,222.6484375,490.35833740234375,243.3203125,525.7583618164062,202.9609375,528.7083129882812,221.6640625,529.691650390625,216.7421875,507.07501220703125,239.3828125,502.1583251953125,270.8828125,496.2583312988281,294.5078125,519.8583374023438,239.3828125,526.74169921875,272.8515625,-1.0,-1.0,513.9583129882812,184.2578125,518.875,184.2578125,510.0249938964844,187.2109375,522.808349609375,187.2109375
518.5,186.5,517.5,202.5,507.5,202.5,500.5,223.5,495.5,242.5,527.5,202.5,530.5,223.5,534.5,218.5,509.5,238.5,506.5,270.5,502.5,295.5,523.5,238.5,529.5,272.5,-1.0,-1.0,516.5,183.5,521.5,184.5,513.5,187.5,526.5,187.5
521.5,186.5,521.5,203.5,510.5,201.5,503.5,221.5,498.5,242.5,532.5,204.5,534.5,225.5,533.5,243.5,512.5,238.5,508.5,270.5,502.5,295.5,526.5,238.5,530.5,272.5,-1.0,-1.0,519.5,183.5,524.5,184.5,517.5,186.5,529.5,187.5
523.281005859375,185.63671875,524.2892456054688,201.76171875,513.1983642578125,200.75390625,507.1487731933594,221.91796875,502.107421875,240.05859375,536.388427734375,201.76171875,538.4049682617188,224.94140625,536.388427734375,239.05078125,515.21484375,240.05859375,511.18182373046875,273.31640625,506.1405029296875,296.49609375,529.33056640625,239.05078125,532.3553466796875,273.31640625,-1.0,-1.0,522.272705078125,183.62109375,527.3140258789062,183.62109375,519.2479248046875,186.64453125,532.3553466796875,186.64453125
527.0750122070312,184.7578125,527.0750122070312,203.0390625,516.9083251953125,201.0078125,508.7749938964844,222.3359375,503.6916809082031,241.6328125,538.25830078125,205.0703125,538.25830078125,223.3515625,536.2249755859375,236.5546875,517.9249877929688,238.5859375,514.875,274.1328125,509.7916564941406,297.4921875,531.1416625976562,237.5703125,533.1749877929688,273.1171875,-1.0,-1.0,525.0416870117188,182.7265625,530.125,182.7265625,521.9916381835938,183.7421875,536.2249755859375,185.7734375
530.0750122070312,184.7578125,529.058349609375,202.0234375,518.8916625976562,199.9921875,511.7749938964844,221.3203125,506.6916809082031,239.6015625,540.2416381835938,204.0546875,542.2750244140625,221.3203125,538.2083129882812,231.4765625,520.9249877929688,236.5546875,518.8916625976562,277.1796875,514.8250122070312,297.4921875,534.1416625976562,235.5390625,535.1583251953125,274.1328125,535.1583251953125,297.4921875,528.0416870117188,182.7265625,533.125,182.7265625,524.9916381835938,184.7578125,538.2083129882812,185.7734375
531.8429565429688,184.88671875,531.8429565429688,202.28515625,521.5950317382812,200.23828125,514.4215087890625,221.73046875,508.2727355957031,239.12890625,542.0908813476562,203.30859375,546.1900634765625,222.75390625,543.11572265625,234.01171875,523.6446533203125,235.03515625,522.6198120117188,267.78515625,519.5454711914062,291.32421875,535.942138671875,235.03515625,534.9173583984375,272.90234375,534.9173583984375,293.37109375,530.8181762695312,181.81640625,534.9173583984375,182.83984375,527.7437744140625,183.86328125,540.0413208007812,184.88671875
534.8429565429688,184.88671875,533.8181762695312,201.26171875,523.5702514648438,200.23828125,516.3966674804688,219.68359375,509.22314453125,237.08203125,544.0661010742188,203.30859375,546.11572265625,223.77734375,546.11572265625,236.05859375,525.6198120117188,236.05859375,530.7437744140625,276.99609375,-1.0,-1.0,537.9173583984375,236.05859375,536.892578125,271.87890625,535.8677978515625,298.48828125,532.7933959960938,181.81640625,537.9173583984375,181.81640625,528.6942138671875,184.88671875,543.0413208007812,184.88671875
537.4049682617188,184.14453125,536.3636474609375,200.76953125,526.9917602539062,198.69140625,518.6611328125,218.43359375,511.37188720703125,235.05859375,546.77685546875,201.80859375,548.8594970703125,221.55078125,548.8594970703125,235.05859375,529.0744018554688,236.09765625,533.2396850585938,277.66015625,-1.0,-1.0,539.4876098632812,235.05859375,537.4049682617188,276.62109375,536.3636474609375,295.32421875,535.3223266601562,182.06640625,540.5289306640625,182.06640625,532.1983642578125,184.14453125,544.6942138671875,184.14453125
538.3223266601562,184.14453125,538.3223266601562,200.76953125,528.950439453125,199.73046875,520.6198120117188,219.47265625,514.3718872070312,239.21484375,548.7355346679688,201.80859375,552.9008178710938,222.58984375,554.9834594726562,242.33203125,528.950439453125,236.09765625,534.1570434570312,276.62109375,-1.0,-1.0,541.4462890625,236.09765625,538.3223266601562,276.62109375,537.281005859375,293.24609375,536.2396850585938,182.06640625,541.4462890625,182.06640625,533.11572265625,184.14453125,546.6528930664062,185.18359375
540.5737915039062,185.3203125,540.5737915039062,202.0703125,531.1311645507812,199.9765625,522.7377319335938,219.8671875,516.442626953125,239.7578125,551.0655517578125,204.1640625,555.2622680664062,223.0078125,558.4098510742188,246.0390625,530.0819702148438,236.6171875,531.1311645507812,261.7421875,-1.0,-1.0,543.7213134765625,236.6171875,540.5737915039062,278.4921875,-1.0,-1.0,538.4754028320312,182.1796875,543.7213134765625,183.2265625,535.327880859375,184.2734375,548.9672241210938,186.3671875
541.7355346679688,185.45703125,542.7933959960938,203.38671875,531.1570434570312,201.27734375,523.7520751953125,221.31640625,518.4628295898438,238.19140625,554.4297485351562,205.49609375,557.603271484375,225.53515625,563.950439453125,244.51953125,532.21484375,239.24609375,539.6198120117188,275.10546875,-1.0,-1.0,545.9669189453125,238.19140625,543.8512573242188,276.16015625,541.7355346679688,294.08984375,540.6776733398438,182.29296875,545.9669189453125,183.34765625,536.4462890625,184.40234375,551.2562255859375,186.51171875
543.6776733398438,185.45703125,544.7355346679688,203.38671875,533.0991821289062,202.33203125,526.7520751953125,222.37109375,522.5206298828125,241.35546875,556.3718872070312,205.49609375,560.603271484375,228.69921875,568.0082397460938,247.68359375,534.1570434570312,239.24609375,545.7933959960938,275.10546875,-1.0,-1.0,546.8512573242188,239.24609375,546.8512573242188,275.10546875,544.7355346679688,296.19921875,542.6198120117188,182.29296875,547.9090576171875,183.34765625,538.388427734375,184.40234375,554.2562255859375,185.45703125
546.9672241210938,185.59375,545.901611328125,203.65625,536.3114624023438,201.53125,528.8524780273438,222.78125,522.4590454101562,245.09375,557.6229248046875,205.78125,562.9508056640625,228.09375,570.4098510742188,246.15625,536.3114624023438,241.90625,548.0327758789062,276.96875,545.901611328125,298.21875,548.0327758789062,241.90625,536.3114624023438,274.84375,-1.0,-1.0,544.8360595703125,182.40625,550.1639404296875,183.46875,541.6393432617188,183.46875,556.557373046875,186.65625
547.8360595703125,186.65625,548.901611328125,205.78125,538.2459106445312,202.59375,530.786865234375,223.84375,523.327880859375,247.21875,559.557373046875,206.84375,564.88525390625,227.03125,572.34423828125,244.03125,539.3114624023438,242.96875,549.9672241210938,272.71875,549.9672241210938,293.96875,548.901611328125,244.03125,542.5081787109375,274.84375,-1.0,-1.0,546.7705078125,183.46875,552.098388671875,183.46875,543.5737915039062,186.65625,558.4918212890625,186.65625
550.2951049804688,187.0234375,551.3770751953125,204.2734375,541.6393432617188,202.1171875,532.9835815429688,223.6796875,527.5737915039062,245.2421875,561.11474609375,206.4296875,568.6885375976562,227.9921875,576.2622680664062,247.3984375,541.6393432617188,245.2421875,552.4590454101562,274.3515625,552.4590454101562,296.9921875,552.4590454101562,245.2421875,539.4754028320312,277.5859375,-1.0,-1.0,548.1311645507812,183.7890625,554.6229248046875,184.8671875,545.9672241210938,185.9453125,560.0327758789062,187.0234375
553.2951049804688,187.17578125,553.2951049804688,205.63671875,542.4754028320312,203.46484375,535.9835815429688,224.09765625,530.5737915039062,245.81640625,564.11474609375,207.80859375,570.6065673828125,227.35546875,578.1802978515625,245.81640625,542.4754028320312,243.64453125,553.2951049804688,272.96484375,-1.0,-1.0,555.4590454101562,242.55859375,553.2951049804688,271.87890625,558.7048950195312,295.76953125,551.1311645507812,183.91796875,556.541015625,185.00390625,547.88525390625,186.08984375,561.9508056640625,187.17578125
556.0487670898438,187.17578125,554.9593505859375,205.63671875,545.1544799804688,204.55078125,536.4390258789062,227.35546875,532.081298828125,251.24609375,566.943115234375,207.80859375,572.3902587890625,228.44140625,581.105712890625,246.90234375,546.243896484375,242.55859375,557.13818359375,272.96484375,-1.0,-1.0,557.13818359375,242.55859375,550.6016235351562,272.96484375,-1.0,-1.0,552.780517578125,185.00390625,559.3170776367188,185.00390625,550.6016235351562,186.08984375,564.7642211914062,188.26171875
558.5454711914062,188.421875,558.5454711914062,208.109375,548.727294921875,205.921875,543.272705078125,225.609375,535.6363525390625,246.390625,570.5454711914062,209.203125,576.0,228.890625,583.6363525390625,247.484375,549.8181762695312,242.015625,560.727294921875,273.734375,566.1818237304688,305.453125,560.727294921875,240.921875,562.9091186523438,273.734375,564.0,298.890625,555.272705078125,185.140625,561.8181762695312,186.234375,553.0908813476562,187.328125,567.272705078125,189.515625
561.5454711914062,188.421875,562.6363525390625,207.015625,550.6363525390625,203.734375,543.0,225.609375,538.6363525390625,250.765625,574.6363525390625,209.203125,579.0,231.078125,586.6363525390625,249.671875,551.727294921875,246.390625,567.0,275.921875,-1.0,-1.0,563.727294921875,246.390625,549.5454711914062,279.203125,-1.0,-1.0,559.3636474609375,186.234375,564.8181762695312,186.234375,557.1818237304688,188.421875,570.272705078125,188.421875
564.3499755859375,187.48046875,564.3499755859375,208.41015625,552.25,207.30859375,545.6500244140625,231.54296875,542.3499755859375,253.57421875,577.5499877929688,210.61328125,580.8499755859375,231.54296875,588.5499877929688,249.16796875,554.4500122070312,251.37109375,569.8499755859375,277.80859375,570.9500122070312,306.44921875,565.4500122070312,251.37109375,553.3499755859375,281.11328125,-1.0,-1.0,562.1500244140625,185.27734375,567.6500244140625,185.27734375,559.9500122070312,189.68359375,572.0499877929688,188.58203125
569.0508422851562,188.58203125,567.9491577148438,209.51171875,555.8305053710938,208.41015625,548.11865234375,234.84765625,545.915283203125,254.67578125,580.0678100585938,209.51171875,583.3728637695312,230.44140625,591.084716796875,249.16796875,560.2373046875,250.26953125,571.2542114257812,275.60546875,570.1525268554688,306.44921875,569.0508422851562,250.26953125,569.0508422851562,277.80859375,572.35595703125,306.44921875,566.8474731445312,186.37890625,571.2542114257812,186.37890625,562.440673828125,188.58203125,574.559326171875,187.48046875
568.8189697265625,187.90234375,571.0603637695312,209.12890625,558.7327880859375,208.01171875,549.7672119140625,233.70703125,547.52587890625,253.81640625,583.387939453125,210.24609375,586.75,230.35546875,592.3534545898438,249.34765625,562.0948486328125,245.99609375,573.3016967773438,275.04296875,571.0603637695312,307.44140625,572.1810302734375,247.11328125,565.4569091796875,277.27734375,567.6983032226562,301.85546875,567.6983032226562,185.66796875,572.1810302734375,185.66796875,565.4569091796875,189.01953125,576.663818359375,187.90234375
571.3157958984375,186.9375,573.5614013671875,208.3125,561.2105102539062,207.1875,552.2280883789062,233.0625,549.9824829101562,253.3125,585.9122924804688,209.4375,588.1578979492188,230.8125,594.8947143554688,249.9375,564.5789184570312,247.6875,575.8070068359375,273.5625,572.4385986328125,303.9375,575.8070068359375,247.6875,573.5614013671875,275.8125,569.0701904296875,302.8125,570.1929931640625,184.6875,574.6842041015625,184.6875,566.8245849609375,189.1875,580.2982177734375,186.9375
573.8125,185.8125,576.0625,208.3125,563.6875,207.1875,554.6875,233.0625,552.4375,253.3125,589.5625,209.4375,590.6875,230.8125,596.3125,251.0625,569.3125,247.6875,578.3125,273.5625,573.8125,308.4375,580.5625,247.6875,576.0625,275.8125,569.3125,302.8125,571.5625,183.5625,577.1875,183.5625,569.3125,189.1875,582.8125,185.8125
576.0810546875,184.82421875,578.3513793945312,206.34765625,565.8648681640625,205.21484375,557.9189453125,230.13671875,555.6486206054688,253.92578125,591.9729614257812,207.48046875,593.1080932617188,230.13671875,597.648681640625,250.52734375,572.6756591796875,242.59765625,579.4865112304688,275.44921875,577.2161865234375,303.76953125,584.0270385742188,242.59765625,584.0270385742188,276.58203125,576.0810546875,302.63671875,574.9459228515625,182.55859375,579.4865112304688,182.55859375,571.54052734375,188.22265625,585.1621704101562,185.95703125
578.5780029296875,184.82421875,580.8532104492188,206.34765625,568.3394775390625,205.21484375,560.3761596679688,227.87109375,556.9633178710938,252.79296875,593.366943359375,206.34765625,595.6422119140625,230.13671875,600.1926879882812,249.39453125,575.1651611328125,244.86328125,579.715576171875,275.44921875,575.1651611328125,303.76953125,587.6788940429688,244.86328125,589.9541015625,276.58203125,583.12841796875,302.63671875,577.4403686523438,181.42578125,581.9908447265625,182.55859375,-1.0,-1.0,587.6788940429688,185.95703125
580.5780029296875,183.8203125,581.715576171875,204.3515625,570.3394775390625,204.3515625,562.3761596679688,227.1640625,557.82568359375,249.9765625,594.2293701171875,205.4921875,597.6422119140625,231.7265625,602.1926879882812,251.1171875,574.889892578125,241.9921875,581.715576171875,276.2109375,576.0275268554688,303.5859375,589.6788940429688,241.9921875,594.2293701171875,277.3515625,594.2293701171875,292.1796875,579.4403686523438,181.5390625,583.9908447265625,181.5390625,-1.0,-1.0,589.6788940429688,184.9609375
583.0747680664062,183.8203125,585.3551635742188,204.3515625,572.8131103515625,204.3515625,564.831787109375,227.1640625,560.2710571289062,246.5546875,596.7570190429688,205.4921875,600.1775512695312,230.5859375,602.4579467773438,249.9765625,578.5140380859375,241.9921875,581.9345703125,276.2109375,573.9532470703125,302.4453125,593.33642578125,240.8515625,600.1775512695312,277.3515625,583.0747680664062,301.3046875,581.9345703125,181.5390625,586.4953002929688,181.5390625,578.5140380859375,186.1015625,592.1962890625,184.9609375
585.9244995117188,183.078125,585.9244995117188,202.734375,575.5660400390625,202.734375,568.660400390625,222.390625,561.7546997070312,245.515625,598.5848999023438,203.890625,599.73583984375,228.171875,605.4905395507812,251.296875,579.0188598632812,240.890625,580.1697998046875,280.203125,574.4151000976562,305.640625,593.9811401367188,239.734375,603.1886596679688,275.578125,584.7735595703125,304.484375,584.7735595703125,180.765625,589.3773803710938,180.765625,580.1697998046875,181.921875,595.132080078125,184.234375
588.047607421875,183.20703125,589.2095336914062,202.99609375,576.4285888671875,201.83203125,569.4571533203125,225.11328125,564.8095092773438,244.90234375,601.990478515625,204.16015625,601.990478515625,226.27734375,607.7999877929688,249.55859375,582.2380981445312,239.08203125,582.2380981445312,274.00390625,576.4285888671875,305.43359375,597.3428344726562,239.08203125,606.6381225585938,275.16796875,597.3428344726562,297.28515625,586.8857421875,179.71484375,591.5333251953125,180.87890625,583.4000244140625,180.87890625,597.3428344726562,183.20703125
590.543701171875,183.20703125,591.708740234375,201.83203125,578.8931884765625,200.66796875,573.0679321289062,221.62109375,567.2427368164062,243.73828125,604.5242919921875,200.66796875,606.8543701171875,222.78515625,610.3494873046875,248.39453125,583.5534057617188,239.08203125,583.5534057617188,276.33203125,577.7281494140625,304.26953125,599.8640747070312,239.08203125,609.1844482421875,277.49609375,599.8640747070312,306.59765625,588.213623046875,179.71484375,594.038818359375,180.87890625,584.7184448242188,180.87890625,599.8640747070312,183.20703125
592.2352905273438,184.5078125,595.7647094726562,202.0859375,582.8235473632812,200.9140625,576.941162109375,222.0078125,569.88232421875,244.2734375,607.5294189453125,202.0859375,611.058837890625,223.1796875,-1.0,-1.0,587.5294189453125,237.2421875,586.3529663085938,275.9140625,579.2941284179688,302.8671875,601.6470336914062,238.4140625,611.058837890625,277.0859375,607.5294189453125,307.5546875,591.058837890625,180.9921875,595.7647094726562,182.1640625,-1.0,-1.0,602.8235473632812,184.5078125
596.2079467773438,184.5078125,597.376220703125,200.9140625,585.6930541992188,199.7421875,578.6831665039062,222.0078125,572.8416137695312,244.2734375,609.0593872070312,202.0859375,612.5643310546875,222.0078125,614.9010009765625,213.8046875,588.0297241210938,239.5859375,586.8613891601562,279.4296875,583.3564453125,299.3515625,603.2178344726562,239.5859375,612.5643310546875,275.9140625,612.5643310546875,295.8359375,593.8712768554688,180.9921875,598.5445556640625,180.9921875,589.197998046875,183.3359375,605.554443359375,183.3359375
599.0900268554688,183.46484375,600.27001953125,201.16015625,589.6500244140625,199.98046875,580.2100219726562,223.57421875,576.6699829101562,244.80859375,612.0700073242188,202.33984375,613.25,224.75390625,616.7899780273438,248.34765625,593.1900024414062,237.73046875,590.8300170898438,279.01953125,586.1099853515625,300.25390625,606.1699829101562,238.91015625,613.25,273.12109375,613.25,294.35546875,596.72998046875,181.10546875,601.4500122070312,181.10546875,594.3699951171875,182.28515625,608.530029296875,183.46484375
601.5918579101562,184.78125,602.7755126953125,201.40625,592.1224365234375,201.40625,582.653076171875,223.96875,581.4693603515625,239.40625,614.6122436523438,202.59375,616.9796142578125,222.78125,-1.0,-1.0,593.30615234375,241.78125,590.9387817382812,279.78125,-1.0,-1.0,607.5101928710938,240.59375,615.7958984375,280.96875,616.9796142578125,291.65625,599.2244873046875,181.21875,605.1428833007812,181.21875,598.0408325195312,183.59375,611.0612182617188,183.59375
605.9591674804688,184.78125,607.1428833007812,202.59375,595.30615234375,201.40625,587.0203857421875,223.96875,582.2857055664062,244.15625,618.9796142578125,202.59375,620.1632690429688,226.34375,618.9796142578125,241.78125,597.6734619140625,244.15625,594.1224365234375,279.78125,590.5714111328125,301.15625,613.0612182617188,244.15625,616.6122436523438,280.96875,617.7958984375,291.65625,603.5918579101562,182.40625,609.5101928710938,182.40625,600.0408325195312,184.78125,615.4285888671875,184.78125
608.9786987304688,184.78125,608.9786987304688,203.78125,598.2553100585938,202.59375,589.9149169921875,226.34375,-1.0,-1.0,623.276611328125,206.15625,622.0850830078125,228.71875,622.0850830078125,241.78125,601.8297729492188,244.15625,597.0638427734375,278.59375,595.872314453125,296.40625,617.3191528320312,242.96875,624.4680786132812,276.21875,-1.0,-1.0,607.7872314453125,182.40625,612.55322265625,182.40625,603.0213012695312,184.78125,618.5106201171875,184.78125
612.2637329101562,184.78125,613.4505615234375,203.78125,600.3956298828125,202.59375,593.2747192382812,226.34375,587.3406372070312,250.09375,626.5054931640625,206.15625,626.5054931640625,227.53125,627.6923217773438,235.84375,603.9560546875,244.15625,601.5823974609375,279.78125,600.3956298828125,298.78125,619.3846435546875,242.96875,627.6923217773438,277.40625,625.3186645507812,302.34375,611.076904296875,181.21875,615.8241577148438,182.40625,606.3296508789062,184.78125,621.7582397460938,184.78125
616.1363525390625,183.59375,617.3181762695312,204.96875,604.3181762695312,203.78125,597.227294921875,226.34375,590.1363525390625,250.09375,631.5,207.34375,632.6818237304688,227.53125,630.3181762695312,239.40625,606.6818237304688,244.15625,606.6818237304688,278.59375,-1.0,-1.0,624.4090576171875,240.59375,625.5908813476562,275.03125,-1.0,-1.0,614.9545288085938,181.21875,619.6818237304688,181.21875,611.4091186523438,183.59375,625.5908813476562,184.78125
620.3571166992188,184.78125,621.547607421875,202.59375,608.452392578125,201.40625,601.3095092773438,223.96875,595.3571166992188,244.15625,634.6428833007812,204.96875,637.0238037109375,227.53125,-1.0,-1.0,612.0238037109375,241.78125,610.8333129882812,282.15625,-1.0,-1.0,627.5,240.59375,627.5,277.40625,-1.0,-1.0,617.9761962890625,181.21875,622.7380981445312,182.40625,615.59521484375,182.40625,628.6904907226562,184.78125
622.7380981445312,183.59375,625.1190185546875,202.59375,610.8333129882812,201.40625,604.8809814453125,225.15625,600.1190185546875,247.71875,637.0238037109375,202.59375,-1.0,-1.0,-1.0,-1.0,615.59521484375,239.40625,613.2142944335938,259.59375,613.2142944335938,295.21875,632.2619018554688,237.03125,-1.0,-1.0,-1.0,-1.0,621.547607421875,181.21875,626.3095092773438,181.21875,616.7857055664062,182.40625,632.2619018554688,183.59375
