584.305908203125,50.51953125,598.2352905273438,73.16796875,587.7882080078125,71.42578125,580.8235473632812,97.55859375,573.8588256835938,113.23828125,608.682373046875,73.16796875,601.7176513671875,106.26953125,579.0823364257812,120.20703125,584.305908203125,134.14453125,599.9764404296875,186.41015625,601.7176513671875,222.99609375,601.7176513671875,135.88671875,606.941162109375,182.92578125,605.2000122070312,226.48046875,582.564697265625,45.29296875,587.7882080078125,45.29296875,-1.0,-1.0,599.9764404296875,48.77734375
581.1162719726562,52.26171875,593.3255615234375,73.16796875,581.1162719726562,73.16796875,575.8837280273438,97.55859375,567.1627807617188,114.98046875,605.534912109375,74.91015625,596.81396484375,106.26953125,574.1395263671875,118.46484375,582.8604736328125,132.40234375,581.1162719726562,174.21484375,565.4185791015625,219.51171875,598.5581665039062,132.40234375,603.7907104492188,179.44140625,603.7907104492188,222.99609375,577.6279296875,47.03515625,582.8604736328125,47.03515625,-1.0,-1.0,595.0697631835938,48.77734375
575.3720703125,52.1484375,589.3255615234375,76.4296875,577.1162719726562,74.6953125,573.6279296875,104.1796875,564.906982421875,114.5859375,601.534912109375,76.4296875,591.0697631835938,109.3828125,568.3953247070312,118.0546875,577.1162719726562,137.1328125,575.3720703125,173.5546875,570.1395263671875,215.1796875,594.5581665039062,137.1328125,596.3023071289062,173.5546875,598.0465087890625,220.3828125,573.6279296875,46.9453125,578.8604736328125,46.9453125,-1.0,-1.0,591.0697631835938,48.6796875
571.3720703125,51.26171875,585.3255615234375,75.65234375,573.1162719726562,75.65234375,567.8837280273438,100.04296875,560.906982421875,115.72265625,595.7907104492188,75.65234375,587.0697631835938,110.49609375,557.4185791015625,117.46484375,569.6279296875,136.62890625,564.3953247070312,173.21484375,560.906982421875,213.28515625,588.81396484375,134.88671875,583.5814208984375,174.95703125,580.093017578125,213.28515625,569.6279296875,46.03515625,574.8604736328125,47.77734375,-1.0,-1.0,585.3255615234375,49.51953125
565.6279296875,53.00390625,579.5814208984375,75.65234375,569.1162719726562,75.65234375,563.8837280273438,98.30078125,556.906982421875,113.98046875,591.7907104492188,75.65234375,581.3255615234375,108.75390625,555.1627807617188,119.20703125,565.6279296875,133.14453125,560.3953247070312,173.21484375,542.9534912109375,216.76953125,581.3255615234375,134.88671875,577.8372192382812,173.21484375,586.5581665039062,211.54296875,563.8837280273438,47.77734375,570.8604736328125,47.77734375,-1.0,-1.0,581.3255615234375,49.51953125
561.6279296875,53.00390625,575.5814208984375,77.39453125,565.1162719726562,77.39453125,558.1395263671875,101.78515625,551.1627807617188,117.46484375,586.0465087890625,77.39453125,579.0697631835938,110.49609375,-1.0,-1.0,561.6279296875,134.88671875,563.3720703125,174.95703125,570.3488159179688,215.02734375,577.3255615234375,134.88671875,577.3255615234375,174.95703125,580.81396484375,215.02734375,559.8837280273438,47.77734375,566.8604736328125,47.77734375,-1.0,-1.0,577.3255615234375,49.51953125
557.1363525390625,52.8828125,569.227294921875,75.4296875,558.8636474609375,75.4296875,550.227294921875,97.9765625,546.772705078125,118.7890625,579.5908813476562,75.4296875,572.6818237304688,108.3828125,548.5,122.2578125,555.4091186523438,132.6640625,553.6818237304688,176.0234375,564.0454711914062,214.1796875,570.9545288085938,134.3984375,572.6818237304688,176.0234375,579.5908813476562,210.7109375,555.4091186523438,47.6796875,560.5908813476562,47.6796875,-1.0,-1.0,572.6818237304688,49.4140625
551.8161010742188,50.26171875,564.0459594726562,74.65234375,553.563232421875,74.65234375,544.8275756835938,99.04296875,543.0804443359375,119.94921875,574.5287475585938,74.65234375,571.0344848632812,106.01171875,551.8161010742188,121.69140625,551.8161010742188,135.62890625,558.8046264648438,179.18359375,571.0344848632812,210.54296875,565.7930908203125,135.62890625,569.287353515625,175.69921875,581.5172119140625,208.80078125,550.0689697265625,46.77734375,557.0574951171875,46.77734375,-1.0,-1.0,567.5402221679688,48.51953125
547.8161010742188,50.26171875,558.298828125,72.91015625,549.563232421875,72.91015625,540.8275756835938,95.55859375,539.0804443359375,116.46484375,568.7816162109375,71.16796875,567.0344848632812,102.52734375,551.3103637695312,123.43359375,546.0689697265625,133.88671875,554.8046264648438,180.92578125,567.0344848632812,212.28515625,560.0459594726562,133.88671875,563.5402221679688,177.44140625,579.2643432617188,212.28515625,546.0689697265625,45.03515625,553.0574951171875,45.03515625,-1.0,-1.0,563.5402221679688,48.51953125
542.8837280273438,48.51953125,555.093017578125,71.16796875,546.3720703125,72.91015625,535.906982421875,95.55859375,-1.0,-1.0,563.81396484375,71.16796875,563.81396484375,100.78515625,549.8604736328125,125.17578125,541.1395263671875,130.40234375,539.3953247070312,177.44140625,556.8372192382812,212.28515625,555.093017578125,133.88671875,553.3488159179688,177.44140625,562.0697631835938,212.28515625,541.1395263671875,45.03515625,548.1162719726562,46.77734375,-1.0,-1.0,558.5814208984375,48.51953125
538.8837280273438,48.4140625,551.093017578125,70.9609375,542.3720703125,70.9609375,531.906982421875,93.5078125,-1.0,-1.0,559.81396484375,70.9609375,558.0697631835938,100.4453125,547.6046752929688,126.4609375,535.3953247070312,128.1953125,526.6744384765625,178.4921875,530.1627807617188,221.8515625,549.3488159179688,129.9296875,547.6046752929688,175.0234375,556.3255615234375,207.9765625,537.1395263671875,44.9453125,544.1162719726562,44.9453125,-1.0,-1.0,552.8372192382812,48.4140625
534.8161010742188,47.51953125,545.298828125,70.16796875,538.3103637695312,70.16796875,527.8275756835938,92.81640625,-1.0,-1.0,554.0344848632812,70.16796875,554.0344848632812,98.04296875,547.0459594726562,120.69140625,531.3218383789062,125.91796875,524.3333129882812,176.44140625,529.57470703125,219.99609375,543.5516967773438,127.66015625,540.0574951171875,174.69921875,552.287353515625,211.28515625,531.3218383789062,44.03515625,538.3103637695312,44.03515625,-1.0,-1.0,548.7930908203125,47.51953125
534.3103637695312,47.51953125,544.7930908203125,70.16796875,536.0574951171875,71.91015625,529.0689697265625,94.55859375,-1.0,-1.0,555.27587890625,70.16796875,553.5287475585938,98.04296875,546.5402221679688,122.43359375,530.8161010742188,124.17578125,527.3218383789062,172.95703125,529.0689697265625,219.99609375,543.0459594726562,127.66015625,544.7930908203125,171.21484375,551.7816162109375,213.02734375,532.563232421875,44.03515625,537.8046264648438,44.03515625,-1.0,-1.0,550.0344848632812,47.51953125
530.3103637695312,47.51953125,540.7930908203125,70.16796875,532.0574951171875,71.91015625,526.8161010742188,92.81640625,-1.0,-1.0,551.27587890625,70.16796875,551.27587890625,99.78515625,546.0344848632812,122.43359375,525.0689697265625,127.66015625,525.0689697265625,176.44140625,528.563232421875,219.99609375,537.298828125,129.40234375,537.298828125,176.44140625,546.0344848632812,214.76953125,526.8161010742188,44.03515625,533.8046264648438,44.03515625,-1.0,-1.0,546.0344848632812,47.51953125
525.8636474609375,47.4140625,536.227294921875,69.9609375,527.5908813476562,71.6953125,520.6818237304688,94.2421875,-1.0,-1.0,546.5908813476562,69.9609375,548.3181762695312,99.4453125,543.1363525390625,120.2578125,520.6818237304688,127.1953125,522.4091186523438,174.0234375,529.3181762695312,219.1171875,534.5,128.9296875,534.5,175.7578125,544.8636474609375,213.9140625,524.1363525390625,42.2109375,529.3181762695312,43.9453125,-1.0,-1.0,541.4091186523438,45.6796875
519.625,46.51953125,533.625,69.16796875,523.125,70.91015625,517.875,93.55859375,-1.0,-1.0,542.375,69.16796875,545.875,98.78515625,542.375,117.94921875,519.625,124.91796875,517.875,168.47265625,526.625,212.02734375,533.625,126.66015625,537.125,164.98828125,531.875,213.76953125,517.875,43.03515625,524.875,43.03515625,-1.0,-1.0,537.125,44.77734375
515.625,48.26171875,529.625,70.91015625,519.125,72.65234375,-1.0,-1.0,-1.0,-1.0,538.375,70.91015625,541.875,100.52734375,540.125,123.17578125,515.625,124.91796875,512.125,170.21484375,519.125,220.73828125,529.625,126.66015625,526.125,170.21484375,531.375,220.73828125,513.875,43.03515625,520.875,43.03515625,-1.0,-1.0,531.375,46.51953125
511.625,48.26171875,523.875,70.91015625,511.625,72.65234375,-1.0,-1.0,-1.0,-1.0,534.375,70.91015625,539.625,102.26953125,541.375,126.66015625,509.875,128.40234375,508.125,171.95703125,508.125,218.99609375,523.875,130.14453125,527.375,171.95703125,529.125,213.76953125,509.875,43.03515625,516.875,44.77734375,-1.0,-1.0,527.375,46.51953125
505.4090881347656,48.1484375,517.5,72.4296875,507.1363525390625,74.1640625,498.5,101.9140625,493.31817626953125,122.7265625,529.5908813476562,70.6953125,534.772705078125,105.3828125,538.227294921875,129.6640625,503.68182373046875,129.6640625,500.2272644042969,173.0234375,491.5909118652344,218.1171875,520.9545288085938,129.6640625,524.4091186523438,174.7578125,527.8636474609375,218.1171875,503.68182373046875,44.6796875,510.5909118652344,44.6796875,-1.0,-1.0,520.9545288085938,46.4140625
500.0689697265625,49.00390625,514.0459594726562,73.39453125,503.563232421875,73.39453125,494.82757568359375,101.26953125,484.3448181152344,120.43359375,524.5287475585938,71.65234375,531.5172119140625,104.75390625,535.011474609375,130.88671875,500.0689697265625,130.88671875,496.57470703125,172.69921875,486.0919494628906,214.51171875,517.5402221679688,132.62890625,519.287353515625,176.18359375,528.0230102539062,217.99609375,500.0689697265625,43.77734375,507.0574645996094,45.51953125,-1.0,-1.0,515.7930908203125,47.26171875
495.125,50.74609375,510.875,73.39453125,500.375,75.13671875,491.625,106.49609375,484.625,122.17578125,521.375,73.39453125,528.375,109.98046875,530.125,137.85546875,496.875,132.62890625,491.625,176.18359375,482.875,211.02734375,512.625,134.37109375,512.625,177.92578125,521.375,212.76953125,495.125,45.51953125,502.125,45.51953125,-1.0,-1.0,512.625,47.26171875
491.125,50.74609375,506.875,73.39453125,498.125,73.39453125,-1.0,-1.0,-1.0,-1.0,515.625,73.39453125,522.625,108.23828125,526.125,136.11328125,492.875,130.88671875,485.875,172.69921875,480.625,209.28515625,506.875,132.62890625,508.625,174.44140625,517.375,209.28515625,489.375,45.51953125,496.375,45.51953125,-1.0,-1.0,506.875,49.00390625
485.87640380859375,50.6171875,501.4494323730469,73.1640625,492.7977600097656,74.8984375,-1.0,-1.0,-1.0,-1.0,510.10113525390625,73.1640625,517.0224609375,107.8515625,522.2135009765625,137.3359375,485.87640380859375,135.6015625,482.4157409667969,175.4921875,477.2247314453125,208.4453125,501.4494323730469,137.3359375,497.98876953125,175.4921875,501.4494323730469,208.4453125,485.87640380859375,45.4140625,489.3370666503906,45.4140625,-1.0,-1.0,501.4494323730469,48.8828125
481.375,49.74609375,497.125,74.13671875,488.375,74.13671875,-1.0,-1.0,-1.0,-1.0,504.125,74.13671875,512.875,107.23828125,516.375,135.11328125,481.375,133.37109375,476.125,175.18359375,470.875,210.02734375,497.125,136.85546875,493.625,176.92578125,488.375,208.28515625,481.375,46.26171875,486.625,46.26171875,-1.0,-1.0,497.125,49.74609375
477.375,49.74609375,489.625,72.39453125,480.875,72.39453125,-1.0,-1.0,-1.0,-1.0,500.125,72.39453125,507.125,105.49609375,507.125,131.62890625,477.375,131.62890625,475.625,175.18359375,475.625,208.28515625,493.125,135.11328125,491.375,175.18359375,496.625,210.02734375,475.625,44.51953125,482.625,46.26171875,-1.0,-1.0,493.125,48.00390625
446.9333190917969,21.87109375,457.3333435058594,39.29296875,448.6666564941406,39.29296875,-1.0,-1.0,-1.0,-1.0,467.73333740234375,39.29296875,472.933349609375,75.87890625,-1.0,-1.0,445.20001220703125,107.23828125,-1.0,-1.0,-1.0,-1.0,455.6000061035156,112.46484375,452.1333312988281,152.53515625,-1.0,-1.0,-1.0,-1.0,-1.0,-1.0,-1.0,-1.0,462.5333251953125,21.87109375
467.20001220703125,49.6171875,482.79998779296875,70.4296875,474.1333312988281,68.6953125,-1.0,-1.0,-1.0,-1.0,488.0,70.4296875,493.20001220703125,101.6484375,491.4666748046875,129.3984375,467.20001220703125,125.9296875,467.20001220703125,169.2890625,460.26666259765625,219.5859375,481.066650390625,127.6640625,475.8666687011719,172.7578125,474.1333312988281,209.1796875,465.4666748046875,44.4140625,470.6666564941406,44.4140625,-1.0,-1.0,481.066650390625,46.1484375
463.20001220703125,48.74609375,477.066650390625,69.65234375,470.1333312988281,67.91015625,-1.0,-1.0,-1.0,-1.0,482.26666259765625,69.65234375,487.4666748046875,97.52734375,484.0,120.17578125,463.20001220703125,125.40234375,459.73333740234375,167.21484375,456.26666259765625,224.70703125,477.066650390625,125.40234375,464.933349609375,174.18359375,461.4666748046875,217.73828125,461.4666748046875,43.51953125,466.6666564941406,43.51953125,-1.0,-1.0,477.066650390625,47.00390625
456.875,47.00390625,472.625,67.91015625,463.875,69.65234375,-1.0,-1.0,-1.0,-1.0,479.625,69.65234375,481.375,99.26953125,476.125,120.17578125,460.375,127.14453125,456.875,168.95703125,455.125,226.44921875,472.625,127.14453125,463.875,174.18359375,458.625,221.22265625,456.875,43.51953125,462.125,43.51953125,-1.0,-1.0,474.375,45.26171875
452.875,45.26171875,468.625,67.91015625,459.875,67.91015625,454.625,92.30078125,-1.0,-1.0,475.625,67.91015625,477.375,97.52734375,466.875,121.91796875,458.125,125.40234375,470.375,172.44140625,475.625,212.51171875,468.625,125.40234375,459.875,174.18359375,458.125,221.22265625,451.125,41.77734375,458.125,41.77734375,-1.0,-1.0,468.625,45.26171875
448.4666748046875,45.1484375,464.066650390625,65.9609375,455.3999938964844,67.6953125,453.6666564941406,91.9765625,-1.0,-1.0,469.26666259765625,67.6953125,469.26666259765625,95.4453125,457.1333312988281,124.9296875,450.20001220703125,126.6640625,453.6666564941406,173.4921875,457.1333312988281,223.7890625,464.066650390625,126.6640625,460.6000061035156,175.2265625,458.8666687011719,220.3203125,446.73333740234375,41.6796875,453.6666564941406,41.6796875,-1.0,-1.0,464.066650390625,45.1484375
444.4666748046875,44.26171875,458.3333435058594,65.16796875,451.3999938964844,66.91015625,447.933349609375,93.04296875,-1.0,-1.0,465.26666259765625,66.91015625,463.5333251953125,94.78515625,446.20001220703125,122.66015625,446.20001220703125,127.88671875,451.3999938964844,173.18359375,458.3333435058594,218.48046875,461.79998779296875,126.14453125,463.5333251953125,173.18359375,458.3333435058594,220.22265625,441.0,40.77734375,449.6666564941406,40.77734375,-1.0,-1.0,460.066650390625,42.51953125
438.73333740234375,44.26171875,454.3333435058594,65.16796875,447.3999938964844,66.91015625,-1.0,-1.0,-1.0,-1.0,459.5333251953125,66.91015625,457.79998779296875,94.78515625,438.73333740234375,120.91796875,445.6666564941406,127.88671875,445.6666564941406,173.18359375,443.933349609375,216.73828125,457.79998779296875,127.88671875,457.79998779296875,174.92578125,457.79998779296875,221.96484375,437.0,40.77734375,443.933349609375,40.77734375,-1.0,-1.0,454.3333435058594,42.51953125
434.73333740234375,44.26171875,450.3333435058594,65.16796875,445.1333312988281,66.91015625,438.20001220703125,93.04296875,-1.0,-1.0,455.5333251953125,66.91015625,450.3333435058594,98.26953125,429.5333251953125,119.17578125,438.20001220703125,127.88671875,438.20001220703125,171.44140625,433.0,214.99609375,453.79998779296875,127.88671875,455.5333251953125,176.66796875,457.26666259765625,223.70703125,433.0,40.77734375,439.933349609375,40.77734375,-1.0,-1.0,452.066650390625,42.51953125
430.73333740234375,44.1484375,446.3333435058594,68.4296875,439.3999938964844,68.4296875,432.4666748046875,96.1796875,-1.0,-1.0,451.5333251953125,68.4296875,446.3333435058594,97.9140625,423.79998779296875,115.2578125,434.20001220703125,129.1328125,437.6666564941406,172.4921875,442.8666687011719,210.6484375,448.066650390625,129.1328125,451.5333251953125,177.6953125,456.73333740234375,221.0546875,429.0,40.6796875,435.933349609375,40.6796875,-1.0,-1.0,446.3333435058594,44.1484375
424.9120788574219,46.74609375,440.5384521484375,67.65234375,435.3296813964844,67.65234375,-1.0,-1.0,-1.0,-1.0,447.4835205078125,67.65234375,442.27471923828125,99.01171875,416.23077392578125,114.69140625,431.8571472167969,130.37109375,437.06591796875,177.41015625,444.010986328125,212.25390625,445.74725341796875,130.37109375,450.9560546875,179.15234375,454.4285888671875,220.96484375,423.1758117675781,41.51953125,430.1208801269531,41.51953125,-1.0,-1.0,442.27471923828125,45.00390625
420.9120788574219,46.74609375,436.5384521484375,69.39453125,431.3296813964844,67.65234375,-1.0,-1.0,-1.0,-1.0,441.74725341796875,67.65234375,436.5384521484375,100.75390625,410.4945068359375,112.94921875,426.1208801269531,133.85546875,427.8571472167969,177.41015625,413.967041015625,212.25390625,440.010986328125,133.85546875,448.69232177734375,182.63671875,455.6373596191406,224.44921875,419.1758117675781,41.51953125,426.1208801269531,41.51953125,-1.0,-1.0,438.27471923828125,45.00390625
416.9120788574219,46.74609375,430.80218505859375,69.39453125,425.5934143066406,69.39453125,-1.0,-1.0,-1.0,-1.0,437.74725341796875,69.39453125,432.5384521484375,99.01171875,404.75823974609375,112.94921875,423.8571472167969,132.11328125,418.6483459472656,175.66796875,422.1208801269531,210.51171875,434.27471923828125,132.11328125,444.69232177734375,180.89453125,448.1648254394531,220.96484375,415.1758117675781,43.26171875,420.3846130371094,43.26171875,-1.0,-1.0,432.5384521484375,45.00390625
410.1758117675781,46.74609375,425.80218505859375,71.13671875,420.5934143066406,71.13671875,-1.0,-1.0,-1.0,-1.0,432.74725341796875,69.39453125,424.06591796875,104.23828125,399.75823974609375,114.69140625,415.3846130371094,133.85546875,404.967041015625,175.66796875,401.4945068359375,215.73828125,425.80218505859375,133.85546875,436.21978759765625,180.89453125,443.1648254394531,219.22265625,410.1758117675781,43.26171875,415.3846130371094,43.26171875,-1.0,-1.0,427.5384521484375,46.74609375
405.1758117675781,46.74609375,420.80218505859375,69.39453125,415.5934143066406,69.39453125,-1.0,-1.0,-1.0,-1.0,426.010986328125,69.39453125,419.06591796875,102.49609375,393.02197265625,116.43359375,408.6483459472656,132.11328125,401.70330810546875,166.95703125,396.4945068359375,210.51171875,420.80218505859375,132.11328125,-1.0,-1.0,-1.0,-1.0,405.1758117675781,43.26171875,410.3846130371094,43.26171875,-1.0,-1.0,420.80218505859375,46.74609375
400.2173767089844,48.48828125,415.86956787109375,71.13671875,412.39129638671875,69.39453125,-1.0,-1.0,-1.0,-1.0,421.0869445800781,71.13671875,414.13043212890625,104.23828125,388.0434875488281,118.17578125,403.6956481933594,132.11328125,395.0,170.44140625,391.521728515625,210.51171875,414.13043212890625,132.11328125,428.0434875488281,175.66796875,-1.0,-1.0,400.2173767089844,43.26171875,405.4347839355469,43.26171875,-1.0,-1.0,415.86956787109375,46.74609375
381.3043518066406,18.87109375,390.0,34.55078125,381.3043518066406,34.55078125,-1.0,-1.0,-1.0,-1.0,395.2173767089844,38.03515625,391.7391357421875,72.87890625,390.0,92.04296875,376.0869445800781,100.75390625,-1.0,-1.0,-1.0,-1.0,386.521728515625,99.01171875,395.2173767089844,172.18359375,395.2173767089844,210.51171875,-1.0,-1.0,-1.0,-1.0,-1.0,-1.0,393.478271484375,18.87109375
-1.0,-1.0,432.93548583984375,97.26953125,438.1612854003906,99.01171875,438.1612854003906,119.91796875,-1.0,-1.0,429.45159912109375,97.26953125,-1.0,-1.0,-1.0,-1.0,438.1612854003906,135.59765625,-1.0,-1.0,-1.0,-1.0,431.19354248046875,133.85546875,-1.0,-1.0,-1.0,-1.0,-1.0,-1.0,-1.0,-1.0,438.1612854003906,83.33203125,-1.0,-1.0
386.1290283203125,48.48828125,401.80645751953125,67.65234375,400.06451416015625,67.65234375,-1.0,-1.0,-1.0,-1.0,405.2903137207031,67.65234375,401.80645751953125,95.52734375,382.6451721191406,119.91796875,391.3548278808594,123.40234375,380.9032287597656,168.69921875,387.8709716796875,210.51171875,398.32257080078125,123.40234375,410.51611328125,165.21484375,427.93548583984375,198.31640625,384.3870849609375,43.26171875,389.6129150390625,43.26171875,-1.0,-1.0,400.06451416015625,45.00390625
364.46807861328125,18.87109375,376.68084716796875,34.55078125,369.7021179199219,34.55078125,364.46807861328125,62.42578125,-1.0,-1.0,383.6595764160156,34.55078125,381.9148864746094,67.65234375,369.7021179199219,109.46484375,364.46807861328125,93.78515625,-1.0,-1.0,-1.0,-1.0,373.1914978027344,99.01171875,-1.0,-1.0,-1.0,-1.0,-1.0,-1.0,371.4468078613281,18.87109375,-1.0,-1.0,381.9148864746094,18.87109375
377.8315734863281,46.74609375,393.5578918457031,65.91015625,390.06317138671875,65.91015625,-1.0,-1.0,-1.0,-1.0,395.3052673339844,67.65234375,395.3052673339844,93.78515625,381.3263244628906,121.66015625,386.56842041015625,125.14453125,376.0841979980469,170.44140625,383.07366943359375,210.51171875,393.5578918457031,125.14453125,400.54736328125,165.21484375,421.51580810546875,196.57421875,374.33685302734375,43.26171875,379.5789489746094,43.26171875,-1.0,-1.0,390.06317138671875,43.26171875
372.8315734863281,46.74609375,388.5578918457031,65.91015625,385.06317138671875,65.91015625,379.821044921875,85.07421875,-1.0,-1.0,392.0526428222656,65.91015625,390.3052673339844,92.04296875,381.56842041015625,121.66015625,386.8105163574219,123.40234375,-1.0,-1.0,-1.0,-1.0,386.8105163574219,123.40234375,388.5578918457031,170.44140625,383.3157958984375,213.99609375,369.33685302734375,43.26171875,374.5789489746094,43.26171875,-1.0,-1.0,385.06317138671875,43.26171875
367.8315734863281,46.74609375,383.5578918457031,65.91015625,380.06317138671875,65.91015625,376.56842041015625,88.55859375,-1.0,-1.0,385.3052673339844,67.65234375,385.3052673339844,95.52734375,380.06317138671875,125.14453125,371.3263244628906,123.40234375,364.33685302734375,168.69921875,390.54736328125,210.51171875,380.06317138671875,123.40234375,387.0526428222656,168.69921875,409.7684326171875,198.31640625,364.33685302734375,43.26171875,369.5789489746094,41.51953125,-1.0,-1.0,380.06317138671875,43.26171875
363.44329833984375,47.6171875,379.0309143066406,66.6953125,373.8350524902344,66.6953125,-1.0,-1.0,-1.0,-1.0,382.4948425292969,66.6953125,382.4948425292969,101.3828125,379.0309143066406,123.9296875,368.63916015625,123.9296875,358.2474365234375,169.0234375,373.8350524902344,212.3828125,377.2989807128906,123.9296875,385.9587707519531,167.2890625,398.08245849609375,207.1796875,359.9793701171875,42.4140625,365.1752624511719,44.1484375,-1.0,-1.0,373.8350524902344,44.1484375
344.5876159667969,19.8671875,353.2474365234375,35.4765625,348.0515441894531,37.2109375,-1.0,-1.0,-1.0,-1.0,360.1752624511719,37.2109375,-1.0,-1.0,-1.0,-1.0,342.8556823730469,99.6484375,-1.0,-1.0,-1.0,-1.0,349.78350830078125,97.9140625,354.9793701171875,169.0234375,363.63916015625,217.5859375,-1.0,-1.0,349.78350830078125,19.8671875,-1.0,-1.0,358.44329833984375,19.8671875
346.551025390625,47.6171875,365.6326599121094,68.4296875,358.6938781738281,68.4296875,-1.0,-1.0,-1.0,-1.0,369.10205078125,68.4296875,372.5714416503906,111.7890625,363.89794921875,136.0703125,351.7550964355469,129.1328125,344.8163146972656,169.0234375,344.8163146972656,205.4453125,360.4285583496094,132.6015625,358.6938781738281,167.2890625,-1.0,-1.0,-1.0,-1.0,348.28570556640625,44.1484375,-1.0,-1.0,356.95916748046875,44.1484375
341.551025390625,49.3515625,360.6326599121094,70.1640625,353.6938781738281,70.1640625,-1.0,-1.0,-1.0,-1.0,364.10205078125,70.1640625,371.04083251953125,110.0546875,371.04083251953125,130.8671875,346.7550964355469,130.8671875,336.346923828125,165.5546875,334.61224365234375,196.7734375,355.4285583496094,132.6015625,348.48980712890625,167.2890625,-1.0,-1.0,-1.0,-1.0,343.28570556640625,45.8828125,-1.0,-1.0,351.95916748046875,45.8828125
336.551025390625,51.23046875,355.6326599121094,70.39453125,346.95916748046875,72.13671875,-1.0,-1.0,-1.0,-1.0,357.3673400878906,70.39453125,364.3061218261719,110.46484375,364.3061218261719,134.85546875,340.0204162597656,133.11328125,331.346923828125,169.69921875,-1.0,-1.0,350.4285583496094,133.11328125,346.95916748046875,171.44140625,329.61224365234375,208.02734375,-1.0,-1.0,338.28570556640625,46.00390625,-1.0,-1.0,346.95916748046875,47.74609375
332.4545593261719,51.23046875,351.5656433105469,70.39453125,344.61614990234375,72.13671875,-1.0,-1.0,-1.0,-1.0,351.5656433105469,72.13671875,360.2525329589844,105.23828125,363.7272644042969,131.37109375,351.5656433105469,134.85546875,-1.0,-1.0,-1.0,-1.0,348.0909118652344,134.85546875,-1.0,-1.0,-1.0,-1.0,328.97979736328125,49.48828125,334.1919250488281,46.00390625,-1.0,-1.0,342.8787841796875,47.74609375
327.4545593261719,51.23046875,344.8282775878906,72.13671875,339.61614990234375,72.13671875,-1.0,-1.0,-1.0,-1.0,346.5656433105469,72.13671875,353.51513671875,100.01171875,-1.0,-1.0,350.0404052734375,133.11328125,-1.0,-1.0,-1.0,-1.0,341.3535461425781,133.11328125,325.7171630859375,176.66796875,-1.0,-1.0,323.97979736328125,47.74609375,329.1919250488281,47.74609375,-1.0,-1.0,336.14141845703125,47.74609375
322.489990234375,49.48828125,339.8900146484375,70.39453125,-1.0,-1.0,-1.0,-1.0,-1.0,-1.0,341.6300048828125,70.39453125,346.8500061035156,110.46484375,355.54998779296875,133.11328125,336.4100036621094,129.62890625,338.1499938964844,173.18359375,339.8900146484375,202.80078125,336.4100036621094,131.37109375,324.2300109863281,171.44140625,322.489990234375,206.28515625,-1.0,-1.0,324.2300109863281,46.00390625,-1.0,-1.0,331.19000244140625,46.00390625
317.489990234375,49.48828125,336.6300048828125,70.39453125,340.1099853515625,68.65234375,-1.0,-1.0,-1.0,-1.0,334.8900146484375,70.39453125,340.1099853515625,103.49609375,347.07000732421875,127.88671875,333.1499938964844,126.14453125,333.1499938964844,173.18359375,334.8900146484375,209.76953125,331.4100036621094,127.88671875,315.75,171.44140625,310.5299987792969,209.76953125,-1.0,-1.0,319.2300109863281,46.00390625,-1.0,-1.0,327.92999267578125,44.26171875
312.489990234375,47.74609375,329.8900146484375,70.39453125,335.1099853515625,68.65234375,314.2300109863281,96.52734375,-1.0,-1.0,328.1499938964844,70.39453125,333.3699951171875,101.75390625,338.5899963378906,122.66015625,331.6300048828125,124.40234375,331.6300048828125,167.95703125,331.6300048828125,213.25390625,324.6700134277344,124.40234375,315.9700012207031,167.95703125,307.2699890136719,214.99609375,-1.0,-1.0,314.2300109863281,44.26171875,-1.0,-1.0,322.92999267578125,44.26171875
306.6534729003906,42.51953125,325.82177734375,68.65234375,331.04949951171875,68.65234375,341.50494384765625,98.26953125,350.21783447265625,120.91796875,324.0792236328125,68.65234375,327.5643615722656,101.75390625,325.82177734375,120.91796875,324.0792236328125,122.66015625,325.82177734375,167.95703125,331.04949951171875,211.51171875,324.0792236328125,124.40234375,313.6237487792969,169.69921875,304.910888671875,214.99609375,-1.0,-1.0,310.13861083984375,40.77734375,-1.0,-1.0,317.1089172363281,42.51953125
306.8811950683594,42.51953125,326.04949951171875,66.91015625,331.2772216796875,66.91015625,343.4752502441406,98.26953125,-1.0,-1.0,324.30694580078125,68.65234375,327.7920837402344,98.26953125,326.04949951171875,113.94921875,315.59405517578125,122.66015625,306.8811950683594,164.47265625,-1.0,-1.0,324.30694580078125,124.40234375,315.59405517578125,171.44140625,306.8811950683594,214.99609375,-1.0,-1.0,308.6237487792969,40.77734375,-1.0,-1.0,317.3366394042969,42.51953125
301.8349609375,42.51953125,321.0582580566406,66.91015625,328.0485534667969,66.91015625,340.28155517578125,100.01171875,-1.0,-1.0,321.0582580566406,68.65234375,322.8058166503906,101.75390625,317.5631103515625,122.66015625,326.30096435546875,122.66015625,322.8058166503906,169.69921875,324.55340576171875,213.25390625,317.5631103515625,124.40234375,310.57281494140625,171.44140625,305.3301086425781,218.48046875,-1.0,-1.0,303.58251953125,40.77734375,-1.0,-1.0,312.32037353515625,42.51953125
296.8349609375,42.51953125,316.0582580566406,66.91015625,314.3106689453125,65.16796875,-1.0,-1.0,-1.0,-1.0,317.8058166503906,66.91015625,316.0582580566406,101.75390625,307.32037353515625,126.14453125,316.0582580566406,122.66015625,317.8058166503906,169.69921875,326.543701171875,209.76953125,317.8058166503906,124.40234375,307.32037353515625,169.69921875,305.57281494140625,220.22265625,-1.0,-1.0,300.3301086425781,39.03515625,-1.0,-1.0,307.32037353515625,40.77734375
291.8349609375,42.51953125,311.0582580566406,65.16796875,307.5631103515625,65.16796875,297.0776672363281,94.78515625,288.3398132324219,117.43359375,314.55340576171875,65.16796875,311.0582580566406,100.01171875,291.8349609375,122.66015625,305.8155212402344,122.66015625,311.0582580566406,173.18359375,323.291259765625,211.51171875,314.55340576171875,124.40234375,305.8155212402344,173.18359375,304.0679626464844,220.22265625,-1.0,-1.0,295.3301086425781,39.03515625,-1.0,-1.0,304.0679626464844,40.77734375
289.20001220703125,45.1484375,310.0,64.2265625,-1.0,-1.0,-1.0,-1.0,-1.0,-1.0,308.26666259765625,65.9609375,303.066650390625,98.9140625,285.73333740234375,117.9921875,311.73333740234375,121.4609375,310.0,171.7578125,316.933349609375,213.3828125,306.5333251953125,123.1953125,303.066650390625,171.7578125,306.5333251953125,218.5859375,-1.0,-1.0,290.933349609375,39.9453125,-1.0,-1.0,296.1333312988281,39.9453125
282.4666748046875,43.4140625,305.0,65.9609375,308.4666748046875,64.2265625,-1.0,-1.0,-1.0,-1.0,303.26666259765625,65.9609375,294.6000061035156,102.3828125,275.5333251953125,119.7265625,306.73333740234375,123.1953125,292.8666687011719,171.7578125,313.6666564941406,213.3828125,299.79998779296875,124.9296875,301.5333251953125,173.4921875,301.5333251953125,220.3203125,-1.0,-1.0,285.933349609375,39.9453125,-1.0,-1.0,292.8666687011719,39.9453125
279.2452697753906,41.6796875,301.8113098144531,64.2265625,-1.0,-1.0,-1.0,-1.0,-1.0,-1.0,300.0754699707031,65.9609375,293.132080078125,93.7109375,270.5660400390625,112.7890625,286.1886901855469,123.1953125,279.2452697753906,164.8203125,308.75469970703125,213.3828125,294.867919921875,123.1953125,294.867919921875,168.2890625,289.6603698730469,213.3828125,-1.0,-1.0,282.71697998046875,36.4765625,-1.0,-1.0,289.6603698730469,39.9453125
275.98114013671875,41.6796875,296.8113098144531,65.9609375,303.75469970703125,65.9609375,-1.0,-1.0,-1.0,-1.0,293.3396301269531,65.9609375,288.132080078125,93.7109375,269.0377197265625,107.5859375,298.54718017578125,123.1953125,296.8113098144531,173.4921875,310.6981201171875,213.3828125,288.132080078125,124.9296875,291.603759765625,173.4921875,300.28302001953125,218.5859375,-1.0,-1.0,277.71697998046875,38.2109375,-1.0,-1.0,284.6603698730469,39.9453125
270.98114013671875,43.51953125,293.54718017578125,66.16796875,300.4905700683594,64.42578125,-1.0,-1.0,-1.0,-1.0,288.3396301269531,66.16796875,281.396240234375,94.04296875,257.0943298339844,111.46484375,293.54718017578125,123.66015625,293.54718017578125,172.44140625,303.9622802734375,214.25390625,283.132080078125,125.40234375,284.867919921875,174.18359375,276.1886901855469,217.73828125,-1.0,-1.0,272.71697998046875,40.03515625,-1.0,-1.0,279.6603698730469,40.03515625
266.8971862792969,41.77734375,287.75701904296875,66.16796875,294.71026611328125,66.16796875,-1.0,-1.0,-1.0,-1.0,284.2803649902344,66.16796875,275.5887756347656,95.78515625,249.51402282714844,111.46484375,287.75701904296875,127.14453125,294.71026611328125,179.41015625,303.40185546875,215.99609375,280.8037414550781,127.14453125,282.54205322265625,179.41015625,298.1869201660156,221.22265625,-1.0,-1.0,268.635498046875,38.29296875,-1.0,-1.0,275.5887756347656,41.77734375
263.635498046875,45.26171875,282.75701904296875,67.91015625,287.9719543457031,67.91015625,-1.0,-1.0,-1.0,-1.0,279.2803649902344,67.91015625,272.32708740234375,94.04296875,246.25233459472656,109.72265625,277.54205322265625,127.14453125,258.4205627441406,181.15234375,-1.0,-1.0,275.8037414550781,127.14453125,284.4953308105469,181.15234375,296.6635437011719,215.99609375,-1.0,-1.0,265.37384033203125,41.77734375,-1.0,-1.0,272.32708740234375,43.51953125
258.6851806640625,45.26171875,277.8333435058594,67.91015625,284.7962951660156,67.91015625,-1.0,-1.0,-1.0,-1.0,274.35186767578125,67.91015625,267.3888854980469,94.04296875,243.01852416992188,107.98046875,272.6111145019531,125.40234375,248.24073791503906,172.44140625,244.75926208496094,210.76953125,272.6111145019531,125.40234375,281.3148193359375,172.44140625,298.72222900390625,214.25390625,-1.0,-1.0,260.4259338378906,41.77734375,-1.0,-1.0,267.3888854980469,43.51953125
253.6851806640625,47.00390625,272.8333435058594,67.91015625,279.7962951660156,67.91015625,-1.0,-1.0,-1.0,-1.0,269.35186767578125,67.91015625,262.3888854980469,95.78515625,238.01852416992188,107.98046875,267.6111145019531,123.66015625,-1.0,-1.0,-1.0,-1.0,265.870361328125,123.66015625,278.0555419921875,167.21484375,-1.0,-1.0,-1.0,-1.0,255.42593383789062,43.51953125,-1.0,-1.0,260.64813232421875,43.51953125
248.6851806640625,47.00390625,267.8333435058594,67.91015625,274.7962951660156,67.91015625,285.2407531738281,102.75390625,-1.0,-1.0,264.35186767578125,67.91015625,260.870361328125,92.30078125,238.24073791503906,106.23828125,262.6111145019531,125.40234375,243.4629669189453,170.69921875,236.5,212.51171875,259.129638671875,125.40234375,273.0555419921875,175.92578125,-1.0,-1.0,-1.0,-1.0,250.42593383789062,45.26171875,-1.0,-1.0,257.3888854980469,45.26171875
244.60549926757812,45.26171875,262.03668212890625,66.16796875,269.0091857910156,67.91015625,281.21099853515625,101.01171875,286.44036865234375,130.62890625,258.5504455566406,67.91015625,251.57797241210938,99.26953125,230.66055297851562,109.72265625,241.1192626953125,128.88671875,239.3761444091797,174.18359375,237.63302612304688,212.51171875,258.5504455566406,128.88671875,270.7522888183594,177.66796875,281.21099853515625,212.51171875,-1.0,-1.0,246.3486328125,41.77734375,-1.0,-1.0,255.06422424316406,43.51953125
-1.0,-1.0,258.85455322265625,66.16796875,267.5818176269531,66.16796875,274.5636291503906,97.52734375,-1.0,-1.0,253.61817932128906,66.16796875,246.63636779785156,99.26953125,222.1999969482422,118.43359375,260.6000061035156,120.17578125,236.16363525390625,170.69921875,234.41818237304688,212.51171875,250.1272735595703,121.91796875,265.83636474609375,170.69921875,276.30908203125,202.05859375,-1.0,-1.0,-1.0,-1.0,-1.0,-1.0,246.63636779785156,41.77734375
234.45945739746094,41.6796875,251.7567596435547,65.9609375,256.9459533691406,64.2265625,265.5946044921875,95.4453125,-1.0,-1.0,248.29730224609375,65.9609375,243.1081085205078,95.4453125,222.35134887695312,117.9921875,255.21621704101562,117.9921875,236.18919372558594,166.5546875,-1.0,-1.0,244.83782958984375,119.7265625,262.1351318359375,163.0859375,272.5135192871094,197.7734375,-1.0,-1.0,236.18919372558594,38.2109375,-1.0,-1.0,241.37838745117188,39.9453125
231.27273559570312,45.1484375,250.27273559570312,64.2265625,255.4545440673828,64.2265625,262.3636474609375,93.7109375,-1.0,-1.0,245.09091186523438,65.9609375,238.18182373046875,95.4453125,224.36363220214844,114.5234375,250.27273559570312,116.2578125,231.27273559570312,164.8203125,231.27273559570312,213.3828125,241.63636779785156,119.7265625,258.9090881347656,163.0859375,269.2727355957031,202.9765625,-1.0,-1.0,-1.0,-1.0,252.0,36.4765625,236.4545440673828,39.9453125
225.5454559326172,43.30859375,246.27273559570312,64.02734375,251.4545440673828,64.02734375,261.81817626953125,98.55859375,-1.0,-1.0,241.09091186523438,64.02734375,237.63636779785156,95.10546875,220.36363220214844,119.27734375,244.5454559326172,117.55078125,256.6363525390625,164.16796875,263.54547119140625,209.05859375,239.36363220214844,119.27734375,254.90908813476562,164.16796875,263.54547119140625,202.15234375,-1.0,-1.0,227.27273559570312,39.85546875,-1.0,-1.0,234.18182373046875,41.58203125
219.81817626953125,38.9453125,242.27273559570312,63.2265625,249.18182373046875,63.2265625,256.0909118652344,96.1796875,-1.0,-1.0,237.09091186523438,63.2265625,233.63636779785156,96.1796875,219.81817626953125,116.9921875,233.63636779785156,120.4609375,230.18182373046875,162.0859375,233.63636779785156,214.1171875,238.81817626953125,120.4609375,249.18182373046875,163.8203125,259.54547119140625,198.5078125,-1.0,-1.0,223.27273559570312,37.2109375,-1.0,-1.0,230.18182373046875,38.9453125
217.45945739746094,40.6796875,238.21621704101562,63.2265625,245.1351318359375,63.2265625,253.78378295898438,99.6484375,-1.0,-1.0,233.0270233154297,63.2265625,231.29730224609375,97.9140625,220.91891479492188,120.4609375,239.94595336914062,120.4609375,226.1081085205078,165.5546875,233.0270233154297,215.8515625,234.7567596435547,122.1953125,245.1351318359375,165.5546875,253.78378295898438,193.3046875,-1.0,-1.0,219.18919372558594,37.2109375,-1.0,-1.0,226.1081085205078,38.9453125
211.729736328125,40.58203125,232.48648071289062,63.02734375,237.67567443847656,63.02734375,249.78378295898438,99.28515625,-1.0,-1.0,230.7567596435547,63.02734375,229.0270233154297,95.83203125,220.37838745117188,118.27734375,235.94595336914062,118.27734375,242.8648681640625,163.16796875,237.67567443847656,206.33203125,230.7567596435547,121.73046875,218.64865112304688,166.62109375,227.29730224609375,209.78515625,-1.0,-1.0,215.18919372558594,38.85546875,-1.0,-1.0,222.1081085205078,40.58203125
207.729736328125,42.30859375,226.7567596435547,63.02734375,231.94595336914062,63.02734375,207.729736328125,92.37890625,-1.0,-1.0,225.0270233154297,64.75390625,225.0270233154297,101.01171875,221.56756591796875,123.45703125,231.94595336914062,120.00390625,235.40541076660156,163.16796875,235.40541076660156,213.23828125,221.56756591796875,120.00390625,216.37838745117188,164.89453125,212.91891479492188,211.51171875,-1.0,-1.0,211.18919372558594,38.85546875,-1.0,-1.0,218.1081085205078,40.58203125
202.0,40.58203125,221.0270233154297,63.02734375,217.56756591796875,64.75390625,-1.0,-1.0,-1.0,-1.0,222.7567596435547,64.75390625,222.7567596435547,102.73828125,219.29730224609375,123.45703125,207.18919372558594,120.00390625,195.08108520507812,163.16796875,-1.0,-1.0,219.29730224609375,121.73046875,219.29730224609375,166.62109375,233.1351318359375,216.69140625,-1.0,-1.0,205.45945739746094,37.12890625,-1.0,-1.0,212.37838745117188,38.85546875
197.61947631835938,40.484375,216.50442504882812,64.546875,-1.0,-1.0,-1.0,-1.0,-1.0,-1.0,216.50442504882812,66.265625,218.2212371826172,104.078125,214.78761291503906,122.984375,223.37167358398438,121.265625,235.38937377929688,169.390625,235.38937377929688,208.921875,214.78761291503906,122.984375,211.35397338867188,165.953125,223.37167358398438,208.921875,-1.0,-1.0,199.33628845214844,37.046875,-1.0,-1.0,206.2035369873047,38.765625
193.04464721679688,41.30859375,210.36607360839844,65.48046875,206.9017791748047,65.48046875,201.70535278320312,89.65234375,-1.0,-1.0,213.83035278320312,65.48046875,213.83035278320312,96.55859375,206.9017791748047,120.73046875,219.0267791748047,119.00390625,229.41964721679688,167.34765625,234.61605834960938,210.51171875,208.63392639160156,120.73046875,217.29464721679688,170.80078125,231.15179443359375,217.41796875,-1.0,-1.0,196.50892639160156,39.58203125,-1.0,-1.0,205.16964721679688,41.30859375
189.04464721679688,41.30859375,204.63392639160156,65.48046875,197.70535278320312,63.75390625,-1.0,-1.0,-1.0,-1.0,208.09820556640625,67.20703125,209.83035278320312,101.73828125,204.63392639160156,124.18359375,213.29464721679688,122.45703125,227.15179443359375,170.80078125,232.34820556640625,210.51171875,208.09820556640625,124.18359375,208.09820556640625,174.25390625,230.61605834960938,219.14453125,-1.0,-1.0,192.50892639160156,39.58203125,-1.0,-1.0,201.16964721679688,43.03515625
183.0,42.921875,200.14285278320312,65.265625,193.28570556640625,65.265625,-1.0,-1.0,-1.0,-1.0,201.85714721679688,66.984375,215.57142639160156,97.921875,227.57142639160156,123.703125,208.71429443359375,123.703125,220.71429443359375,171.828125,231.0,209.640625,201.85714721679688,125.421875,183.0,171.828125,172.71429443359375,206.203125,-1.0,-1.0,186.42857360839844,41.203125,-1.0,-1.0,193.28570556640625,42.921875
178.90264892578125,42.921875,194.35397338867188,66.984375,189.2035369873047,65.265625,-1.0,-1.0,-1.0,-1.0,197.78761291503906,68.703125,213.2389373779297,99.640625,225.2566375732422,125.421875,197.78761291503906,123.703125,214.95574951171875,170.109375,228.6902618408203,211.359375,196.07080078125,125.421875,178.90264892578125,168.390625,161.73451232910156,209.640625,-1.0,-1.0,180.61947631835938,39.484375,-1.0,-1.0,189.2035369873047,42.921875
-1.0,-1.0,-1.0,-1.0,-1.0,-1.0,-1.0,-1.0,-1.0,-1.0,192.07080078125,66.76171875,195.50442504882812,100.98046875,176.61947631835938,128.35546875,-1.0,-1.0,-1.0,-1.0,-1.0,-1.0,-1.0,-1.0,-1.0,-1.0,-1.0,-1.0,-1.0,-1.0,-1.0,-1.0,-1.0,-1.0,185.2035369873047,42.80859375
170.90264892578125,41.09765625,186.35397338867188,65.05078125,193.2212371826172,66.76171875,208.67257690429688,95.84765625,213.822998046875,126.64453125,186.35397338867188,65.05078125,-1.0,-1.0,-1.0,-1.0,193.2212371826172,118.08984375,206.95574951171875,159.15234375,224.1239013671875,191.66015625,182.92034912109375,119.80078125,165.75221252441406,160.86328125,158.88494873046875,207.05859375,-1.0,-1.0,172.61947631835938,37.67578125,-1.0,-1.0,179.48672485351562,41.09765625
160.035400390625,39.38671875,178.92034912109375,63.33984375,185.78761291503906,65.05078125,199.52212524414062,94.13671875,199.52212524414062,119.80078125,175.48672485351562,65.05078125,175.48672485351562,95.84765625,173.76991271972656,111.24609375,182.35397338867188,116.37890625,196.0885009765625,155.73046875,216.6902618408203,186.52734375,168.61947631835938,118.08984375,161.75221252441406,160.86328125,158.31858825683594,210.48046875,-1.0,-1.0,163.46902465820312,37.67578125,-1.0,-1.0,170.33628845214844,39.38671875
160.82608032226562,40.09765625,177.86956787109375,64.05078125,184.68695068359375,65.76171875,198.32174682617188,96.55859375,200.02609252929688,122.22265625,174.46087646484375,64.05078125,176.16522216796875,98.26953125,169.3478240966797,118.80078125,182.98260498046875,118.80078125,193.2086944580078,156.44140625,-1.0,-1.0,167.6434783935547,120.51171875,160.82608032226562,164.99609375,157.41738891601562,211.19140625,-1.0,-1.0,162.5304412841797,36.67578125,-1.0,-1.0,169.3478240966797,40.09765625
151.71304321289062,40.09765625,168.75653076171875,62.33984375,177.27825927734375,64.05078125,189.2086944580078,98.26953125,192.61740112304688,123.93359375,165.3478240966797,64.05078125,165.3478240966797,94.84765625,153.41738891601562,115.37890625,177.27825927734375,117.08984375,180.68695068359375,158.15234375,204.54782104492188,192.37109375,160.2347869873047,117.08984375,155.12173461914062,163.28515625,158.5304412841797,211.19140625,-1.0,-1.0,151.71304321289062,36.67578125,-1.0,-1.0,160.2347869873047,36.67578125
147.71304321289062,40.09765625,166.46087646484375,62.33984375,173.27825927734375,64.05078125,185.2086944580078,96.55859375,188.61740112304688,122.22265625,161.3478240966797,64.05078125,159.6434783935547,99.98046875,147.71304321289062,120.51171875,173.27825927734375,117.08984375,174.98260498046875,161.57421875,176.68695068359375,204.34765625,157.9391326904297,118.80078125,152.82608032226562,161.57421875,157.9391326904297,211.19140625,-1.0,-1.0,149.41738891601562,34.96484375,-1.0,-1.0,156.2347869873047,36.67578125
143.71304321289062,38.2890625,164.16522216796875,60.4296875,172.68695068359375,60.4296875,182.9130401611328,96.1953125,186.32174682617188,118.3359375,157.3478240966797,62.1328125,153.9391326904297,94.4921875,136.89566040039062,116.6328125,170.98260498046875,116.6328125,170.98260498046875,159.2109375,172.68695068359375,201.7890625,155.6434783935547,116.6328125,148.82608032226562,160.9140625,155.6434783935547,208.6015625,-1.0,-1.0,145.41738891601562,34.8828125,-1.0,-1.0,152.2347869873047,36.5859375
140.45689392089844,41.6953125,160.9396514892578,62.1328125,171.1810302734375,63.8359375,178.0086212158203,96.1953125,181.42242431640625,118.3359375,150.69827270507812,60.4296875,143.87069702148438,94.4921875,128.5086212158203,114.9296875,166.0603485107422,116.6328125,164.35345458984375,159.2109375,167.76724243164062,206.8984375,148.9913787841797,116.6328125,150.69827270507812,162.6171875,157.52586364746094,212.0078125,-1.0,-1.0,143.87069702148438,38.2890625,-1.0,-1.0,147.28448486328125,39.9921875
134.71304321289062,39.9921875,156.86956787109375,62.1328125,167.0956573486328,63.8359375,175.61740112304688,96.1953125,179.02609252929688,120.0390625,146.6434783935547,62.1328125,139.82608032226562,94.4921875,121.07826232910156,109.8203125,160.27825927734375,120.0390625,158.57391357421875,166.0234375,160.27825927734375,206.8984375,143.2347869873047,120.0390625,144.9391326904297,164.3203125,148.3478240966797,206.8984375,-1.0,-1.0,138.12173461914062,36.5859375,-1.0,-1.0,143.2347869873047,38.2890625
137.5304412841797,40.6953125,156.27825927734375,61.1328125,164.8000030517578,61.1328125,173.32174682617188,95.1953125,176.73043823242188,119.0390625,147.75653076171875,61.1328125,139.2347869873047,93.4921875,120.48695373535156,110.5234375,161.39129638671875,119.0390625,159.68695068359375,166.7265625,161.39129638671875,207.6015625,146.0521697998047,120.7421875,147.75653076171875,166.7265625,151.16522216796875,209.3046875,-1.0,-1.0,137.5304412841797,37.2890625,-1.0,-1.0,144.3478240966797,38.9921875
131.82608032226562,40.6953125,152.27825927734375,59.4296875,162.5043487548828,59.4296875,169.32174682617188,95.1953125,-1.0,-1.0,143.75653076171875,61.1328125,135.2347869873047,91.7890625,114.78260803222656,105.4140625,159.0956573486328,119.0390625,155.68695068359375,165.0234375,157.39129638671875,205.8984375,142.0521697998047,119.0390625,138.6434783935547,163.3203125,140.3478240966797,205.8984375,-1.0,-1.0,133.5304412841797,37.2890625,-1.0,-1.0,140.3478240966797,38.9921875
127.5689697265625,42.27734375,147.84483337402344,62.62109375,157.98275756835938,62.62109375,164.7413787841797,96.52734375,171.5,118.56640625,139.39654541015625,62.62109375,130.94827270507812,93.13671875,108.98275756835938,106.69921875,152.91378784179688,118.56640625,151.22413635253906,166.03515625,154.60345458984375,206.72265625,137.70689392089844,118.56640625,144.46551513671875,166.03515625,156.29310607910156,198.24609375,-1.0,-1.0,129.2586212158203,38.88671875,-1.0,-1.0,137.70689392089844,40.58203125
125.15384674072266,42.27734375,145.4615478515625,60.92578125,153.92308044433594,60.92578125,160.6923065185547,96.52734375,-1.0,-1.0,135.3076934814453,62.62109375,125.15384674072266,93.13671875,103.15384674072266,106.69921875,147.15383911132812,118.56640625,137.0,169.42578125,155.61538696289062,205.02734375,135.3076934814453,120.26171875,143.76922607421875,169.42578125,155.61538696289062,211.80859375,-1.0,-1.0,126.84615325927734,38.88671875,-1.0,-1.0,131.92308044433594,40.58203125
121.15384674072266,42.27734375,139.76922607421875,62.62109375,148.23077392578125,60.92578125,156.6923065185547,96.52734375,166.84616088867188,116.87109375,131.3076934814453,62.62109375,121.15384674072266,93.13671875,97.46154022216797,106.69921875,143.15383911132812,118.56640625,141.4615478515625,166.03515625,158.38461303710938,206.72265625,131.3076934814453,120.26171875,138.07691955566406,166.03515625,143.15383911132812,205.02734375,-1.0,-1.0,122.84615325927734,38.88671875,-1.0,-1.0,127.92308044433594,40.58203125
113.76923370361328,43.84375,135.76922607421875,62.40625,145.92308044433594,60.71875,152.6923065185547,96.15625,154.38461303710938,119.78125,127.30769348144531,64.09375,117.15384674072266,92.78125,96.84615325927734,104.59375,139.15383911132812,119.78125,140.84616088867188,165.34375,156.07693481445312,207.53125,125.61538696289062,119.78125,127.30769348144531,165.34375,129.0,202.46875,-1.0,-1.0,117.15384674072266,40.46875,137.4615478515625,37.09375,122.23077392578125,40.46875
111.46154022216797,43.84375,131.76922607421875,64.09375,141.92308044433594,64.09375,150.38461303710938,99.53125,-1.0,-1.0,121.61538696289062,65.78125,109.76923370361328,94.46875,91.15384674072266,104.59375,133.4615478515625,123.15625,138.53846740722656,170.40625,158.84616088867188,205.84375,123.30769348144531,123.15625,128.38461303710938,172.09375,143.61538696289062,209.21875,-1.0,-1.0,114.84615325927734,40.46875,133.4615478515625,43.84375,118.23077392578125,43.84375
106.50847625732422,44.66796875,126.84745788574219,65.01171875,137.01695251464844,63.31640625,143.79661560058594,90.44140625,-1.0,-1.0,118.37287902832031,65.01171875,108.2033920288086,92.13671875,91.25424194335938,104.00390625,128.54237365722656,120.95703125,131.9322052001953,165.03515625,-1.0,-1.0,116.67796325683594,120.95703125,126.84745788574219,170.12109375,147.18643188476562,212.50390625,-1.0,-1.0,108.2033920288086,41.27734375,-1.0,-1.0,114.98304748535156,42.97265625
-1.0,-1.0,123.26050567626953,64.78125,133.34454345703125,64.78125,138.38656616210938,95.15625,-1.0,-1.0,113.17646789550781,64.78125,104.77310943603516,93.46875,84.60504150390625,105.28125,123.26050567626953,120.46875,126.6218490600586,166.03125,135.02520751953125,201.46875,109.81512451171875,120.46875,123.26050567626953,167.71875,133.34454345703125,198.09375,-1.0,-1.0,-1.0,-1.0,126.6218490600586,41.15625,109.81512451171875,42.84375
-1.0,-1.0,118.76922607421875,63.09375,128.92308044433594,63.09375,135.6923065185547,91.78125,137.38461303710938,118.78125,106.92308044433594,64.78125,100.15384674072266,91.78125,83.23076629638672,105.28125,120.46154022216797,117.09375,125.53846740722656,155.90625,132.3076934814453,191.34375,106.92308044433594,117.09375,113.69230651855469,157.59375,127.23077392578125,191.34375,-1.0,-1.0,-1.0,-1.0,122.15384674072266,39.46875,105.23077392578125,42.84375
-1.0,-1.0,113.07691955566406,63.09375,124.92308044433594,61.40625,131.6923065185547,93.46875,133.38461303710938,117.09375,102.92308044433594,64.78125,94.46154022216797,95.15625,75.84615325927734,112.03125,116.46154022216797,117.09375,121.53846740722656,154.21875,124.92308044433594,193.03125,102.92308044433594,117.09375,111.38461303710938,155.90625,126.61538696289062,194.71875,-1.0,-1.0,-1.0,-1.0,118.15384674072266,37.78125,101.23077392578125,39.46875
-1.0,-1.0,132.1092529296875,32.63671875,140.51260375976562,32.63671875,-1.0,-1.0,-1.0,-1.0,125.38655853271484,32.63671875,122.02520751953125,64.55078125,-1.0,-1.0,142.19326782226562,96.46484375,140.51260375976562,146.85546875,157.3193359375,193.88671875,132.1092529296875,94.78515625,140.51260375976562,148.53515625,155.63865661621094,193.88671875,-1.0,-1.0,-1.0,-1.0,-1.0,-1.0,116.98319244384766,15.83984375
-1.0,-1.0,129.7899169921875,32.63671875,138.19326782226562,32.63671875,-1.0,-1.0,-1.0,-1.0,121.38655853271484,32.63671875,119.70588684082031,64.55078125,-1.0,-1.0,136.51260375976562,93.10546875,136.51260375976562,143.49609375,-1.0,-1.0,128.1092529296875,89.74609375,136.51260375976562,148.53515625,151.63865661621094,193.88671875,-1.0,-1.0,-1.0,-1.0,-1.0,-1.0,119.70588684082031,15.83984375
-1.0,-1.0,124.10924530029297,31.71875,132.51260375976562,31.71875,-1.0,-1.0,-1.0,-1.0,117.38655853271484,31.71875,114.02520751953125,63.78125,-1.0,-1.0,132.51260375976562,95.84375,130.83193969726562,149.84375,-1.0,-1.0,122.42857360839844,92.46875,134.19326782226562,153.21875,-1.0,-1.0,-1.0,-1.0,-1.0,-1.0,-1.0,-1.0,115.70588684082031,14.84375
-1.0,-1.0,98.26050567626953,60.19140625,110.02520751953125,60.19140625,116.7479019165039,88.74609375,130.19326782226562,107.22265625,86.49580383300781,61.87109375,79.77310943603516,92.10546875,76.4117660522461,107.22265625,101.6218490600586,117.30078125,106.66386413574219,160.97265625,108.34454345703125,194.56640625,88.17646789550781,118.98046875,94.89915466308594,162.65234375,106.66386413574219,199.60546875,-1.0,-1.0,-1.0,-1.0,101.6218490600586,34.99609375,84.81512451171875,38.35546875
-1.0,-1.0,95.02499389648438,60.19140625,105.125,60.19140625,113.54166412353516,87.06640625,125.32499694824219,103.86328125,83.24166870117188,61.87109375,81.55833435058594,92.10546875,71.45832824707031,112.26171875,100.07499694824219,117.30078125,103.44166564941406,160.97265625,101.75833129882812,199.60546875,84.92500305175781,118.98046875,91.65833282470703,162.65234375,96.70832824707031,202.96484375,-1.0,-1.0,-1.0,-1.0,100.07499694824219,36.67578125,78.19166564941406,40.03515625
-1.0,-1.0,89.75205993652344,61.6484375,101.43801879882812,58.3046875,109.78511810302734,86.7265625,121.4710693359375,105.1171875,79.73553466796875,63.3203125,78.06611633300781,96.7578125,69.71900939941406,115.1484375,96.42974853515625,116.8203125,98.09916687011719,160.2890625,103.10743713378906,198.7421875,79.73553466796875,118.4921875,74.7272720336914,160.2890625,68.0495834350586,200.4140625,-1.0,-1.0,-1.0,-1.0,94.76033020019531,34.8984375,73.05784606933594,41.5859375
-1.0,-1.0,85.75205993652344,61.6484375,97.43801879882812,59.9765625,104.1156997680664,88.3984375,-1.0,-1.0,74.06611633300781,63.3203125,72.39669799804688,93.4140625,67.388427734375,111.8046875,94.09916687011719,113.4765625,95.76859283447266,153.6015625,100.77685546875,195.3984375,79.07437896728516,115.1484375,84.0826416015625,153.6015625,84.0826416015625,197.0703125,-1.0,-1.0,-1.0,-1.0,89.09091186523438,36.5703125,72.39669799804688,41.5859375
-1.0,-1.0,82.5,61.6484375,94.16666412353516,59.9765625,102.5,91.7421875,107.5,116.8203125,70.83332824707031,63.3203125,67.5,91.7421875,65.83332824707031,110.1328125,90.83332824707031,116.8203125,94.16666412353516,158.6171875,100.83332824707031,197.0703125,72.5,116.8203125,70.83332824707031,158.6171875,79.16666412353516,198.7421875,-1.0,-1.0,-1.0,-1.0,84.16666412353516,34.8984375,69.16666412353516,43.2578125
-1.0,-1.0,78.4214859008789,62.3203125,91.77685546875,58.9765625,98.45454406738281,92.4140625,105.13223266601562,117.4921875,66.73553466796875,62.3203125,63.39669418334961,94.0859375,63.39669418334961,112.4765625,86.76859283447266,119.1640625,91.77685546875,164.3046875,93.44628143310547,202.7578125,68.40495300292969,119.1640625,68.40495300292969,162.6328125,75.0826416015625,199.4140625,-1.0,-1.0,-1.0,-1.0,83.42974853515625,38.9140625,65.06611633300781,42.2578125
-1.0,-1.0,74.4214859008789,62.3203125,86.10743713378906,60.6484375,94.45454406738281,90.7421875,104.4710693359375,115.8203125,62.73553466796875,62.3203125,54.388427734375,92.4140625,44.37190246582031,115.8203125,82.76859283447266,117.4921875,89.44628143310547,160.9609375,99.46280670166016,201.0859375,64.40495300292969,117.4921875,64.40495300292969,159.2890625,72.75205993652344,199.4140625,-1.0,-1.0,-1.0,-1.0,77.76033020019531,37.2421875,61.06611633300781,42.2578125
-1.0,-1.0,70.4214859008789,62.3203125,80.43801879882812,60.6484375,88.78511810302734,90.7421875,-1.0,-1.0,58.73553466796875,62.3203125,52.0578498840332,90.7421875,50.388427734375,112.4765625,78.76859283447266,119.1640625,88.78511810302734,162.6328125,102.14049530029297,209.4453125,62.074378967285156,119.1640625,60.40495681762695,159.2890625,75.42974853515625,199.4140625,-1.0,-1.0,-1.0,-1.0,72.09091186523438,38.9140625,58.73553466796875,42.2578125
-1.0,-1.0,65.41322326660156,63.9921875,78.76859283447266,63.9921875,83.77685546875,89.0703125,95.46280670166016,100.7734375,53.727272033691406,62.3203125,45.380165100097656,85.7265625,50.388427734375,107.4609375,73.76033020019531,117.4921875,82.10743713378906,160.9609375,93.79338836669922,202.7578125,55.39669418334961,117.4921875,57.06611633300781,160.9609375,73.76033020019531,201.0859375,-1.0,-1.0,-1.0,-1.0,68.75205993652344,43.9296875,53.727272033691406,45.6015625
