-1.0,-1.0,217.4558868408203,153.82421875,225.98529052734375,152.97265625,237.9264678955078,164.89453125,244.75,167.44921875,209.7794189453125,153.82421875,205.51470947265625,165.74609375,-1.0,-1.0,223.4264678955078,185.33203125,224.2794189453125,204.91796875,222.5735321044922,220.24609375,210.63235473632812,184.48046875,214.0441131591797,206.62109375,212.33822631835938,221.09765625,-1.0,-1.0,-1.0,-1.0,222.5735321044922,143.60546875,214.0441131591797,144.45703125
-1.0,-1.0,219.30882263183594,153.82421875,226.98529052734375,152.97265625,240.63235473632812,165.74609375,246.60293579101562,167.44921875,211.63235473632812,154.67578125,206.51470947265625,165.74609375,-1.0,-1.0,225.2794189453125,183.62890625,226.13235473632812,201.51171875,226.13235473632812,215.98828125,212.48529052734375,183.62890625,215.0441131591797,204.91796875,213.33822631835938,221.09765625,-1.0,-1.0,-1.0,-1.0,224.4264678955078,144.45703125,215.0441131591797,145.30859375
-1.0,-1.0,220.55474853515625,154.421875,229.0218963623047,153.578125,240.87591552734375,165.390625,235.79562377929688,172.984375,212.08758544921875,155.265625,208.7007293701172,165.390625,-1.0,-1.0,226.48175048828125,183.109375,229.0218963623047,203.359375,229.86862182617188,220.234375,213.78102111816406,183.109375,215.47445678710938,205.046875,214.6277313232422,223.609375,-1.0,-1.0,-1.0,-1.0,225.63504028320312,145.140625,217.16787719726562,145.984375
-1.0,-1.0,221.55474853515625,155.265625,230.0218963623047,154.421875,242.72262573242188,166.234375,247.80291748046875,168.765625,213.93431091308594,155.265625,208.85401916503906,166.234375,-1.0,-1.0,227.48175048828125,183.109375,230.0218963623047,202.515625,232.56204223632812,219.390625,215.6277313232422,182.265625,216.47445678710938,203.359375,215.6277313232422,222.765625,-1.0,-1.0,-1.0,-1.0,227.48175048828125,145.140625,218.16787719726562,146.828125
-1.0,-1.0,223.40145874023438,155.265625,231.86862182617188,154.421875,243.72262573242188,166.234375,248.80291748046875,168.765625,215.78102111816406,156.109375,210.7007293701172,166.234375,-1.0,-1.0,229.32846069335938,183.953125,231.86862182617188,204.203125,235.25547790527344,221.078125,216.6277313232422,183.109375,217.47445678710938,205.046875,217.47445678710938,222.765625,-1.0,-1.0,-1.0,-1.0,229.32846069335938,145.140625,220.0146026611328,145.984375
-1.0,-1.0,225.2481689453125,156.109375,233.71533203125,155.265625,244.72262573242188,166.234375,252.3430633544922,169.609375,216.78102111816406,156.109375,212.5474395751953,167.078125,-1.0,-1.0,230.32846069335938,185.640625,233.71533203125,205.890625,236.25547790527344,221.078125,217.6277313232422,183.953125,217.6277313232422,205.890625,218.47445678710938,222.765625,-1.0,-1.0,-1.0,-1.0,230.32846069335938,145.984375,221.86131286621094,145.984375
-1.0,-1.0,227.12229919433594,156.67578125,234.63308715820312,156.67578125,243.81295776367188,166.70703125,251.32374572753906,169.21484375,218.7769775390625,156.67578125,213.76979064941406,167.54296875,-1.0,-1.0,232.12950134277344,184.26171875,233.79855346679688,204.32421875,236.30215454101562,219.37109375,218.7769775390625,183.42578125,217.94244384765625,203.48828125,215.4388427734375,221.04296875,-1.0,-1.0,-1.0,-1.0,232.12950134277344,146.64453125,223.7841796875,147.48046875
-1.0,-1.0,228.4044189453125,157.51171875,236.78677368164062,156.67578125,243.49264526367188,167.54296875,-1.0,-1.0,220.02206420898438,157.51171875,215.8308868408203,168.37890625,-1.0,-1.0,233.43382263183594,184.26171875,235.11029052734375,205.16015625,237.625,221.04296875,220.86029052734375,183.42578125,219.18382263183594,204.32421875,215.8308868408203,221.87890625,-1.0,-1.0,-1.0,-1.0,233.43382263183594,147.48046875,225.0514678955078,148.31640625
-1.0,-1.0,231.0808868408203,156.67578125,239.46324157714844,156.67578125,247.8455810546875,167.54296875,241.97793579101562,173.39453125,222.6985321044922,156.67578125,219.3455810546875,167.54296875,-1.0,-1.0,236.9485321044922,184.26171875,236.9485321044922,205.16015625,236.9485321044922,222.71484375,224.375,182.58984375,223.53677368164062,203.48828125,218.50735473632812,217.69921875,-1.0,-1.0,-1.0,-1.0,236.9485321044922,146.64453125,226.88970947265625,146.64453125
-1.0,-1.0,232.9130401611328,155.7421875,241.17391967773438,155.7421875,250.2608642578125,166.5078125,-1.0,-1.0,224.6521759033203,155.7421875,220.52174377441406,167.3359375,-1.0,-1.0,238.69564819335938,183.0703125,237.86956787109375,204.6015625,237.04347229003906,225.3046875,226.30435180664062,182.2421875,226.30435180664062,203.7734375,219.69564819335938,220.3359375,-1.0,-1.0,-1.0,-1.0,237.04347229003906,145.8046875,228.78260803222656,146.6328125
-1.0,-1.0,234.1151123046875,155.48046875,241.49639892578125,155.48046875,252.15826416015625,166.96484375,260.3597106933594,168.60546875,225.91366577148438,155.48046875,221.81295776367188,166.96484375,-1.0,-1.0,239.03598022460938,183.37109375,238.2158203125,203.05859375,236.57553100585938,221.92578125,228.3740997314453,181.73046875,228.3740997314453,202.23828125,223.45323181152344,217.82421875,-1.0,-1.0,-1.0,-1.0,238.2158203125,146.45703125,229.19424438476562,147.27734375
-1.0,-1.0,235.1151123046875,155.48046875,244.13668823242188,155.48046875,252.338134765625,166.14453125,-1.0,-1.0,226.91366577148438,156.30078125,221.9927978515625,166.96484375,-1.0,-1.0,240.03598022460938,180.08984375,239.2158203125,200.59765625,237.57553100585938,218.64453125,228.553955078125,180.08984375,232.65467834472656,201.41796875,230.19424438476562,217.00390625,-1.0,-1.0,-1.0,-1.0,239.2158203125,145.63671875,230.19424438476562,146.45703125
-1.0,-1.0,236.1151123046875,156.30078125,245.13668823242188,156.30078125,253.338134765625,166.14453125,-1.0,-1.0,227.91366577148438,156.30078125,222.9927978515625,167.78515625,-1.0,-1.0,241.03598022460938,183.37109375,240.2158203125,203.05859375,236.9352569580078,221.10546875,230.3740997314453,183.37109375,233.65467834472656,202.23828125,232.01438903808594,219.46484375,-1.0,-1.0,-1.0,-1.0,241.03598022460938,146.45703125,232.01438903808594,146.45703125
-1.0,-1.0,237.1151123046875,157.12109375,245.31654357910156,156.30078125,254.338134765625,166.14453125,-1.0,-1.0,228.09352111816406,157.12109375,224.81295776367188,168.60546875,228.91366577148438,176.80859375,242.85610961914062,183.37109375,240.39569091796875,202.23828125,237.1151123046875,221.10546875,231.3740997314453,183.37109375,234.65467834472656,202.23828125,235.47482299804688,219.46484375,-1.0,-1.0,-1.0,-1.0,242.03598022460938,146.45703125,232.19424438476562,147.27734375
-1.0,-1.0,238.721435546875,156.03125,246.86428833007812,156.03125,255.00714111328125,166.59375,-1.0,-1.0,230.5785675048828,156.03125,224.87857055664062,168.21875,-1.0,-1.0,243.60714721679688,183.65625,240.35000610351562,201.53125,237.90713500976562,219.40625,232.20713806152344,183.65625,235.4642791748047,201.53125,236.278564453125,216.15625,-1.0,-1.0,-1.0,-1.0,243.60714721679688,146.28125,234.64999389648438,146.28125
-1.0,-1.0,239.721435546875,156.84375,247.86428833007812,156.03125,256.00714111328125,168.21875,-1.0,-1.0,231.5785675048828,156.84375,225.87857055664062,165.78125,231.5785675048828,172.28125,243.79286193847656,182.03125,241.35000610351562,200.71875,238.09286499023438,217.78125,233.20713806152344,181.21875,234.83570861816406,199.90625,236.4642791748047,215.34375,-1.0,-1.0,-1.0,-1.0,245.4214324951172,147.90625,235.64999389648438,147.90625
-1.0,-1.0,239.59420776367188,156.84375,247.71014404296875,156.84375,258.2608642578125,167.40625,-1.0,-1.0,232.28985595703125,157.65625,227.4202880859375,168.21875,-1.0,-1.0,244.46377563476562,182.84375,242.02899169921875,201.53125,238.78260803222656,218.59375,233.9130401611328,182.84375,235.53622436523438,199.90625,237.159423828125,219.40625,-1.0,-1.0,-1.0,-1.0,245.27536010742188,147.90625,235.53622436523438,148.71875
-1.0,-1.0,241.60430908203125,157.37109375,248.85610961914062,157.37109375,259.3309326171875,167.83203125,-1.0,-1.0,233.54676818847656,158.17578125,227.10072326660156,168.63671875,-1.0,-1.0,246.4388427734375,183.12109375,243.2158203125,202.43359375,240.79855346679688,217.72265625,235.96401977539062,183.12109375,237.57553100585938,200.82421875,238.38128662109375,218.52734375,-1.0,-1.0,-1.0,-1.0,246.4388427734375,148.51953125,236.769775390625,148.51953125
-1.0,-1.0,242.60430908203125,158.17578125,249.85610961914062,158.17578125,259.5251770019531,167.83203125,-1.0,-1.0,234.54676818847656,158.98046875,228.90647888183594,168.63671875,-1.0,-1.0,247.4388427734375,183.92578125,244.2158203125,202.43359375,241.79855346679688,218.52734375,236.96401977539062,183.92578125,238.57553100585938,200.82421875,236.96401977539062,217.72265625,-1.0,-1.0,-1.0,-1.0,247.4388427734375,149.32421875,237.769775390625,149.32421875
-1.0,-1.0,243.60430908203125,158.17578125,250.85610961914062,158.17578125,260.5251770019531,167.83203125,-1.0,-1.0,235.54676818847656,158.98046875,230.7122344970703,168.63671875,-1.0,-1.0,248.4388427734375,184.73046875,245.2158203125,203.23828125,239.57553100585938,220.13671875,237.96401977539062,184.73046875,241.18704223632812,201.62890625,238.769775390625,217.72265625,-1.0,-1.0,-1.0,-1.0,248.4388427734375,149.32421875,238.769775390625,149.32421875
-1.0,-1.0,242.9927978515625,158.98046875,251.05035400390625,158.17578125,259.9136657714844,167.83203125,257.49639892578125,181.51171875,235.7410125732422,158.98046875,230.10072326660156,168.63671875,-1.0,-1.0,247.82733154296875,185.53515625,245.41006469726562,203.23828125,240.57553100585938,220.13671875,238.1582794189453,185.53515625,239.769775390625,201.62890625,238.1582794189453,218.52734375,-1.0,-1.0,-1.0,-1.0,248.63308715820312,149.32421875,238.96401977539062,150.12890625
-1.0,-1.0,244.00709533691406,158.6796875,251.95034790039062,158.6796875,261.4822692871094,168.2421875,-1.0,-1.0,236.858154296875,158.6796875,231.29786682128906,168.2421875,-1.0,-1.0,248.77305603027344,186.5703125,246.39007568359375,204.8984375,240.8297882080078,219.2421875,238.44680786132812,185.7734375,239.2411346435547,202.5078125,237.65248107910156,217.6484375,-1.0,-1.0,-1.0,-1.0,248.77305603027344,149.1171875,240.03546142578125,149.9140625
-1.0,-1.0,244.81689453125,158.58984375,253.49295043945312,158.58984375,264.53521728515625,168.05859375,270.05633544921875,169.63671875,237.7183074951172,159.37890625,232.1971893310547,169.63671875,-1.0,-1.0,249.54930114746094,186.20703125,247.97183227539062,204.35546875,242.45069885253906,217.76953125,240.08450317382812,185.41796875,242.45069885253906,203.56640625,240.8732452392578,214.61328125,-1.0,-1.0,-1.0,-1.0,249.54930114746094,149.12109375,240.8732452392578,150.69921875
-1.0,-1.0,245.81689453125,158.58984375,253.7042236328125,158.58984375,266.3239440917969,168.05859375,272.6337890625,170.42578125,238.7183074951172,159.37890625,233.9859161376953,169.63671875,-1.0,-1.0,251.33802795410156,186.99609375,249.76055908203125,205.93359375,247.3943634033203,220.92578125,240.2957763671875,186.20703125,241.8732452392578,204.35546875,241.8732452392578,216.19140625,-1.0,-1.0,-1.0,-1.0,250.54930114746094,149.12109375,241.08450317382812,150.69921875
-1.0,-1.0,246.81689453125,158.58984375,255.49295043945312,157.80078125,267.3239440917969,168.05859375,273.6337890625,171.21484375,238.92958068847656,159.37890625,234.1971893310547,168.84765625,-1.0,-1.0,253.12677001953125,186.99609375,252.33802795410156,204.35546875,249.18310546875,216.98046875,241.2957763671875,186.99609375,243.66197204589844,203.56640625,243.66197204589844,216.19140625,-1.0,-1.0,-1.0,-1.0,251.54930114746094,149.12109375,242.08450317382812,150.69921875
-1.0,-1.0,248.5248260498047,158.296875,256.32623291015625,157.515625,267.24822998046875,169.234375,274.2695007324219,171.578125,240.72340393066406,159.078125,235.2624053955078,168.453125,-1.0,-1.0,254.76596069335938,187.984375,253.98580932617188,205.171875,248.5248260498047,218.453125,242.28369140625,187.203125,243.06382751464844,205.953125,244.62411499023438,216.890625,-1.0,-1.0,-1.0,-1.0,252.425537109375,148.921875,243.06382751464844,149.703125
-1.0,-1.0,250.30496215820312,158.296875,258.10638427734375,158.296875,268.24822998046875,169.234375,-1.0,-1.0,242.5035400390625,158.296875,236.2624053955078,168.453125,-1.0,-1.0,254.98580932617188,187.203125,255.76596069335938,202.828125,251.08511352539062,218.453125,243.28369140625,186.421875,244.06382751464844,204.390625,243.28369140625,223.140625,-1.0,-1.0,-1.0,-1.0,254.20567321777344,148.921875,244.06382751464844,150.484375
-1.0,-1.0,250.5248260498047,158.296875,259.10638427734375,158.296875,269.24822998046875,168.453125,273.9290771484375,171.578125,242.72340393066406,158.296875,236.48226928710938,168.453125,244.28369140625,171.578125,256.7659606933594,186.421875,257.54608154296875,202.828125,252.08511352539062,218.453125,244.28369140625,185.640625,245.06382751464844,205.171875,244.28369140625,220.015625,-1.0,-1.0,-1.0,-1.0,255.20567321777344,148.921875,246.62411499023438,149.703125
-1.0,-1.0,251.5248260498047,158.296875,260.10638427734375,158.296875,270.24822998046875,169.234375,276.4893493652344,171.578125,243.72340393066406,159.078125,237.48226928710938,168.453125,245.28369140625,173.140625,257.7659606933594,186.421875,259.32623291015625,204.390625,256.2056884765625,221.578125,245.28369140625,185.640625,246.06382751464844,204.390625,245.28369140625,220.015625,-1.0,-1.0,-1.0,-1.0,256.9858093261719,149.703125,247.62411499023438,149.703125
-1.0,-1.0,253.1126708984375,158.77734375,260.8591613769531,158.77734375,270.1549377441406,168.83203125,277.12677001953125,172.69921875,245.36619567871094,158.77734375,238.3943634033203,168.05859375,246.14083862304688,172.69921875,258.53521728515625,185.84765625,260.0845031738281,203.63671875,260.0845031738281,219.10546875,246.14083862304688,185.07421875,246.14083862304688,203.63671875,244.591552734375,222.19921875,-1.0,-1.0,-1.0,-1.0,257.76055908203125,150.26953125,249.23944091796875,150.26953125
-1.0,-1.0,254.1126708984375,159.55078125,261.8591613769531,159.55078125,266.5070495605469,170.37890625,267.28167724609375,178.11328125,246.36619567871094,159.55078125,239.3943634033203,168.05859375,246.36619567871094,173.47265625,259.53521728515625,185.84765625,261.0845031738281,202.08984375,263.408447265625,218.33203125,247.14083862304688,185.07421875,247.14083862304688,203.63671875,244.81689453125,222.19921875,-1.0,-1.0,-1.0,-1.0,258.76055908203125,150.26953125,249.46478271484375,151.04296875
-1.0,-1.0,254.3541717529297,159.4765625,261.9930419921875,159.4765625,270.3958435058594,170.9609375,-1.0,-1.0,246.71527099609375,160.2421875,240.6041717529297,168.6640625,248.24305725097656,173.2578125,260.46527099609375,186.2734375,262.7569580078125,203.8828125,264.28472900390625,218.4296875,248.24305725097656,185.5078125,245.95138549804688,205.4140625,242.13194274902344,223.0234375,-1.0,-1.0,-1.0,-1.0,258.1736145019531,150.2890625,250.53472900390625,151.0546875
-1.0,-1.0,257.3404235839844,160.2421875,265.7659606933594,160.2421875,274.95745849609375,170.9609375,271.89361572265625,177.8515625,249.68084716796875,161.0078125,245.08511352539062,170.1953125,245.85105895996094,183.9765625,262.7021179199219,185.5078125,264.2340393066406,203.8828125,266.53192138671875,222.2578125,251.2127685546875,185.5078125,250.44680786132812,203.8828125,248.14894104003906,219.9609375,-1.0,-1.0,-1.0,-1.0,260.4042663574219,151.0546875,253.51063537597656,151.0546875
-1.0,-1.0,259.10638427734375,160.2421875,266.7659606933594,160.2421875,275.1914978027344,170.1953125,-1.0,-1.0,250.68084716796875,161.0078125,246.85105895996094,172.4921875,246.85105895996094,184.7421875,264.46807861328125,184.7421875,265.2340393066406,203.1171875,266.7659606933594,220.7265625,252.97872924804688,184.7421875,251.44680786132812,203.8828125,247.6170196533203,219.9609375,-1.0,-1.0,-1.0,-1.0,262.9361572265625,151.8203125,253.74468994140625,151.8203125
-1.0,-1.0,260.8723449707031,161.2421875,269.2978820800781,161.2421875,276.95745849609375,171.9609375,272.3616943359375,183.4453125,251.68084716796875,161.2421875,247.08511352539062,171.1953125,248.6170196533203,182.6796875,266.2340393066406,186.5078125,266.2340393066406,202.5859375,267.7659606933594,219.4296875,253.97872924804688,185.7421875,253.97872924804688,203.3515625,250.14894104003906,217.8984375,-1.0,-1.0,-1.0,-1.0,263.9361572265625,151.2890625,255.51063537597656,152.0546875
-1.0,-1.0,261.8723449707031,161.2421875,270.2978820800781,161.2421875,277.95745849609375,171.9609375,274.1276550292969,180.3828125,252.68084716796875,161.2421875,246.55319213867188,170.4296875,-1.0,-1.0,267.2340393066406,187.2734375,267.2340393066406,204.8828125,267.2340393066406,221.7265625,254.97872924804688,185.7421875,254.97872924804688,203.3515625,251.14894104003906,216.3671875,-1.0,-1.0,-1.0,-1.0,265.7021179199219,151.2890625,257.276611328125,152.0546875
-1.0,-1.0,262.8723449707031,161.2421875,271.2978820800781,161.2421875,279.7234191894531,171.1953125,275.89361572265625,179.6171875,253.68084716796875,161.2421875,247.55319213867188,170.4296875,-1.0,-1.0,268.2340393066406,187.2734375,268.2340393066406,204.1171875,267.46807861328125,219.4296875,256.74468994140625,187.2734375,257.5106506347656,203.3515625,252.91488647460938,215.6015625,-1.0,-1.0,-1.0,-1.0,267.46807861328125,152.0546875,257.5106506347656,152.0546875
-1.0,-1.0,263.1499938964844,161.17578125,271.47857666015625,160.41796875,281.3214111328125,171.02734375,-1.0,-1.0,254.0642852783203,161.93359375,248.7642822265625,171.02734375,-1.0,-1.0,268.45001220703125,187.69921875,268.45001220703125,204.37109375,267.69287109375,220.28515625,257.8500061035156,187.69921875,260.1214294433594,203.61328125,256.3357238769531,215.73828125,-1.0,-1.0,-1.0,-1.0,268.45001220703125,152.08203125,258.6071472167969,152.83984375
-1.0,-1.0,264.9071350097656,160.41796875,272.47857666015625,159.66015625,282.3214111328125,170.26953125,-1.0,-1.0,256.5785827636719,160.41796875,249.7642822265625,168.75390625,257.3357238769531,174.05859375,269.45001220703125,184.66796875,268.69287109375,203.61328125,266.4214172363281,221.80078125,259.6071472167969,184.66796875,261.1214294433594,203.61328125,259.6071472167969,220.28515625,-1.0,-1.0,-1.0,-1.0,269.45001220703125,152.08203125,260.3642883300781,152.08203125
-1.0,-1.0,265.9071350097656,160.41796875,273.47857666015625,159.66015625,283.3214111328125,170.26953125,-1.0,-1.0,257.5785827636719,160.41796875,251.52142333984375,169.51171875,259.0928649902344,171.78515625,270.45001220703125,185.42578125,269.69287109375,203.61328125,267.4214172363281,219.52734375,259.8500061035156,185.42578125,262.8785705566406,203.61328125,262.1214294433594,219.52734375,-1.0,-1.0,-1.0,-1.0,270.45001220703125,152.08203125,260.6071472167969,152.08203125
-1.0,-1.0,266.31915283203125,160.375,274.5886535644531,160.375,284.3616943359375,169.375,281.3546142578125,174.625,258.0496520996094,161.125,252.7872314453125,169.375,260.3049621582031,172.375,271.5815734863281,185.875,269.32623291015625,204.625,267.0709228515625,221.875,261.8085021972656,185.875,263.31207275390625,203.875,262.5602722167969,220.375,-1.0,-1.0,-1.0,-1.0,271.5815734863281,152.125,261.8085021972656,152.875
-1.0,-1.0,266.5673828125,160.375,274.0851135253906,159.625,283.858154296875,167.875,-1.0,-1.0,259.0496520996094,161.125,252.28369140625,169.375,259.8014221191406,173.125,271.82977294921875,185.125,268.82269287109375,204.625,266.5673828125,221.125,261.3049621582031,185.875,263.5602722167969,203.875,262.0567321777344,218.875,-1.0,-1.0,-1.0,-1.0,271.82977294921875,152.125,262.0567321777344,152.125
-1.0,-1.0,266.875,161.125,275.125,160.375,283.375,169.375,-1.0,-1.0,259.375,161.125,253.375,169.375,260.875,173.125,271.375,187.375,269.125,205.375,266.125,220.375,261.625,187.375,264.625,204.625,263.125,218.875,-1.0,-1.0,-1.0,-1.0,272.125,152.125,263.125,152.125
-1.0,-1.0,268.31915283203125,161.375,275.8368835449219,160.625,285.60992431640625,168.875,-1.0,-1.0,260.0496520996094,162.125,254.03546142578125,169.625,261.5531921386719,174.875,272.0780029296875,187.625,269.82269287109375,206.375,266.81561279296875,220.625,262.3049621582031,186.875,264.5602722167969,204.875,262.3049621582031,219.875,-1.0,-1.0,-1.0,-1.0,273.5815734863281,152.375,263.8085021972656,152.375
-1.0,-1.0,269.31915283203125,161.375,276.8368835449219,161.375,285.858154296875,169.625,-1.0,-1.0,261.0496520996094,161.375,254.28369140625,169.625,262.5531921386719,174.125,273.82977294921875,187.625,270.0709228515625,206.375,268.5673828125,220.625,263.3049621582031,187.625,264.8085021972656,204.875,263.3049621582031,219.875,-1.0,-1.0,-1.0,-1.0,273.82977294921875,153.125,264.8085021972656,152.375
-1.0,-1.0,269.5673828125,162.125,277.8368835449219,161.375,286.858154296875,169.625,-1.0,-1.0,261.2978820800781,162.125,255.28369140625,169.625,-1.0,-1.0,274.0780029296875,188.375,271.0709228515625,206.375,270.31915283203125,221.375,264.3049621582031,188.375,265.0567321777344,206.375,264.3049621582031,221.375,-1.0,-1.0,-1.0,-1.0,274.82977294921875,153.125,264.3049621582031,153.875
-1.0,-1.0,270.5384521484375,162.08984375,278.69232177734375,162.08984375,288.32867431640625,171.73828125,283.1398620605469,178.41796875,261.64337158203125,162.83203125,255.71328735351562,169.51171875,-1.0,-1.0,275.7272644042969,188.80859375,272.0209655761719,205.87890625,271.27972412109375,220.72265625,265.3496398925781,188.80859375,265.3496398925781,205.13671875,264.6083984375,220.72265625,-1.0,-1.0,-1.0,-1.0,274.98602294921875,153.18359375,265.3496398925781,153.92578125
-1.0,-1.0,271.5384521484375,162.08984375,278.9510498046875,162.08984375,286.3636474609375,169.51171875,284.1398620605469,179.90234375,263.3846130371094,162.83203125,255.97203063964844,169.51171875,264.1258850097656,170.99609375,275.98602294921875,188.06640625,273.7622375488281,205.13671875,271.5384521484375,219.23828125,265.6083984375,188.06640625,267.8321533203125,204.39453125,268.57342529296875,217.75390625,-1.0,-1.0,-1.0,-1.0,274.5035095214844,153.18359375,265.6083984375,153.92578125
-1.0,-1.0,271.7972106933594,162.08984375,279.9510498046875,162.08984375,287.3636474609375,170.99609375,285.1398620605469,182.87109375,263.64337158203125,162.83203125,256.9720153808594,168.76953125,264.3846130371094,173.22265625,276.2447509765625,188.06640625,275.5035095214844,205.13671875,272.5384521484375,219.23828125,266.6083984375,187.32421875,268.0909118652344,204.39453125,268.0909118652344,217.01171875,-1.0,-1.0,-1.0,-1.0,275.5035095214844,153.18359375,266.6083984375,153.92578125
-1.0,-1.0,272.83099365234375,162.0703125,280.8873291015625,162.0703125,287.4788818359375,171.6171875,284.5492858886719,180.4296875,264.774658203125,162.0703125,257.4507141113281,169.4140625,264.774658203125,172.3515625,277.225341796875,187.7734375,277.225341796875,203.9296875,273.5633850097656,217.1484375,266.9718322753906,187.7734375,269.16900634765625,204.6640625,269.16900634765625,217.1484375,-1.0,-1.0,-1.0,-1.0,275.76055908203125,153.2578125,266.9718322753906,153.9921875
-1.0,-1.0,273.0986022949219,162.0703125,280.42254638671875,161.3359375,288.4788818359375,170.8828125,284.0845031738281,180.4296875,265.0422668457031,162.0703125,257.71832275390625,169.4140625,265.774658203125,171.6171875,278.225341796875,187.0390625,278.225341796875,203.9296875,274.5633850097656,215.6796875,267.9718322753906,187.7734375,268.7042236328125,205.3984375,267.9718322753906,221.5546875,-1.0,-1.0,-1.0,-1.0,276.0281677246094,153.2578125,267.9718322753906,153.9921875
-1.0,-1.0,274.1142883300781,161.60546875,281.5428466796875,161.60546875,287.4857177734375,173.48046875,285.25714111328125,180.90234375,265.94287109375,161.60546875,257.77142333984375,169.76953125,-1.0,-1.0,279.31427001953125,187.58203125,279.31427001953125,204.65234375,276.3428649902344,216.52734375,268.9142761230469,188.32421875,269.6571350097656,206.87890625,268.9142761230469,223.20703125,-1.0,-1.0,-1.0,-1.0,277.0857238769531,152.69921875,269.6571350097656,153.44140625
-1.0,-1.0,274.3662109375,162.3359375,282.42254638671875,162.3359375,286.0845031738281,174.0859375,-1.0,-1.0,266.3098449707031,162.3359375,258.98590087890625,168.9453125,266.3098449707031,172.6171875,279.4929504394531,187.3046875,279.4929504394531,204.1953125,277.2957763671875,220.3515625,269.23944091796875,188.0390625,269.9718322753906,205.6640625,269.23944091796875,223.2890625,-1.0,-1.0,-1.0,-1.0,278.0281677246094,152.7890625,270.7042236328125,152.7890625
-1.0,-1.0,275.3662109375,162.3359375,282.69012451171875,162.3359375,290.7464904785156,171.8828125,-1.0,-1.0,267.3098449707031,162.3359375,259.98590087890625,168.9453125,267.3098449707031,173.3515625,281.225341796875,188.0390625,281.225341796875,204.1953125,278.2957763671875,218.8828125,270.23944091796875,188.0390625,270.9718322753906,205.6640625,269.5070495605469,221.8203125,-1.0,-1.0,-1.0,-1.0,279.0281677246094,152.7890625,270.9718322753906,153.5234375
-1.0,-1.0,276.05035400390625,162.3359375,284.122314453125,162.3359375,292.1942443847656,171.1484375,-1.0,-1.0,268.71221923828125,162.3359375,261.3741149902344,168.9453125,-1.0,-1.0,281.9208679199219,186.5703125,281.9208679199219,203.4609375,280.4532470703125,220.3515625,270.9136657714844,187.3046875,270.9136657714844,204.1953125,270.17987060546875,221.8203125,-1.0,-1.0,-1.0,-1.0,280.4532470703125,152.7890625,270.9136657714844,154.2578125
-1.0,-1.0,276.8642883300781,162.33984375,284.8785705566406,162.33984375,292.8928527832031,169.60546875,289.97857666015625,174.69140625,268.8500061035156,162.33984375,262.2928466796875,170.33203125,-1.0,-1.0,272.49285888671875,187.76953125,271.03570556640625,204.48046875,271.7642822265625,218.28515625,281.96429443359375,187.04296875,283.4214172363281,203.02734375,284.1499938964844,216.10546875,-1.0,-1.0,-1.0,-1.0,280.50714111328125,152.89453125,272.49285888671875,154.34765625
-1.0,-1.0,277.8642883300781,162.33984375,285.1499938964844,162.33984375,292.43572998046875,168.87890625,289.52142333984375,175.41796875,269.8500061035156,162.33984375,262.56427001953125,169.60546875,266.9356994628906,185.58984375,282.96429443359375,187.76953125,283.69287109375,203.75390625,285.1499938964844,217.55859375,272.03570556640625,187.76953125,272.03570556640625,205.20703125,271.30712890625,220.46484375,-1.0,-1.0,-1.0,-1.0,281.50714111328125,153.62109375,273.49285888671875,153.62109375
-1.0,-1.0,279.5928649902344,163.79296875,288.3357238769531,164.51953125,293.43572998046875,175.41796875,290.52142333984375,187.04296875,270.1214294433594,163.79296875,262.8357238769531,171.05859375,-1.0,-1.0,284.69287109375,187.76953125,284.69287109375,203.75390625,286.1499938964844,218.28515625,273.03570556640625,188.49609375,272.30712890625,205.93359375,271.5785827636719,220.46484375,-1.0,-1.0,-1.0,-1.0,282.50714111328125,154.34765625,273.7642822265625,154.34765625
-1.0,-1.0,279.5379333496094,163.796875,288.14483642578125,163.796875,292.4482727050781,173.859375,290.29656982421875,185.359375,270.9310302734375,163.796875,263.0413818359375,170.984375,270.21380615234375,172.421875,284.5586242675781,188.234375,284.5586242675781,204.765625,286.7103576660156,219.859375,273.082763671875,188.234375,273.082763671875,205.484375,272.3655090332031,221.296875,-1.0,-1.0,-1.0,-1.0,281.6896667480469,154.453125,274.5172424316406,155.171875
-1.0,-1.0,280.5379333496094,164.515625,289.14483642578125,164.515625,294.88275146484375,170.265625,-1.0,-1.0,271.9310302734375,163.796875,264.0413818359375,170.265625,272.6482849121094,173.140625,285.5586242675781,188.953125,284.84136962890625,205.484375,286.99310302734375,219.859375,274.082763671875,188.234375,273.3655090332031,206.203125,271.9310302734375,221.296875,-1.0,-1.0,-1.0,-1.0,282.6896667480469,155.171875,275.5172424316406,155.890625
-1.0,-1.0,281.5928649902344,164.79296875,288.8785705566406,164.79296875,295.43572998046875,169.15234375,-1.0,-1.0,273.5785827636719,164.06640625,264.1071472167969,171.33203125,272.1214294433594,175.69140625,286.69287109375,189.49609375,285.96429443359375,204.75390625,287.4214172363281,217.10546875,275.03570556640625,188.76953125,273.5785827636719,206.20703125,271.3928527832031,220.73828125,-1.0,-1.0,-1.0,-1.0,285.2357177734375,156.07421875,276.49285888671875,156.07421875
-1.0,-1.0,281.8591613769531,164.796875,289.76055908203125,164.796875,296.225341796875,169.828125,-1.0,-1.0,273.23944091796875,164.078125,264.6197204589844,171.265625,272.5211181640625,177.015625,286.8873291015625,189.234375,286.16900634765625,204.328125,288.3239440917969,217.265625,274.6760559082031,188.515625,273.23944091796875,205.765625,272.5211181640625,219.421875,-1.0,-1.0,-1.0,-1.0,284.7323913574219,155.453125,276.83099365234375,156.171875
-1.0,-1.0,282.1408386230469,164.796875,290.76055908203125,164.796875,297.225341796875,169.109375,-1.0,-1.0,272.8028259277344,164.796875,265.6197204589844,171.265625,-1.0,-1.0,287.16900634765625,189.953125,286.4507141113281,203.609375,287.8873291015625,216.546875,275.6760559082031,189.234375,274.9577331542969,204.328125,273.5211181640625,217.265625,-1.0,-1.0,-1.0,-1.0,285.01409912109375,155.453125,277.1126708984375,156.171875
-1.0,-1.0,281.8951110839844,164.10546875,290.45452880859375,164.10546875,296.8741149902344,169.79296875,-1.0,-1.0,273.3356628417969,164.10546875,266.2027893066406,170.50390625,-1.0,-1.0,288.314697265625,188.27734375,287.6014099121094,203.91796875,287.6014099121094,216.71484375,276.902099609375,188.98828125,276.902099609375,204.62890625,274.7622375488281,216.00390625,-1.0,-1.0,-1.0,-1.0,286.1748352050781,154.86328125,277.6153869628906,155.57421875
-1.0,-1.0,282.8951110839844,164.10546875,290.74127197265625,163.39453125,297.8741149902344,169.79296875,293.59442138671875,184.01171875,274.3356628417969,164.10546875,267.2027893066406,170.50390625,274.3356628417969,171.21484375,287.1748352050781,185.43359375,287.1748352050781,203.91796875,287.88812255859375,218.13671875,277.1888122558594,186.85546875,277.1888122558594,202.49609375,276.47552490234375,214.58203125,-1.0,-1.0,-1.0,-1.0,286.4615478515625,154.86328125,277.902099609375,155.57421875
-1.0,-1.0,282.8951110839844,163.39453125,290.74127197265625,163.39453125,298.58740234375,171.21484375,-1.0,-1.0,275.0489501953125,163.39453125,267.91607666015625,170.50390625,275.0489501953125,171.21484375,289.314697265625,187.56640625,287.1748352050781,203.20703125,287.88812255859375,218.84765625,277.902099609375,187.56640625,277.902099609375,203.91796875,276.47552490234375,216.00390625,-1.0,-1.0,-1.0,-1.0,286.4615478515625,154.86328125,278.6153869628906,155.57421875
-1.0,-1.0,283.4042663574219,163.39453125,291.9148864746094,163.39453125,299.007080078125,171.92578125,294.04254150390625,178.32421875,274.89361572265625,163.39453125,267.8014221191406,170.50390625,275.60284423828125,171.21484375,288.3688049316406,187.56640625,286.9503479003906,204.62890625,287.6595764160156,219.55859375,277.7304992675781,186.85546875,278.4397277832031,203.91796875,279.14892578125,216.00390625,-1.0,-1.0,-1.0,-1.0,286.9503479003906,154.86328125,279.14892578125,155.57421875
-1.0,-1.0,283.23944091796875,163.4453125,291.6901550292969,163.4453125,299.4366149902344,171.8828125,295.9154968261719,178.2109375,274.7887268066406,164.1484375,268.4507141113281,170.4765625,-1.0,-1.0,288.87322998046875,187.3515625,287.46478271484375,204.9296875,287.46478271484375,221.1015625,278.30987548828125,188.0546875,279.71832275390625,204.2265625,279.71832275390625,220.3984375,-1.0,-1.0,-1.0,-1.0,288.16900634765625,155.0078125,279.71832275390625,155.0078125
-1.0,-1.0,283.94366455078125,164.1484375,292.3943786621094,164.1484375,299.4366149902344,173.2890625,296.6197204589844,178.2109375,274.7887268066406,164.1484375,269.1549377441406,171.1796875,-1.0,-1.0,289.57745361328125,188.0546875,287.46478271484375,206.3359375,286.76055908203125,221.1015625,279.01409912109375,188.7578125,283.23944091796875,205.6328125,283.23944091796875,219.6953125,-1.0,-1.0,-1.0,-1.0,288.16900634765625,155.0078125,280.42254638671875,155.7109375
-1.0,-1.0,284.64788818359375,164.1484375,292.3943786621094,164.1484375,298.7323913574219,173.2890625,296.6197204589844,178.2109375,275.4929504394531,164.1484375,269.8591613769531,171.8828125,-1.0,-1.0,289.57745361328125,188.0546875,288.16900634765625,205.6328125,287.46478271484375,220.3984375,279.71832275390625,188.0546875,283.23944091796875,205.6328125,283.23944091796875,218.9921875,-1.0,-1.0,-1.0,-1.0,288.87322998046875,155.0078125,280.42254638671875,155.7109375
-1.0,-1.0,283.9361572265625,164.90234375,292.276611328125,164.20703125,298.53192138671875,173.94140625,-1.0,-1.0,275.5957336425781,164.90234375,270.03546142578125,172.55078125,-1.0,-1.0,290.1914978027344,188.54296875,288.10638427734375,205.23046875,288.10638427734375,219.83203125,279.7659606933594,188.54296875,283.24114990234375,204.53515625,283.9361572265625,219.13671875,-1.0,-1.0,-1.0,-1.0,288.8014221191406,155.86328125,280.46099853515625,155.86328125
-1.0,-1.0,283.9361572265625,165.59765625,292.276611328125,164.90234375,299.2269592285156,173.24609375,296.4468078613281,180.89453125,275.5957336425781,164.90234375,272.81561279296875,179.50390625,-1.0,-1.0,290.1914978027344,187.84765625,288.10638427734375,204.53515625,287.4113464355469,219.83203125,280.46099853515625,188.54296875,283.24114990234375,204.53515625,283.9361572265625,219.13671875,-1.0,-1.0,-1.0,-1.0,288.8014221191406,155.86328125,281.1560363769531,155.86328125
-1.0,-1.0,284.6311950683594,165.59765625,292.97161865234375,165.59765625,299.2269592285156,173.24609375,-1.0,-1.0,276.290771484375,165.59765625,270.7304992675781,172.55078125,-1.0,-1.0,290.1914978027344,188.54296875,288.10638427734375,205.23046875,287.4113464355469,219.83203125,280.46099853515625,189.23828125,282.5461120605469,204.53515625,283.9361572265625,219.13671875,-1.0,-1.0,-1.0,-1.0,288.10638427734375,157.25390625,281.1560363769531,157.25390625
-1.0,-1.0,285.32867431640625,165.65625,293.5524597167969,166.34375,297.6643371582031,176.65625,-1.0,-1.0,276.4195861816406,165.65625,270.2517395019531,172.53125,-1.0,-1.0,290.8111877441406,189.03125,288.0699462890625,205.53125,288.0699462890625,219.96875,280.5314636230469,189.71875,282.58740234375,205.53125,284.64337158203125,219.28125,-1.0,-1.0,-1.0,-1.0,288.7552490234375,156.71875,281.216796875,157.40625
-1.0,-1.0,285.6571350097656,166.34375,293.8857116699219,166.34375,298.68572998046875,176.65625,297.31427001953125,186.96875,276.05712890625,165.65625,273.3143005371094,178.03125,-1.0,-1.0,290.4571533203125,189.03125,288.3999938964844,204.84375,289.0857238769531,219.96875,280.8571472167969,189.71875,283.6000061035156,204.84375,284.28570556640625,219.28125,-1.0,-1.0,-1.0,-1.0,288.3999938964844,156.71875,281.5428466796875,156.71875
-1.0,-1.0,285.6571350097656,166.34375,293.20001220703125,166.34375,298.68572998046875,175.28125,296.6285705566406,186.96875,276.74285888671875,165.65625,271.25714111328125,173.21875,-1.0,-1.0,290.4571533203125,189.03125,289.77142333984375,205.53125,289.77142333984375,219.28125,280.8571472167969,189.71875,283.6000061035156,205.53125,283.6000061035156,219.28125,-1.0,-1.0,-1.0,-1.0,287.71429443359375,156.71875,281.5428466796875,156.03125
-1.0,-1.0,285.82977294921875,165.73046875,293.31915283203125,165.73046875,298.7659606933594,175.24609375,298.0851135253906,186.12109375,276.9787292480469,165.73046875,272.2127685546875,173.20703125,-1.0,-1.0,291.2765808105469,188.83984375,289.9148864746094,204.47265625,289.9148864746094,218.06640625,281.0638427734375,189.51953125,283.7872314453125,204.47265625,283.7872314453125,218.74609375,-1.0,-1.0,-1.0,-1.0,288.5531921386719,156.89453125,281.74468994140625,156.89453125
-1.0,-1.0,286.5106506347656,165.73046875,293.31915283203125,165.73046875,299.4468078613281,174.56640625,-1.0,-1.0,277.6595764160156,165.73046875,272.2127685546875,172.52734375,-1.0,-1.0,291.2765808105469,188.16015625,291.95745849609375,201.75390625,289.2340393066406,215.34765625,281.0638427734375,188.83984375,284.46807861328125,203.79296875,284.46807861328125,218.06640625,-1.0,-1.0,-1.0,-1.0,288.5531921386719,156.89453125,281.74468994140625,156.89453125
-1.0,-1.0,286.159423828125,165.73046875,293.65216064453125,165.73046875,297.7391357421875,177.96484375,-1.0,-1.0,277.9855041503906,165.73046875,273.2174072265625,173.88671875,-1.0,-1.0,291.60870361328125,188.83984375,290.92755126953125,201.75390625,288.2029113769531,214.66796875,281.39129638671875,189.51953125,283.4347839355469,202.43359375,284.7970886230469,214.66796875,-1.0,-1.0,-1.0,-1.0,289.5652160644531,156.89453125,282.07244873046875,156.21484375
-1.0,-1.0,286.840576171875,165.73046875,294.3333435058594,166.41015625,297.7391357421875,177.96484375,297.0579833984375,186.12109375,278.6666564941406,164.37109375,275.2608642578125,177.96484375,-1.0,-1.0,291.60870361328125,187.48046875,290.92755126953125,203.11328125,290.2463684082031,214.66796875,280.71014404296875,187.48046875,284.1159362792969,203.79296875,284.7970886230469,220.10546875,-1.0,-1.0,-1.0,-1.0,-1.0,-1.0,-1.0,-1.0
-1.0,-1.0,286.8357238769531,165.8203125,295.56427001953125,165.8203125,298.9214172363281,179.9296875,298.25,189.3359375,278.778564453125,165.1484375,272.7357177734375,179.2578125,-1.0,-1.0,292.8785705566406,190.0078125,292.8785705566406,203.4453125,291.53570556640625,221.5859375,281.46429443359375,189.3359375,283.47857666015625,206.1328125,284.1499938964844,218.8984375,-1.0,-1.0,-1.0,-1.0,290.8642883300781,155.7421875,284.1499938964844,155.0703125
-1.0,-1.0,286.8321228027344,165.1484375,294.8905029296875,165.8203125,298.2481689453125,177.9140625,297.57666015625,187.9921875,278.7737121582031,165.1484375,274.7445373535156,179.2578125,-1.0,-1.0,291.5328369140625,188.6640625,292.87591552734375,203.4453125,291.5328369140625,219.5703125,280.788330078125,188.6640625,284.14599609375,204.1171875,284.14599609375,218.2265625,-1.0,-1.0,-1.0,-1.0,290.861328125,155.7421875,284.14599609375,155.7421875
-1.0,-1.0,286.8321228027344,165.1484375,294.8905029296875,165.8203125,298.2481689453125,177.9140625,297.57666015625,187.9921875,278.7737121582031,165.1484375,274.7445373535156,179.2578125,-1.0,-1.0,291.5328369140625,188.6640625,292.2043762207031,203.4453125,291.5328369140625,219.5703125,281.4598388671875,188.6640625,284.14599609375,204.7890625,284.8175048828125,218.2265625,-1.0,-1.0,-1.0,-1.0,290.861328125,155.7421875,284.8175048828125,155.0703125
-1.0,-1.0,286.83453369140625,165.92578125,294.1151123046875,165.92578125,298.0863342285156,178.54296875,297.4244689941406,188.50390625,278.230224609375,165.26171875,273.59710693359375,178.54296875,-1.0,-1.0,291.4676208496094,188.50390625,291.4676208496094,203.77734375,291.4676208496094,219.71484375,280.877685546875,189.16796875,284.1870422363281,205.10546875,284.8489074707031,218.38671875,-1.0,-1.0,-1.0,-1.0,290.8057556152344,155.96484375,283.5251770019531,155.30078125
-1.0,-1.0,286.83453369140625,166.58984375,295.4388427734375,167.25390625,298.7481994628906,178.54296875,298.0863342285156,189.83203125,278.89208984375,165.26171875,273.59710693359375,172.56640625,-1.0,-1.0,292.1294860839844,189.83203125,291.4676208496094,203.11328125,291.4676208496094,221.04296875,281.5395812988281,189.16796875,284.1870422363281,205.10546875,283.5251770019531,219.05078125,-1.0,-1.0,-1.0,-1.0,-1.0,-1.0,283.5251770019531,155.96484375
-1.0,-1.0,287.16912841796875,166.58984375,295.11029052734375,167.25390625,298.41912841796875,179.20703125,-1.0,-1.0,279.2279357910156,165.26171875,273.933837890625,172.56640625,-1.0,-1.0,291.8014831542969,189.83203125,291.8014831542969,203.11328125,291.13970947265625,220.37890625,281.875,189.16796875,283.1985168457031,203.77734375,284.5220642089844,219.05078125,-1.0,-1.0,-1.0,-1.0,291.13970947265625,157.29296875,283.86029052734375,155.96484375
-1.0,-1.0,288.6496276855469,166.703125,296.5328369140625,167.359375,299.8175048828125,180.484375,298.503662109375,190.328125,280.1094970703125,165.390625,274.19708251953125,173.265625,-1.0,-1.0,291.9342956542969,190.328125,291.9342956542969,204.765625,291.2773742675781,220.515625,282.0802917480469,189.671875,284.05108642578125,206.078125,284.7080383300781,219.859375,-1.0,-1.0,-1.0,-1.0,291.9342956542969,156.203125,284.7080383300781,156.203125
-1.0,-1.0,289.30657958984375,167.359375,297.8467102050781,168.671875,301.1313781738281,181.140625,299.16058349609375,190.328125,280.76641845703125,166.046875,275.5109558105469,173.265625,-1.0,-1.0,292.59124755859375,190.328125,291.9342956542969,204.109375,290.62042236328125,221.171875,282.7372131347656,190.328125,283.3941650390625,204.765625,284.05108642578125,221.171875,-1.0,-1.0,-1.0,-1.0,291.9342956542969,156.859375,284.7080383300781,156.203125
-1.0,-1.0,289.9635009765625,168.015625,299.16058349609375,169.328125,301.1313781738281,181.796875,299.16058349609375,191.640625,280.76641845703125,166.703125,275.5109558105469,172.609375,-1.0,-1.0,293.2481689453125,190.984375,291.2773742675781,205.421875,290.62042236328125,221.171875,282.7372131347656,190.984375,284.05108642578125,206.734375,284.05108642578125,219.859375,-1.0,-1.0,-1.0,-1.0,292.59124755859375,157.515625,286.02191162109375,156.859375
-1.0,-1.0,290.29852294921875,168.015625,298.8358154296875,169.328125,300.80596923828125,181.796875,298.1791076660156,190.328125,281.7611999511719,166.703125,274.5373229980469,172.609375,-1.0,-1.0,292.9253845214844,190.328125,292.2686462402344,205.421875,291.6119384765625,219.859375,283.0746154785156,189.671875,283.0746154785156,206.734375,280.44775390625,218.546875,-1.0,-1.0,-1.0,-1.0,292.9253845214844,158.171875,286.35821533203125,156.859375
-1.0,-1.0,290.9117736816406,168.12890625,299.32354736328125,170.07421875,301.26470947265625,182.39453125,298.6764831542969,191.47265625,281.8529357910156,167.48046875,278.6176452636719,181.74609375,-1.0,-1.0,294.1470642089844,191.47265625,292.20587158203125,205.73828125,290.9117736816406,220.65234375,283.79412841796875,190.82421875,283.79412841796875,207.03515625,281.20587158203125,219.35546875,-1.0,-1.0,-1.0,-1.0,-1.0,-1.0,-1.0,-1.0
-1.0,-1.0,290.9117736816406,168.12890625,299.32354736328125,169.42578125,301.9117736816406,183.04296875,299.9705810546875,192.12109375,281.8529357910156,166.83203125,276.0294189453125,173.31640625,-1.0,-1.0,294.1470642089844,192.12109375,292.20587158203125,206.38671875,290.9117736816406,220.65234375,284.441162109375,191.47265625,283.79412841796875,207.68359375,281.8529357910156,220.65234375,-1.0,-1.0,-1.0,-1.0,293.5,158.40234375,-1.0,-1.0
-1.0,-1.0,290.9117736816406,168.12890625,299.32354736328125,169.42578125,301.9117736816406,183.04296875,299.32354736328125,192.76953125,281.8529357910156,166.83203125,278.6176452636719,181.74609375,278.6176452636719,193.41796875,294.79412841796875,192.12109375,292.20587158203125,206.38671875,290.9117736816406,220.65234375,284.441162109375,191.47265625,284.441162109375,207.68359375,281.8529357910156,220.65234375,-1.0,-1.0,-1.0,-1.0,294.1470642089844,159.05078125,-1.0,-1.0
-1.0,-1.0,290.74627685546875,167.6171875,299.08953857421875,168.8984375,301.6567077636719,182.3515625,299.7313537597656,191.9609375,281.7611999511719,166.9765625,279.19403076171875,179.7890625,279.19403076171875,191.9609375,294.5970153808594,191.3203125,292.671630859375,205.4140625,290.74627685546875,219.5078125,284.328369140625,190.6796875,284.97015380859375,206.0546875,284.97015380859375,218.8671875,-1.0,-1.0,-1.0,-1.0,295.2388000488281,158.6484375,286.25372314453125,157.3671875
-1.0,-1.0,290.74627685546875,167.6171875,299.08953857421875,168.8984375,301.6567077636719,182.3515625,299.7313537597656,191.9609375,281.7611999511719,166.3359375,279.19403076171875,179.1484375,279.19403076171875,193.2421875,294.5970153808594,190.6796875,292.671630859375,205.4140625,290.74627685546875,219.5078125,284.328369140625,190.0390625,285.6119384765625,205.4140625,284.97015380859375,218.2265625,-1.0,-1.0,-1.0,-1.0,295.2388000488281,158.6484375,286.8955078125,158.0078125
-1.0,-1.0,290.74627685546875,167.6171875,299.08953857421875,168.8984375,301.6567077636719,182.3515625,300.3731384277344,191.3203125,281.7611999511719,166.9765625,278.55224609375,174.6640625,-1.0,-1.0,294.5970153808594,191.3203125,292.671630859375,205.4140625,291.3880615234375,218.8671875,284.97015380859375,190.0390625,285.6119384765625,205.4140625,284.97015380859375,218.8671875,-1.0,-1.0,-1.0,-1.0,295.2388000488281,158.6484375,-1.0,-1.0
-1.0,-1.0,291.3455810546875,168.40234375,299.566162109375,169.66796875,302.0955810546875,182.32421875,300.83087158203125,191.18359375,281.86029052734375,167.76953125,276.8014831542969,172.83203125,-1.0,-1.0,295.13970947265625,191.18359375,292.61029052734375,205.10546875,291.3455810546875,219.02734375,285.0220642089844,189.91796875,285.0220642089844,205.10546875,285.0220642089844,219.02734375,-1.0,-1.0,-1.0,-1.0,294.5073547363281,158.91015625,285.6544189453125,158.91015625
-1.0,-1.0,290.7368469238281,169.03515625,299.5789489746094,169.66796875,301.47369384765625,182.95703125,300.21051025390625,191.18359375,281.8947448730469,168.40234375,277.47369384765625,171.56640625,-1.0,-1.0,295.15789794921875,191.81640625,292.631591796875,205.73828125,291.368408203125,219.02734375,285.0526428222656,190.55078125,285.6842041015625,205.10546875,285.6842041015625,219.02734375,-1.0,-1.0,-1.0,-1.0,294.52630615234375,158.91015625,286.3157958984375,158.27734375
-1.0,-1.0,291.368408203125,169.03515625,299.5789489746094,170.30078125,302.1052551269531,182.95703125,300.84210205078125,190.55078125,282.52630615234375,168.40234375,277.47369384765625,170.30078125,-1.0,-1.0,294.52630615234375,191.18359375,292.631591796875,205.10546875,291.368408203125,217.76171875,284.4210510253906,190.55078125,285.6842041015625,204.47265625,285.0526428222656,217.12890625,-1.0,-1.0,-1.0,-1.0,295.15789794921875,158.91015625,286.9473571777344,158.27734375
-1.0,-1.0,291.19403076171875,169.1875,299.3432922363281,169.8125,302.47760009765625,182.9375,301.8507385253906,191.0625,281.7910461425781,168.5625,277.4029846191406,171.0625,-1.0,-1.0,294.9552307128906,191.0625,293.0746154785156,205.4375,291.19403076171875,219.1875,284.9253845214844,190.4375,286.1791076660156,204.8125,286.1791076660156,218.5625,-1.0,-1.0,-1.0,-1.0,294.9552307128906,159.8125,286.80596923828125,159.8125
-1.0,-1.0,291.19403076171875,167.9375,299.3432922363281,168.5625,301.223876953125,179.8125,300.5970153808594,189.1875,281.7910461425781,168.5625,279.91046142578125,182.9375,-1.0,-1.0,294.328369140625,188.5625,292.44775390625,205.4375,291.19403076171875,219.8125,284.9253845214844,188.5625,286.80596923828125,204.8125,286.1791076660156,219.1875,-1.0,-1.0,-1.0,-1.0,-1.0,-1.0,-1.0,-1.0
-1.0,-1.0,289.9403076171875,168.5625,298.08953857421875,169.1875,300.5970153808594,179.1875,299.97015380859375,189.1875,281.7910461425781,168.5625,279.91046142578125,182.9375,-1.0,-1.0,294.9552307128906,189.8125,293.0746154785156,207.3125,292.44775390625,221.0625,284.9253845214844,189.8125,286.80596923828125,206.0625,285.55224609375,221.0625,-1.0,-1.0,-1.0,-1.0,-1.0,-1.0,-1.0,-1.0
