367.28070068359375,100.73828125,357.24560546875,109.87890625,360.8947448730469,111.70703125,370.9298095703125,124.50390625,380.0526428222656,129.98828125,353.59649658203125,109.87890625,-1.0,-1.0,-1.0,-1.0,359.9824523925781,139.12890625,353.59649658203125,160.15234375,347.2105407714844,180.26171875,353.59649658203125,137.30078125,364.5438537597656,161.06640625,366.368408203125,180.26171875,366.368408203125,98.91015625,-1.0,-1.0,362.71929931640625,99.82421875,-1.0,-1.0
370.1929931640625,101.65234375,360.15789794921875,110.79296875,363.8070068359375,112.62109375,373.84210205078125,127.24609375,383.877197265625,133.64453125,356.5087585449219,109.87890625,-1.0,-1.0,-1.0,-1.0,361.0701904296875,141.87109375,354.6842041015625,161.98046875,346.47369384765625,179.34765625,354.6842041015625,140.04296875,367.4561462402344,164.72265625,367.4561462402344,179.34765625,368.368408203125,98.91015625,-1.0,-1.0,365.631591796875,100.73828125,-1.0,-1.0
373.1052551269531,103.48046875,363.0701904296875,111.70703125,367.631591796875,112.62109375,374.9298095703125,127.24609375,384.96490478515625,133.64453125,357.59649658203125,110.79296875,-1.0,-1.0,-1.0,-1.0,364.8947448730469,140.95703125,357.59649658203125,161.06640625,348.47369384765625,176.60546875,357.59649658203125,139.12890625,357.59649658203125,160.15234375,357.59649658203125,178.43359375,372.1929931640625,100.73828125,-1.0,-1.0,369.4561462402344,101.65234375,-1.0,-1.0
375.295654296875,102.484375,364.4434814453125,111.546875,369.86956787109375,112.453125,376.20001220703125,126.046875,385.24346923828125,131.484375,359.01739501953125,110.640625,356.3043518066406,123.328125,-1.0,-1.0,367.1565246582031,141.453125,360.8260803222656,161.390625,349.9739074707031,178.609375,360.8260803222656,139.640625,368.9652099609375,161.390625,368.9652099609375,175.890625,373.4869689941406,100.671875,-1.0,-1.0,369.86956787109375,100.671875,-1.0,-1.0
378.20001220703125,101.578125,367.34783935546875,110.640625,371.86956787109375,112.453125,379.1043395996094,126.046875,387.24346923828125,132.390625,361.9217529296875,110.640625,360.113037109375,125.140625,-1.0,-1.0,369.1565246582031,141.453125,362.8260803222656,163.203125,351.069580078125,178.609375,362.8260803222656,139.640625,371.86956787109375,164.109375,377.295654296875,182.234375,377.295654296875,99.765625,-1.0,-1.0,373.6782531738281,100.671875,-1.0,-1.0
377.4869689941406,102.484375,366.6347961425781,111.546875,372.0608825683594,112.453125,378.39129638671875,126.046875,388.3391418457031,132.390625,361.2087097167969,111.546875,359.3999938964844,124.234375,-1.0,-1.0,369.34783935546875,142.359375,363.01739501953125,163.203125,352.16522216796875,178.609375,362.113037109375,140.546875,373.86956787109375,165.015625,375.6782531738281,182.234375,376.5826110839844,99.765625,-1.0,-1.0,372.9652099609375,100.671875,-1.0,-1.0
380.137939453125,100.62109375,369.3793029785156,111.40234375,374.75860595703125,111.40234375,381.9310302734375,126.67578125,391.7930908203125,132.06640625,363.10345458984375,111.40234375,361.3103332519531,124.87890625,-1.0,-1.0,373.862060546875,141.05078125,373.862060546875,162.61328125,378.3448181152344,184.17578125,365.7930908203125,140.15234375,372.0689697265625,161.71484375,378.3448181152344,179.68359375,379.24139404296875,98.82421875,-1.0,-1.0,376.5517272949219,100.62109375,-1.0,-1.0
381.24139404296875,101.51953125,371.3793029785156,110.50390625,376.75860595703125,111.40234375,383.03448486328125,124.87890625,393.7930908203125,131.16796875,365.10345458984375,111.40234375,363.3103332519531,124.87890625,-1.0,-1.0,375.862060546875,141.94921875,376.75860595703125,163.51171875,376.75860595703125,185.07421875,366.89654541015625,141.05078125,374.0689697265625,163.51171875,380.3448181152344,179.68359375,380.3448181152344,99.72265625,-1.0,-1.0,377.6551818847656,99.72265625,-1.0,-1.0
383.24139404296875,101.51953125,373.3793029785156,110.50390625,378.75860595703125,110.50390625,386.82757568359375,125.77734375,398.4827575683594,131.16796875,368.0,110.50390625,365.3103332519531,123.98046875,-1.0,-1.0,377.862060546875,141.05078125,380.5517272949219,161.71484375,378.75860595703125,176.08984375,368.89654541015625,140.15234375,374.2758483886719,162.61328125,380.5517272949219,179.68359375,382.3448181152344,99.72265625,-1.0,-1.0,379.6551818847656,99.72265625,-1.0,-1.0
387.03448486328125,100.62109375,375.3793029785156,110.50390625,381.6551818847656,110.50390625,387.9310302734375,124.87890625,400.4827575683594,130.26953125,370.0,110.50390625,366.4137878417969,122.18359375,-1.0,-1.0,379.862060546875,141.05078125,383.4482727050781,160.81640625,379.862060546875,176.08984375,371.7930908203125,139.25390625,377.17242431640625,160.81640625,378.0689697265625,185.07421875,385.24139404296875,97.92578125,-1.0,-1.0,381.6551818847656,99.72265625,-1.0,-1.0
387.9495849609375,101.4765625,377.260498046875,110.3828125,383.49578857421875,111.2734375,390.6218566894531,125.5234375,403.0924377441406,130.8671875,371.91595458984375,109.4921875,368.3529357910156,123.7421875,-1.0,-1.0,381.71429443359375,140.6640625,386.1680603027344,161.1484375,374.5882263183594,177.1796875,372.8067321777344,138.8828125,381.71429443359375,160.2578125,371.91595458984375,176.2890625,387.058837890625,99.6953125,-1.0,-1.0,385.2773132324219,99.6953125,-1.0,-1.0
389.058837890625,100.5859375,377.47900390625,110.3828125,382.8235168457031,110.3828125,389.9495849609375,124.6328125,404.2016906738281,130.8671875,371.2436828613281,110.3828125,368.5714416503906,124.6328125,-1.0,-1.0,381.9327697753906,139.7734375,385.49578857421875,161.1484375,375.6974792480469,176.2890625,372.13446044921875,138.8828125,379.260498046875,160.2578125,372.13446044921875,175.3984375,388.1680603027344,98.8046875,-1.0,-1.0,385.49578857421875,99.6953125,-1.0,-1.0
390.6666564941406,101.4765625,380.0,110.3828125,385.3333435058594,111.2734375,392.4444580078125,125.5234375,403.1111145019531,131.7578125,373.77777099609375,110.3828125,371.1111145019531,123.7421875,-1.0,-1.0,384.4444580078125,140.6640625,388.0,161.1484375,381.77777099609375,173.6171875,375.5555419921875,138.8828125,379.1111145019531,162.0390625,376.4444580078125,173.6171875,388.8888854980469,99.6953125,-1.0,-1.0,387.1111145019531,99.6953125,-1.0,-1.0
393.322021484375,102.33203125,381.8644104003906,110.27734375,387.15252685546875,111.16015625,393.322021484375,125.28515625,402.1355895996094,131.46484375,375.6949157714844,110.27734375,372.16949462890625,125.28515625,-1.0,-1.0,387.15252685546875,141.17578125,391.559326171875,162.36328125,381.8644104003906,180.01953125,376.5762634277344,139.41015625,379.2203369140625,161.48046875,377.4576416015625,180.90234375,391.559326171875,99.68359375,-1.0,-1.0,389.7966003417969,100.56640625,-1.0,-1.0
392.677978515625,101.44921875,382.1016845703125,110.27734375,387.38983154296875,111.16015625,393.559326171875,126.16796875,403.2542419433594,131.46484375,375.93218994140625,110.27734375,-1.0,-1.0,-1.0,-1.0,387.38983154296875,140.29296875,392.677978515625,162.36328125,382.1016845703125,180.01953125,377.6949157714844,139.41015625,380.3389892578125,161.48046875,378.5762634277344,180.90234375,391.7966003417969,99.68359375,-1.0,-1.0,389.15252685546875,100.56640625,-1.0,-1.0
393.7966003417969,101.44921875,381.4576416015625,110.27734375,387.6271057128906,111.16015625,393.7966003417969,125.28515625,402.61016845703125,131.46484375,376.16949462890625,110.27734375,-1.0,-1.0,-1.0,-1.0,387.6271057128906,142.05859375,391.15252685546875,163.24609375,381.4576416015625,180.01953125,377.93218994140625,141.17578125,379.6949157714844,161.48046875,377.93218994140625,180.90234375,392.9152526855469,98.80078125,-1.0,-1.0,390.27117919921875,99.68359375,-1.0,-1.0
399.5294189453125,102.3125,388.1680603027344,111.0625,394.28570556640625,112.8125,401.2773132324219,125.9375,410.8907470703125,130.3125,382.92437744140625,111.0625,378.55462646484375,125.9375,-1.0,-1.0,393.4117736816406,141.6875,399.5294189453125,162.6875,399.5294189453125,182.8125,382.92437744140625,139.9375,382.0504150390625,161.8125,379.4285583496094,182.8125,396.9075622558594,99.6875,-1.0,-1.0,396.0335998535156,101.4375,-1.0,-1.0
398.9075622558594,104.0625,390.1680603027344,111.9375,396.28570556640625,112.8125,403.2773132324219,125.9375,409.39495849609375,134.6875,384.0504150390625,111.0625,380.55462646484375,126.8125,-1.0,-1.0,394.5378112792969,141.6875,400.65545654296875,163.5625,403.2773132324219,181.9375,384.92437744140625,140.8125,384.0504150390625,161.8125,380.55462646484375,182.8125,398.0335998535156,100.5625,-1.0,-1.0,396.28570556640625,101.4375,391.0420227050781,101.4375
-1.0,-1.0,392.1680603027344,112.8125,399.15966796875,113.6875,406.1512451171875,127.6875,415.76470947265625,132.0625,386.0504150390625,111.9375,383.4285583496094,124.1875,-1.0,-1.0,396.5378112792969,142.5625,403.5294189453125,163.5625,407.899169921875,185.4375,386.92437744140625,141.6875,385.1764831542969,161.8125,380.8067321777344,181.9375,-1.0,-1.0,-1.0,-1.0,400.0335998535156,102.3125,-1.0,-1.0
407.8999938964844,104.91015625,394.8999938964844,113.58203125,400.9666748046875,114.44921875,410.5,130.05859375,420.8999938964844,132.66015625,388.8333435058594,112.71484375,384.5,127.45703125,-1.0,-1.0,399.23333740234375,143.06640625,405.29998779296875,163.87890625,409.6333312988281,184.69140625,388.8333435058594,141.33203125,386.23333740234375,162.14453125,381.8999938964844,178.62109375,405.29998779296875,101.44140625,-1.0,-1.0,400.9666748046875,101.44140625,-1.0,-1.0
408.1666564941406,105.77734375,396.8999938964844,113.58203125,402.9666748046875,114.44921875,410.76666259765625,128.32421875,415.9666748046875,130.05859375,390.8333435058594,112.71484375,385.6333312988281,128.32421875,-1.0,-1.0,401.23333740234375,143.93359375,407.29998779296875,163.87890625,413.3666687011719,181.22265625,391.70001220703125,142.19921875,387.3666687011719,163.01171875,382.1666564941406,182.08984375,407.29998779296875,102.30859375,-1.0,-1.0,402.9666748046875,102.30859375,-1.0,-1.0
-1.0,-1.0,399.76666259765625,113.58203125,405.8333435058594,115.31640625,414.5,130.92578125,424.0333251953125,132.66015625,393.70001220703125,113.58203125,390.23333740234375,128.32421875,-1.0,-1.0,404.1000061035156,143.93359375,410.1666564941406,163.87890625,414.5,182.08984375,393.70001220703125,142.19921875,389.3666687011719,163.01171875,383.29998779296875,177.75390625,-1.0,-1.0,-1.0,-1.0,407.5666809082031,103.17578125,401.5,102.30859375
-1.0,-1.0,402.24591064453125,114.44921875,408.327880859375,115.31640625,417.0163879394531,130.92578125,422.2294921875,140.46484375,396.1639404296875,113.58203125,394.4262390136719,129.19140625,-1.0,-1.0,406.59014892578125,143.06640625,413.5409851074219,164.74609375,417.0163879394531,185.55859375,395.2950744628906,141.33203125,391.8196716308594,161.27734375,385.7377014160156,176.01953125,-1.0,-1.0,-1.0,-1.0,410.0655822753906,104.04296875,403.9836120605469,102.30859375
416.593505859375,106.6171875,404.5284423828125,115.2109375,410.56097412109375,116.0703125,418.31707763671875,129.8203125,424.349609375,134.1171875,398.4959411621094,114.3515625,396.7723693847656,129.8203125,-1.0,-1.0,408.83740234375,143.5703125,415.7317199707031,164.1953125,416.593505859375,187.3984375,398.4959411621094,140.9921875,395.91058349609375,160.7578125,388.15447998046875,174.5078125,414.86993408203125,104.0390625,-1.0,-1.0,412.2845458984375,104.0390625,-1.0,-1.0
-1.0,-1.0,409.62811279296875,114.3515625,415.6446228027344,115.2109375,423.3801574707031,129.8203125,431.9752197265625,133.2578125,403.611572265625,113.4921875,401.0330505371094,130.6796875,-1.0,-1.0,414.7851257324219,143.5703125,418.22314453125,164.1953125,418.22314453125,183.9609375,405.33056640625,142.7109375,403.611572265625,162.4765625,393.2975158691406,176.2265625,-1.0,-1.0,-1.0,-1.0,417.3636474609375,103.1796875,409.62811279296875,101.4609375
-1.0,-1.0,411.62811279296875,114.3515625,418.5041198730469,115.2109375,427.09918212890625,130.6796875,437.4132080078125,133.2578125,405.611572265625,113.4921875,403.0330505371094,131.5390625,-1.0,-1.0,417.6446228027344,143.5703125,421.0826416015625,164.1953125,418.5041198730469,184.8203125,408.1900939941406,142.7109375,407.33056640625,162.4765625,394.4380187988281,177.0859375,-1.0,-1.0,-1.0,-1.0,420.22314453125,104.0390625,412.48760986328125,103.1796875
-1.0,-1.0,414.31146240234375,113.41796875,419.4262390136719,114.26953125,427.0983581542969,127.04296875,437.327880859375,131.30078125,408.3442687988281,112.56640625,405.7868957519531,129.59765625,-1.0,-1.0,420.2786865234375,142.37109375,422.8360595703125,165.36328125,420.2786865234375,188.35546875,410.9016418457031,142.37109375,411.75408935546875,162.80859375,398.96722412109375,176.43359375,-1.0,-1.0,-1.0,-1.0,421.9836120605469,103.19921875,414.31146240234375,101.49609375
-1.0,-1.0,416.31146240234375,113.41796875,422.2786865234375,114.26953125,429.0983581542969,127.89453125,439.327880859375,132.15234375,410.3442687988281,112.56640625,406.9344177246094,128.74609375,-1.0,-1.0,421.4262390136719,141.51953125,423.1311340332031,165.36328125,420.5737609863281,184.94921875,412.0491943359375,140.66796875,414.6065673828125,162.80859375,403.52459716796875,176.43359375,-1.0,-1.0,-1.0,-1.0,423.9836120605469,103.19921875,416.31146240234375,101.49609375
-1.0,-1.0,418.31146240234375,113.41796875,424.2786865234375,114.26953125,431.0983581542969,127.89453125,440.47540283203125,131.30078125,412.3442687988281,112.56640625,410.63934326171875,127.89453125,-1.0,-1.0,424.2786865234375,141.51953125,424.2786865234375,163.66015625,421.7213134765625,184.09765625,414.9016418457031,140.66796875,418.31146240234375,161.10546875,404.672119140625,177.28515625,-1.0,-1.0,-1.0,-1.0,425.9836120605469,103.19921875,418.31146240234375,101.49609375
-1.0,-1.0,420.31146240234375,113.41796875,426.2786865234375,113.41796875,433.0983581542969,127.04296875,441.6229553222656,131.30078125,414.3442687988281,112.56640625,410.9344177246094,127.04296875,-1.0,-1.0,424.5737609863281,141.51953125,427.1311340332031,161.95703125,422.8688659667969,179.83984375,416.0491943359375,140.66796875,421.1639404296875,161.10546875,410.9344177246094,178.13671875,-1.0,-1.0,-1.0,-1.0,427.9836120605469,103.19921875,420.31146240234375,101.49609375
-1.0,-1.0,424.0163879394531,113.41796875,430.8360595703125,114.26953125,436.80328369140625,126.19140625,442.7705078125,130.44921875,418.0491943359375,113.41796875,414.63934326171875,127.04296875,-1.0,-1.0,428.2786865234375,141.51953125,427.4262390136719,163.66015625,421.4590148925781,183.24609375,419.75408935546875,140.66796875,423.1639404296875,161.95703125,418.9016418457031,178.98828125,-1.0,-1.0,-1.0,-1.0,431.68853759765625,103.19921875,424.0163879394531,102.34765625
-1.0,-1.0,424.31146240234375,114.26953125,430.2786865234375,115.12109375,437.0983581542969,126.19140625,443.91802978515625,129.59765625,417.4917907714844,113.41796875,415.7868957519531,127.04296875,-1.0,-1.0,428.5737609863281,141.51953125,427.7213134765625,163.66015625,420.9016418457031,184.09765625,420.0491943359375,140.66796875,423.4590148925781,161.95703125,426.8688659667969,180.69140625,-1.0,-1.0,-1.0,-1.0,431.1311340332031,103.19921875,423.4590148925781,101.49609375
-1.0,-1.0,425.79840087890625,113.41796875,432.6370849609375,114.26953125,439.4757995605469,126.19140625,445.4596862792969,129.59765625,419.81451416015625,113.41796875,417.25,126.19140625,-1.0,-1.0,430.07257080078125,142.37109375,429.2177429199219,163.66015625,421.5242004394531,184.09765625,421.5242004394531,140.66796875,424.0887145996094,162.80859375,430.07257080078125,183.24609375,-1.0,-1.0,-1.0,-1.0,432.6370849609375,102.34765625,425.79840087890625,102.34765625
-1.0,-1.0,428.1639404296875,114.26953125,434.1311340332031,115.12109375,440.9508056640625,127.04296875,450.327880859375,132.15234375,422.19671630859375,113.41796875,420.4917907714844,127.89453125,-1.0,-1.0,431.5737609863281,143.22265625,432.4262390136719,164.51171875,432.4262390136719,184.09765625,423.9016418457031,141.51953125,424.75408935546875,163.66015625,420.4917907714844,183.24609375,-1.0,-1.0,-1.0,-1.0,434.9836120605469,103.19921875,-1.0,-1.0
-1.0,-1.0,430.508056640625,114.26953125,437.3467712402344,115.97265625,443.3306579589844,127.89453125,451.8790283203125,132.15234375,423.6693420410156,113.41796875,421.9596862792969,127.04296875,-1.0,-1.0,433.92742919921875,142.37109375,433.07257080078125,164.51171875,434.7822570800781,185.80078125,425.3790283203125,140.66796875,426.23388671875,162.80859375,421.1048278808594,184.09765625,-1.0,-1.0,-1.0,-1.0,438.20159912109375,104.05078125,430.508056640625,103.19921875
-1.0,-1.0,432.0163879394531,115.12109375,438.8360595703125,116.82421875,445.6557312011719,129.59765625,451.6229553222656,132.15234375,425.19671630859375,114.26953125,423.4917907714844,127.89453125,-1.0,-1.0,435.4262390136719,143.22265625,434.5737609863281,164.51171875,434.5737609863281,183.24609375,426.9016418457031,140.66796875,427.75408935546875,162.80859375,422.63934326171875,181.54296875,-1.0,-1.0,-1.0,-1.0,439.68853759765625,104.90234375,432.0163879394531,104.05078125
-1.0,-1.0,434.5737609863281,115.97265625,441.3934326171875,116.82421875,448.2131042480469,129.59765625,453.327880859375,132.15234375,427.75408935546875,115.97265625,426.0491943359375,129.59765625,-1.0,-1.0,437.1311340332031,144.07421875,431.1639404296875,164.51171875,420.9344177246094,184.09765625,428.6065673828125,142.37109375,428.6065673828125,162.80859375,422.63934326171875,180.69140625,-1.0,-1.0,-1.0,-1.0,441.3934326171875,105.75390625,432.8688659667969,104.90234375
