-1.0,-1.0,545.7999877929688,132.5078125,548.2000122070312,132.5078125,552.2000122070312,146.0546875,-1.0,-1.0,541.0,131.7109375,-1.0,-1.0,-1.0,-1.0,543.4000244140625,158.0078125,544.2000122070312,180.3203125,538.5999755859375,200.2421875,535.4000244140625,157.2109375,538.5999755859375,179.5234375,536.2000122070312,197.0546875,-1.0,-1.0,-1.0,-1.0,-1.0,-1.0,-1.0,-1.0
-1.0,-1.0,544.7999877929688,133.3046875,548.7999877929688,134.1015625,552.7999877929688,146.8515625,-1.0,-1.0,540.0,132.5078125,-1.0,-1.0,-1.0,-1.0,543.2000122070312,158.8046875,541.5999755859375,181.1171875,538.4000244140625,201.0390625,533.5999755859375,158.0078125,537.5999755859375,180.3203125,536.7999877929688,197.0546875,-1.0,-1.0,-1.0,-1.0,552.0,113.3828125,-1.0,-1.0
-1.0,-1.0,543.875,131.7109375,-1.0,-1.0,-1.0,-1.0,-1.0,-1.0,539.897705078125,131.7109375,-1.0,-1.0,-1.0,-1.0,540.6931762695312,158.8046875,540.6931762695312,182.7109375,539.102294921875,203.4296875,534.3295288085938,158.0078125,539.897705078125,181.9140625,-1.0,-1.0,-1.0,-1.0,-1.0,-1.0,-1.0,-1.0,-1.0,-1.0
-1.0,-1.0,546.0537719726562,130.9140625,539.6881713867188,131.7109375,531.731201171875,155.6171875,530.1397705078125,175.5390625,554.0107421875,130.1171875,-1.0,-1.0,-1.0,-1.0,543.6666870117188,159.6015625,541.279541015625,177.9296875,538.8924560546875,204.2265625,-1.0,-1.0,-1.0,-1.0,-1.0,-1.0,-1.0,-1.0,-1.0,-1.0,551.6236572265625,113.3828125,-1.0,-1.0
-1.0,-1.0,541.0752563476562,130.9140625,546.6451416015625,132.5078125,550.6236572265625,146.8515625,-1.0,-1.0,534.7096557617188,129.3203125,-1.0,-1.0,-1.0,-1.0,541.8709716796875,158.0078125,541.0752563476562,178.7265625,542.6666870117188,191.4765625,531.52685546875,157.2109375,535.50537109375,179.5234375,536.3010864257812,199.4453125,-1.0,-1.0,-1.0,-1.0,550.6236572265625,124.5390625,-1.0,-1.0
-1.0,-1.0,541.2000122070312,131.7109375,548.4000244140625,134.1015625,550.0,146.8515625,-1.0,-1.0,534.0,130.1171875,527.5999755859375,144.4609375,526.7999877929688,154.8203125,542.0,156.4140625,539.5999755859375,173.9453125,538.7999877929688,190.6796875,531.5999755859375,154.8203125,532.4000244140625,172.3515625,532.4000244140625,188.2890625,-1.0,-1.0,-1.0,-1.0,550.0,124.5390625,542.0,120.5546875
-1.0,-1.0,540.2000122070312,132.5078125,533.0,130.9140625,522.5999755859375,143.6640625,520.2000122070312,146.8515625,547.4000244140625,133.3046875,549.0,147.6484375,-1.0,-1.0,532.2000122070312,158.0078125,530.5999755859375,173.9453125,-1.0,-1.0,542.5999755859375,158.8046875,537.7999877929688,174.7421875,-1.0,-1.0,-1.0,-1.0,-1.0,-1.0,-1.0,-1.0,-1.0,-1.0
-1.0,-1.0,538.4693603515625,131.7109375,531.30615234375,130.9140625,516.9796142578125,142.8671875,-1.0,-1.0,545.6326293945312,132.5078125,-1.0,-1.0,-1.0,-1.0,530.5101928710938,157.2109375,532.89794921875,179.5234375,528.9183959960938,193.8671875,540.8571166992188,158.0078125,538.4693603515625,178.7265625,535.2857055664062,195.4609375,-1.0,-1.0,-1.0,-1.0,-1.0,-1.0,-1.0,-1.0
-1.0,-1.0,539.0612182617188,132.5078125,529.5101928710938,130.9140625,516.7755126953125,138.8828125,-1.0,-1.0,547.0203857421875,133.3046875,-1.0,-1.0,-1.0,-1.0,529.5101928710938,161.1953125,528.7142944335938,180.3203125,-1.0,-1.0,539.8571166992188,161.9921875,538.2653198242188,175.5390625,-1.0,-1.0,-1.0,-1.0,-1.0,-1.0,-1.0,-1.0,-1.0,-1.0
-1.0,-1.0,537.5999755859375,132.5078125,528.7999877929688,130.1171875,514.4000244140625,136.4921875,-1.0,-1.0,545.5999755859375,134.1015625,546.4000244140625,150.8359375,-1.0,-1.0,527.2000122070312,162.7890625,525.5999755859375,189.0859375,524.7999877929688,199.4453125,537.5999755859375,163.5859375,536.7999877929688,185.8984375,536.7999877929688,198.6484375,-1.0,-1.0,-1.0,-1.0,-1.0,-1.0,-1.0,-1.0
-1.0,-1.0,535.0,132.5078125,527.0,130.9140625,511.79998779296875,135.6953125,-1.0,-1.0,543.0,133.3046875,-1.0,-1.0,-1.0,-1.0,524.5999755859375,160.3984375,519.0,177.9296875,519.0,194.6640625,536.5999755859375,161.1953125,536.5999755859375,182.7109375,536.5999755859375,197.8515625,-1.0,-1.0,-1.0,-1.0,-1.0,-1.0,-1.0,-1.0
-1.0,-1.0,532.0776977539062,133.3046875,524.91259765625,131.7109375,516.1553344726562,131.7109375,-1.0,-1.0,540.038818359375,135.6953125,-1.0,-1.0,-1.0,-1.0,523.3203735351562,160.3984375,518.543701171875,181.9140625,-1.0,-1.0,534.4660034179688,161.9921875,535.2621459960938,182.7109375,536.0582275390625,197.0546875,-1.0,-1.0,-1.0,-1.0,-1.0,-1.0,-1.0,-1.0
-1.0,-1.0,530.2815551757812,132.5078125,537.4465942382812,133.3046875,-1.0,-1.0,-1.0,-1.0,521.5242919921875,131.7109375,507.1941833496094,133.3046875,-1.0,-1.0,533.4660034179688,159.6015625,534.2621459960938,177.1328125,-1.0,-1.0,534.2621459960938,161.1953125,534.2621459960938,181.9140625,535.8543701171875,198.6484375,-1.0,-1.0,-1.0,-1.0,-1.0,-1.0,528.6893310546875,122.9453125
-1.0,-1.0,527.6893310546875,133.3046875,519.7281494140625,131.7109375,-1.0,-1.0,-1.0,-1.0,536.4465942382812,134.8984375,539.6310424804688,143.6640625,533.2621459960938,138.8828125,518.9320678710938,160.3984375,515.74755859375,180.3203125,-1.0,-1.0,530.0776977539062,161.1953125,531.669921875,181.1171875,535.6505126953125,198.6484375,-1.0,-1.0,-1.0,-1.0,-1.0,-1.0,-1.0,-1.0
-1.0,-1.0,526.2000122070312,133.3046875,518.2000122070312,131.7109375,512.5999755859375,131.7109375,-1.0,-1.0,535.0,135.6953125,535.0,147.6484375,-1.0,-1.0,517.4000244140625,160.3984375,513.4000244140625,181.9140625,-1.0,-1.0,528.5999755859375,161.1953125,531.7999877929688,182.7109375,537.4000244140625,198.6484375,-1.0,-1.0,-1.0,-1.0,-1.0,-1.0,-1.0,-1.0
-1.0,-1.0,525.2000122070312,132.5078125,518.0,130.9140625,-1.0,-1.0,-1.0,-1.0,534.7999877929688,134.1015625,-1.0,-1.0,-1.0,-1.0,515.5999755859375,159.6015625,510.79998779296875,178.7265625,-1.0,-1.0,526.7999877929688,159.6015625,528.4000244140625,177.9296875,535.5999755859375,197.0546875,-1.0,-1.0,-1.0,-1.0,-1.0,-1.0,-1.0,-1.0
-1.0,-1.0,521.8981323242188,132.5078125,516.3240966796875,130.9140625,-1.0,-1.0,-1.0,-1.0,529.861083984375,134.1015625,533.0462646484375,140.4765625,-1.0,-1.0,522.6944580078125,161.1953125,528.2684936523438,181.1171875,537.0277709960938,202.6328125,523.49072265625,158.8046875,530.6574096679688,184.3046875,535.4351806640625,197.8515625,-1.0,-1.0,-1.0,-1.0,-1.0,-1.0,-1.0,-1.0
-1.0,-1.0,519.0,132.5078125,525.4000244140625,134.8984375,-1.0,-1.0,-1.0,-1.0,511.0,131.7109375,500.6000061035156,140.4765625,-1.0,-1.0,521.4000244140625,161.1953125,523.7999877929688,172.3515625,-1.0,-1.0,511.0,161.1953125,509.3999938964844,175.5390625,-1.0,-1.0,-1.0,-1.0,-1.0,-1.0,-1.0,-1.0,-1.0,-1.0
-1.0,-1.0,514.5220947265625,133.3046875,520.0973510742188,134.1015625,529.6548461914062,138.8828125,531.247802734375,134.8984375,508.9468994140625,132.5078125,500.9822998046875,142.0703125,-1.0,-1.0,517.7079467773438,160.3984375,524.0796508789062,180.3203125,532.8406982421875,197.0546875,508.15045166015625,159.6015625,507.3539733886719,179.5234375,506.5575256347656,196.2578125,-1.0,-1.0,-1.0,-1.0,524.0796508789062,123.7421875,-1.0,-1.0
-1.0,-1.0,513.5220947265625,132.5078125,519.893798828125,134.8984375,527.8583984375,138.0859375,529.4512939453125,134.8984375,507.9468994140625,131.7109375,499.18585205078125,145.2578125,-1.0,-1.0,516.7079467773438,158.8046875,519.893798828125,176.3359375,-1.0,-1.0,507.9468994140625,158.8046875,507.9468994140625,177.9296875,507.9468994140625,196.2578125,-1.0,-1.0,-1.0,-1.0,521.4866943359375,122.9453125,513.5220947265625,122.1484375
-1.0,-1.0,513.5999755859375,133.3046875,520.7999877929688,134.8984375,528.0,139.6796875,-1.0,-1.0,507.20001220703125,131.7109375,497.6000061035156,148.4453125,-1.0,-1.0,516.7999877929688,159.6015625,520.0,179.5234375,527.2000122070312,193.8671875,506.3999938964844,159.6015625,507.20001220703125,179.5234375,508.0,197.8515625,-1.0,-1.0,-1.0,-1.0,520.0,123.7421875,512.0,122.9453125
-1.0,-1.0,512.5999755859375,132.5078125,519.0,134.1015625,521.4000244140625,148.4453125,-1.0,-1.0,505.3999938964844,130.9140625,497.3999938964844,147.6484375,-1.0,-1.0,514.2000122070312,159.6015625,515.7999877929688,177.9296875,520.5999755859375,191.4765625,505.3999938964844,159.6015625,506.20001220703125,177.9296875,508.6000061035156,196.2578125,-1.0,-1.0,-1.0,-1.0,518.2000122070312,122.9453125,510.20001220703125,121.3515625
-1.0,-1.0,510.9152526855469,132.5078125,518.88134765625,134.1015625,520.4745483398438,148.4453125,519.677978515625,161.1953125,503.7457580566406,130.9140625,498.9660949707031,143.6640625,-1.0,-1.0,514.1016845703125,159.6015625,513.3050537109375,173.9453125,515.6949462890625,189.0859375,504.5423583984375,158.8046875,506.1355895996094,176.3359375,507.72882080078125,197.0546875,-1.0,-1.0,-1.0,-1.0,517.2881469726562,122.9453125,508.5254211425781,122.1484375
-1.0,-1.0,510.71185302734375,132.5078125,518.677978515625,134.8984375,520.2711791992188,147.6484375,-1.0,-1.0,502.7457580566406,131.7109375,496.3728942871094,144.4609375,493.9830627441406,151.6328125,513.1016845703125,158.8046875,511.50848388671875,174.7421875,513.1016845703125,186.6953125,503.5423583984375,158.0078125,505.1355895996094,175.5390625,507.5254211425781,195.4609375,-1.0,-1.0,-1.0,-1.0,514.6949462890625,122.1484375,505.93218994140625,122.1484375
509.71185302734375,125.3359375,508.9152526855469,132.5078125,501.7457580566406,131.7109375,497.7627258300781,145.2578125,492.1864318847656,158.0078125,517.677978515625,133.3046875,521.6610107421875,142.8671875,-1.0,-1.0,504.1355895996094,160.3984375,505.72882080078125,177.9296875,506.5254211425781,196.2578125,512.1016845703125,159.6015625,508.9152526855469,178.7265625,509.71185302734375,197.8515625,508.9152526855469,122.9453125,-1.0,-1.0,511.3050842285156,121.3515625,514.4915161132812,122.9453125
-1.0,-1.0,507.3999938964844,132.5078125,500.20001220703125,131.7109375,495.3999938964844,146.0546875,-1.0,-1.0,515.4000244140625,133.3046875,517.0,147.6484375,516.2000122070312,160.3984375,512.2000122070312,158.8046875,508.20001220703125,177.1328125,508.20001220703125,193.8671875,509.79998779296875,160.3984375,505.0,176.3359375,504.20001220703125,197.0546875,-1.0,-1.0,-1.0,-1.0,509.0,122.9453125,-1.0,-1.0
508.0,125.3359375,507.20001220703125,133.3046875,499.20001220703125,132.5078125,493.6000061035156,146.8515625,491.20001220703125,158.8046875,515.2000122070312,133.3046875,517.5999755859375,148.4453125,513.5999755859375,160.3984375,501.6000061035156,160.3984375,503.20001220703125,179.5234375,508.0,198.6484375,509.6000061035156,160.3984375,504.79998779296875,181.1171875,500.79998779296875,200.2421875,505.6000061035156,123.7421875,510.3999938964844,123.7421875,506.3999938964844,122.9453125,511.20001220703125,122.9453125
-1.0,-1.0,505.91058349609375,133.3046875,497.9430847167969,133.3046875,492.3658447265625,147.6484375,490.7723693847656,158.0078125,513.8780517578125,133.3046875,517.0650634765625,146.8515625,-1.0,-1.0,500.3333435058594,161.1953125,504.31707763671875,179.5234375,502.72357177734375,199.4453125,509.0975646972656,161.1953125,502.72357177734375,179.5234375,500.3333435058594,198.6484375,-1.0,-1.0,-1.0,-1.0,505.91058349609375,122.9453125,-1.0,-1.0
506.5040588378906,126.1328125,505.7073059082031,133.3046875,496.9430847167969,133.3046875,492.9593505859375,146.0546875,-1.0,-1.0,513.6748046875,134.1015625,515.268310546875,148.4453125,-1.0,-1.0,499.3333435058594,159.6015625,500.13006591796875,178.7265625,500.92681884765625,198.6484375,507.3008117675781,160.3984375,502.52032470703125,179.5234375,502.52032470703125,198.6484375,506.5040588378906,123.7421875,508.0975646972656,123.7421875,503.31707763671875,124.5390625,509.6910705566406,124.5390625
504.20001220703125,126.1328125,505.0,133.3046875,496.20001220703125,133.3046875,490.6000061035156,146.8515625,486.6000061035156,156.4140625,513.0,134.1015625,514.5999755859375,147.6484375,-1.0,-1.0,499.3999938964844,161.1953125,501.0,179.5234375,501.79998779296875,198.6484375,507.3999938964844,160.3984375,501.0,180.3203125,500.20001220703125,199.4453125,502.6000061035156,125.3359375,505.79998779296875,123.7421875,501.0,125.3359375,506.6000061035156,124.5390625
502.7109375,125.3359375,504.3046875,132.5078125,495.5390625,131.7109375,490.7578125,143.6640625,486.7734375,154.0234375,512.2734375,132.5078125,515.4609375,144.4609375,-1.0,-1.0,498.7265625,157.2109375,499.5234375,178.7265625,501.1171875,198.6484375,507.4921875,157.2109375,501.9140625,178.7265625,500.3203125,198.6484375,501.1171875,124.5390625,504.3046875,123.7421875,499.5234375,125.3359375,505.8984375,124.5390625
-1.0,-1.0,500.6259460449219,132.5078125,493.4809265136719,132.5078125,489.5114440917969,146.0546875,489.5114440917969,158.8046875,-1.0,-1.0,-1.0,-1.0,-1.0,-1.0,506.1831970214844,156.4140625,501.41986083984375,178.7265625,500.6259460449219,194.6640625,505.3893127441406,158.8046875,-1.0,-1.0,-1.0,-1.0,-1.0,-1.0,-1.0,-1.0,-1.0,-1.0,-1.0,-1.0
-1.0,-1.0,501.5078125,130.9140625,493.5390625,130.9140625,489.5546875,144.4609375,492.7421875,155.6171875,509.4765625,131.7109375,512.6640625,146.0546875,-1.0,-1.0,496.7265625,160.3984375,495.1328125,177.1328125,496.7265625,193.8671875,505.4921875,158.8046875,501.5078125,177.9296875,499.9140625,197.0546875,-1.0,-1.0,-1.0,-1.0,501.5078125,119.7578125,503.8984375,122.9453125
-1.0,-1.0,500.08660888671875,129.32421875,492.8582763671875,130.12890625,-1.0,-1.0,-1.0,-1.0,508.11810302734375,130.12890625,511.3307189941406,143.00390625,-1.0,-1.0,504.905517578125,153.46484375,501.6929016113281,175.99609375,498.4803161621094,191.28515625,504.10235595703125,155.07421875,503.2992248535156,173.58203125,500.8897705078125,193.69921875,-1.0,-1.0,-1.0,-1.0,-1.0,-1.0,-1.0,-1.0
-1.0,-1.0,498.9140625,128.3203125,491.7421875,128.3203125,488.5546875,140.2734375,-1.0,-1.0,506.8828125,128.3203125,510.8671875,142.6640625,-1.0,-1.0,503.6953125,153.8203125,501.3046875,176.9296875,500.5078125,196.8515625,492.5390625,153.0234375,491.7421875,175.3359375,493.3359375,196.8515625,-1.0,-1.0,-1.0,-1.0,-1.0,-1.0,-1.0,-1.0
-1.0,-1.0,498.1171875,129.1171875,506.0859375,129.1171875,510.0703125,142.6640625,509.2734375,154.6171875,490.1484375,127.5234375,487.7578125,141.8671875,-1.0,-1.0,503.6953125,153.0234375,502.1015625,176.9296875,499.7109375,196.8515625,492.5390625,151.4296875,490.9453125,174.5390625,489.3515625,195.2578125,-1.0,-1.0,-1.0,-1.0,500.5078125,120.3515625,494.1328125,121.1484375
-1.0,-1.0,497.0381774902344,128.3203125,504.97711181640625,129.1171875,509.7404479980469,142.6640625,508.1526794433594,152.2265625,489.0992431640625,128.3203125,488.30535888671875,141.8671875,-1.0,-1.0,503.3893127441406,153.8203125,501.00762939453125,176.9296875,499.41986083984375,198.4453125,491.4809265136719,152.2265625,489.89312744140625,174.5390625,486.7175598144531,196.0546875,-1.0,-1.0,-1.0,-1.0,497.8320617675781,117.9609375,489.89312744140625,121.1484375
-1.0,-1.0,495.6771545410156,128.32421875,-1.0,-1.0,-1.0,-1.0,-1.0,-1.0,-1.0,-1.0,-1.0,-1.0,-1.0,-1.0,502.10235595703125,154.07421875,500.4960632324219,178.21484375,500.4960632324219,197.52734375,491.6614074707031,152.46484375,488.4488220214844,177.41015625,483.6299133300781,196.72265625,-1.0,-1.0,-1.0,-1.0,-1.0,-1.0,-1.0,-1.0
-1.0,-1.0,493.2677001953125,126.71484375,498.8897705078125,127.51953125,508.5275573730469,133.15234375,-1.0,-1.0,487.6456604003906,127.51953125,-1.0,-1.0,-1.0,-1.0,500.4960632324219,152.46484375,500.4960632324219,178.21484375,499.6929016113281,199.13671875,490.8582763671875,151.66015625,487.6456604003906,176.60546875,482.8267822265625,195.91796875,-1.0,-1.0,-1.0,-1.0,-1.0,-1.0,-1.0,-1.0
-1.0,-1.0,492.7364501953125,127.51953125,498.3798522949219,127.51953125,508.05426025390625,132.34765625,515.31005859375,134.76171875,487.093017578125,128.32421875,-1.0,-1.0,-1.0,-1.0,499.99224853515625,152.46484375,499.18603515625,178.21484375,499.18603515625,193.50390625,489.5116271972656,151.66015625,487.89923095703125,174.99609375,485.4806213378906,187.06640625,-1.0,-1.0,-1.0,-1.0,495.155029296875,117.05859375,-1.0,-1.0
-1.0,-1.0,492.2677001953125,129.12890625,498.6929016113281,129.12890625,507.5275573730469,133.95703125,514.7559204101562,134.76171875,486.6456604003906,129.12890625,-1.0,-1.0,-1.0,-1.0,498.6929016113281,151.66015625,498.6929016113281,177.41015625,-1.0,-1.0,488.251953125,151.66015625,488.251953125,174.99609375,-1.0,-1.0,-1.0,-1.0,-1.0,-1.0,493.8740234375,121.08203125,-1.0,-1.0
-1.0,-1.0,492.0,127.53125,496.8571472167969,127.53125,506.5714416503906,133.21875,514.6666870117188,134.84375,486.3333435058594,128.34375,-1.0,-1.0,-1.0,-1.0,498.4761962890625,151.09375,498.4761962890625,174.65625,-1.0,-1.0,489.5714416503906,151.09375,488.76190185546875,173.03125,-1.0,-1.0,-1.0,-1.0,-1.0,-1.0,493.6190490722656,118.59375,-1.0,-1.0
-1.0,-1.0,489.6614074707031,126.51953125,490.4645690917969,126.51953125,502.5118103027344,132.15234375,512.9527587890625,134.56640625,484.842529296875,127.32421875,-1.0,-1.0,-1.0,-1.0,496.8897705078125,152.26953125,497.6929016113281,175.60546875,-1.0,-1.0,488.8582763671875,152.26953125,487.251953125,174.80078125,-1.0,-1.0,-1.0,-1.0,-1.0,-1.0,489.6614074707031,117.66796875,-1.0,-1.0
-1.0,-1.0,491.2677001953125,127.32421875,494.4803161621094,127.32421875,504.9212646484375,132.15234375,512.1495971679688,134.56640625,485.6456604003906,127.32421875,-1.0,-1.0,-1.0,-1.0,495.2834777832031,150.66015625,497.6929016113281,173.99609375,-1.0,-1.0,486.4488220214844,150.66015625,488.05511474609375,173.99609375,-1.0,-1.0,-1.0,-1.0,-1.0,-1.0,-1.0,-1.0,-1.0,-1.0
484.2868347167969,123.30078125,489.93023681640625,128.12890625,482.6744079589844,129.73828125,484.2868347167969,138.58984375,489.1240234375,137.78515625,496.3798522949219,126.51953125,505.248046875,132.15234375,510.8914794921875,134.56640625,486.7054138183594,150.66015625,485.093017578125,171.58203125,481.86822509765625,190.08984375,496.3798522949219,149.85546875,497.18603515625,171.58203125,498.7984619140625,196.52734375,483.4806213378906,122.49609375,485.89923095703125,120.88671875,-1.0,-1.0,487.5116271972656,120.08203125
482.71429443359375,122.46875,489.19049072265625,127.34375,483.5238037109375,128.15625,484.3333435058594,138.71875,-1.0,-1.0,495.6666564941406,124.90625,505.3809509277344,133.03125,496.4761962890625,140.34375,486.76190185546875,150.90625,493.23809814453125,172.03125,-1.0,-1.0,495.6666564941406,150.09375,497.28570556640625,172.03125,498.0952453613281,189.09375,-1.0,-1.0,483.5238037109375,120.03125,-1.0,-1.0,485.1428527832031,120.03125
-1.0,-1.0,487.5714416503906,127.34375,481.9047546386719,127.34375,-1.0,-1.0,-1.0,-1.0,495.6666564941406,124.90625,504.5714416503906,133.03125,-1.0,-1.0,485.1428527832031,150.90625,484.3333435058594,175.28125,485.1428527832031,197.21875,494.8571472167969,150.09375,496.4761962890625,175.28125,497.28570556640625,200.46875,-1.0,-1.0,-1.0,-1.0,-1.0,-1.0,-1.0,-1.0
-1.0,-1.0,486.21875,126.53125,-1.0,-1.0,-1.0,-1.0,-1.0,-1.0,478.90625,125.71875,-1.0,-1.0,-1.0,-1.0,486.21875,147.65625,482.96875,180.15625,483.78125,198.84375,494.34375,147.65625,-1.0,-1.0,-1.0,-1.0,-1.0,-1.0,-1.0,-1.0,-1.0,-1.0,-1.0,-1.0
-1.0,-1.0,489.80950927734375,126.53125,483.3333435058594,128.15625,-1.0,-1.0,-1.0,-1.0,497.9047546386719,126.53125,-1.0,-1.0,-1.0,-1.0,483.3333435058594,154.96875,483.3333435058594,176.09375,483.3333435058594,199.65625,494.6666564941406,152.53125,493.8571472167969,175.28125,495.4761962890625,191.53125,-1.0,-1.0,-1.0,-1.0,-1.0,-1.0,-1.0,-1.0
-1.0,-1.0,-1.0,-1.0,-1.0,-1.0,-1.0,-1.0,-1.0,-1.0,-1.0,-1.0,-1.0,-1.0,-1.0,-1.0,486.2177429199219,151.98828125,482.92742919921875,174.13671875,485.3951721191406,196.28515625,-1.0,-1.0,-1.0,-1.0,-1.0,-1.0,-1.0,-1.0,-1.0,-1.0,-1.0,-1.0,-1.0,-1.0
-1.0,-1.0,488.0,124.71875,-1.0,-1.0,-1.0,-1.0,-1.0,-1.0,-1.0,-1.0,-1.0,-1.0,-1.0,-1.0,484.76190185546875,152.34375,492.8571472167969,176.71875,483.1428527832031,196.21875,493.6666564941406,150.71875,492.8571472167969,172.65625,492.047607421875,197.03125,-1.0,-1.0,-1.0,-1.0,-1.0,-1.0,-1.0,-1.0
-1.0,-1.0,487.46875,125.53125,482.59375,125.53125,483.40625,136.90625,488.28125,135.28125,492.34375,125.53125,-1.0,-1.0,-1.0,-1.0,482.59375,152.34375,481.78125,172.65625,481.78125,192.15625,492.34375,151.53125,491.53125,173.46875,490.71875,196.21875,-1.0,-1.0,-1.0,-1.0,-1.0,-1.0,-1.0,-1.0
-1.0,-1.0,-1.0,-1.0,-1.0,-1.0,-1.0,-1.0,-1.0,-1.0,-1.0,-1.0,-1.0,-1.0,-1.0,-1.0,484.78741455078125,151.80859375,479.8740234375,176.41796875,481.5118103027344,195.28515625,-1.0,-1.0,-1.0,-1.0,-1.0,-1.0,-1.0,-1.0,-1.0,-1.0,-1.0,-1.0,-1.0,-1.0
-1.0,-1.0,491.97637939453125,127.83984375,482.968505859375,128.66015625,-1.0,-1.0,-1.0,-1.0,498.5275573730469,128.66015625,501.80316162109375,140.96484375,-1.0,-1.0,485.4252014160156,149.16796875,481.3307189941406,169.67578125,478.8740234375,185.26171875,496.07086181640625,150.80859375,493.6141662597656,169.67578125,488.7007751464844,190.18359375,-1.0,-1.0,-1.0,-1.0,-1.0,-1.0,-1.0,-1.0
-1.0,-1.0,490.44354248046875,127.01953125,497.8467712402344,127.01953125,501.1370849609375,140.14453125,-1.0,-1.0,483.0403137207031,127.01953125,-1.0,-1.0,-1.0,-1.0,495.3790283203125,151.62890625,494.55645751953125,167.21484375,-1.0,-1.0,494.55645751953125,153.26953125,492.0887145996094,177.05859375,-1.0,-1.0,-1.0,-1.0,-1.0,-1.0,-1.0,-1.0,-1.0,-1.0
-1.0,-1.0,490.6341552734375,125.4296875,-1.0,-1.0,-1.0,-1.0,-1.0,-1.0,-1.0,-1.0,-1.0,-1.0,-1.0,-1.0,481.51220703125,156.0703125,-1.0,-1.0,-1.0,-1.0,495.6097412109375,155.2421875,-1.0,-1.0,-1.0,-1.0,-1.0,-1.0,-1.0,-1.0,-1.0,-1.0,-1.0,-1.0
-1.0,-1.0,487.4603271484375,146.1328125,484.984130859375,146.1328125,-1.0,-1.0,-1.0,-1.0,-1.0,-1.0,-1.0,-1.0,-1.0,-1.0,484.1587219238281,172.6328125,480.03173828125,193.3359375,478.3809509277344,206.5859375,490.76190185546875,173.4609375,489.1111145019531,194.1640625,487.4603271484375,203.2734375,-1.0,-1.0,-1.0,-1.0,-1.0,-1.0,-1.0,-1.0
-1.0,-1.0,-1.0,-1.0,-1.0,-1.0,-1.0,-1.0,-1.0,-1.0,499.5853576660156,126.2578125,502.07318115234375,141.9921875,502.07318115234375,152.7578125,-1.0,-1.0,-1.0,-1.0,-1.0,-1.0,-1.0,-1.0,-1.0,-1.0,-1.0,-1.0,-1.0,-1.0,-1.0,-1.0,-1.0,-1.0,-1.0,-1.0
-1.0,-1.0,492.2926940917969,125.4296875,500.5853576660156,126.2578125,503.9024353027344,140.3359375,-1.0,-1.0,484.0,125.4296875,-1.0,-1.0,-1.0,-1.0,497.2682800292969,154.4140625,492.2926940917969,175.9453125,483.17071533203125,198.3046875,484.8292541503906,155.2421875,484.0,175.1171875,488.1463317871094,198.3046875,-1.0,-1.0,-1.0,-1.0,493.95123291015625,115.4921875,487.31707763671875,115.4921875
-1.0,-1.0,493.2926940917969,125.4296875,501.5853576660156,126.2578125,504.9024353027344,139.5078125,-1.0,-1.0,485.8292541503906,126.2578125,-1.0,-1.0,-1.0,-1.0,498.2682800292969,154.4140625,492.4634094238281,177.6015625,483.3414611816406,198.3046875,486.6585388183594,154.4140625,483.3414611816406,177.6015625,489.1463317871094,199.1328125,-1.0,-1.0,-1.0,-1.0,-1.0,-1.0,489.1463317871094,116.3203125
-1.0,-1.0,491.80487060546875,125.4296875,-1.0,-1.0,-1.0,-1.0,-1.0,-1.0,-1.0,-1.0,-1.0,-1.0,-1.0,-1.0,494.2926940917969,156.8984375,490.1463317871094,177.6015625,487.6585388183594,195.8203125,489.31707763671875,153.5859375,485.17071533203125,175.9453125,-1.0,-1.0,-1.0,-1.0,-1.0,-1.0,-1.0,-1.0,-1.0,-1.0
494.4634094238281,117.1484375,494.4634094238281,125.4296875,487.8292541503906,126.2578125,485.3414611816406,138.6796875,492.80487060546875,138.6796875,501.0975646972656,125.4296875,505.243896484375,137.8515625,504.4146423339844,140.3359375,490.31707763671875,152.7578125,491.1463317871094,174.2890625,487.8292541503906,195.8203125,498.6097412109375,151.9296875,495.2926940917969,175.9453125,490.31707763671875,194.9921875,492.80487060546875,115.4921875,495.2926940917969,116.3203125,491.9756164550781,116.3203125,-1.0,-1.0
-1.0,-1.0,493.80487060546875,124.6015625,486.3414611816406,125.4296875,482.19512939453125,140.3359375,488.8292541503906,143.6484375,502.0975646972656,125.4296875,505.4146423339844,137.8515625,502.0975646972656,144.4765625,490.48779296875,151.1015625,492.9756164550781,173.4609375,491.31707763671875,185.8828125,499.6097412109375,149.4453125,497.95123291015625,171.8046875,497.1219482421875,184.2265625,-1.0,-1.0,-1.0,-1.0,492.1463317871094,114.6640625,-1.0,-1.0
-1.0,-1.0,497.2926940917969,126.2578125,503.92681884765625,126.2578125,507.243896484375,137.0234375,-1.0,-1.0,489.8292541503906,126.2578125,486.51220703125,137.0234375,489.8292541503906,144.4765625,501.43902587890625,147.7890625,497.2926940917969,169.3203125,494.80487060546875,183.3984375,492.31707763671875,146.1328125,-1.0,-1.0,-1.0,-1.0,-1.0,-1.0,-1.0,-1.0,-1.0,-1.0,-1.0,-1.0
-1.0,-1.0,497.5873107910156,126.2578125,490.984130859375,126.2578125,486.8571472167969,139.5078125,490.984130859375,145.3046875,503.3650817871094,125.4296875,507.4920654296875,137.0234375,-1.0,-1.0,502.5396728515625,148.6171875,-1.0,-1.0,-1.0,-1.0,502.5396728515625,150.2734375,495.1111145019531,166.8359375,-1.0,-1.0,-1.0,-1.0,-1.0,-1.0,-1.0,-1.0,-1.0,-1.0
-1.0,-1.0,498.5873107910156,126.2578125,-1.0,-1.0,-1.0,-1.0,-1.0,-1.0,-1.0,-1.0,-1.0,-1.0,-1.0,-1.0,506.015869140625,149.4453125,-1.0,-1.0,-1.0,-1.0,503.5396728515625,151.9296875,496.1111145019531,168.4921875,496.9365234375,180.9140625,-1.0,-1.0,-1.0,-1.0,-1.0,-1.0,-1.0,-1.0
-1.0,-1.0,497.9365234375,126.2578125,503.71429443359375,126.2578125,507.015869140625,140.3359375,508.6666564941406,146.9609375,491.3333435058594,127.9140625,486.3809509277344,139.5078125,-1.0,-1.0,504.5396728515625,150.2734375,502.8888854980469,168.4921875,502.8888854980469,182.5703125,494.6349182128906,150.2734375,496.28570556640625,170.1484375,497.1111145019531,183.3984375,-1.0,-1.0,-1.0,-1.0,501.23809814453125,116.3203125,-1.0,-1.0
503.0634765625,117.9765625,497.28570556640625,126.2578125,504.71429443359375,127.0859375,508.8412780761719,140.3359375,-1.0,-1.0,491.5079345703125,126.2578125,-1.0,-1.0,-1.0,-1.0,500.5873107910156,150.2734375,-1.0,-1.0,-1.0,-1.0,504.71429443359375,151.9296875,497.28570556640625,170.9765625,-1.0,-1.0,501.4126892089844,115.4921875,-1.0,-1.0,498.9365234375,115.4921875,-1.0,-1.0
-1.0,-1.0,499.1111145019531,126.2578125,494.1587219238281,127.0859375,490.03173828125,141.1640625,495.80950927734375,146.1328125,506.5396728515625,126.2578125,509.8412780761719,140.3359375,-1.0,-1.0,498.28570556640625,154.4140625,500.76190185546875,178.4296875,494.984130859375,193.3359375,505.71429443359375,154.4140625,504.8888854980469,179.2578125,-1.0,-1.0,-1.0,-1.0,-1.0,-1.0,499.9365234375,115.4921875,-1.0,-1.0
-1.0,-1.0,500.9365234375,126.2578125,504.23809814453125,127.0859375,509.19049072265625,140.3359375,-1.0,-1.0,-1.0,-1.0,-1.0,-1.0,-1.0,-1.0,501.76190185546875,150.2734375,-1.0,-1.0,-1.0,-1.0,507.5396728515625,151.1015625,-1.0,-1.0,-1.0,-1.0,-1.0,-1.0,-1.0,-1.0,-1.0,-1.0,-1.0,-1.0
511.5853576660156,137.8515625,501.6341552734375,146.9609375,493.3414611816406,146.9609375,-1.0,-1.0,-1.0,-1.0,508.2682800292969,146.9609375,-1.0,-1.0,-1.0,-1.0,499.9756164550781,180.9140625,498.31707763671875,196.6484375,-1.0,-1.0,509.0975646972656,180.0859375,-1.0,-1.0,-1.0,-1.0,507.43902587890625,134.5390625,-1.0,-1.0,500.80487060546875,136.1953125,-1.0,-1.0
-1.0,-1.0,501.80487060546875,146.1328125,508.43902587890625,146.9609375,511.756103515625,158.5546875,-1.0,-1.0,496.0,147.7890625,-1.0,-1.0,-1.0,-1.0,508.43902587890625,176.7734375,507.6097412109375,190.8515625,-1.0,-1.0,499.31707763671875,175.9453125,499.31707763671875,190.0234375,-1.0,-1.0,-1.0,-1.0,-1.0,-1.0,-1.0,-1.0,-1.0,-1.0
-1.0,-1.0,503.6341552734375,125.4296875,508.6097412109375,125.4296875,511.92681884765625,137.0234375,-1.0,-1.0,498.6585388183594,125.4296875,-1.0,-1.0,-1.0,-1.0,499.48779296875,150.2734375,499.48779296875,179.2578125,497.8292541503906,202.4453125,511.0975646972656,149.4453125,513.5853881835938,169.3203125,-1.0,-1.0,-1.0,-1.0,-1.0,-1.0,-1.0,-1.0,-1.0,-1.0
-1.0,-1.0,504.6341552734375,125.4296875,511.2682800292969,125.4296875,513.756103515625,139.5078125,-1.0,-1.0,498.8292541503906,125.4296875,496.3414611816406,137.0234375,-1.0,-1.0,512.9268188476562,149.4453125,515.4146118164062,169.3203125,514.5853881835938,189.1953125,501.31707763671875,150.2734375,500.48779296875,171.8046875,498.0,197.4765625,-1.0,-1.0,-1.0,-1.0,507.95123291015625,114.6640625,-1.0,-1.0
-1.0,-1.0,503.9756164550781,146.1328125,496.51220703125,146.9609375,-1.0,-1.0,-1.0,-1.0,508.95123291015625,146.9609375,-1.0,-1.0,-1.0,-1.0,-1.0,-1.0,-1.0,-1.0,-1.0,-1.0,-1.0,-1.0,-1.0,-1.0,-1.0,-1.0,-1.0,-1.0,-1.0,-1.0,-1.0,-1.0,-1.0,-1.0
-1.0,-1.0,504.9756164550781,146.1328125,498.3414611816406,146.9609375,-1.0,-1.0,-1.0,-1.0,510.7804870605469,147.7890625,-1.0,-1.0,-1.0,-1.0,501.6585388183594,166.0078125,500.0,182.5703125,499.17071533203125,202.4453125,-1.0,-1.0,-1.0,-1.0,-1.0,-1.0,-1.0,-1.0,-1.0,-1.0,507.4634094238281,134.5390625,-1.0,-1.0
516.756103515625,113.8359375,510.95123291015625,123.7734375,505.9756164550781,123.7734375,504.31707763671875,137.0234375,515.0975341796875,144.4765625,516.756103515625,124.6015625,519.243896484375,141.9921875,-1.0,-1.0,514.268310546875,150.2734375,517.5853881835938,170.9765625,518.4146118164062,188.3671875,514.268310546875,149.4453125,-1.0,-1.0,-1.0,-1.0,515.9268188476562,113.0078125,-1.0,-1.0,514.268310546875,112.1796875,-1.0,-1.0
-1.0,-1.0,513.780517578125,122.9453125,508.80487060546875,123.7734375,508.80487060546875,138.6796875,520.4146118164062,148.6171875,518.756103515625,122.9453125,522.9024658203125,136.1953125,-1.0,-1.0,508.80487060546875,152.7578125,503.8292541503906,177.6015625,500.51220703125,206.5859375,517.9268188476562,152.7578125,518.756103515625,174.2890625,-1.0,-1.0,-1.0,-1.0,-1.0,-1.0,514.6097412109375,113.0078125,-1.0,-1.0
523.9024658203125,113.8359375,517.268310546875,125.4296875,511.4634094238281,125.4296875,510.6341552734375,140.3359375,521.4146118164062,150.2734375,523.0731811523438,126.2578125,525.5609741210938,141.1640625,-1.0,-1.0,511.4634094238281,153.5859375,518.9268188476562,180.9140625,520.5853881835938,194.1640625,518.9268188476562,153.5859375,-1.0,-1.0,-1.0,-1.0,521.4146118164062,113.0078125,-1.0,-1.0,518.9268188476562,114.6640625,-1.0,-1.0
-1.0,-1.0,517.4390258789062,126.2578125,513.2926635742188,127.0859375,512.4634399414062,141.1640625,519.9268188476562,151.9296875,522.4146118164062,125.4296875,-1.0,-1.0,-1.0,-1.0,512.4634399414062,151.9296875,508.31707763671875,180.0859375,-1.0,-1.0,519.0975341796875,152.7578125,-1.0,-1.0,-1.0,-1.0,-1.0,-1.0,-1.0,-1.0,-1.0,-1.0,-1.0,-1.0
527.1613159179688,114.79296875,519.6129150390625,125.66015625,517.0968017578125,126.49609375,513.741943359375,140.70703125,518.774169921875,152.41015625,525.48388671875,124.82421875,-1.0,-1.0,-1.0,-1.0,513.741943359375,153.24609375,508.7096862792969,182.50390625,502.0,199.22265625,523.8064575195312,154.08203125,525.48388671875,180.83203125,523.8064575195312,201.73046875,525.48388671875,114.79296875,-1.0,-1.0,522.9677124023438,114.79296875,-1.0,-1.0
-1.0,-1.0,522.7073364257812,126.734375,529.4715576171875,126.734375,532.0081176757812,142.765625,-1.0,-1.0,516.7886352539062,126.734375,515.0975341796875,141.921875,516.7886352539062,154.578125,526.0894165039062,151.203125,526.0894165039062,171.453125,526.0894165039062,187.484375,518.4796752929688,152.046875,514.2520141601562,171.453125,508.3333435058594,186.640625,-1.0,-1.0,-1.0,-1.0,526.0894165039062,116.609375,518.4796752929688,115.765625
-1.0,-1.0,523.0826416015625,126.2109375,528.2396850585938,125.3515625,533.3966674804688,141.6796875,-1.0,-1.0,517.0661010742188,125.3515625,514.4876098632812,141.6796875,515.3471069335938,156.2890625,529.0991821289062,155.4296875,528.2396850585938,173.4765625,529.0991821289062,188.0859375,517.9255981445312,153.7109375,517.0661010742188,173.4765625,511.0495910644531,187.2265625,-1.0,-1.0,-1.0,-1.0,525.6611328125,115.8984375,-1.0,-1.0
-1.0,-1.0,524.9000244140625,126.44921875,531.8333129882812,126.44921875,537.0333251953125,140.32421875,-1.0,-1.0,518.8333129882812,126.44921875,515.3666381835938,142.92578125,515.3666381835938,156.80078125,530.0999755859375,158.53515625,530.0999755859375,172.41015625,526.6333618164062,197.55859375,519.7000122070312,156.80078125,517.9666748046875,173.27734375,515.3666381835938,186.28515625,-1.0,-1.0,-1.0,-1.0,529.2333374023438,114.30859375,518.8333129882812,116.04296875
-1.0,-1.0,526.1512451171875,124.9375,532.2689208984375,124.9375,535.7647094726562,141.5625,-1.0,-1.0,520.9075927734375,124.9375,515.6638793945312,143.3125,513.9159545898438,159.0625,531.3949584960938,159.0625,529.6470336914062,182.6875,525.2772827148438,202.8125,520.0336303710938,158.1875,518.2857055664062,180.0625,511.29412841796875,197.5625,-1.0,-1.0,-1.0,-1.0,529.6470336914062,111.8125,519.15966796875,114.4375
-1.0,-1.0,527.084716796875,126.04296875,534.1356201171875,126.04296875,538.5423583984375,141.93359375,-1.0,-1.0,520.915283203125,126.04296875,515.6271362304688,144.58203125,511.2203369140625,160.47265625,530.6101684570312,160.47265625,531.4915161132812,181.66015625,527.084716796875,201.96484375,520.915283203125,158.70703125,521.796630859375,179.89453125,515.6271362304688,197.55078125,-1.0,-1.0,-1.0,-1.0,532.3728637695312,111.91796875,521.796630859375,113.68359375
-1.0,-1.0,529.137939453125,124.60546875,536.3103637695312,123.70703125,539.8965454101562,143.47265625,-1.0,-1.0,521.0689697265625,124.60546875,516.586181640625,142.57421875,-1.0,-1.0,533.6206665039062,156.05078125,532.72412109375,178.51171875,527.3448486328125,200.97265625,523.7586059570312,156.05078125,524.6551513671875,177.61328125,521.0689697265625,197.37890625,-1.0,-1.0,-1.0,-1.0,533.6206665039062,110.23046875,521.0689697265625,112.02734375
-1.0,-1.0,529.5825805664062,123.015625,537.7217407226562,123.015625,541.339111328125,141.140625,541.339111328125,155.640625,522.3478393554688,123.921875,517.8261108398438,138.421875,-1.0,-1.0,535.9130249023438,154.734375,533.2000122070312,179.203125,524.156494140625,202.765625,525.0608520507812,154.734375,526.8695678710938,179.203125,525.9652099609375,200.953125,-1.0,-1.0,-1.0,-1.0,533.2000122070312,111.234375,522.3478393554688,112.140625
-1.0,-1.0,529.9569091796875,122.30859375,538.1810302734375,122.30859375,543.663818359375,138.76171875,-1.0,-1.0,523.5603637695312,123.22265625,516.25,136.93359375,-1.0,-1.0,538.1810302734375,154.30078125,534.52587890625,177.15234375,526.3016967773438,203.66015625,526.3016967773438,153.38671875,528.1293334960938,175.32421875,526.3016967773438,202.74609375,-1.0,-1.0,-1.0,-1.0,535.4396362304688,109.51171875,522.6465454101562,111.33984375
-1.0,-1.0,531.2695922851562,123.4296875,539.565185546875,122.5078125,546.0173950195312,137.2578125,-1.0,-1.0,523.8956298828125,124.3515625,513.7565307617188,138.1796875,-1.0,-1.0,539.565185546875,152.9296875,536.7999877929688,172.2890625,536.7999877929688,187.9609375,528.5043334960938,152.9296875,529.4260864257812,173.2109375,527.5825805664062,192.5703125,-1.0,-1.0,-1.0,-1.0,534.95654296875,110.5234375,523.8956298828125,111.4453125
-1.0,-1.0,533.9649047851562,122.70703125,542.3333129882812,122.70703125,547.9122924804688,138.51171875,546.9824829101562,150.59765625,525.5964965820312,123.63671875,520.9473876953125,137.58203125,523.73681640625,145.01953125,541.4035034179688,152.45703125,538.614013671875,172.91015625,536.75439453125,187.78515625,529.3157958984375,151.52734375,531.1754150390625,173.83984375,529.3157958984375,193.36328125,-1.0,-1.0,-1.0,-1.0,536.75439453125,110.62109375,528.385986328125,110.62109375
-1.0,-1.0,536.9196166992188,123.05078125,545.4375,123.99609375,550.1696166992188,139.12109375,-1.0,-1.0,528.4017944335938,122.10546875,517.9910888671875,131.55859375,517.9910888671875,141.95703125,542.5982055664062,153.30078125,538.8125,175.04296875,534.0803833007812,196.78515625,530.2946166992188,151.41015625,533.1339111328125,176.93359375,532.1875,192.05859375,-1.0,-1.0,-1.0,-1.0,546.3839111328125,111.70703125,-1.0,-1.0
-1.0,-1.0,537.716796875,123.2578125,546.318603515625,124.2109375,551.0973510742188,137.5546875,558.7433471679688,145.1796875,530.07080078125,122.3046875,518.6017456054688,130.8828125,517.64599609375,140.4140625,542.49560546875,149.9453125,540.5840454101562,170.9140625,538.6725463867188,188.0703125,531.0265502929688,148.9921875,533.893798828125,170.9140625,535.8052978515625,189.0234375,-1.0,-1.0,-1.0,-1.0,545.3628540039062,110.8671875,-1.0,-1.0
-1.0,-1.0,538.5178833007812,123.46484375,547.1964111328125,124.42578125,552.0178833007812,138.83984375,561.6607055664062,146.52734375,530.8035888671875,122.50390625,519.2321166992188,132.11328125,517.3035888671875,140.76171875,543.3392944335938,149.41015625,542.375,170.55078125,540.4464111328125,192.65234375,532.7321166992188,149.41015625,535.625,170.55078125,539.4821166992188,189.76953125,-1.0,-1.0,-1.0,-1.0,547.1964111328125,110.97265625,-1.0,-1.0
-1.0,-1.0,538.3119506835938,123.671875,548.0366821289062,123.671875,556.7890014648438,139.171875,563.5963134765625,144.984375,530.5321044921875,122.703125,519.8348388671875,133.359375,-1.0,-1.0,544.1467895507812,149.828125,545.1192626953125,171.140625,537.3394775390625,197.296875,534.4219970703125,149.828125,537.3394775390625,171.140625,540.2568969726562,195.359375,-1.0,-1.0,-1.0,-1.0,542.2018432617188,112.046875,-1.0,-1.0
-1.0,-1.0,540.3119506835938,122.90234375,550.0366821289062,123.87890625,552.9541015625,140.48046875,-1.0,-1.0,531.5596313476562,122.90234375,521.8348388671875,132.66796875,-1.0,-1.0,545.17431640625,151.22265625,547.1192626953125,174.66015625,547.1192626953125,197.12109375,535.4495239257812,150.24609375,539.3394775390625,174.66015625,539.3394775390625,196.14453125,-1.0,-1.0,-1.0,-1.0,546.1467895507812,111.18359375,-1.0,-1.0
-1.0,-1.0,541.7706298828125,123.29296875,551.6788940429688,123.29296875,557.6238403320312,137.18359375,-1.0,-1.0,532.8532104492188,122.30078125,520.9633178710938,134.20703125,527.8991088867188,139.16796875,548.7064208984375,152.06640625,549.697265625,174.88671875,547.715576171875,197.70703125,537.8073120117188,151.07421875,540.7798461914062,175.87890625,541.7706298828125,196.71484375,-1.0,-1.0,-1.0,-1.0,546.7247924804688,110.39453125,536.8165283203125,111.38671875
-1.0,-1.0,542.5,121.5,552.5,122.5,560.5,138.5,568.5,143.5,533.5,121.5,526.5,132.5,532.5,144.5,550.5,152.5,553.5,175.5,550.5,197.5,538.5,152.5,542.5,175.5,543.5,197.5,-1.0,-1.0,-1.0,-1.0,551.5,107.5,-1.0,-1.0
557.8411254882812,109.59765625,544.7196044921875,121.69140625,553.8037109375,122.69921875,562.8878173828125,138.82421875,570.962646484375,140.83984375,536.6448364257812,121.69140625,529.5794677734375,130.76171875,531.59814453125,143.86328125,550.7756958007812,151.92578125,554.8131103515625,175.10546875,551.7850341796875,197.27734375,538.66357421875,151.92578125,542.700927734375,177.12109375,541.6915893554688,197.27734375,557.8411254882812,107.58203125,-1.0,-1.0,553.8037109375,106.57421875,-1.0,-1.0
558.660400390625,112.7421875,545.4151000976562,121.8828125,554.5848999023438,121.8828125,562.73583984375,135.0859375,-1.0,-1.0,537.26416015625,121.8828125,531.1509399414062,133.0546875,-1.0,-1.0,545.4151000976562,154.3828125,541.339599609375,179.7734375,-1.0,-1.0,553.5660400390625,152.3515625,559.6792602539062,176.7265625,-1.0,-1.0,557.6414794921875,109.6953125,-1.0,-1.0,552.5471801757812,108.6796875,-1.0,-1.0
560.4953002929688,111.984375,547.130859375,121.265625,556.3831787109375,122.296875,565.635498046875,136.734375,-1.0,-1.0,538.9065551757812,121.265625,532.7383422851562,132.609375,-1.0,-1.0,548.1588745117188,152.203125,540.962646484375,179.015625,536.8504638671875,202.734375,555.3551635742188,153.234375,561.5233764648438,176.953125,-1.0,-1.0,558.4392700195312,107.859375,-1.0,-1.0,554.3270874023438,107.859375,-1.0,-1.0
-1.0,-1.0,549.047607421875,121.6484375,557.4285888671875,122.6953125,566.8571166992188,138.3984375,-1.0,-1.0,541.7142944335938,121.6484375,535.4285888671875,133.1640625,-1.0,-1.0,549.047607421875,154.1015625,542.7619018554688,180.2734375,538.5714111328125,202.2578125,558.4761962890625,154.1015625,562.6666870117188,180.2734375,-1.0,-1.0,-1.0,-1.0,-1.0,-1.0,556.3809814453125,109.0859375,-1.0,-1.0
567.6634521484375,111.29296875,552.8557739257812,120.78515625,561.3173217773438,122.89453125,571.8942260742188,139.76953125,-1.0,-1.0,544.3942260742188,119.73046875,535.9326782226562,130.27734375,544.3942260742188,137.66015625,559.201904296875,155.58984375,563.4326782226562,184.06640625,564.4903564453125,209.37890625,560.2596435546875,154.53515625,563.4326782226562,181.95703125,-1.0,-1.0,565.548095703125,108.12890625,-1.0,-1.0,559.201904296875,109.18359375,-1.0,-1.0
568.11767578125,110.34375,555.4117431640625,122.03125,563.88232421875,125.21875,571.2941284179688,140.09375,579.7647094726562,144.34375,546.941162109375,119.90625,538.4705810546875,130.53125,-1.0,-1.0,561.7647094726562,156.03125,564.941162109375,183.65625,567.058837890625,208.09375,561.7647094726562,154.96875,562.8235473632812,180.46875,-1.0,-1.0,567.058837890625,107.15625,-1.0,-1.0,561.7647094726562,109.28125,-1.0,-1.0
568.91259765625,111.51953125,556.0971069335938,122.22265625,563.5728149414062,124.36328125,571.0485229492188,140.41796875,-1.0,-1.0,548.621337890625,121.15234375,542.213623046875,128.64453125,-1.0,-1.0,560.3689575195312,156.47265625,563.5728149414062,183.23046875,559.3009643554688,205.70703125,561.4368896484375,155.40234375,564.6407470703125,182.16015625,-1.0,-1.0,566.7766723632812,108.30859375,-1.0,-1.0,563.5728149414062,109.37890625,-1.0,-1.0
570.1538696289062,110.6328125,563.6923217773438,121.4140625,554.0,120.3359375,542.1538696289062,133.2734375,549.6923217773438,138.6640625,573.3846435546875,122.4921875,575.5384521484375,141.8984375,-1.0,-1.0,554.0,155.9140625,549.6923217773438,180.7109375,-1.0,-1.0,568.0,156.9921875,564.7692260742188,179.6328125,-1.0,-1.0,568.0,108.4765625,570.1538696289062,106.3203125,564.7692260742188,108.4765625,-1.0,-1.0
-1.0,-1.0,564.6153564453125,123.5703125,574.3076782226562,123.5703125,579.6923217773438,141.8984375,-1.0,-1.0,554.923095703125,122.4921875,547.3846435546875,136.5078125,-1.0,-1.0,571.076904296875,159.1484375,571.076904296875,185.0234375,574.3076782226562,207.6640625,556.0,155.9140625,551.6923217773438,181.7890625,548.4615478515625,202.2734375,-1.0,-1.0,-1.0,-1.0,570.0,109.5546875,557.076904296875,108.4765625
-1.0,-1.0,567.3689575195312,124.43359375,576.9805908203125,124.43359375,582.3203735351562,142.62890625,591.9320678710938,151.19140625,557.7572631835938,124.43359375,548.1456298828125,135.13671875,554.5534057617188,149.05078125,575.91259765625,157.61328125,575.91259765625,184.37109375,-1.0,-1.0,559.8931884765625,157.61328125,555.621337890625,181.16015625,549.213623046875,198.28515625,-1.0,-1.0,-1.0,-1.0,572.708740234375,109.44921875,-1.0,-1.0
-1.0,-1.0,569.11767578125,124.7265625,576.6666870117188,124.7265625,582.058837890625,140.8984375,-1.0,-1.0,559.4117431640625,124.7265625,550.7843017578125,137.6640625,559.4117431640625,151.6796875,577.7451171875,159.2265625,578.8235473632812,186.1796875,578.8235473632812,206.6640625,577.7451171875,158.1484375,-1.0,-1.0,-1.0,-1.0,-1.0,-1.0,-1.0,-1.0,571.2745361328125,109.6328125,561.568603515625,111.7890625
-1.0,-1.0,571.11767578125,124.7265625,580.8235473632812,125.8046875,588.37255859375,144.1328125,594.8431396484375,149.5234375,562.4901733398438,124.7265625,554.941162109375,138.7421875,561.4117431640625,155.9921875,580.8235473632812,157.0703125,579.7451171875,184.0234375,579.7451171875,210.9765625,566.8038940429688,155.9921875,562.4901733398438,184.0234375,552.7843017578125,204.5078125,-1.0,-1.0,-1.0,-1.0,574.3529663085938,111.7890625,564.6470336914062,115.0234375
-1.0,-1.0,574.1961059570312,124.7265625,583.9019775390625,124.7265625,590.37255859375,141.9765625,-1.0,-1.0,564.4901733398438,123.6484375,555.8627319335938,137.6640625,564.4901733398438,152.7578125,582.8235473632812,157.0703125,581.7451171875,182.9453125,579.5882568359375,209.8984375,568.8038940429688,157.0703125,566.6470336914062,184.0234375,559.0980224609375,203.4296875,-1.0,-1.0,-1.0,-1.0,578.5098266601562,110.7109375,565.568603515625,115.0234375
-1.0,-1.0,576.1961059570312,124.7265625,586.9804077148438,124.7265625,595.6078491210938,140.8984375,-1.0,-1.0,565.4117431640625,124.7265625,557.8627319335938,137.6640625,564.3333129882812,152.7578125,584.8235473632812,158.1484375,583.7451171875,182.9453125,579.431396484375,209.8984375,570.8038940429688,158.1484375,574.0391845703125,180.7890625,578.3529663085938,207.7421875,-1.0,-1.0,-1.0,-1.0,578.3529663085938,109.6328125,567.568603515625,112.8671875
586.1188354492188,109.83203125,578.4950561523438,123.94921875,569.7821655273438,122.86328125,559.980224609375,136.98046875,565.4257202148438,151.09765625,589.3861083984375,123.94921875,597.0098876953125,141.32421875,597.0098876953125,143.49609375,574.1386108398438,157.61328125,578.4950561523438,182.58984375,579.5841674804688,208.65234375,587.2079467773438,157.61328125,583.9406127929688,182.58984375,579.5841674804688,206.48046875,583.9406127929688,107.66015625,-1.0,-1.0,579.5841674804688,108.74609375,-1.0,-1.0
584.8515014648438,110.91796875,582.6732788085938,122.86328125,571.7821655273438,121.77734375,561.980224609375,134.80859375,569.6039428710938,147.83984375,592.4752197265625,123.94921875,599.0098876953125,139.15234375,599.0098876953125,141.32421875,575.0494995117188,155.44140625,576.1386108398438,180.41796875,565.2474975585938,204.30859375,589.2079467773438,156.52734375,584.8515014648438,181.50390625,580.4950561523438,208.65234375,582.6732788085938,108.74609375,587.0297241210938,108.74609375,579.4059448242188,109.83203125,590.2970581054688,109.83203125
586.8515014648438,107.66015625,583.5841674804688,121.77734375,572.6930541992188,121.77734375,562.89111328125,133.72265625,570.5148315429688,147.83984375,594.4752197265625,121.77734375,602.0989990234375,136.98046875,-1.0,-1.0,577.0494995117188,155.44140625,577.0494995117188,180.41796875,571.6039428710938,204.30859375,590.1188354492188,156.52734375,586.8515014648438,180.41796875,581.4059448242188,205.39453125,583.5841674804688,106.57421875,586.8515014648438,106.57421875,579.2277221679688,108.74609375,-1.0,-1.0
592.431396484375,108.953125,586.941162109375,120.984375,575.9608154296875,120.984375,566.0784301757812,133.015625,571.568603515625,146.140625,597.9215698242188,123.171875,604.5098266601562,137.390625,-1.0,-1.0,580.3529663085938,154.890625,582.5490112304688,180.046875,579.2548828125,207.390625,592.431396484375,155.984375,588.0392456054688,181.140625,580.3529663085938,207.390625,590.2352905273438,106.765625,594.62744140625,106.765625,585.8431396484375,107.859375,-1.0,-1.0
601.6534423828125,105.671875,589.6732788085938,122.078125,578.7821655273438,120.984375,567.89111328125,133.015625,574.4257202148438,146.140625,599.4752197265625,124.265625,604.9207763671875,135.203125,-1.0,-1.0,580.9603881835938,155.984375,585.3168334960938,182.234375,582.0494995117188,208.484375,592.9406127929688,158.171875,590.7623901367188,182.234375,583.1386108398438,207.390625,598.3861083984375,102.390625,604.9207763671875,103.484375,589.6732788085938,104.578125,606.0098876953125,106.765625
600.3861083984375,106.765625,591.6732788085938,122.078125,580.7821655273438,119.890625,569.89111328125,131.921875,574.2474975585938,146.140625,602.5643310546875,123.171875,-1.0,-1.0,-1.0,-1.0,582.9603881835938,155.984375,587.3168334960938,181.140625,582.9603881835938,212.859375,594.9406127929688,157.078125,591.6732788085938,182.234375,585.1386108398438,209.578125,597.1188354492188,102.390625,604.7425537109375,103.484375,588.4059448242188,105.671875,606.9207763671875,107.859375
601.1500244140625,106.97265625,592.3499755859375,121.29296875,582.4500122070312,120.19140625,570.3499755859375,132.30859375,576.9500122070312,147.73046875,603.3499755859375,123.49609375,607.75,134.51171875,-1.0,-1.0,585.75,155.44140625,589.0499877929688,181.87890625,589.0499877929688,208.31640625,596.75,156.54296875,594.5499877929688,181.87890625,585.75,207.21484375,597.8499755859375,103.66796875,604.4500122070312,105.87109375,591.25,104.76953125,606.6500244140625,106.97265625
602.0499877929688,106.97265625,595.4500122070312,122.39453125,583.3499755859375,121.29296875,572.3499755859375,132.30859375,578.9500122070312,149.93359375,608.6500244140625,124.59765625,-1.0,-1.0,-1.0,-1.0,586.6500244140625,155.44140625,588.8499755859375,180.77734375,588.8499755859375,205.01171875,599.8499755859375,157.64453125,594.3499755859375,179.67578125,591.0499877929688,205.01171875,598.75,102.56640625,605.3499755859375,104.76953125,592.1500244140625,104.76953125,608.6500244140625,106.97265625
602.9500122070312,106.97265625,597.4500122070312,122.39453125,585.3499755859375,121.29296875,571.0499877929688,131.20703125,578.75,145.52734375,608.4500122070312,124.59765625,611.75,140.01953125,-1.0,-1.0,587.5499877929688,156.54296875,586.4500122070312,182.98046875,582.0499877929688,208.31640625,600.75,157.64453125,597.4500122070312,182.98046875,596.3499755859375,207.21484375,600.75,103.66796875,606.25,104.76953125,594.1500244140625,105.87109375,608.4500122070312,106.97265625
606.0499877929688,108.07421875,599.4500122070312,122.39453125,588.4500122070312,120.19140625,571.9500122070312,131.20703125,579.6500244140625,145.52734375,611.5499877929688,123.49609375,617.0499877929688,137.81640625,612.6500244140625,145.52734375,590.6500244140625,157.64453125,587.3499755859375,181.87890625,581.8499755859375,207.21484375,604.9500122070312,157.64453125,600.5499877929688,180.77734375,598.3499755859375,207.21484375,602.75,104.76953125,609.3499755859375,105.87109375,596.1500244140625,105.87109375,-1.0,-1.0
608.4444580078125,107.1953125,602.888916015625,121.6171875,591.7777709960938,120.5078125,576.2222290039062,130.4921875,582.888916015625,147.1328125,612.888916015625,122.7265625,619.5555419921875,134.9296875,-1.0,-1.0,594.0,157.1171875,598.4444580078125,181.5234375,598.4444580078125,209.2578125,607.3333129882812,156.0078125,604.0,182.6328125,600.6666870117188,210.3671875,605.111083984375,104.9765625,610.6666870117188,104.9765625,598.4444580078125,106.0859375,-1.0,-1.0
611.5555419921875,107.1953125,604.888916015625,121.6171875,593.7777709960938,120.5078125,579.3333129882812,131.6015625,584.888916015625,150.4609375,616.0,122.7265625,622.6666870117188,136.0390625,621.5555419921875,134.9296875,598.2222290039062,156.0078125,602.6666870117188,182.6328125,601.5555419921875,207.0390625,609.3333129882812,156.0078125,604.888916015625,181.5234375,599.3333129882812,203.7109375,609.3333129882812,104.9765625,612.6666870117188,103.8671875,600.4444580078125,106.0859375,-1.0,-1.0
612.9207763671875,106.0859375,608.4851684570312,121.6171875,598.5049438476562,120.5078125,581.8712768554688,131.6015625,581.8712768554688,144.9140625,619.5742797851562,121.6171875,622.9010009765625,138.2578125,619.5742797851562,140.4765625,600.7227783203125,154.8984375,605.158447265625,182.6328125,601.8316650390625,208.1484375,611.8118896484375,154.8984375,606.267333984375,181.5234375,602.9406127929688,207.0390625,609.5940551757812,103.8671875,614.0297241210938,102.7578125,602.9406127929688,106.0859375,-1.0,-1.0
615.2857055664062,105.19921875,607.4285888671875,119.72265625,600.69384765625,119.72265625,583.8571166992188,133.12890625,587.2244873046875,145.41796875,618.653076171875,120.83984375,624.2653198242188,135.36328125,-1.0,-1.0,606.30615234375,156.58984375,608.551025390625,183.40234375,602.9387817382812,207.98046875,613.0408325195312,155.47265625,-1.0,-1.0,-1.0,-1.0,611.9183349609375,102.96484375,-1.0,-1.0,605.1836547851562,105.19921875,-1.0,-1.0
617.2857055664062,105.19921875,611.6734619140625,120.83984375,602.69384765625,119.72265625,585.8571166992188,133.12890625,589.2244873046875,144.30078125,622.89794921875,121.95703125,626.2653198242188,137.59765625,-1.0,-1.0,607.1836547851562,155.47265625,609.4285888671875,184.51953125,602.69384765625,210.21484375,616.1632690429688,155.47265625,612.7958984375,184.51953125,601.5714111328125,207.98046875,615.0408325195312,102.96484375,619.5306396484375,101.84765625,608.30615234375,105.19921875,-1.0,-1.0
-1.0,-1.0,612.551025390625,119.72265625,-1.0,-1.0,-1.0,-1.0,-1.0,-1.0,603.5714111328125,119.72265625,592.346923828125,133.12890625,-1.0,-1.0,611.4285888671875,155.47265625,611.4285888671875,186.75390625,601.3265380859375,207.98046875,610.30615234375,155.47265625,-1.0,-1.0,-1.0,-1.0,-1.0,-1.0,-1.0,-1.0,-1.0,-1.0,-1.0,-1.0
625.7755126953125,105.19921875,617.9183349609375,118.60546875,608.9387817382812,117.48828125,594.346923828125,133.12890625,593.2244873046875,144.30078125,628.0203857421875,119.72265625,-1.0,-1.0,-1.0,-1.0,612.30615234375,155.47265625,611.1836547851562,184.51953125,604.448974609375,205.74609375,622.4081420898438,155.47265625,622.4081420898438,182.28515625,623.5306396484375,196.80859375,624.653076171875,102.96484375,-1.0,-1.0,617.9183349609375,104.08203125,-1.0,-1.0
601.0816040039062,106.31640625,614.551025390625,117.48828125,619.0408325195312,117.48828125,631.3877563476562,137.59765625,-1.0,-1.0,607.8163452148438,118.60546875,598.8367309570312,133.12890625,-1.0,-1.0,624.653076171875,153.23828125,613.4285888671875,185.63671875,607.8163452148438,210.21484375,611.1836547851562,153.23828125,611.1836547851562,184.51953125,608.9387817382812,207.98046875,598.8367309570312,102.96484375,605.5714111328125,101.84765625,616.7958984375,106.31640625,606.69384765625,107.43359375
