-1.0,-1.0,323.0693054199219,154.59765625,338.7524719238281,153.16796875,-1.0,-1.0,-1.0,-1.0,304.53466796875,156.02734375,297.40594482421875,183.19140625,304.53466796875,201.77734375,337.32672119140625,207.49609375,335.9010009765625,246.09765625,337.32672119140625,281.83984375,315.9405822753906,207.49609375,315.9405822753906,247.52734375,333.04949951171875,283.26953125,-1.0,-1.0,-1.0,-1.0,324.49505615234375,137.44140625,311.6633605957031,138.87109375
306.4705810546875,140.30078125,322.2156982421875,154.59765625,337.9607849121094,153.16796875,356.5686340332031,168.89453125,-1.0,-1.0,306.4705810546875,154.59765625,293.5882263183594,176.04296875,303.60784912109375,200.34765625,337.9607849121094,206.06640625,335.0980224609375,246.09765625,336.5294189453125,281.83984375,315.058837890625,207.49609375,315.058837890625,247.52734375,332.23529052734375,281.83984375,-1.0,-1.0,306.4705810546875,137.44140625,323.6470642089844,137.44140625,312.1960754394531,138.87109375
304.96038818359375,140.30078125,322.0693054199219,154.59765625,337.7524719238281,153.16796875,-1.0,-1.0,-1.0,-1.0,304.96038818359375,154.59765625,293.554443359375,171.75390625,299.2574157714844,194.62890625,336.32672119140625,206.06640625,334.9010009765625,244.66796875,334.9010009765625,280.41015625,313.5148620605469,207.49609375,313.5148620605469,246.09765625,332.04949951171875,281.83984375,-1.0,-1.0,306.3861389160156,138.87109375,323.49505615234375,136.01171875,310.6633605957031,138.87109375
305.4705810546875,140.30078125,321.2156982421875,154.59765625,336.9607849121094,153.16796875,-1.0,-1.0,-1.0,-1.0,305.4705810546875,154.59765625,292.5882263183594,171.75390625,299.7450866699219,198.91796875,335.5294189453125,206.06640625,334.0980224609375,246.09765625,335.5294189453125,280.41015625,314.058837890625,207.49609375,312.62744140625,247.52734375,331.23529052734375,281.83984375,-1.0,-1.0,305.4705810546875,137.44140625,322.6470642089844,137.44140625,309.76470947265625,138.87109375
303.96038818359375,140.30078125,321.0693054199219,153.16796875,335.32672119140625,153.16796875,353.86138916015625,168.89453125,-1.0,-1.0,303.96038818359375,153.16796875,291.12872314453125,170.32421875,298.2574157714844,196.05859375,335.32672119140625,206.06640625,332.4752502441406,246.09765625,332.4752502441406,277.55078125,312.5148620605469,206.06640625,311.089111328125,246.09765625,331.04949951171875,278.98046875,-1.0,-1.0,305.3861389160156,137.44140625,321.0693054199219,136.01171875,309.6633605957031,138.87109375
303.0392150878906,140.30078125,320.2156982421875,154.59765625,335.9607849121094,153.16796875,353.13726806640625,168.89453125,-1.0,-1.0,303.0392150878906,153.16796875,290.1568603515625,171.75390625,298.7450866699219,197.48828125,334.5294189453125,206.06640625,331.6666564941406,246.09765625,334.5294189453125,278.98046875,311.62744140625,207.49609375,310.1960754394531,246.09765625,331.6666564941406,278.98046875,-1.0,-1.0,304.4705810546875,138.87109375,320.2156982421875,136.01171875,308.76470947265625,138.87109375
302.96038818359375,140.30078125,318.6435546875,154.59765625,334.32672119140625,154.59765625,354.2871398925781,167.46484375,340.0296936035156,188.91015625,301.53466796875,154.59765625,290.12872314453125,171.75390625,297.2574157714844,197.48828125,332.9010009765625,207.49609375,330.04949951171875,246.09765625,332.9010009765625,278.98046875,311.5148620605469,207.49609375,310.089111328125,247.52734375,330.04949951171875,278.98046875,-1.0,-1.0,304.3861389160156,137.44140625,320.0693054199219,136.01171875,308.6633605957031,138.87109375
302.0392150878906,140.30078125,317.7843017578125,153.16796875,333.5294189453125,153.16796875,353.5686340332031,167.46484375,340.686279296875,190.33984375,302.0392150878906,153.16796875,289.1568603515625,171.75390625,296.313720703125,198.91796875,332.0980224609375,206.06640625,329.23529052734375,246.09765625,333.5294189453125,278.98046875,310.62744140625,207.49609375,310.62744140625,247.52734375,330.6666564941406,278.98046875,-1.0,-1.0,303.4705810546875,137.44140625,319.2156982421875,136.01171875,307.76470947265625,138.87109375
-1.0,-1.0,316.21783447265625,153.16796875,333.32672119140625,154.59765625,351.86138916015625,166.03515625,337.6039733886719,191.76953125,300.53466796875,153.16796875,287.7029724121094,171.75390625,296.2574157714844,198.91796875,331.9010009765625,207.49609375,327.623779296875,247.52734375,333.32672119140625,277.55078125,309.089111328125,207.49609375,309.089111328125,247.52734375,331.9010009765625,277.55078125,-1.0,-1.0,-1.0,-1.0,319.0693054199219,137.44140625,307.6633605957031,137.44140625
-1.0,-1.0,315.3529357910156,153.16796875,332.5294189453125,154.59765625,352.5686340332031,167.46484375,338.2549133300781,191.76953125,299.60784912109375,153.16796875,286.7254943847656,173.18359375,295.313720703125,200.34765625,331.0980224609375,207.49609375,326.8039245605469,247.52734375,332.5294189453125,277.55078125,308.1960754394531,208.92578125,309.62744140625,248.95703125,329.6666564941406,278.98046875,-1.0,-1.0,-1.0,-1.0,318.2156982421875,137.44140625,306.76470947265625,137.44140625
-1.0,-1.0,315.21783447265625,153.16796875,330.9010009765625,153.16796875,350.86138916015625,167.46484375,336.6039733886719,191.76953125,299.53466796875,153.16796875,286.7029724121094,173.18359375,295.2574157714844,200.34765625,329.4752502441406,207.49609375,326.623779296875,247.52734375,330.9010009765625,278.98046875,308.089111328125,208.92578125,308.089111328125,248.95703125,330.9010009765625,278.98046875,-1.0,-1.0,-1.0,-1.0,316.6435546875,137.44140625,305.23760986328125,137.44140625
-1.0,-1.0,314.3529357910156,154.59765625,330.0980224609375,154.59765625,350.13726806640625,171.75390625,337.2549133300781,190.33984375,298.60784912109375,154.59765625,284.29412841796875,171.75390625,292.8823547363281,197.48828125,328.6666564941406,208.92578125,325.8039245605469,247.52734375,328.6666564941406,278.98046875,307.1960754394531,208.92578125,308.62744140625,248.95703125,331.5294189453125,278.98046875,-1.0,-1.0,-1.0,-1.0,314.3529357910156,137.44140625,304.3333435058594,137.44140625
297.1089172363281,138.87109375,312.7920837402344,154.59765625,328.4752502441406,153.16796875,349.86138916015625,167.46484375,337.0296936035156,188.91015625,297.1089172363281,154.59765625,284.2772216796875,173.18359375,291.40594482421875,197.48828125,328.4752502441406,207.49609375,325.623779296875,247.52734375,325.623779296875,277.55078125,305.6633605957031,208.92578125,307.089111328125,248.95703125,331.32672119140625,280.41015625,-1.0,-1.0,-1.0,-1.0,312.7920837402344,136.01171875,302.8118896484375,137.44140625
296.1764831542969,138.87109375,311.92156982421875,154.59765625,327.6666564941406,153.16796875,349.13726806640625,168.89453125,336.2549133300781,188.91015625,296.1764831542969,154.59765625,283.29412841796875,173.18359375,290.45098876953125,197.48828125,327.6666564941406,207.49609375,324.8039245605469,247.52734375,324.8039245605469,278.98046875,304.76470947265625,208.92578125,307.62744140625,248.95703125,330.5294189453125,280.41015625,-1.0,-1.0,-1.0,-1.0,311.92156982421875,136.01171875,301.9019470214844,137.44140625
295.55999755859375,138.96875,311.3999938964844,154.78125,327.239990234375,153.34375,348.8399963378906,167.71875,335.8800048828125,189.28125,295.55999755859375,154.78125,282.6000061035156,173.46875,289.79998779296875,197.90625,325.79998779296875,207.96875,322.9200134277344,248.21875,325.79998779296875,279.84375,304.20001220703125,209.40625,305.6400146484375,249.65625,330.1199951171875,279.84375,-1.0,-1.0,-1.0,-1.0,311.3999938964844,136.09375,301.32000732421875,137.53125
294.55999755859375,138.96875,310.3999938964844,154.78125,326.239990234375,153.34375,347.8399963378906,167.71875,334.8800048828125,189.28125,294.55999755859375,154.78125,281.6000061035156,173.46875,288.79998779296875,197.90625,326.239990234375,207.96875,323.3599853515625,248.21875,324.79998779296875,279.84375,303.20001220703125,209.40625,306.08001708984375,249.65625,330.55999755859375,281.28125,-1.0,-1.0,296.0,136.09375,311.8399963378906,137.53125,300.32000732421875,137.53125
293.55999755859375,140.40625,309.3999938964844,154.78125,325.239990234375,153.34375,346.8399963378906,166.28125,333.8800048828125,189.28125,293.55999755859375,154.78125,280.6000061035156,173.46875,287.79998779296875,197.90625,325.239990234375,207.96875,322.3599853515625,248.21875,326.67999267578125,279.84375,302.20001220703125,209.40625,305.08001708984375,249.65625,329.55999755859375,281.28125,-1.0,-1.0,296.44000244140625,136.09375,310.8399963378906,137.53125,299.32000732421875,137.53125
293.1764831542969,138.96875,308.92156982421875,154.78125,323.23529052734375,153.34375,346.13726806640625,169.15625,333.2549133300781,187.84375,293.1764831542969,154.78125,278.86273193359375,172.03125,286.01959228515625,197.90625,323.23529052734375,207.96875,320.37255859375,248.21875,321.8039245605469,279.84375,301.76470947265625,209.40625,304.62744140625,249.65625,328.9607849121094,281.28125,-1.0,-1.0,-1.0,-1.0,308.92156982421875,136.09375,297.4705810546875,137.53125
292.1764831542969,139.87109375,307.92156982421875,154.16796875,323.6666564941406,154.16796875,346.5686340332031,169.89453125,332.2549133300781,188.48046875,292.1764831542969,154.16796875,277.86273193359375,172.75390625,285.01959228515625,198.48828125,322.23529052734375,208.49609375,319.37255859375,248.52734375,320.8039245605469,278.55078125,300.76470947265625,209.92578125,303.62744140625,249.95703125,327.9607849121094,281.41015625,-1.0,-1.0,-1.0,-1.0,309.3529357910156,137.01171875,297.9019470214844,137.01171875
291.55999755859375,139.96875,307.3999938964844,154.34375,321.79998779296875,154.34375,343.3999938964844,170.15625,331.8800048828125,188.84375,291.55999755859375,154.34375,277.1600036621094,174.46875,284.3599853515625,198.90625,321.79998779296875,207.53125,318.9200134277344,249.21875,320.3599853515625,277.96875,298.760009765625,208.96875,301.6400146484375,250.65625,326.1199951171875,280.84375,-1.0,-1.0,-1.0,-1.0,307.3999938964844,135.65625,295.8800048828125,137.09375
290.55999755859375,139.96875,306.3999938964844,154.34375,320.79998779296875,154.34375,342.3999938964844,170.15625,330.8800048828125,188.84375,290.55999755859375,154.34375,276.1600036621094,173.03125,283.3599853515625,198.90625,320.79998779296875,208.96875,317.9200134277344,249.21875,320.79998779296875,280.84375,297.760009765625,210.40625,300.6400146484375,250.65625,323.67999267578125,280.84375,-1.0,-1.0,-1.0,-1.0,306.3999938964844,135.65625,294.8800048828125,137.09375
290.1764831542969,139.96875,304.4902038574219,154.34375,320.23529052734375,154.34375,341.70587158203125,170.15625,328.8235168457031,188.84375,288.7450866699219,154.34375,274.4313659667969,173.03125,281.5882263183594,197.46875,318.8039245605469,208.96875,315.941162109375,249.21875,318.8039245605469,280.84375,295.9019470214844,208.96875,297.3333435058594,250.65625,321.6666564941406,280.84375,-1.0,-1.0,-1.0,-1.0,305.92156982421875,137.09375,293.0392150878906,137.09375
288.55999755859375,140.06640625,304.3999938964844,154.51953125,318.79998779296875,154.51953125,340.3999938964844,170.41796875,328.8800048828125,187.76171875,287.1199951171875,154.51953125,274.1600036621094,173.30859375,281.3599853515625,197.87890625,317.3599853515625,207.99609375,315.9200134277344,248.46484375,318.79998779296875,280.26171875,295.760009765625,209.44140625,295.760009765625,249.91015625,320.239990234375,283.15234375,-1.0,-1.0,-1.0,-1.0,304.3999938964844,137.17578125,292.8800048828125,137.17578125
287.3465270996094,140.06640625,303.2475280761719,154.51953125,317.7029724121094,154.51953125,339.3861389160156,170.41796875,327.82177734375,189.20703125,287.3465270996094,154.51953125,272.8910827636719,173.30859375,280.1188049316406,197.87890625,317.7029724121094,209.44140625,314.8118896484375,248.46484375,317.7029724121094,281.70703125,294.5742492675781,210.88671875,293.12872314453125,249.91015625,317.7029724121094,283.15234375,-1.0,-1.0,-1.0,-1.0,303.2475280761719,135.73046875,291.68316650390625,137.17578125
285.7272644042969,141.6171875,301.7272644042969,154.6953125,317.7272644042969,154.6953125,338.0909118652344,170.6796875,326.4545593261719,189.5703125,285.7272644042969,154.6953125,272.6363525390625,173.5859375,279.9090881347656,198.2890625,316.2727355957031,208.4609375,313.3636474609375,249.1484375,314.81817626953125,281.1171875,293.0,209.9140625,291.54547119140625,249.1484375,316.2727355957031,284.0234375,-1.0,-1.0,-1.0,-1.0,301.7272644042969,135.8046875,290.0909118652344,137.2578125
284.7272644042969,141.1640625,300.7272644042969,154.2421875,316.7272644042969,154.2421875,337.0909118652344,170.2265625,325.4545593261719,189.1171875,284.7272644042969,154.2421875,271.6363525390625,174.5859375,278.9090881347656,199.2890625,315.2727355957031,209.4609375,312.3636474609375,248.6953125,315.2727355957031,282.1171875,292.0,209.4609375,290.54547119140625,250.1484375,313.81817626953125,283.5703125,-1.0,-1.0,-1.0,-1.0,300.7272644042969,136.8046875,289.0909118652344,136.8046875
284.25,141.1640625,298.8500061035156,154.2421875,316.3699951171875,154.2421875,336.80999755859375,170.2265625,323.6700134277344,190.5703125,282.7900085449219,154.2421875,269.6499938964844,174.5859375,278.4100036621094,197.8359375,314.9100036621094,208.0078125,311.989990234375,248.6953125,314.9100036621094,282.1171875,291.54998779296875,210.9140625,288.6300048828125,250.1484375,314.9100036621094,283.5703125,-1.0,-1.0,-1.0,-1.0,300.30999755859375,136.8046875,288.6300048828125,136.8046875
-1.0,-1.0,297.7272644042969,154.41015625,313.7272644042969,154.41015625,335.54547119140625,170.48046875,322.4545593261719,190.93359375,281.7272644042969,154.41015625,268.6363525390625,174.86328125,277.3636474609375,198.23828125,313.7272644042969,208.46484375,310.81817626953125,249.37109375,312.2727355957031,281.51171875,290.4545593261719,211.38671875,287.54547119140625,249.37109375,310.81817626953125,281.51171875,-1.0,-1.0,-1.0,-1.0,299.18182373046875,136.87890625,287.54547119140625,136.87890625
-1.0,-1.0,297.65655517578125,154.578125,313.8787841796875,154.578125,333.0505065917969,163.390625,-1.0,-1.0,281.4343566894531,154.578125,268.16162109375,175.140625,277.0101013183594,198.640625,313.8787841796875,208.921875,309.45452880859375,248.578125,310.9292907714844,282.359375,290.2828369140625,210.390625,285.85858154296875,250.046875,310.9292907714844,283.828125,-1.0,-1.0,-1.0,-1.0,297.65655517578125,136.953125,287.3333435058594,136.953125
-1.0,-1.0,295.7959289550781,154.74609375,311.95916748046875,154.74609375,332.5306091308594,163.60546875,-1.0,-1.0,281.10205078125,154.74609375,266.4081726074219,173.94140625,273.7550964355469,197.56640625,311.95916748046875,209.37890625,307.551025390625,249.24609375,309.0204162597656,281.73046875,288.448974609375,210.85546875,286.9795837402344,250.72265625,310.48980712890625,283.20703125,-1.0,-1.0,-1.0,-1.0,298.73468017578125,137.02734375,285.51019287109375,137.02734375
-1.0,-1.0,294.7959289550781,154.74609375,310.95916748046875,154.74609375,331.5306091308594,163.60546875,-1.0,-1.0,280.10205078125,154.74609375,265.4081726074219,173.94140625,272.7550964355469,197.56640625,310.95916748046875,209.37890625,306.551025390625,249.24609375,308.0204162597656,281.73046875,287.448974609375,212.33203125,285.9795837402344,250.72265625,309.48980712890625,283.20703125,-1.0,-1.0,-1.0,-1.0,297.73468017578125,137.02734375,284.51019287109375,137.02734375
-1.0,-1.0,294.7550964355469,154.9140625,311.1428527832031,154.9140625,-1.0,-1.0,-1.0,-1.0,278.3673400878906,154.9140625,264.9591979980469,174.2109375,272.4081726074219,197.9609375,309.653076171875,209.8359375,306.6734619140625,249.9140625,308.16326904296875,281.0859375,287.3061218261719,211.3203125,284.3265380859375,251.3984375,308.16326904296875,282.5703125,-1.0,-1.0,-1.0,-1.0,296.2449035644531,137.1015625,284.3265380859375,137.1015625
-1.0,-1.0,293.1443176269531,154.9140625,309.4742126464844,154.9140625,328.773193359375,162.3359375,-1.0,-1.0,278.2989807128906,154.9140625,263.45361328125,174.2109375,272.36083984375,197.9609375,309.4742126464844,209.8359375,305.0206298828125,248.4296875,306.5051574707031,281.0859375,287.2061767578125,211.3203125,284.23712158203125,249.9140625,307.98968505859375,284.0546875,-1.0,-1.0,-1.0,-1.0,296.1134033203125,137.1015625,282.7525634765625,137.1015625
-1.0,-1.0,293.7550964355469,154.9140625,308.653076171875,153.4296875,325.04083251953125,172.7265625,-1.0,-1.0,277.3673400878906,154.9140625,262.4693908691406,174.2109375,271.4081726074219,197.9609375,308.653076171875,209.8359375,304.1836853027344,248.4296875,305.6734619140625,281.0859375,286.3061218261719,209.8359375,284.8163146972656,249.9140625,308.653076171875,282.5703125,-1.0,-1.0,-1.0,-1.0,293.7550964355469,137.1015625,281.83673095703125,137.1015625
-1.0,-1.0,292.1443176269531,154.9140625,308.4742126464844,154.9140625,327.773193359375,163.8203125,-1.0,-1.0,275.8144226074219,154.9140625,262.45361328125,174.2109375,269.87628173828125,199.4453125,308.4742126464844,209.8359375,304.0206298828125,249.9140625,305.5051574707031,281.0859375,284.7216491699219,211.3203125,283.23712158203125,251.3984375,306.98968505859375,284.0546875,-1.0,-1.0,-1.0,-1.0,292.1443176269531,137.1015625,280.2680358886719,137.1015625
-1.0,-1.0,291.26531982421875,155.08203125,306.16326904296875,153.58984375,327.0204162597656,172.98828125,313.61224365234375,192.38671875,274.8775634765625,155.08203125,261.4693908691406,174.48046875,268.9183654785156,198.35546875,307.653076171875,210.29296875,303.1836853027344,249.08984375,303.1836853027344,280.42578125,283.8163146972656,211.78515625,282.3265380859375,250.58203125,307.653076171875,283.41015625,-1.0,-1.0,-1.0,-1.0,291.26531982421875,137.17578125,279.346923828125,137.17578125
274.8144226074219,141.65234375,289.6597900390625,153.58984375,305.98968505859375,153.58984375,326.773193359375,171.49609375,313.412353515625,190.89453125,273.32989501953125,155.08203125,259.9690856933594,175.97265625,268.87628173828125,199.84765625,305.98968505859375,208.80078125,303.0206298828125,250.58203125,303.0206298828125,280.42578125,283.7216491699219,210.29296875,282.23712158203125,250.58203125,307.4742126464844,283.41015625,-1.0,-1.0,-1.0,-1.0,291.1443176269531,137.17578125,279.2680358886719,137.17578125
272.38775634765625,141.65234375,288.7755126953125,155.08203125,305.16326904296875,153.58984375,326.0204162597656,171.49609375,312.61224365234375,190.89453125,272.38775634765625,155.08203125,258.9795837402344,174.48046875,267.9183654785156,199.84765625,305.16326904296875,208.80078125,302.1836853027344,250.58203125,302.1836853027344,281.91796875,281.3265380859375,210.29296875,281.3265380859375,252.07421875,306.653076171875,283.41015625,-1.0,-1.0,-1.0,-1.0,288.7755126953125,137.17578125,278.346923828125,137.17578125
272.32989501953125,141.65234375,288.6597900390625,155.08203125,304.98968505859375,153.58984375,325.773193359375,168.51171875,312.412353515625,190.89453125,272.32989501953125,155.08203125,258.9690856933594,174.48046875,267.87628173828125,199.84765625,304.98968505859375,208.80078125,302.0206298828125,250.58203125,302.0206298828125,281.91796875,281.23712158203125,210.29296875,281.23712158203125,252.07421875,306.4742126464844,283.41015625,-1.0,-1.0,-1.0,-1.0,288.6597900390625,137.17578125,278.2680358886719,137.17578125
272.8775634765625,141.65234375,289.26531982421875,153.58984375,304.16326904296875,153.58984375,325.0204162597656,171.49609375,311.61224365234375,192.38671875,272.8775634765625,155.08203125,259.4693908691406,174.48046875,266.9183654785156,198.35546875,305.653076171875,210.29296875,301.1836853027344,250.58203125,301.1836853027344,280.42578125,281.8163146972656,211.78515625,281.8163146972656,250.58203125,305.653076171875,283.41015625,-1.0,-1.0,-1.0,-1.0,289.26531982421875,137.17578125,277.346923828125,137.17578125
-1.0,-1.0,287.6597900390625,153.58984375,302.5051574707031,153.58984375,324.773193359375,168.51171875,311.412353515625,189.40234375,271.32989501953125,155.08203125,257.9690856933594,174.48046875,265.3917541503906,201.33984375,302.5051574707031,208.80078125,299.53607177734375,250.58203125,301.0206298828125,283.41015625,280.23712158203125,210.29296875,280.23712158203125,252.07421875,305.4742126464844,284.90234375,-1.0,-1.0,-1.0,-1.0,287.6597900390625,135.68359375,275.78350830078125,137.17578125
-1.0,-1.0,286.1752624511719,153.58984375,302.5051574707031,153.58984375,324.773193359375,168.51171875,312.89691162109375,189.40234375,269.8453674316406,155.08203125,256.4845275878906,174.48046875,263.9072265625,201.33984375,301.0206298828125,208.80078125,299.53607177734375,250.58203125,302.5051574707031,281.91796875,278.7525634765625,210.29296875,280.23712158203125,252.07421875,305.4742126464844,284.90234375,-1.0,-1.0,-1.0,-1.0,287.6597900390625,135.68359375,274.2989807128906,137.17578125
-1.0,-1.0,286.7755126953125,153.58984375,301.6734619140625,153.58984375,324.0204162597656,170.00390625,312.10205078125,189.40234375,268.89794921875,155.08203125,256.9795837402344,174.48046875,262.93878173828125,201.33984375,301.6734619140625,210.29296875,298.6938781738281,250.58203125,301.6734619140625,283.41015625,277.83673095703125,210.29296875,279.3265380859375,252.07421875,304.653076171875,284.90234375,-1.0,-1.0,-1.0,-1.0,286.7755126953125,135.68359375,274.8571472167969,137.17578125
-1.0,-1.0,285.1752624511719,153.58984375,301.5051574707031,153.58984375,323.773193359375,168.51171875,311.89691162109375,189.40234375,268.8453674316406,155.08203125,255.4845428466797,174.48046875,262.9072265625,201.33984375,300.0206298828125,210.29296875,298.53607177734375,250.58203125,301.5051574707031,283.41015625,277.7525634765625,210.29296875,279.23712158203125,252.07421875,304.4742126464844,286.39453125,-1.0,-1.0,-1.0,-1.0,286.6597900390625,134.19140625,273.2989807128906,137.17578125
-1.0,-1.0,285.6082458496094,153.75,302.1649475097656,153.75,324.74224853515625,168.75,311.19586181640625,189.75,269.0515441894531,155.25,255.50515747070312,174.75,263.0309143066406,200.25,300.6597900390625,209.25,297.64947509765625,251.25,300.6597900390625,282.75,278.08245849609375,210.75,279.5876159667969,252.75,305.1752624511719,285.75,-1.0,-1.0,-1.0,-1.0,287.1134033203125,134.25,273.5670166015625,135.75
-1.0,-1.0,285.75,154.41796875,300.75,152.91015625,324.75,169.49609375,311.25,190.60546875,267.75,154.41796875,257.25,175.52734375,263.25,201.16015625,300.75,208.69921875,297.75,250.91796875,302.25,284.08984375,278.25,210.20703125,279.75,252.42578125,305.25,285.59765625,-1.0,-1.0,-1.0,-1.0,288.75,134.81640625,273.75,136.32421875
-1.0,-1.0,285.25,154.41796875,301.75,152.91015625,325.75,169.49609375,312.25,189.09765625,268.75,155.92578125,258.25,178.54296875,264.25,202.66796875,300.25,208.69921875,297.25,250.91796875,301.75,284.08984375,277.75,210.20703125,279.25,252.42578125,304.75,285.59765625,-1.0,-1.0,-1.0,-1.0,288.25,134.81640625,273.25,136.32421875
-1.0,-1.0,287.1770935058594,153.5859375,303.90625,153.5859375,326.71875,168.7421875,313.03125,188.4453125,270.4479064941406,155.1015625,258.28125,174.8046875,264.3645935058594,200.5703125,302.3854064941406,209.6640625,299.34375,250.5859375,303.90625,283.9296875,279.5729064941406,211.1796875,281.09375,252.1015625,305.4270935058594,285.4453125,-1.0,-1.0,-1.0,-1.0,288.6979064941406,133.8828125,275.0104064941406,135.3984375
-1.0,-1.0,288.07366943359375,153.5859375,304.74737548828125,153.5859375,327.4842224121094,168.7421875,313.84210205078125,188.4453125,271.3999938964844,155.1015625,259.273681640625,174.8046875,265.33685302734375,200.5703125,303.2315673828125,209.6640625,300.20001220703125,250.5859375,303.2315673828125,283.9296875,280.4947509765625,211.1796875,282.0105285644531,252.1015625,307.7789611816406,285.4453125,-1.0,-1.0,-1.0,-1.0,289.5894775390625,133.8828125,275.9473571777344,135.3984375
272.96875,139.04296875,289.6979064941406,152.75390625,306.4270935058594,152.75390625,327.71875,169.51171875,315.5520935058594,189.31640625,272.96875,154.27734375,259.28125,174.08203125,265.3645935058594,199.98046875,303.3854064941406,209.12109375,300.34375,250.25390625,303.3854064941406,283.76953125,280.5729064941406,210.64453125,282.09375,251.77734375,307.9479064941406,286.81640625,-1.0,-1.0,-1.0,-1.0,289.6979064941406,134.47265625,277.53125,134.47265625
-1.0,-1.0,290.5894775390625,152.75390625,307.2631530761719,152.75390625,328.4842224121094,161.89453125,-1.0,-1.0,273.9158020019531,154.27734375,260.273681640625,174.08203125,267.8526306152344,199.98046875,305.74737548828125,209.12109375,302.7157897949219,250.25390625,305.74737548828125,283.76953125,283.0105285644531,210.64453125,284.52630615234375,251.77734375,308.7789611816406,286.81640625,-1.0,-1.0,-1.0,-1.0,292.1052551269531,134.47265625,278.4631652832031,134.47265625
-1.0,-1.0,292.7021179199219,151.921875,309.5531921386719,151.921875,329.46807861328125,161.109375,-1.0,-1.0,275.85107421875,153.453125,262.0638427734375,173.359375,269.7234191894531,199.390625,308.0212707519531,208.578125,304.95745849609375,251.453125,308.0212707519531,285.140625,283.5106506347656,210.109375,286.574462890625,252.984375,312.6170349121094,286.671875,-1.0,-1.0,-1.0,-1.0,294.2340393066406,133.546875,280.4468078613281,133.546875
-1.0,-1.0,293.5789489746094,151.921875,312.02105712890625,151.921875,-1.0,-1.0,-1.0,-1.0,276.6736755371094,153.453125,262.84210205078125,171.828125,270.52630615234375,197.859375,308.9473571777344,210.109375,305.8736877441406,251.453125,310.4842224121094,286.671875,285.8947448730469,210.109375,287.43157958984375,252.984375,315.0947265625,286.671875,-1.0,-1.0,-1.0,-1.0,295.11578369140625,133.546875,282.821044921875,133.546875
279.9148864746094,135.69921875,296.7659606933594,152.62890625,313.6170349121094,152.62890625,-1.0,-1.0,-1.0,-1.0,279.9148864746094,152.62890625,264.5957336425781,172.63671875,272.25531005859375,197.26171875,310.5531921386719,209.57421875,305.95745849609375,251.12890625,310.5531921386719,286.52734375,287.574462890625,209.57421875,289.10638427734375,252.66796875,315.14892578125,286.52734375,-1.0,-1.0,-1.0,-1.0,296.7659606933594,132.62109375,284.5106506347656,134.16015625
-1.0,-1.0,298.11578369140625,152.62890625,315.02105712890625,151.08984375,-1.0,-1.0,-1.0,-1.0,281.21051025390625,152.62890625,267.3789367675781,172.63671875,273.52630615234375,197.26171875,313.4842224121094,209.57421875,308.8736877441406,251.12890625,315.02105712890625,286.52734375,288.8947448730469,209.57421875,290.43157958984375,252.66796875,318.0947265625,286.52734375,-1.0,-1.0,-1.0,-1.0,299.6526184082031,132.62109375,287.35791015625,132.62109375
284.74737548828125,135.69921875,300.11578369140625,151.08984375,317.02105712890625,151.08984375,-1.0,-1.0,-1.0,-1.0,283.21051025390625,152.62890625,267.84210205078125,171.09765625,275.52630615234375,197.26171875,313.9473571777344,209.57421875,310.8736877441406,251.12890625,315.4842224121094,286.52734375,290.8947448730469,209.57421875,292.43157958984375,252.66796875,320.0947265625,286.52734375,-1.0,-1.0,-1.0,-1.0,300.11578369140625,132.62109375,289.35791015625,132.62109375
285.8125,136.23828125,301.2291564941406,151.62890625,318.1875,151.62890625,-1.0,-1.0,-1.0,-1.0,284.2708435058594,151.62890625,270.3958435058594,171.63671875,278.1041564941406,197.80078125,315.1041564941406,208.57421875,312.0208435058594,250.12890625,316.6458435058594,285.52734375,291.9791564941406,208.57421875,293.5208435058594,251.66796875,321.2708435058594,285.52734375,-1.0,-1.0,-1.0,-1.0,302.7708435058594,133.16015625,290.4375,133.16015625
287.8125,134.69921875,303.2291564941406,151.62890625,320.1875,151.62890625,-1.0,-1.0,-1.0,-1.0,286.2708435058594,151.62890625,272.3958435058594,171.63671875,280.1041564941406,197.80078125,317.1041564941406,208.57421875,314.0208435058594,250.12890625,318.6458435058594,285.52734375,293.9791564941406,210.11328125,295.5208435058594,253.20703125,321.7291564941406,285.52734375,-1.0,-1.0,-1.0,-1.0,304.7708435058594,131.62109375,292.4375,133.16015625
288.2708435058594,133.16015625,305.2291564941406,150.08984375,322.1875,150.08984375,-1.0,-1.0,-1.0,-1.0,286.7291564941406,151.62890625,272.8541564941406,171.63671875,280.5625,197.80078125,319.1041564941406,208.57421875,316.0208435058594,251.66796875,320.6458435058594,285.52734375,295.9791564941406,210.11328125,297.5208435058594,253.20703125,322.1875,285.52734375,-1.0,-1.0,289.8125,128.54296875,306.7708435058594,131.62109375,294.4375,131.62109375
-1.0,-1.0,306.5670166015625,150.62890625,323.57733154296875,150.62890625,-1.0,-1.0,-1.0,-1.0,289.55670166015625,150.62890625,275.63916015625,172.17578125,283.3711242675781,196.80078125,322.0309143066406,207.57421875,317.3917541503906,250.66796875,318.9381408691406,284.52734375,297.2886657714844,209.11328125,297.2886657714844,252.20703125,323.57733154296875,286.06640625,-1.0,-1.0,-1.0,-1.0,308.1134033203125,132.16015625,295.7422790527344,132.16015625
-1.0,-1.0,308.5670166015625,150.62890625,325.57733154296875,150.62890625,-1.0,-1.0,-1.0,-1.0,291.55670166015625,150.62890625,277.63916015625,172.17578125,283.8247375488281,198.33984375,324.0309143066406,207.57421875,319.3917541503906,250.66796875,320.9381408691406,284.52734375,299.2886657714844,209.11328125,297.7422790527344,252.20703125,324.0309143066406,286.06640625,-1.0,-1.0,-1.0,-1.0,308.5670166015625,132.16015625,296.19586181640625,132.16015625
-1.0,-1.0,310.5670166015625,150.62890625,327.57733154296875,150.62890625,-1.0,-1.0,-1.0,-1.0,292.01031494140625,150.62890625,278.0927734375,172.17578125,285.8247375488281,198.33984375,326.0309143066406,207.57421875,321.3917541503906,250.66796875,322.9381408691406,284.52734375,301.2886657714844,209.11328125,298.19586181640625,252.20703125,326.0309143066406,287.60546875,-1.0,-1.0,-1.0,-1.0,312.1134033203125,130.62109375,298.19586181640625,130.62109375
295.1919250488281,135.77734375,312.080810546875,149.62890625,328.9696960449219,149.62890625,-1.0,-1.0,-1.0,-1.0,295.1919250488281,149.62890625,281.3737487792969,171.17578125,287.51513671875,197.33984375,327.4343566894531,208.11328125,322.8282775878906,251.20703125,324.3636474609375,285.06640625,302.8686828613281,209.65234375,299.7979736328125,251.20703125,327.4343566894531,286.60546875,-1.0,-1.0,-1.0,-1.0,312.080810546875,131.16015625,299.7979736328125,131.16015625
295.7099914550781,134.23828125,312.6499938964844,149.62890625,331.1300048828125,149.62890625,354.22998046875,165.01953125,338.8299865722656,188.10546875,295.7099914550781,149.62890625,283.3900146484375,171.17578125,289.54998779296875,197.33984375,329.5899963378906,206.57421875,324.9700012207031,251.20703125,326.510009765625,285.06640625,304.95001220703125,208.11328125,300.3299865722656,251.20703125,328.04998779296875,286.60546875,-1.0,-1.0,-1.0,-1.0,314.19000244140625,131.16015625,301.8699951171875,131.16015625
297.7099914550781,134.23828125,316.19000244140625,149.62890625,333.1300048828125,148.08984375,356.22998046875,165.01953125,340.8299865722656,188.10546875,297.7099914550781,149.62890625,285.3900146484375,171.17578125,291.54998779296875,197.33984375,331.5899963378906,208.11328125,326.9700012207031,251.20703125,328.510009765625,285.06640625,306.95001220703125,208.11328125,302.3299865722656,251.20703125,328.510009765625,286.60546875,-1.0,-1.0,-1.0,-1.0,316.19000244140625,131.16015625,303.8699951171875,131.16015625
299.7099914550781,134.77734375,318.19000244140625,148.62890625,335.1300048828125,148.62890625,358.22998046875,164.01953125,342.8299865722656,187.10546875,301.25,150.16796875,287.3900146484375,170.17578125,293.54998779296875,196.33984375,333.5899963378906,207.11328125,328.9700012207031,250.20703125,330.510009765625,284.06640625,308.95001220703125,208.65234375,304.3299865722656,251.74609375,328.9700012207031,284.06640625,-1.0,-1.0,301.25,130.16015625,316.6499938964844,130.16015625,305.8699951171875,130.16015625
301.7099914550781,134.77734375,320.19000244140625,148.62890625,337.1300048828125,148.62890625,360.22998046875,162.48046875,344.8299865722656,187.10546875,303.25,150.16796875,289.3900146484375,170.17578125,295.54998779296875,196.33984375,335.5899963378906,207.11328125,330.9700012207031,250.20703125,334.04998779296875,284.06640625,310.95001220703125,207.11328125,306.3299865722656,250.20703125,330.9700012207031,284.06640625,-1.0,-1.0,303.25,130.16015625,318.6499938964844,130.16015625,307.8699951171875,130.16015625
303.7099914550781,133.23828125,322.19000244140625,148.62890625,339.1300048828125,148.62890625,362.22998046875,164.01953125,346.8299865722656,187.10546875,303.7099914550781,148.62890625,291.3900146484375,170.17578125,297.54998779296875,196.33984375,337.5899963378906,207.11328125,332.9700012207031,250.20703125,334.510009765625,284.06640625,312.95001220703125,207.11328125,308.3299865722656,251.74609375,332.9700012207031,284.06640625,-1.0,-1.0,305.25,128.62109375,320.6499938964844,130.16015625,309.8699951171875,130.16015625
305.5,133.98828125,324.2200012207031,147.98046875,341.3800048828125,147.98046875,363.2200012207031,165.08203125,347.6199951171875,188.40234375,307.05999755859375,147.98046875,293.0199890136719,171.30078125,299.260009765625,196.17578125,339.82000732421875,207.05859375,333.5799865722656,250.58984375,336.70001220703125,283.23828125,314.8599853515625,208.61328125,310.17999267578125,250.58984375,338.260009765625,286.34765625,-1.0,-1.0,-1.0,-1.0,324.2200012207031,129.32421875,311.739990234375,130.87890625
308.05999755859375,134.09375,325.2200012207031,148.15625,342.3800048828125,148.15625,-1.0,-1.0,-1.0,-1.0,308.05999755859375,148.15625,294.0199890136719,170.03125,300.260009765625,195.03125,340.82000732421875,207.53125,336.1400146484375,251.28125,337.70001220703125,284.09375,315.8599853515625,207.53125,312.739990234375,251.28125,340.82000732421875,285.65625,-1.0,-1.0,-1.0,-1.0,326.7799987792969,129.40625,312.739990234375,129.40625
308.05999755859375,132.53125,326.7799987792969,148.15625,343.94000244140625,146.59375,-1.0,-1.0,-1.0,-1.0,309.6199951171875,148.15625,295.5799865722656,168.46875,301.82000732421875,195.03125,340.82000732421875,205.96875,336.1400146484375,251.28125,339.260009765625,284.09375,317.41998291015625,207.53125,314.29998779296875,251.28125,340.82000732421875,285.65625,-1.0,-1.0,309.6199951171875,126.28125,326.7799987792969,129.40625,314.29998779296875,129.40625
309.2727355957031,131.7265625,328.18182373046875,147.5078125,345.51513671875,147.5078125,-1.0,-1.0,-1.0,-1.0,309.2727355957031,149.0859375,296.6666564941406,169.6015625,302.9696960449219,194.8515625,342.3636474609375,207.4765625,337.6363525390625,250.0859375,340.7878723144531,284.8046875,318.7272644042969,207.4765625,317.1515197753906,251.6640625,342.3636474609375,286.3828125,-1.0,-1.0,-1.0,-1.0,328.18182373046875,128.5703125,315.57574462890625,128.5703125
311.226806640625,131.82421875,328.69073486328125,147.68359375,346.1546325683594,147.68359375,-1.0,-1.0,-1.0,-1.0,311.226806640625,147.68359375,296.9381408691406,168.30078125,303.2886657714844,195.26171875,344.5670166015625,206.36328125,339.80413818359375,250.76953125,344.5670166015625,285.66015625,319.1649475097656,207.94921875,317.57733154296875,250.76953125,342.9793701171875,285.66015625,-1.0,-1.0,311.226806640625,127.06640625,330.2783508300781,128.65234375,315.98968505859375,128.65234375
311.28570556640625,131.921875,328.7959289550781,147.859375,346.3061218261719,146.265625,-1.0,-1.0,-1.0,-1.0,311.28570556640625,147.859375,298.551025390625,168.578125,306.51019287109375,197.265625,344.71429443359375,206.828125,341.5306091308594,249.859375,344.71429443359375,286.515625,320.83673095703125,208.421875,317.653076171875,251.453125,346.3061218261719,286.515625,-1.0,-1.0,312.8775634765625,127.140625,328.7959289550781,128.734375,316.06121826171875,128.734375
310.9072265625,131.1171875,330.2061767578125,147.2109375,346.2886657714844,145.6015625,-1.0,-1.0,-1.0,-1.0,312.5154724121094,147.2109375,298.0412292480469,168.1328125,306.08245849609375,197.1015625,344.680419921875,206.7578125,341.46392822265625,250.2109375,347.89691162109375,285.6171875,320.55670166015625,206.7578125,320.55670166015625,251.8203125,346.2886657714844,285.6171875,-1.0,-1.0,312.5154724121094,126.2890625,331.8144226074219,127.8984375,317.3402099609375,127.8984375
311.9375,131.21484375,329.8125,147.38671875,347.6875,145.76953125,-1.0,-1.0,-1.0,-1.0,311.9375,147.38671875,298.9375,168.41015625,307.0625,195.90234375,346.0625,205.60546875,342.8125,249.26953125,347.6875,286.46484375,321.6875,207.22265625,320.0625,250.88671875,349.3125,286.46484375,-1.0,-1.0,313.5625,126.36328125,331.4375,127.98046875,318.4375,127.98046875
312.9375,129.6875,330.8125,145.9375,347.0625,145.9375,-1.0,-1.0,-1.0,-1.0,312.9375,147.5625,299.9375,168.6875,308.0625,197.9375,347.0625,206.0625,343.8125,249.9375,348.6875,285.6875,321.0625,206.0625,321.0625,251.5625,348.6875,287.3125,-1.0,-1.0,-1.0,-1.0,330.8125,128.0625,317.8125,126.4375
312.52630615234375,130.5078125,330.5894775390625,145.2734375,348.6526184082031,145.2734375,-1.0,-1.0,-1.0,-1.0,312.52630615234375,146.9140625,299.38946533203125,168.2421875,307.6000061035156,196.1328125,347.0105285644531,205.9765625,342.0841979980469,250.2734375,348.6526184082031,286.3671875,322.3789367675781,205.9765625,322.3789367675781,251.9140625,350.29473876953125,286.3671875,-1.0,-1.0,314.1684265136719,123.9453125,332.2315673828125,127.2265625,319.0947265625,127.2265625
312.52630615234375,130.60546875,330.5894775390625,145.44140625,348.6526184082031,145.44140625,-1.0,-1.0,-1.0,-1.0,312.52630615234375,147.08984375,299.38946533203125,168.51953125,307.6000061035156,194.89453125,347.0105285644531,204.78515625,342.0841979980469,250.94140625,347.0105285644531,287.20703125,322.3789367675781,204.78515625,324.02105712890625,252.58984375,351.93682861328125,287.20703125,-1.0,-1.0,-1.0,-1.0,332.2315673828125,127.30859375,317.45263671875,127.30859375
-1.0,-1.0,331.17022705078125,145.609375,347.7659606933594,143.953125,-1.0,-1.0,-1.0,-1.0,312.9148864746094,147.265625,299.6383056640625,168.796875,306.276611328125,195.296875,347.7659606933594,205.234375,342.7872314453125,251.609375,349.425537109375,288.046875,322.8723449707031,205.234375,324.53192138671875,253.265625,354.4042663574219,288.046875,-1.0,-1.0,-1.0,-1.0,332.82977294921875,125.734375,317.89361572265625,127.390625
313.25,131.5703125,329.9891357421875,144.9453125,348.40216064453125,144.9453125,-1.0,-1.0,-1.0,-1.0,313.25,146.6171875,299.85870361328125,166.6796875,306.5543518066406,195.1015625,346.728271484375,205.1328125,343.38043212890625,250.2734375,348.40216064453125,287.0546875,321.61956787109375,205.1328125,324.9673767089844,251.9453125,353.4239196777344,287.0546875,-1.0,-1.0,-1.0,-1.0,331.6630554199219,126.5546875,318.271728515625,126.5546875
312.45159912109375,129.99609375,329.2257995605469,145.11328125,347.67742919921875,145.11328125,371.1612854003906,161.91015625,356.06451416015625,183.74609375,312.45159912109375,145.11328125,299.0322570800781,166.94921875,305.741943359375,193.82421875,346.0,205.58203125,342.6451721191406,250.93359375,347.67742919921875,286.20703125,322.51611328125,205.58203125,325.8709716796875,252.61328125,354.3870849609375,287.88671875,-1.0,-1.0,-1.0,-1.0,329.2257995605469,126.63671875,317.4838562011719,126.63671875
311.45159912109375,129.99609375,329.9032287597656,145.11328125,346.67742919921875,143.43359375,370.1612854003906,163.58984375,356.741943359375,185.42578125,311.45159912109375,145.11328125,298.0322570800781,166.94921875,306.4193420410156,193.82421875,345.0,203.90234375,341.6451721191406,250.93359375,345.0,284.52734375,321.51611328125,205.58203125,324.8709716796875,252.61328125,351.7096862792969,286.20703125,-1.0,-1.0,313.1290283203125,123.27734375,331.58062744140625,124.95703125,318.1612854003906,126.63671875
311.5,129.09375,328.4565124511719,144.28125,347.10870361328125,142.59375,-1.0,-1.0,-1.0,-1.0,311.5,144.28125,297.9347839355469,164.53125,304.7173767089844,193.21875,345.41302490234375,205.03125,342.021728515625,250.59375,347.10870361328125,287.71875,321.6739196777344,205.03125,325.0652160644531,252.28125,353.89129638671875,287.71875,-1.0,-1.0,-1.0,-1.0,330.15216064453125,125.71875,318.2825927734375,125.71875
310.5,129.09375,329.15216064453125,142.59375,346.10870361328125,142.59375,-1.0,-1.0,-1.0,-1.0,310.5,144.28125,296.9347839355469,164.53125,303.7173767089844,193.21875,344.41302490234375,203.34375,341.021728515625,250.59375,349.5,287.71875,320.6739196777344,205.03125,325.7608642578125,252.28125,351.1956481933594,287.71875,-1.0,-1.0,-1.0,-1.0,329.15216064453125,125.71875,317.2825927734375,125.71875
309.5,129.09375,328.15216064453125,142.59375,345.10870361328125,142.59375,-1.0,-1.0,-1.0,-1.0,311.1956481933594,142.59375,295.9347839355469,164.53125,304.4130554199219,193.21875,345.10870361328125,203.34375,340.021728515625,250.59375,348.5,287.71875,319.6739196777344,205.03125,324.7608642578125,252.28125,350.1956481933594,287.71875,-1.0,-1.0,311.1956481933594,124.03125,328.15216064453125,125.71875,316.2825927734375,125.71875
308.5,128.19140625,327.15216064453125,143.44921875,344.10870361328125,143.44921875,-1.0,-1.0,-1.0,-1.0,308.5,143.44921875,294.9347839355469,163.79296875,303.4130554199219,192.61328125,344.10870361328125,204.48046875,339.021728515625,250.25390625,347.5,287.55078125,318.6739196777344,204.48046875,322.0652160644531,251.94921875,349.1956481933594,287.55078125,-1.0,-1.0,-1.0,-1.0,327.15216064453125,124.80078125,315.2825927734375,124.80078125
309.1956481933594,128.19140625,326.15216064453125,141.75390625,344.8043518066406,143.44921875,-1.0,-1.0,-1.0,-1.0,309.1956481933594,141.75390625,293.9347839355469,163.79296875,302.4130554199219,192.61328125,343.10870361328125,204.48046875,339.7173767089844,250.25390625,344.8043518066406,287.55078125,317.6739196777344,204.48046875,321.0652160644531,251.94921875,348.1956481933594,287.55078125,-1.0,-1.0,-1.0,-1.0,327.84783935546875,124.80078125,314.2825927734375,124.80078125
306.5,128.9921875,325.15216064453125,142.6171875,342.10870361328125,142.6171875,-1.0,-1.0,-1.0,-1.0,306.5,142.6171875,292.9347839355469,163.0546875,301.4130554199219,192.0078125,342.10870361328125,203.9296875,338.7173767089844,251.6171875,345.5,287.3828125,316.6739196777344,203.9296875,320.0652160644531,251.6171875,345.5,287.3828125,-1.0,-1.0,-1.0,-1.0,325.15216064453125,123.8828125,313.2825927734375,123.8828125
305.5,128.9921875,324.15216064453125,140.9140625,342.8043518066406,142.6171875,-1.0,-1.0,-1.0,-1.0,307.1956481933594,140.9140625,293.63043212890625,163.0546875,300.4130554199219,192.0078125,341.10870361328125,203.9296875,337.7173767089844,249.9140625,344.5,287.3828125,315.6739196777344,203.9296875,319.0652160644531,251.6171875,346.1956481933594,289.0859375,-1.0,-1.0,307.1956481933594,123.8828125,325.84783935546875,123.8828125,312.2825927734375,123.8828125
306.1956481933594,128.9921875,323.15216064453125,140.9140625,340.10870361328125,140.9140625,-1.0,-1.0,-1.0,-1.0,306.1956481933594,140.9140625,292.63043212890625,161.3515625,299.4130554199219,190.3046875,340.10870361328125,202.2265625,336.7173767089844,249.9140625,341.8043518066406,287.3828125,314.6739196777344,203.9296875,316.36956787109375,249.9140625,345.1956481933594,287.3828125,-1.0,-1.0,-1.0,-1.0,324.84783935546875,123.8828125,311.2825927734375,123.8828125
-1.0,-1.0,322.6444396972656,140.07421875,339.75555419921875,141.78515625,-1.0,-1.0,-1.0,-1.0,305.5333251953125,140.07421875,291.8444519042969,160.60546875,298.68890380859375,189.69140625,339.75555419921875,201.66796875,336.3333435058594,249.57421875,341.4666748046875,287.21484375,314.0888977050781,203.37890625,315.79998779296875,249.57421875,343.1777648925781,287.21484375,-1.0,-1.0,-1.0,-1.0,322.6444396972656,122.96484375,308.95556640625,124.67578125
-1.0,-1.0,321.6444396972656,140.07421875,338.75555419921875,141.78515625,-1.0,-1.0,-1.0,-1.0,304.5333251953125,140.07421875,290.8444519042969,160.60546875,297.68890380859375,187.98046875,338.75555419921875,201.66796875,335.3333435058594,249.57421875,340.4666748046875,287.21484375,313.0888977050781,201.66796875,313.0888977050781,249.57421875,342.1777648925781,287.21484375,-1.0,-1.0,-1.0,-1.0,338.75555419921875,122.96484375,307.95556640625,124.67578125
-1.0,-1.0,318.933349609375,140.07421875,337.75555419921875,141.78515625,-1.0,-1.0,-1.0,-1.0,301.8222351074219,140.07421875,289.8444519042969,158.89453125,296.68890380859375,187.98046875,337.75555419921875,201.66796875,334.3333435058594,249.57421875,339.4666748046875,288.92578125,312.0888977050781,203.37890625,312.0888977050781,249.57421875,342.8888854980469,288.92578125,-1.0,-1.0,-1.0,-1.0,337.75555419921875,122.96484375,305.24444580078125,122.96484375
-1.0,-1.0,317.933349609375,139.234375,336.75555419921875,140.953125,-1.0,-1.0,-1.0,-1.0,300.8222351074219,139.234375,288.8444519042969,158.140625,295.68890380859375,189.078125,336.75555419921875,201.109375,333.3333435058594,249.234375,338.4666748046875,290.484375,311.0888977050781,202.828125,311.0888977050781,249.234375,341.8888854980469,290.484375,-1.0,-1.0,-1.0,-1.0,336.75555419921875,120.328125,305.95556640625,122.046875
344.31109619140625,130.640625,318.6444396972656,139.234375,335.75555419921875,142.671875,-1.0,-1.0,-1.0,-1.0,299.8222351074219,139.234375,287.8444519042969,156.421875,294.68890380859375,189.078125,335.75555419921875,201.109375,332.3333435058594,249.234375,335.75555419921875,292.203125,310.0888977050781,202.828125,310.0888977050781,249.234375,339.1777648925781,292.203125,344.31109619140625,125.484375,-1.0,-1.0,335.75555419921875,120.328125,303.24444580078125,122.046875
342.3999938964844,131.48828125,318.1333312988281,140.12109375,335.4666748046875,141.84765625,-1.0,-1.0,-1.0,-1.0,299.0666809082031,138.39453125,286.9333190917969,155.66015625,292.1333312988281,185.01171875,333.73333740234375,200.55078125,332.0,248.89453125,335.4666748046875,292.05859375,309.4666748046875,202.27734375,311.20001220703125,250.62109375,337.20001220703125,293.78515625,342.3999938964844,126.30859375,-1.0,-1.0,333.73333740234375,119.40234375,302.5333251953125,121.12890625
341.3999938964844,128.1484375,315.3999938964844,138.5546875,334.4666748046875,142.0234375,-1.0,-1.0,-1.0,-1.0,298.0666809082031,136.8203125,285.9333190917969,155.8984375,291.1333312988281,185.3828125,332.73333740234375,199.2578125,331.0,249.5546875,334.4666748046875,292.9140625,308.4666748046875,202.7265625,308.4666748046875,249.5546875,332.73333740234375,292.9140625,341.3999938964844,124.6796875,-1.0,-1.0,332.73333740234375,119.4765625,301.5333251953125,121.2109375
-1.0,-1.0,314.3999938964844,138.5546875,333.4666748046875,140.2890625,352.5333251953125,164.5703125,340.3999938964844,181.9140625,297.0666809082031,136.8203125,284.9333190917969,155.8984375,288.3999938964844,183.6484375,331.73333740234375,199.2578125,330.0,247.8203125,333.4666748046875,294.6484375,307.4666748046875,200.9921875,307.4666748046875,249.5546875,331.73333740234375,294.6484375,-1.0,-1.0,-1.0,-1.0,333.4666748046875,119.4765625,300.5333251953125,119.4765625
-1.0,-1.0,313.3999938964844,137.71484375,330.73333740234375,139.45703125,353.26666259765625,163.84765625,337.6666564941406,181.26953125,296.0666809082031,135.97265625,285.6666564941406,155.13671875,287.3999938964844,183.01171875,332.4666748046875,198.69140625,329.0,247.47265625,330.73333740234375,296.25390625,308.20001220703125,202.17578125,306.4666748046875,250.95703125,329.0,296.25390625,-1.0,-1.0,-1.0,-1.0,313.3999938964844,118.55078125,299.5333251953125,118.55078125
-1.0,-1.0,312.3999938964844,137.71484375,329.73333740234375,139.45703125,350.5333251953125,163.84765625,336.6666564941406,181.26953125,295.0666809082031,135.97265625,284.6666564941406,155.13671875,-1.0,-1.0,329.73333740234375,198.69140625,328.0,247.47265625,328.0,296.25390625,305.4666748046875,202.17578125,305.4666748046875,250.95703125,326.26666259765625,297.99609375,-1.0,-1.0,-1.0,-1.0,310.6666564941406,116.80859375,298.5333251953125,118.55078125
290.6000061035156,122.03515625,311.3999938964844,137.71484375,328.73333740234375,139.45703125,351.26666259765625,165.58984375,335.6666564941406,181.26953125,294.0666809082031,135.97265625,285.3999938964844,155.13671875,283.6666564941406,181.26953125,330.4666748046875,198.69140625,327.0,247.47265625,328.73333740234375,296.25390625,306.20001220703125,200.43359375,304.4666748046875,250.95703125,327.0,296.25390625,-1.0,-1.0,-1.0,-1.0,311.3999938964844,115.06640625,297.5333251953125,118.55078125
288.0224609375,121.125,310.8089904785156,136.875,328.33709716796875,138.625,347.61798095703125,163.125,333.59552001953125,182.375,295.0337219238281,133.375,284.516845703125,154.375,282.7640380859375,182.375,330.08990478515625,198.125,326.5842590332031,248.875,326.5842590332031,297.875,305.5505676269531,199.875,303.7977600097656,248.875,323.0786437988281,297.875,-1.0,-1.0,291.528076171875,115.875,-1.0,-1.0,296.7865295410156,117.625
288.0224609375,119.375,310.8089904785156,136.875,326.5842590332031,138.625,345.86517333984375,164.875,331.84271240234375,182.375,293.2808837890625,133.375,284.516845703125,154.375,282.7640380859375,180.625,328.33709716796875,198.125,324.8314514160156,248.875,324.8314514160156,297.875,303.7977600097656,199.875,302.0449523925781,250.625,321.3258361816406,297.875,-1.0,-1.0,289.7752685546875,115.875,-1.0,-1.0,296.7865295410156,115.875
284.516845703125,119.375,307.3033752441406,135.125,324.8314514160156,138.625,345.86517333984375,164.875,330.08990478515625,182.375,293.2808837890625,133.375,282.7640380859375,154.375,282.7640380859375,182.375,326.5842590332031,198.125,323.0786437988281,248.875,321.3258361816406,299.625,302.0449523925781,199.875,300.2921447753906,248.875,317.8202209472656,297.875,-1.0,-1.0,286.2696533203125,114.125,-1.0,-1.0,293.2808837890625,114.125
282.7640380859375,117.625,305.5505676269531,133.375,323.0786437988281,138.625,342.35955810546875,166.625,330.08990478515625,182.375,291.528076171875,133.375,282.7640380859375,154.375,281.01123046875,182.375,324.8314514160156,198.125,323.0786437988281,247.125,323.0786437988281,299.625,302.0449523925781,198.125,296.7865295410156,248.875,314.3146057128906,297.875,-1.0,-1.0,286.2696533203125,114.125,-1.0,-1.0,291.528076171875,114.125
281.01123046875,114.125,305.5505676269531,133.375,321.3258361816406,136.875,338.85394287109375,166.625,326.5842590332031,180.625,291.528076171875,131.625,282.7640380859375,152.625,281.01123046875,180.625,324.8314514160156,198.125,321.3258361816406,248.875,323.0786437988281,303.125,300.2921447753906,198.125,296.7865295410156,250.625,312.5617980957031,299.625,-1.0,-1.0,284.516845703125,110.625,-1.0,-1.0,293.2808837890625,112.375
281.01123046875,114.125,303.7977600097656,131.625,317.8202209472656,135.125,337.10113525390625,166.625,323.0786437988281,180.625,289.7752685546875,131.625,282.7640380859375,152.625,279.2584228515625,180.625,323.0786437988281,196.375,319.5730285644531,248.875,323.0786437988281,303.125,300.2921447753906,196.375,295.0337219238281,250.625,309.0561828613281,301.375,-1.0,-1.0,282.7640380859375,110.625,-1.0,-1.0,293.2808837890625,110.625
279.2584228515625,114.125,302.0449523925781,131.625,316.0674133300781,135.125,335.34832763671875,166.625,323.0786437988281,180.625,289.7752685546875,131.625,284.516845703125,154.375,277.505615234375,182.375,323.0786437988281,196.375,317.8202209472656,250.625,323.0786437988281,303.125,300.2921447753906,196.375,293.2808837890625,248.875,303.7977600097656,301.375,-1.0,-1.0,282.7640380859375,108.875,-1.0,-1.0,291.528076171875,110.625
275.7528076171875,114.125,302.0449523925781,131.625,314.3146057128906,133.375,333.59552001953125,166.625,323.0786437988281,180.625,288.0224609375,131.625,284.516845703125,156.125,277.505615234375,184.125,321.3258361816406,196.375,317.8202209472656,248.875,321.3258361816406,301.375,298.5393371582031,196.375,291.528076171875,250.625,302.0449523925781,301.375,-1.0,-1.0,279.2584228515625,110.625,-1.0,-1.0,289.7752685546875,110.625
273.0375061035156,112.5390625,300.4125061035156,132.6484375,313.1875,134.4765625,331.4375,165.5546875,318.6625061035156,182.0078125,287.63751220703125,132.6484375,285.8125,156.4140625,273.0375061035156,183.8359375,318.6625061035156,198.4609375,316.8374938964844,249.6484375,322.3125,302.6640625,296.76251220703125,198.4609375,289.4624938964844,251.4765625,298.5874938964844,304.4921875,-1.0,-1.0,276.6875,108.8828125,-1.0,-1.0,287.63751220703125,110.7109375
