520.4285888671875,8.82421875,538.0612182617188,32.35546875,528.2653198242188,34.31640625,528.2653198242188,63.73046875,-1.0,-1.0,545.89794921875,30.39453125,541.9796142578125,67.65234375,516.5101928710938,95.10546875,522.3877563476562,112.75390625,504.7550964355469,159.81640625,489.0816345214844,216.68359375,541.9796142578125,112.75390625,549.8163452148438,169.62109375,569.4081420898438,214.72265625,520.4285888671875,0.98046875,524.346923828125,0.98046875,-1.0,-1.0,538.0612182617188,0.98046875
456.653076171875,106.87109375,456.653076171875,122.55859375,444.89794921875,120.59765625,-1.0,-1.0,-1.0,-1.0,468.4081726074219,124.51953125,474.28570556640625,140.20703125,456.653076171875,138.24609375,-1.0,-1.0,-1.0,-1.0,-1.0,-1.0,462.5306091308594,157.85546875,-1.0,-1.0,-1.0,-1.0,454.6938781738281,102.94921875,460.5714416503906,104.91015625,450.7755126953125,104.91015625,464.48980712890625,106.87109375
456.5306091308594,106.87109375,456.5306091308594,122.55859375,446.73468017578125,122.55859375,444.7755126953125,140.20703125,-1.0,-1.0,468.28570556640625,122.55859375,472.2040710449219,140.20703125,456.5306091308594,140.20703125,446.73468017578125,153.93359375,-1.0,-1.0,-1.0,-1.0,462.4081726074219,153.93359375,-1.0,-1.0,-1.0,-1.0,454.5714416503906,102.94921875,460.448974609375,104.91015625,450.653076171875,106.87109375,464.3673400878906,106.87109375
457.4081726074219,106.87109375,459.3673400878906,120.59765625,447.61224365234375,120.59765625,443.6938781738281,138.24609375,-1.0,-1.0,471.1224365234375,120.59765625,477.0,138.24609375,473.0816345214844,138.24609375,449.5714416503906,150.01171875,-1.0,-1.0,-1.0,-1.0,465.2449035644531,151.97265625,-1.0,-1.0,-1.0,-1.0,453.48980712890625,104.91015625,459.3673400878906,104.91015625,451.5306091308594,106.87109375,465.2449035644531,104.91015625
457.28570556640625,106.4453125,461.2040710449219,122.0703125,447.48980712890625,122.0703125,-1.0,-1.0,-1.0,-1.0,472.95916748046875,122.0703125,-1.0,-1.0,-1.0,-1.0,-1.0,-1.0,-1.0,-1.0,-1.0,-1.0,-1.0,-1.0,-1.0,-1.0,-1.0,-1.0,453.3673400878906,104.4921875,459.2449035644531,102.5390625,451.4081726074219,106.4453125,465.1224365234375,104.4921875
456.2040710449219,106.4453125,458.16326904296875,120.1171875,448.3673400878906,120.1171875,442.48980712890625,137.6953125,-1.0,-1.0,469.9183654785156,122.0703125,-1.0,-1.0,-1.0,-1.0,448.3673400878906,151.3671875,-1.0,-1.0,-1.0,-1.0,462.0816345214844,155.2734375,-1.0,-1.0,-1.0,-1.0,454.2449035644531,104.4921875,458.16326904296875,104.4921875,452.28570556640625,106.4453125,464.04083251953125,104.4921875
481.551025390625,10.7421875,499.1836853027344,32.2265625,491.346923828125,32.2265625,-1.0,-1.0,-1.0,-1.0,501.1428527832031,32.2265625,499.1836853027344,69.3359375,473.71429443359375,108.3984375,483.51019287109375,114.2578125,467.83673095703125,165.0390625,465.8775634765625,217.7734375,495.26531982421875,114.2578125,503.10205078125,168.9453125,544.244873046875,206.0546875,-1.0,-1.0,485.4693908691406,0.9765625,-1.0,-1.0,495.26531982421875,10.7421875
-1.0,-1.0,529.448974609375,102.5390625,539.244873046875,102.5390625,545.1224365234375,116.2109375,-1.0,-1.0,519.653076171875,102.5390625,-1.0,-1.0,-1.0,-1.0,531.4081420898438,133.7890625,529.448974609375,165.0390625,-1.0,-1.0,517.69384765625,133.7890625,-1.0,-1.0,-1.0,-1.0,-1.0,-1.0,-1.0,-1.0,537.2857055664062,86.9140625,519.653076171875,84.9609375
-1.0,-1.0,524.5675659179688,92.40234375,536.2432250976562,94.34765625,-1.0,-1.0,-1.0,-1.0,512.8919067382812,90.45703125,-1.0,-1.0,-1.0,-1.0,530.4053955078125,131.30859375,530.4053955078125,156.59765625,516.7838134765625,181.88671875,518.729736328125,131.30859375,503.16217041015625,144.92578125,-1.0,-1.0,-1.0,-1.0,-1.0,-1.0,-1.0,-1.0,-1.0,-1.0
463.1351318359375,8.75390625,478.70269775390625,30.15234375,467.02703857421875,32.09765625,-1.0,-1.0,-1.0,-1.0,482.5946044921875,30.15234375,484.54052734375,69.05859375,467.02703857421875,106.01953125,468.97296142578125,109.91015625,459.2432556152344,166.32421875,465.0810852050781,218.84765625,472.8648681640625,109.91015625,465.0810852050781,164.37890625,505.9459533691406,197.44921875,463.1351318359375,0.97265625,465.0810852050781,0.97265625,-1.0,-1.0,476.75677490234375,8.75390625
457.1351318359375,0.97265625,472.70269775390625,30.15234375,462.97296142578125,32.09765625,-1.0,-1.0,-1.0,-1.0,478.54052734375,28.20703125,480.4864807128906,67.11328125,461.02703857421875,100.18359375,461.02703857421875,106.01953125,453.2432556152344,162.43359375,464.9189147949219,216.90234375,466.8648681640625,107.96484375,457.1351318359375,162.43359375,498.0,199.39453125,-1.0,-1.0,461.02703857421875,0.97265625,-1.0,-1.0,472.70269775390625,6.80859375
452.1351318359375,0.97265625,467.70269775390625,30.15234375,459.9189147949219,30.15234375,-1.0,-1.0,-1.0,-1.0,471.5946044921875,28.20703125,477.43243408203125,67.11328125,463.8108215332031,104.07421875,456.02703857421875,106.01953125,-1.0,-1.0,-1.0,-1.0,457.97296142578125,106.01953125,440.45947265625,160.48828125,483.270263671875,197.44921875,-1.0,-1.0,454.0810852050781,0.97265625,-1.0,-1.0,465.75677490234375,0.97265625
446.6510009765625,0.96875,462.11407470703125,30.03125,454.382568359375,30.03125,-1.0,-1.0,-1.0,-1.0,465.9798583984375,28.09375,471.77850341796875,68.78125,452.44964599609375,103.65625,462.11407470703125,105.59375,458.2483215332031,159.84375,465.9798583984375,200.53125,452.44964599609375,105.59375,431.18792724609375,157.90625,464.0469970703125,219.90625,-1.0,-1.0,448.5838928222656,0.96875,-1.0,-1.0,460.18121337890625,0.96875
439.7181091308594,0.96875,457.11407470703125,30.03125,447.44964599609375,31.96875,-1.0,-1.0,-1.0,-1.0,460.9798583984375,30.03125,466.77850341796875,70.71875,455.18121337890625,105.59375,455.18121337890625,107.53125,453.2483215332031,165.65625,466.77850341796875,214.09375,445.51678466796875,109.46875,422.3221435546875,155.96875,449.382568359375,214.09375,-1.0,-1.0,441.6510009765625,0.96875,-1.0,-1.0,453.2483215332031,0.96875
431.78521728515625,0.96875,451.11407470703125,30.03125,441.44964599609375,31.96875,431.78521728515625,78.46875,414.3892517089844,109.46875,453.0469970703125,30.03125,460.77850341796875,70.71875,454.9798583984375,105.59375,441.44964599609375,109.46875,453.0469970703125,165.65625,464.644287109375,217.96875,439.51678466796875,111.40625,414.3892517089844,155.96875,433.7181091308594,214.09375,-1.0,-1.0,435.6510009765625,0.96875,-1.0,-1.0,445.3154296875,0.96875
424.85235595703125,0.96484375,446.11407470703125,31.83984375,436.44964599609375,31.83984375,426.78521728515625,78.15234375,411.3221435546875,107.09765625,448.0469970703125,29.91015625,453.84564208984375,74.29296875,449.9798583984375,107.09765625,440.3154296875,112.88671875,449.9798583984375,164.98828125,461.5771789550781,217.08984375,434.51678466796875,112.88671875,409.3892517089844,155.33984375,415.18792724609375,217.08984375,-1.0,-1.0,428.7181091308594,0.96484375,-1.0,-1.0,438.382568359375,0.96484375
-1.0,-1.0,463.3087158203125,120.60546875,469.1073913574219,120.60546875,472.97314453125,132.18359375,-1.0,-1.0,459.4429626464844,120.60546875,457.51007080078125,132.18359375,-1.0,-1.0,469.1073913574219,141.83203125,-1.0,-1.0,-1.0,-1.0,461.3758544921875,143.76171875,459.4429626464844,159.19921875,-1.0,-1.0,-1.0,-1.0,-1.0,-1.0,478.7718200683594,103.23828125,463.3087158203125,107.09765625
456.3758544921875,107.09765625,458.3087158203125,122.53515625,452.51007080078125,122.53515625,-1.0,-1.0,-1.0,-1.0,466.040283203125,122.53515625,473.7718200683594,139.90234375,467.97314453125,153.41015625,452.51007080078125,151.48046875,-1.0,-1.0,-1.0,-1.0,462.17449951171875,155.33984375,462.17449951171875,174.63671875,462.17449951171875,220.94921875,456.3758544921875,105.16796875,458.3087158203125,105.16796875,452.51007080078125,107.09765625,462.17449951171875,107.09765625
359.53021240234375,137.97265625,357.5973205566406,143.76171875,353.7315368652344,143.76171875,353.7315368652344,155.33984375,361.46307373046875,155.33984375,361.46307373046875,143.76171875,369.19464111328125,153.41015625,380.79193115234375,157.26953125,353.7315368652344,161.12890625,361.46307373046875,166.91796875,361.46307373046875,182.35546875,361.46307373046875,161.12890625,374.9932861328125,163.05859375,367.2617492675781,180.42578125,359.53021240234375,136.04296875,361.46307373046875,136.04296875,355.6644287109375,136.04296875,361.46307373046875,137.97265625
456.20001220703125,106.6640625,456.20001220703125,123.9609375,444.67999267578125,122.0390625,442.760009765625,139.3359375,444.67999267578125,147.0234375,467.7200012207031,123.9609375,473.47998046875,143.1796875,461.9599914550781,143.1796875,446.6000061035156,154.7109375,-1.0,-1.0,-1.0,-1.0,461.9599914550781,158.5546875,461.9599914550781,181.6171875,460.0400085449219,221.9765625,454.2799987792969,102.8203125,460.0400085449219,104.7421875,450.44000244140625,106.6640625,463.8800048828125,106.6640625
457.8800048828125,106.6640625,457.8800048828125,123.9609375,446.3599853515625,122.0390625,442.5199890136719,139.3359375,444.44000244140625,143.1796875,469.3999938964844,123.9609375,471.32000732421875,143.1796875,457.8800048828125,148.9453125,446.3599853515625,154.7109375,-1.0,-1.0,-1.0,-1.0,461.7200012207031,156.6328125,-1.0,-1.0,-1.0,-1.0,454.0400085449219,102.8203125,459.79998779296875,102.8203125,450.20001220703125,104.7421875,465.55999755859375,106.6640625
387.6000061035156,10.5703125,406.79998779296875,35.5546875,401.0400085449219,33.6328125,383.760009765625,91.2890625,354.9599914550781,110.5078125,410.6400146484375,35.5546875,418.32000732421875,75.9140625,418.32000732421875,108.5859375,404.8800048828125,114.3515625,420.239990234375,164.3203125,450.9599914550781,210.4453125,395.2799987792969,116.2734375,374.1600036621094,164.3203125,364.55999755859375,216.2109375,-1.0,-1.0,391.44000244140625,6.7265625,-1.0,-1.0,401.0400085449219,10.5703125
381.6000061035156,10.5703125,400.79998779296875,35.5546875,395.0400085449219,35.5546875,377.760009765625,91.2890625,354.7200012207031,110.5078125,402.7200012207031,35.5546875,410.3999938964844,75.9140625,408.47998046875,110.5078125,387.3599853515625,114.3515625,408.47998046875,164.3203125,441.1199951171875,202.7578125,389.2799987792969,116.2734375,368.1600036621094,162.3984375,364.32000732421875,216.2109375,-1.0,-1.0,385.44000244140625,6.7265625,-1.0,-1.0,395.0400085449219,10.5703125
376.6000061035156,10.52734375,393.8800048828125,33.49609375,390.0400085449219,33.49609375,374.67999267578125,90.91796875,351.6400146484375,110.05859375,397.7200012207031,33.49609375,403.47998046875,77.51953125,399.6400146484375,110.05859375,390.0400085449219,113.88671875,395.79998779296875,163.65234375,434.20001220703125,200.01953125,380.44000244140625,115.80078125,365.0799865722656,161.73828125,363.1600036621094,217.24609375,-1.0,-1.0,378.5199890136719,6.69921875,-1.0,-1.0,388.1199951171875,8.61328125
370.6000061035156,8.61328125,387.8800048828125,31.58203125,384.0400085449219,31.58203125,370.6000061035156,79.43359375,353.32000732421875,110.05859375,389.79998779296875,31.58203125,393.6400146484375,73.69140625,387.8800048828125,106.23046875,393.6400146484375,113.88671875,387.8800048828125,163.65234375,424.3599853515625,196.19140625,376.3599853515625,113.88671875,362.91998291015625,161.73828125,362.91998291015625,219.16015625,-1.0,-1.0,372.5199890136719,0.95703125,-1.0,-1.0,380.20001220703125,6.69921875
363.67999267578125,0.95703125,382.8800048828125,29.66796875,379.0400085449219,29.66796875,-1.0,-1.0,-1.0,-1.0,384.79998779296875,29.66796875,386.7200012207031,69.86328125,375.20001220703125,108.14453125,380.9599914550781,110.05859375,373.2799987792969,159.82421875,413.6000061035156,194.27734375,373.2799987792969,110.05859375,361.760009765625,163.65234375,363.67999267578125,219.16015625,-1.0,-1.0,367.5199890136719,0.95703125,-1.0,-1.0,375.20001220703125,0.95703125
359.6000061035156,0.95703125,382.6400146484375,29.66796875,388.3999938964844,29.66796875,-1.0,-1.0,-1.0,-1.0,376.8800048828125,27.75390625,376.8800048828125,67.94921875,363.44000244140625,104.31640625,382.6400146484375,106.23046875,365.3599853515625,157.91015625,403.760009765625,196.19140625,369.20001220703125,104.31640625,359.6000061035156,159.82421875,363.44000244140625,217.24609375,-1.0,-1.0,361.5199890136719,0.95703125,-1.0,-1.0,369.20001220703125,0.95703125
351.35760498046875,0.953125,376.1523132324219,29.546875,383.7814636230469,29.546875,-1.0,-1.0,-1.0,-1.0,372.3377380371094,27.640625,372.3377380371094,65.765625,355.17218017578125,98.171875,378.0596008300781,103.890625,358.98675537109375,159.171875,393.31787109375,195.390625,364.7086181640625,103.890625,357.0794677734375,161.078125,364.7086181640625,214.453125,-1.0,-1.0,357.0794677734375,0.953125,-1.0,-1.0,364.7086181640625,0.953125
-1.0,-1.0,372.0596008300781,27.640625,377.7814636230469,27.640625,387.31787109375,63.859375,-1.0,-1.0,366.3377380371094,27.640625,364.43048095703125,65.765625,347.264892578125,96.265625,372.0596008300781,103.890625,337.7284851074219,153.453125,375.8741760253906,199.203125,360.61590576171875,105.796875,358.7086181640625,162.984375,364.43048095703125,216.359375,-1.0,-1.0,-1.0,-1.0,-1.0,-1.0,358.7086181640625,0.953125
342.264892578125,6.671875,365.1523132324219,27.640625,368.9668884277344,27.640625,-1.0,-1.0,-1.0,-1.0,361.3377380371094,27.640625,355.61590576171875,63.859375,334.6357727050781,98.171875,367.0596008300781,101.984375,330.8211975097656,151.546875,361.3377380371094,214.453125,355.61590576171875,103.890625,355.61590576171875,164.890625,363.2450256347656,216.359375,-1.0,-1.0,-1.0,-1.0,-1.0,-1.0,351.80133056640625,0.953125
339.6842041015625,0.94921875,358.631591796875,25.62890625,364.3157958984375,25.62890625,-1.0,-1.0,-1.0,-1.0,352.9473876953125,25.62890625,347.2631530761719,63.59765625,326.4210510253906,95.87109375,343.47369384765625,103.46484375,324.52630615234375,150.92578125,347.2631530761719,204.08203125,352.9473876953125,103.46484375,354.84210205078125,160.41796875,362.4210510253906,213.57421875,-1.0,-1.0,341.5789489746094,0.94921875,-1.0,-1.0,347.2631530761719,0.94921875
330.8947448730469,0.94921875,351.7368469238281,27.52734375,357.4210510253906,27.52734375,-1.0,-1.0,-1.0,-1.0,349.84210205078125,27.52734375,342.2631530761719,61.69921875,313.84210205078125,97.76953125,340.368408203125,107.26171875,319.52630615234375,150.92578125,332.78948974609375,207.87890625,346.0526428222656,105.36328125,349.84210205078125,158.51953125,363.1052551269531,217.37109375,-1.0,-1.0,332.78948974609375,0.94921875,-1.0,-1.0,340.368408203125,0.94921875
320.1764831542969,8.54296875,341.0261535644531,29.42578125,344.8169860839844,29.42578125,323.9673156738281,65.49609375,-1.0,-1.0,337.23529052734375,29.42578125,322.0718994140625,71.19140625,297.4313659667969,93.97265625,329.6535949707031,107.26171875,310.6993408203125,154.72265625,303.1176452636719,211.67578125,339.1307373046875,107.26171875,344.8169860839844,162.31640625,359.98040771484375,215.47265625,-1.0,-1.0,322.0718994140625,0.94921875,-1.0,-1.0,329.6535949707031,0.94921875
-1.0,-1.0,-1.0,-1.0,-1.0,-1.0,-1.0,-1.0,-1.0,-1.0,338.84210205078125,29.42578125,323.6842041015625,69.29296875,297.15789794921875,93.97265625,-1.0,-1.0,-1.0,-1.0,-1.0,-1.0,-1.0,-1.0,-1.0,-1.0,-1.0,-1.0,-1.0,-1.0,-1.0,-1.0,-1.0,-1.0,329.368408203125,0.94921875
307.2810363769531,16.0703125,330.0261535644531,34.9765625,333.8169860839844,34.9765625,347.0849609375,76.5703125,-1.0,-1.0,324.3398742675781,33.0859375,312.9673156738281,69.0078125,286.4313659667969,93.5859375,322.4444580078125,110.6015625,303.4902038574219,159.7578125,284.53594970703125,207.0234375,328.1307373046875,110.6015625,337.60784912109375,161.6484375,360.3529357910156,214.5859375,-1.0,-1.0,311.0718994140625,12.2890625,-1.0,-1.0,314.86273193359375,12.2890625
301.3157958984375,14.1796875,324.0526428222656,34.9765625,329.7368469238281,34.9765625,339.21051025390625,74.6796875,-1.0,-1.0,318.368408203125,33.0859375,307.0,70.8984375,282.368408203125,93.5859375,316.47369384765625,110.6015625,295.631591796875,159.7578125,280.47369384765625,208.9140625,320.2631530761719,110.6015625,331.631591796875,161.6484375,358.15789794921875,212.6953125,-1.0,-1.0,303.2105407714844,10.3984375,-1.0,-1.0,310.78948974609375,10.3984375
294.4210510253906,14.1796875,319.0526428222656,34.9765625,324.7368469238281,36.8671875,334.21051025390625,78.4609375,339.8947448730469,114.3828125,309.5789489746094,34.9765625,300.1052551269531,72.7890625,277.368408203125,95.4765625,311.47369384765625,110.6015625,290.631591796875,157.8671875,277.368408203125,210.8046875,311.47369384765625,108.7109375,324.7368469238281,159.7578125,355.0526428222656,212.6953125,-1.0,-1.0,298.2105407714844,10.3984375,-1.0,-1.0,303.8947448730469,10.3984375
290.3157958984375,16.0703125,311.15789794921875,34.9765625,316.84210205078125,34.9765625,328.21051025390625,78.4609375,330.1052551269531,116.2734375,303.5789489746094,33.0859375,296.0,70.8984375,273.2631530761719,95.4765625,309.2631530761719,108.7109375,284.631591796875,155.9765625,275.15789794921875,210.8046875,305.47369384765625,108.7109375,316.84210205078125,159.7578125,350.9473876953125,203.2421875,-1.0,-1.0,292.2105407714844,12.2890625,-1.0,-1.0,297.8947448730469,12.2890625
289.70587158203125,12.23828125,312.29412841796875,34.83203125,317.941162109375,34.83203125,327.3529357910156,74.37109375,331.1176452636719,112.02734375,304.76470947265625,34.83203125,295.3529357910156,72.48828125,272.76470947265625,96.96484375,308.5294189453125,108.26171875,284.058837890625,155.33203125,274.6470642089844,209.93359375,304.76470947265625,108.26171875,317.941162109375,162.86328125,351.82354736328125,204.28515625,-1.0,-1.0,293.4705810546875,10.35546875,-1.0,-1.0,299.1176452636719,10.35546875
284.625,14.12109375,305.3223571777344,32.94921875,312.84869384765625,34.83203125,322.256591796875,76.25390625,322.256591796875,115.79296875,299.6776123046875,32.94921875,290.2697448730469,68.72265625,275.21710205078125,95.08203125,299.6776123046875,110.14453125,278.9802551269531,155.33203125,275.21710205078125,209.93359375,301.5592041015625,108.26171875,307.2039489746094,162.86328125,344.83551025390625,198.63671875,-1.0,-1.0,286.506591796875,10.35546875,-1.0,-1.0,294.03289794921875,10.35546875
279.6026611328125,12.23828125,300.2913818359375,32.94921875,307.8145751953125,34.83203125,315.3377380371094,74.37109375,315.3377380371094,113.91015625,292.7682189941406,32.94921875,285.2450256347656,70.60546875,270.19866943359375,95.08203125,305.93377685546875,104.49609375,273.96026611328125,155.33203125,273.96026611328125,209.93359375,294.64898681640625,106.37890625,296.52978515625,164.74609375,336.0264892578125,196.75390625,-1.0,-1.0,281.4834289550781,10.35546875,-1.0,-1.0,289.0066223144531,10.35546875
273.6400146484375,10.35546875,294.32000732421875,32.94921875,301.8399963378906,34.83203125,311.239990234375,70.60546875,-1.0,-1.0,286.79998779296875,31.06640625,277.3999938964844,68.72265625,-1.0,-1.0,299.9599914550781,104.49609375,271.760009765625,157.21484375,273.6400146484375,209.93359375,286.79998779296875,106.37890625,283.0400085449219,160.98046875,324.3999938964844,191.10546875,-1.0,-1.0,275.5199890136719,8.47265625,-1.0,-1.0,283.0400085449219,8.47265625
267.6400146484375,10.35546875,288.32000732421875,29.18359375,293.9599914550781,31.06640625,-1.0,-1.0,-1.0,-1.0,282.67999267578125,29.18359375,265.760009765625,53.66015625,265.760009765625,89.43359375,295.8399963378906,104.49609375,271.3999938964844,159.09765625,273.2799987792969,209.93359375,280.79998779296875,104.49609375,277.0400085449219,159.09765625,318.3999938964844,191.10546875,-1.0,-1.0,269.5199890136719,0.94140625,-1.0,-1.0,280.79998779296875,8.47265625
262.6174621582031,10.35546875,283.28857421875,31.06640625,290.80535888671875,31.06640625,-1.0,-1.0,-1.0,-1.0,275.7718200683594,29.18359375,260.7382507324219,55.54296875,260.7382507324219,100.73046875,292.6845703125,104.49609375,275.7718200683594,157.21484375,273.8926086425781,209.93359375,275.7718200683594,102.61328125,264.49664306640625,159.09765625,305.83892822265625,191.10546875,-1.0,-1.0,264.49664306640625,0.94140625,-1.0,-1.0,273.8926086425781,0.94140625
256.6553955078125,8.47265625,279.1959533691406,31.06640625,284.8310852050781,31.06640625,-1.0,-1.0,-1.0,-1.0,271.68243408203125,29.18359375,260.41217041015625,61.19140625,258.5337829589844,95.08203125,286.70947265625,104.49609375,273.5608215332031,157.21484375,288.58782958984375,191.10546875,269.8040466308594,104.49609375,251.020263671875,155.33203125,296.1013488769531,192.98828125,-1.0,-1.0,258.5337829589844,0.94140625,-1.0,-1.0,267.9256591796875,0.94140625
252.53378295898438,8.47265625,273.1959533691406,31.06640625,280.70947265625,31.06640625,-1.0,-1.0,-1.0,-1.0,265.68243408203125,29.18359375,252.53378295898438,68.72265625,250.65541076660156,95.08203125,280.70947265625,106.37890625,273.1959533691406,155.33203125,280.70947265625,194.87109375,263.8040466308594,104.49609375,243.1418914794922,155.33203125,276.95269775390625,198.63671875,-1.0,-1.0,254.41217041015625,0.94140625,-1.0,-1.0,263.8040466308594,0.94140625
247.5102081298828,8.47265625,268.16326904296875,31.06640625,275.6734619140625,32.94921875,-1.0,-1.0,-1.0,-1.0,260.653076171875,29.18359375,264.4081726074219,64.95703125,251.2653045654297,102.61328125,275.6734619140625,106.37890625,268.16326904296875,159.09765625,273.7959289550781,206.16796875,258.7755126953125,106.37890625,234.36734008789062,153.44921875,270.04083251953125,204.28515625,-1.0,-1.0,249.38775634765625,0.94140625,-1.0,-1.0,258.7755126953125,0.94140625
243.42465209960938,10.35546875,264.0684814453125,31.06640625,269.6986389160156,31.06640625,-1.0,-1.0,-1.0,-1.0,256.5616455078125,29.18359375,258.4383544921875,66.83984375,250.93150329589844,102.61328125,269.6986389160156,106.37890625,267.8218994140625,162.86328125,273.4520568847656,211.81640625,250.93150329589844,108.26171875,226.53424072265625,153.44921875,250.93150329589844,204.28515625,-1.0,-1.0,245.30136108398438,0.94140625,-1.0,-1.0,254.6849365234375,0.94140625
237.42465209960938,12.23828125,258.0684814453125,32.94921875,263.6986389160156,32.94921875,-1.0,-1.0,-1.0,-1.0,250.5616455078125,32.94921875,252.4383544921875,70.60546875,244.93150329589844,102.61328125,267.4520568847656,106.37890625,263.6986389160156,159.09765625,273.0821838378906,209.93359375,244.93150329589844,108.26171875,222.41094970703125,153.44921875,235.54794311523438,208.05078125,-1.0,-1.0,239.30136108398438,8.47265625,-1.0,-1.0,246.8082275390625,10.35546875
228.0349578857422,14.12109375,252.58041381835938,32.94921875,260.13287353515625,34.83203125,-1.0,-1.0,-1.0,-1.0,245.02796936035156,32.94921875,248.80419921875,68.72265625,243.13986206054688,104.49609375,262.0209655761719,110.14453125,263.9090881347656,160.98046875,271.4615478515625,211.81640625,239.36363220214844,110.14453125,216.706298828125,153.44921875,220.48251342773438,209.93359375,-1.0,-1.0,231.81118774414062,10.35546875,-1.0,-1.0,239.36363220214844,10.35546875
-1.0,-1.0,282.46478271484375,89.43359375,288.12677001953125,89.43359375,291.90142822265625,98.84765625,290.01409912109375,106.37890625,276.8028259277344,89.43359375,276.8028259277344,95.08203125,-1.0,-1.0,286.23944091796875,108.26171875,286.23944091796875,121.44140625,286.23944091796875,136.50390625,278.69012451171875,108.26171875,276.8028259277344,121.44140625,276.8028259277344,136.50390625,-1.0,-1.0,-1.0,-1.0,286.23944091796875,83.78515625,278.69012451171875,81.90234375
-1.0,-1.0,282.12677001953125,87.55078125,287.7887268066406,87.55078125,291.5633850097656,96.96484375,289.6760559082031,106.37890625,276.46478271484375,87.55078125,274.57745361328125,95.08203125,-1.0,-1.0,285.90142822265625,108.26171875,284.01409912109375,121.44140625,285.90142822265625,134.62109375,278.35211181640625,106.37890625,278.35211181640625,119.55859375,278.35211181640625,136.50390625,-1.0,-1.0,-1.0,-1.0,284.01409912109375,81.90234375,278.35211181640625,80.01953125
211.04965209960938,17.88671875,233.6879425048828,36.71484375,239.34751892089844,36.71484375,246.89361572265625,70.60546875,-1.0,-1.0,229.91488647460938,34.83203125,233.6879425048828,70.60546875,231.80142211914062,106.37890625,246.89361572265625,112.02734375,252.55319213867188,159.09765625,269.53192138671875,208.05078125,224.25531005859375,110.14453125,207.27659606933594,159.09765625,186.5248260498047,208.05078125,-1.0,-1.0,214.82269287109375,12.23828125,237.46099853515625,16.00390625,218.5957489013672,14.12109375
206.971435546875,16.00390625,229.60000610351562,38.59765625,233.37142944335938,38.59765625,-1.0,-1.0,-1.0,-1.0,223.94285583496094,36.71484375,227.71429443359375,72.48828125,225.82858276367188,108.26171875,240.91427612304688,112.02734375,244.6857147216797,157.21484375,269.20001220703125,206.16796875,220.1714324951172,112.02734375,199.42857360839844,159.09765625,184.34286499023438,209.93359375,-1.0,-1.0,210.74285888671875,12.23828125,233.37142944335938,17.88671875,214.5142822265625,14.12109375
202.85714721679688,16.00390625,223.60000610351562,38.59765625,229.25714111328125,38.59765625,236.8000030517578,76.25390625,-1.0,-1.0,216.05714416503906,38.59765625,221.71429443359375,76.25390625,217.94285583496094,108.26171875,231.14285278320312,112.02734375,238.6857147216797,157.21484375,265.0857238769531,206.16796875,212.28570556640625,112.02734375,195.3142852783203,157.21484375,182.11428833007812,209.93359375,-1.0,-1.0,204.74285888671875,12.23828125,227.37142944335938,17.88671875,210.39999389648438,12.23828125
195.59286499023438,19.6875,218.0500030517578,38.4375,223.66427612304688,38.4375,-1.0,-1.0,-1.0,-1.0,210.5642852783203,38.4375,210.5642852783203,74.0625,-1.0,-1.0,229.278564453125,109.6875,231.14999389648438,158.4375,261.0928649902344,201.5625,206.82142639160156,111.5625,188.10714721679688,156.5625,178.75,210.9375,-1.0,-1.0,199.33572387695312,15.9375,221.79286193847656,17.8125,203.0785675048828,15.9375
190.56834411621094,17.8125,211.14389038085938,36.5625,216.75540161132812,36.5625,-1.0,-1.0,-1.0,-1.0,203.661865234375,36.5625,207.4028778076172,72.1875,201.79136657714844,107.8125,220.49639892578125,111.5625,218.6259002685547,158.4375,250.42445373535156,194.0625,199.92086791992188,109.6875,181.2158203125,156.5625,177.47482299804688,210.9375,-1.0,-1.0,194.30935668945312,12.1875,214.8848876953125,17.8125,198.05035400390625,14.0625
-1.0,-1.0,205.14389038085938,38.4375,212.6259002685547,38.4375,-1.0,-1.0,-1.0,-1.0,197.661865234375,38.4375,193.92086791992188,77.8125,195.79136657714844,107.8125,212.6259002685547,109.6875,207.01438903808594,158.4375,244.42445373535156,192.1875,193.92086791992188,109.6875,178.9568328857422,156.5625,177.08633422851562,212.8125,-1.0,-1.0,-1.0,-1.0,210.75540161132812,17.8125,190.1798553466797,17.8125
176.7391357421875,17.8125,199.17391967773438,36.5625,208.52174377441406,36.5625,197.30435180664062,68.4375,-1.0,-1.0,191.69564819335938,34.6875,186.0869598388672,75.9375,187.95652770996094,105.9375,208.52174377441406,107.8125,199.17391967773438,156.5625,234.69564819335938,188.4375,189.82608032226562,107.8125,176.7391357421875,158.4375,176.7391357421875,212.8125,-1.0,-1.0,180.47825622558594,12.1875,204.78260803222656,15.9375,186.0869598388672,12.1875
-1.0,-1.0,195.55555725097656,32.8125,204.9629669189453,34.6875,193.674072265625,68.4375,-1.0,-1.0,188.02963256835938,32.8125,178.62222290039062,70.3125,176.74073791503906,100.3125,203.08148193359375,105.9375,189.91110229492188,154.6875,223.77777099609375,186.5625,184.26666259765625,105.9375,176.74073791503906,160.3125,178.62222290039062,210.9375,-1.0,-1.0,-1.0,-1.0,199.31851196289062,10.3125,182.38519287109375,12.1875
170.776123046875,10.3125,191.46267700195312,32.8125,200.86566162109375,32.8125,-1.0,-1.0,-1.0,-1.0,183.94029235839844,32.8125,167.01492309570312,57.1875,-1.0,-1.0,198.98507690429688,102.1875,180.17910766601562,152.8125,214.02984619140625,184.6875,183.94029235839844,102.1875,176.41790771484375,152.8125,176.41790771484375,212.8125,-1.0,-1.0,172.65670776367188,8.4375,-1.0,-1.0,180.17910766601562,8.4375
164.776123046875,14.0625,185.46267700195312,29.0625,194.86566162109375,30.9375,-1.0,-1.0,-1.0,-1.0,177.94029235839844,29.0625,168.5373077392578,59.0625,161.01492309570312,96.5625,192.98507690429688,102.1875,176.0596923828125,152.8125,204.26864624023438,188.4375,177.94029235839844,100.3125,172.2985076904297,152.8125,177.94029235839844,209.0625,-1.0,-1.0,166.65670776367188,8.4375,-1.0,-1.0,172.2985076904297,8.4375
159.7518768310547,10.3125,180.42857360839844,30.9375,189.82705688476562,30.9375,-1.0,-1.0,-1.0,-1.0,172.90977478027344,29.0625,163.5112762451172,66.5625,154.11277770996094,94.6875,186.06765747070312,100.3125,172.90977478027344,150.9375,189.82705688476562,186.5625,171.0300750732422,100.3125,169.15037536621094,150.9375,178.5488739013672,209.0625,-1.0,-1.0,161.63157653808594,8.4375,182.3082733154297,8.4375,167.2706756591797,10.3125
153.78787231445312,10.3125,174.4545440673828,29.0625,181.96969604492188,29.0625,-1.0,-1.0,-1.0,-1.0,168.81817626953125,29.0625,161.30303955078125,62.8125,148.15151977539062,92.8125,181.96969604492188,100.3125,163.18182373046875,150.9375,172.5757598876953,203.4375,166.93939208984375,100.3125,168.81817626953125,154.6875,178.21212768554688,209.0625,-1.0,-1.0,-1.0,-1.0,-1.0,-1.0,161.30303955078125,10.3125
147.78787231445312,12.1875,170.33334350585938,30.9375,179.72726440429688,30.9375,-1.0,-1.0,-1.0,-1.0,162.81817626953125,29.0625,153.4242401123047,60.9375,140.27273559570312,92.8125,177.84848022460938,102.1875,153.4242401123047,150.9375,160.93939208984375,201.5625,162.81817626953125,100.3125,168.4545440673828,154.6875,177.84848022460938,207.1875,-1.0,-1.0,151.5454559326172,8.4375,168.4545440673828,10.3125,157.18182373046875,10.3125
144.64122009277344,12.1875,165.29769897460938,30.9375,174.68701171875,34.6875,182.19847106933594,74.0625,182.19847106933594,107.8125,155.9084014892578,29.0625,146.5190887451172,68.4375,129.61831665039062,92.8125,172.8091583251953,102.1875,144.64122009277344,150.9375,148.39694213867188,201.5625,157.7862548828125,102.1875,167.17556762695312,156.5625,178.4427490234375,209.0625,-1.0,-1.0,148.39694213867188,8.4375,-1.0,-1.0,152.15267944335938,10.3125
-1.0,-1.0,161.1999969482422,36.5625,172.4615478515625,38.4375,178.09231567382812,77.8125,179.96923828125,104.0625,149.93846130371094,32.8125,140.55384826660156,72.1875,119.9076919555664,92.8125,168.70770263671875,102.1875,138.6769256591797,150.9375,136.8000030517578,203.4375,151.8153839111328,104.0625,163.07691955566406,156.5625,178.09231567382812,207.1875,-1.0,-1.0,-1.0,-1.0,161.1999969482422,14.0625,146.1846160888672,14.0625
132.6769256591797,10.3125,155.1999969482422,36.5625,166.4615478515625,40.3125,173.96923828125,77.8125,177.72308349609375,107.8125,145.8153839111328,34.6875,134.55384826660156,74.0625,112.03076934814453,92.8125,162.70770263671875,104.0625,132.6769256591797,154.6875,127.04615783691406,199.6875,147.6923065185547,105.9375,160.83078002929688,156.5625,175.84616088867188,207.1875,-1.0,-1.0,136.43077087402344,8.4375,-1.0,-1.0,142.06153869628906,10.3125
125.77519226074219,15.9375,150.16278076171875,38.4375,159.54263305664062,40.3125,168.9224853515625,79.6875,174.55038452148438,111.5625,140.78294372558594,34.6875,129.52713012695312,68.4375,103.26356506347656,94.6875,157.66665649414062,104.0625,127.65116119384766,152.8125,120.14728546142578,199.6875,144.53488159179688,105.9375,159.54263305664062,158.4375,176.42636108398438,207.1875,-1.0,-1.0,129.52713012695312,12.1875,-1.0,-1.0,137.031005859375,14.0625
123.89922332763672,21.5625,144.53488159179688,38.4375,153.91473388671875,38.4375,163.29457092285156,77.8125,170.79844665527344,111.5625,133.27906799316406,36.5625,123.89922332763672,70.3125,99.51162719726562,94.6875,152.03875732421875,104.0625,125.77519226074219,150.9375,114.51937866210938,197.8125,138.906982421875,105.9375,153.91473388671875,156.5625,174.55038452148438,205.3125,-1.0,-1.0,125.77519226074219,15.9375,144.53488159179688,17.8125,131.40310668945312,17.8125
118.27131652832031,19.6875,138.906982421875,38.4375,150.16278076171875,42.1875,157.66665649414062,81.5625,163.29457092285156,109.6875,127.65116119384766,36.5625,118.27131652832031,70.3125,101.3875961303711,90.9375,148.2868194580078,105.9375,122.02325439453125,154.6875,125.77519226074219,190.3125,133.27906799316406,107.8125,150.16278076171875,156.5625,172.67440795898438,205.3125,-1.0,-1.0,120.14728546142578,14.0625,-1.0,-1.0,127.65116119384766,15.9375
112.6434097290039,17.8125,133.27906799316406,38.4375,142.65890502929688,40.3125,152.03875732421875,79.6875,157.66665649414062,107.8125,122.02325439453125,36.5625,112.6434097290039,72.1875,116.39534759521484,89.0625,142.65890502929688,107.8125,120.14728546142578,156.5625,118.27131652832031,229.6875,127.65116119384766,107.8125,140.78294372558594,154.6875,168.9224853515625,199.6875,-1.0,-1.0,114.51937866210938,14.0625,-1.0,-1.0,123.89922332763672,15.9375
