-1.0,-1.0,49.105262756347656,109.921875,63.842105865478516,111.390625,68.26315307617188,137.828125,66.78947448730469,158.390625,31.421052932739258,109.921875,22.578947067260742,136.359375,21.105262756347656,153.984375,56.47368240356445,159.859375,50.57894515991211,196.578125,44.68421173095703,230.359375,37.31578826904297,159.859375,43.21052551269531,193.640625,44.68421173095703,228.890625,-1.0,-1.0,-1.0,-1.0,56.47368240356445,93.765625,40.26315689086914,93.765625
-1.0,-1.0,50.105262756347656,111.390625,64.84210205078125,111.390625,69.26315307617188,137.828125,67.78947448730469,161.328125,32.421051025390625,109.921875,23.578947067260742,137.828125,22.105262756347656,156.921875,57.47368240356445,161.328125,53.05263137817383,195.109375,47.157894134521484,228.890625,38.31578826904297,161.328125,44.21052551269531,195.109375,45.68421173095703,227.421875,-1.0,-1.0,-1.0,-1.0,56.0,93.765625,41.26315689086914,93.765625
-1.0,-1.0,48.157894134521484,111.390625,64.36842346191406,111.390625,70.26315307617188,136.359375,65.84210205078125,153.984375,31.947368621826172,109.921875,24.578947067260742,137.828125,24.578947067260742,156.921875,57.0,159.859375,55.52631378173828,193.640625,48.157894134521484,227.421875,37.842105865478516,159.859375,43.736839294433594,193.640625,45.21052551269531,225.953125,-1.0,-1.0,-1.0,-1.0,55.52631378173828,92.296875,40.78947448730469,93.765625
-1.0,-1.0,48.2315788269043,110.5078125,65.66316223144531,110.5078125,71.47368621826172,136.6640625,70.02105712890625,161.3671875,32.25263214111328,110.5078125,24.989473342895508,138.1171875,24.989473342895508,158.4609375,58.400001525878906,161.3671875,58.400001525878906,194.7890625,49.68421173095703,225.3046875,38.06315612792969,162.8203125,45.326316833496094,193.3359375,45.326316833496094,225.3046875,-1.0,-1.0,-1.0,-1.0,55.49473571777344,93.0703125,42.421051025390625,93.0703125
-1.0,-1.0,49.2315788269043,111.9609375,65.21052551269531,110.5078125,72.47368621826172,136.6640625,71.02105712890625,162.8203125,33.25263214111328,110.5078125,25.989473342895508,138.1171875,25.989473342895508,159.9140625,60.852630615234375,161.3671875,60.852630615234375,193.3359375,50.68421173095703,226.7578125,39.06315612792969,162.8203125,46.326316833496094,193.3359375,44.87368392944336,225.3046875,-1.0,-1.0,-1.0,-1.0,56.49473571777344,93.0703125,41.968421936035156,93.0703125
-1.0,-1.0,50.2315788269043,110.5078125,66.21052551269531,110.5078125,73.47368621826172,136.6640625,64.75789642333984,146.8359375,32.79999923706055,110.5078125,25.536842346191406,138.1171875,25.536842346191406,159.9140625,60.400001525878906,158.4609375,61.852630615234375,191.8828125,53.1368408203125,223.8515625,40.06315612792969,159.9140625,47.326316833496094,191.8828125,45.87368392944336,225.3046875,-1.0,-1.0,-1.0,-1.0,56.04210662841797,93.0703125,41.51578903198242,93.0703125
-1.0,-1.0,50.38298034667969,110.5078125,64.85105895996094,110.5078125,73.53191375732422,135.2109375,63.40425491333008,143.9296875,34.46808624267578,110.5078125,27.23404312133789,138.1171875,28.680850982666016,161.3671875,60.51063537597656,158.4609375,63.40425491333008,191.8828125,56.17021179199219,223.8515625,40.25531768798828,159.9140625,47.48936080932617,193.3359375,46.04255294799805,226.7578125,-1.0,-1.0,-1.0,-1.0,56.17021179199219,93.0703125,41.702125549316406,93.0703125
-1.0,-1.0,50.34737014770508,111.09375,64.66316223144531,111.09375,74.68421173095703,135.53125,64.66316223144531,144.15625,34.599998474121094,111.09375,27.44210433959961,138.40625,28.87368392944336,162.84375,60.36842346191406,157.09375,66.09474182128906,191.59375,58.93684387207031,223.21875,40.326316833496094,158.53125,46.052635192871094,193.03125,46.052635192871094,228.96875,-1.0,-1.0,-1.0,-1.0,57.50526428222656,93.84375,41.757896423339844,93.84375
-1.0,-1.0,51.34737014770508,111.09375,65.66316223144531,111.09375,75.68421173095703,135.53125,65.66316223144531,144.15625,34.16842269897461,111.09375,28.44210433959961,139.84375,29.87368392944336,162.84375,61.36842346191406,157.09375,65.66316223144531,193.03125,58.50526428222656,224.65625,41.326316833496094,158.53125,45.621055603027344,194.46875,44.189476013183594,228.96875,-1.0,-1.0,-1.0,-1.0,57.07368469238281,93.84375,42.757896423339844,93.84375
-1.0,-1.0,50.91579055786133,111.09375,66.66316223144531,111.09375,73.82105255126953,134.09375,66.66316223144531,144.15625,35.16842269897461,111.09375,29.44210433959961,139.84375,30.87368392944336,162.84375,60.93684387207031,157.09375,66.66316223144531,191.59375,62.36842346191406,226.09375,42.326316833496094,158.53125,46.621055603027344,194.46875,45.189476013183594,228.96875,-1.0,-1.0,-1.0,-1.0,58.07368469238281,93.84375,43.757896423339844,93.84375
-1.0,-1.0,50.65957260131836,110.88671875,66.34042358398438,110.88671875,74.89361572265625,133.76171875,-1.0,-1.0,34.978721618652344,112.31640625,30.70212745666504,139.48046875,32.12765884399414,163.78515625,62.06382751464844,158.06640625,67.76596069335938,192.37890625,64.9148941040039,229.55078125,42.10638427734375,159.49609375,46.38298034667969,196.66796875,46.38298034667969,230.98046875,-1.0,-1.0,-1.0,-1.0,57.7872314453125,93.73046875,43.53191375732422,95.16015625
-1.0,-1.0,51.65957260131836,111.6796875,67.34042358398438,111.6796875,74.46807861328125,134.4296875,-1.0,-1.0,35.978721618652344,111.6796875,30.276596069335938,140.1171875,31.70212745666504,164.2890625,63.06382751464844,158.6015625,68.76596069335938,192.7265625,65.9148941040039,229.6953125,43.10638427734375,160.0234375,45.95744705200195,196.9921875,45.95744705200195,231.1171875,-1.0,-1.0,-1.0,-1.0,58.7872314453125,94.6171875,44.53191375732422,94.6171875
-1.0,-1.0,51.234039306640625,111.6796875,66.9148941040039,111.6796875,75.46807861328125,134.4296875,-1.0,-1.0,35.553192138671875,113.1015625,31.276596069335938,140.1171875,32.702125549316406,164.2890625,62.63829803466797,160.0234375,69.76596069335938,191.3046875,68.34042358398438,228.2734375,42.680850982666016,160.0234375,46.95744705200195,196.9921875,46.95744705200195,231.1171875,-1.0,-1.0,-1.0,-1.0,59.7872314453125,94.6171875,45.53191375732422,94.6171875
-1.0,-1.0,52.234039306640625,113.1015625,67.9148941040039,111.6796875,76.46807861328125,134.4296875,-1.0,-1.0,36.553192138671875,113.1015625,32.27659606933594,140.1171875,35.12765884399414,162.8671875,65.06382751464844,158.6015625,70.76596069335938,192.7265625,72.19148254394531,229.6953125,43.680850982666016,160.0234375,46.53191375732422,196.9921875,46.53191375732422,231.1171875,-1.0,-1.0,-1.0,-1.0,60.7872314453125,94.6171875,46.53191375732422,96.0390625
-1.0,-1.0,53.129032135009766,112.88671875,68.74193572998047,112.88671875,77.25806427001953,135.51171875,70.16128540039062,145.41015625,37.51612854003906,114.30078125,33.25806427001953,139.75390625,34.67741775512695,162.37890625,64.48387145996094,160.96484375,70.16128540039062,194.90234375,74.41935729980469,228.83984375,44.6129035949707,162.37890625,47.45161437988281,197.73046875,47.45161437988281,230.25390625,-1.0,-1.0,-1.0,-1.0,61.64516067504883,94.50390625,47.45161437988281,95.91796875
-1.0,-1.0,53.872337341308594,113.671875,67.9148941040039,112.265625,76.34042358398438,136.171875,-1.0,-1.0,38.42552947998047,115.078125,34.212764739990234,141.796875,37.021278381347656,164.296875,65.10638427734375,161.484375,70.72340393066406,196.640625,76.34042358398438,228.984375,45.446807861328125,162.890625,46.8510627746582,199.453125,46.8510627746582,231.796875,-1.0,-1.0,-1.0,-1.0,62.29787063598633,95.390625,48.25531768798828,96.796875
-1.0,-1.0,55.315216064453125,115.078125,69.44564819335938,113.671875,77.92391204833984,137.578125,-1.0,-1.0,39.7717399597168,115.078125,35.53260803222656,140.390625,36.94565200805664,161.484375,66.61956787109375,160.078125,72.27174377441406,198.046875,77.92391204833984,228.984375,45.423912048339844,162.890625,46.83695602416992,199.453125,48.25,231.796875,-1.0,-1.0,-1.0,-1.0,63.793479919433594,95.390625,49.66304397583008,96.796875
-1.0,-1.0,56.315216064453125,115.078125,71.85869598388672,113.671875,78.92391204833984,137.578125,-1.0,-1.0,40.7717399597168,116.484375,36.53260803222656,141.796875,39.35869598388672,162.890625,67.61956787109375,161.484375,71.85869598388672,199.453125,78.92391204833984,227.578125,47.83695602416992,162.890625,46.423912048339844,202.265625,46.423912048339844,231.796875,-1.0,-1.0,-1.0,-1.0,66.20652770996094,96.796875,50.66304397583008,98.203125
-1.0,-1.0,57.76344299316406,114.85546875,73.13978576660156,114.85546875,80.1290283203125,137.23046875,-1.0,-1.0,42.3870964050293,116.25390625,38.19355010986328,141.42578125,40.9892463684082,162.40234375,67.54838562011719,161.00390625,71.74193572998047,195.96484375,78.73118591308594,228.12890625,47.978492736816406,162.40234375,47.978492736816406,201.55859375,46.58064270019531,230.92578125,-1.0,-1.0,-1.0,-1.0,66.1505355834961,96.67578125,52.17204284667969,98.07421875
-1.0,-1.0,60.16128921508789,115.6328125,74.13978576660156,115.6328125,81.1290283203125,139.2734375,-1.0,-1.0,44.78494644165039,115.6328125,40.59139633178711,142.0546875,41.9892463684082,161.5234375,68.54838562011719,162.9140625,74.13978576660156,200.4609375,79.73118591308594,229.6640625,48.978492736816406,165.6953125,47.58064270019531,204.6328125,47.58064270019531,232.4453125,-1.0,-1.0,-1.0,-1.0,68.54838562011719,97.5546875,54.56989288330078,97.5546875
-1.0,-1.0,61.16128921508789,115.6328125,76.53762817382812,115.6328125,82.1290283203125,139.2734375,-1.0,-1.0,45.78494644165039,117.0234375,41.59139633178711,142.0546875,42.9892463684082,162.9140625,70.94623565673828,162.9140625,75.13978576660156,196.2890625,79.33332824707031,228.2734375,51.3763427734375,165.6953125,48.58064270019531,204.6328125,48.58064270019531,232.4453125,-1.0,-1.0,-1.0,-1.0,70.94623565673828,98.9453125,55.56989288330078,98.9453125
-1.0,-1.0,63.27659606933594,116.79296875,77.10638427734375,116.79296875,84.02127075195312,140.30078125,78.48936462402344,149.98046875,48.06382751464844,116.79296875,42.53191375732422,143.06640625,48.06382751464844,161.04296875,71.574462890625,163.80859375,75.72340393066406,196.99609375,79.8723373413086,228.80078125,53.59574508666992,165.19140625,50.82978820800781,203.91015625,48.06382751464844,231.56640625,-1.0,-1.0,-1.0,-1.0,72.95744323730469,98.81640625,57.74468231201172,98.81640625
-1.0,-1.0,64.1505355834961,116.79296875,79.29032135009766,116.79296875,84.79570007324219,140.30078125,79.29032135009766,151.36328125,49.0107536315918,116.79296875,44.88172149658203,143.06640625,50.3870964050293,161.04296875,73.78494262695312,163.80859375,77.91397857666016,196.99609375,79.29032135009766,228.80078125,54.51612854003906,165.19140625,53.13978576660156,202.52734375,47.63440704345703,231.56640625,-1.0,-1.0,-1.0,-1.0,73.78494262695312,98.81640625,60.021507263183594,98.81640625
-1.0,-1.0,68.07608795166016,116.1875,81.77174377441406,117.5625,87.25,139.5625,83.14130401611328,154.6875,53.01087188720703,116.1875,46.16304397583008,140.9375,53.01087188720703,160.1875,77.66304016113281,162.9375,79.03260803222656,195.9375,80.40217590332031,228.9375,58.48912811279297,162.9375,57.11956787109375,195.9375,50.2717399597168,230.3125,-1.0,-1.0,-1.0,-1.0,76.2934799194336,98.3125,62.59782409667969,99.6875
-1.0,-1.0,69.07608795166016,116.1875,82.77174377441406,117.5625,89.61956787109375,139.5625,-1.0,-1.0,54.01087188720703,116.1875,48.53260803222656,140.9375,55.380435943603516,161.5625,78.66304016113281,164.3125,80.03260803222656,195.9375,80.03260803222656,228.9375,59.48912811279297,164.3125,58.11956787109375,197.3125,51.2717399597168,230.3125,-1.0,-1.0,-1.0,-1.0,77.2934799194336,98.3125,63.59782409667969,99.6875
-1.0,-1.0,70.07608795166016,117.33203125,85.14130401611328,117.33203125,90.61956787109375,139.20703125,-1.0,-1.0,55.01087188720703,117.33203125,50.90217590332031,140.57421875,56.380435943603516,161.08203125,79.66304016113281,166.55078125,81.03260803222656,196.62890625,79.66304016113281,229.44140625,60.48912811279297,166.55078125,60.48912811279297,197.99609375,52.2717399597168,225.33984375,-1.0,-1.0,-1.0,-1.0,79.66304016113281,99.55859375,65.96739196777344,99.55859375
-1.0,-1.0,71.07608795166016,117.33203125,86.14130401611328,117.33203125,92.9891357421875,140.57421875,-1.0,-1.0,56.01087188720703,117.33203125,51.90217590332031,141.94140625,57.380435943603516,161.08203125,80.66304016113281,165.18359375,80.66304016113281,197.99609375,80.66304016113281,229.44140625,61.48912811279297,166.55078125,61.48912811279297,199.36328125,53.2717399597168,223.97265625,-1.0,-1.0,-1.0,-1.0,80.66304016113281,99.55859375,66.96739196777344,99.55859375
-1.0,-1.0,72.45161437988281,118.1015625,87.35484313964844,118.1015625,94.1290283203125,139.8515625,-1.0,-1.0,57.54838562011719,118.1015625,53.48387145996094,142.5703125,58.90322494506836,161.6015625,81.93548583984375,165.6796875,81.93548583984375,199.6640625,80.58064270019531,228.2109375,62.967742919921875,165.6796875,62.967742919921875,199.6640625,56.19355010986328,224.1328125,-1.0,-1.0,-1.0,-1.0,81.93548583984375,100.4296875,68.38710021972656,100.4296875
-1.0,-1.0,74.80644989013672,118.1015625,89.70967864990234,119.4609375,96.48387145996094,139.8515625,-1.0,-1.0,58.54838562011719,116.7421875,53.129032135009766,141.2109375,61.25806427001953,161.6015625,82.93548583984375,165.6796875,81.58064270019531,198.3046875,80.2258071899414,228.2109375,63.967742919921875,167.0390625,65.32257843017578,199.6640625,54.48387145996094,224.1328125,-1.0,-1.0,-1.0,-1.0,84.29032135009766,101.7890625,69.38710021972656,100.4296875
-1.0,-1.0,75.80644989013672,118.1015625,90.70967864990234,119.4609375,97.48387145996094,139.8515625,-1.0,-1.0,59.54838562011719,118.1015625,54.129032135009766,141.2109375,62.25806427001953,161.6015625,83.93548583984375,165.6796875,82.58064270019531,196.9453125,81.2258071899414,226.8515625,64.96774291992188,167.0390625,66.32257843017578,198.3046875,56.83871078491211,226.8515625,-1.0,-1.0,-1.0,-1.0,85.29032135009766,103.1484375,73.09677124023438,100.4296875
-1.0,-1.0,76.80644989013672,118.1015625,91.70967864990234,119.4609375,98.48387145996094,139.8515625,-1.0,-1.0,60.54838562011719,118.1015625,55.129032135009766,141.2109375,63.25806427001953,162.9609375,83.58064270019531,165.6796875,83.58064270019531,195.5859375,80.8709716796875,228.2109375,65.96774291992188,165.6796875,70.03225708007812,196.9453125,60.54838562011719,221.4140625,-1.0,-1.0,-1.0,-1.0,86.29032135009766,103.1484375,74.09677124023438,100.4296875
-1.0,-1.0,77.97826385498047,118.87109375,92.80435180664062,118.87109375,99.5434799194336,140.49609375,-1.0,-1.0,61.80434799194336,117.51953125,57.76087188720703,140.49609375,63.15217590332031,163.47265625,84.71739196777344,164.82421875,83.36956787109375,195.91015625,80.67391204833984,226.99609375,67.19564819335938,163.47265625,72.58695983886719,194.55859375,65.84782409667969,221.58984375,-1.0,-1.0,-1.0,-1.0,87.41304016113281,102.65234375,73.93478393554688,101.30078125
-1.0,-1.0,77.63043212890625,117.51953125,92.45652770996094,118.87109375,100.5434799194336,140.49609375,-1.0,-1.0,62.80434799194336,117.51953125,58.76087188720703,140.49609375,65.5,162.12109375,85.71739196777344,164.82421875,83.02174377441406,194.55859375,78.97826385498047,228.34765625,68.19564819335938,163.47265625,73.58695983886719,194.55859375,68.19564819335938,222.94140625,-1.0,-1.0,-1.0,-1.0,88.41304016113281,104.00390625,73.58695983886719,101.30078125
-1.0,-1.0,78.11111450195312,117.51953125,93.022216796875,118.87109375,101.15555572509766,140.49609375,-1.0,-1.0,63.20000076293945,117.51953125,59.133331298828125,140.49609375,64.55555725097656,162.12109375,86.24444580078125,164.82421875,83.53333282470703,194.55859375,79.46666717529297,228.34765625,68.62222290039062,163.47265625,72.68888854980469,194.55859375,68.62222290039062,222.94140625,-1.0,-1.0,-1.0,-1.0,88.95555114746094,104.00390625,74.04444885253906,101.30078125
-1.0,-1.0,79.4835205078125,118.640625,92.89010620117188,118.640625,100.93406677246094,140.140625,-1.0,-1.0,64.73626708984375,117.296875,59.373626708984375,141.484375,64.73626708984375,162.984375,86.18681335449219,164.328125,84.84615325927734,195.234375,79.4835205078125,227.484375,68.75823974609375,162.984375,74.12088012695312,196.578125,71.43955993652344,226.140625,-1.0,-1.0,-1.0,-1.0,90.20879364013672,103.859375,75.46154022216797,102.515625
-1.0,-1.0,80.4835205078125,118.07421875,95.23077392578125,119.41015625,101.93406677246094,140.78515625,-1.0,-1.0,65.73626708984375,118.07421875,60.373626708984375,140.78515625,65.73626708984375,162.16015625,88.52747344970703,164.83203125,84.5054931640625,198.23046875,79.14286041259766,227.62109375,71.0988998413086,163.49609375,76.46154022216797,198.23046875,79.14286041259766,227.62109375,-1.0,-1.0,-1.0,-1.0,91.20879364013672,103.37890625,76.46154022216797,102.04296875
-1.0,-1.0,81.4835205078125,119.41015625,96.23077392578125,119.41015625,102.93406677246094,142.12109375,97.57142639160156,152.80859375,66.73626708984375,119.41015625,61.373626708984375,142.12109375,66.73626708984375,162.16015625,88.18681335449219,166.16796875,85.5054931640625,198.23046875,80.14286041259766,228.95703125,70.75823974609375,164.83203125,78.80220031738281,198.23046875,80.14286041259766,227.62109375,-1.0,-1.0,-1.0,-1.0,92.20879364013672,103.37890625,77.46154022216797,102.04296875
-1.0,-1.0,82.4835205078125,119.41015625,97.23077392578125,119.41015625,103.93406677246094,142.12109375,97.23077392578125,154.14453125,67.73626708984375,119.41015625,63.71428680419922,142.12109375,67.73626708984375,163.49609375,89.18681335449219,166.16796875,86.5054931640625,198.23046875,82.4835205078125,228.95703125,71.75823974609375,164.83203125,79.80220031738281,198.23046875,81.14286041259766,227.62109375,-1.0,-1.0,-1.0,-1.0,93.20879364013672,103.37890625,78.46154022216797,102.04296875
-1.0,-1.0,83.18478393554688,120.1796875,96.44564819335938,120.1796875,104.40217590332031,142.7578125,96.44564819335938,154.7109375,68.59782409667969,120.1796875,63.293479919433594,142.7578125,68.59782409667969,164.0078125,89.81521606445312,166.6640625,87.16304016113281,198.5390625,81.85869598388672,227.7578125,73.90217590332031,164.0078125,81.85869598388672,198.5390625,87.16304016113281,225.1015625,-1.0,-1.0,-1.0,-1.0,93.7934799194336,102.9140625,79.2065200805664,102.9140625
-1.0,-1.0,84.18478393554688,120.1796875,97.44564819335938,120.1796875,105.40217590332031,142.7578125,-1.0,-1.0,69.59782409667969,120.1796875,64.2934799194336,142.7578125,69.59782409667969,164.0078125,90.81521606445312,166.6640625,85.51087188720703,198.5390625,80.2065200805664,229.0859375,74.90217590332031,165.3359375,89.4891357421875,198.5390625,92.14130401611328,226.4296875,-1.0,-1.0,-1.0,-1.0,94.7934799194336,104.2421875,80.2065200805664,102.9140625
-1.0,-1.0,85.18478393554688,120.1796875,98.44564819335938,120.1796875,106.40217590332031,142.7578125,-1.0,-1.0,71.92391204833984,120.1796875,66.61956787109375,144.0859375,70.59782409667969,164.0078125,91.81521606445312,165.3359375,85.18478393554688,197.2109375,81.2065200805664,227.7578125,75.90217590332031,164.0078125,91.81521606445312,197.2109375,93.14130401611328,225.1015625,-1.0,-1.0,-1.0,-1.0,95.7934799194336,104.2421875,81.2065200805664,104.2421875
-1.0,-1.0,86.66667175292969,120.1796875,98.66667175292969,120.1796875,106.66667175292969,142.7578125,-1.0,-1.0,72.0,120.1796875,66.66666412353516,142.7578125,73.33333587646484,167.9921875,92.0,165.3359375,86.66667175292969,198.5390625,81.33333587646484,227.7578125,77.33333587646484,164.0078125,90.66667175292969,198.5390625,94.66667175292969,225.1015625,-1.0,-1.0,-1.0,-1.0,96.0,104.2421875,81.33333587646484,104.2421875
-1.0,-1.0,86.71428680419922,119.62890625,99.9011001586914,119.62890625,106.4945068359375,142.07421875,-1.0,-1.0,73.52747344970703,119.62890625,68.25274658203125,142.07421875,72.20879364013672,165.83984375,93.30769348144531,164.51953125,88.03296661376953,200.16796875,80.12088012695312,229.21484375,77.4835205078125,164.51953125,90.67033386230469,198.84765625,95.94505310058594,227.89453125,-1.0,-1.0,-1.0,-1.0,95.94505310058594,103.78515625,82.75823974609375,103.78515625
-1.0,-1.0,87.71428680419922,119.62890625,100.9011001586914,120.94921875,106.17582702636719,142.07421875,-1.0,-1.0,74.52747344970703,119.62890625,67.93406677246094,143.39453125,73.20879364013672,165.83984375,94.30769348144531,164.51953125,89.03296661376953,198.84765625,81.12088012695312,227.89453125,78.4835205078125,164.51953125,90.35164642333984,197.52734375,95.62637329101562,226.57421875,-1.0,-1.0,-1.0,-1.0,96.94505310058594,103.78515625,83.75823974609375,103.78515625
-1.0,-1.0,88.71428680419922,120.94921875,101.9011001586914,120.94921875,107.17582702636719,142.07421875,-1.0,-1.0,75.52747344970703,119.62890625,68.93406677246094,143.39453125,74.20879364013672,164.51953125,95.30769348144531,163.19921875,90.03296661376953,197.52734375,82.12088012695312,226.57421875,79.4835205078125,163.19921875,93.989013671875,197.52734375,95.30769348144531,225.25390625,-1.0,-1.0,-1.0,-1.0,96.62637329101562,103.78515625,83.43955993652344,103.78515625
-1.0,-1.0,89.71428680419922,120.71875,102.9011001586914,120.71875,108.17582702636719,141.71875,-1.0,-1.0,76.52747344970703,119.40625,71.25274658203125,143.03125,73.89010620117188,164.03125,96.30769348144531,164.03125,91.03296661376953,196.84375,81.80220031738281,225.71875,80.4835205078125,164.03125,94.989013671875,196.84375,96.30769348144531,224.40625,-1.0,-1.0,-1.0,-1.0,97.62637329101562,103.65625,84.43955993652344,103.65625
-1.0,-1.0,90.43478393554688,120.18359375,103.47826385498047,120.18359375,108.69564819335938,141.05859375,-1.0,-1.0,77.39130401611328,120.18359375,72.17391204833984,142.36328125,76.08695983886719,163.23828125,96.9565200805664,161.93359375,91.7391357421875,197.16015625,82.60869598388672,225.86328125,81.30435180664062,161.93359375,95.65217590332031,197.16015625,95.65217590332031,225.86328125,-1.0,-1.0,-1.0,-1.0,98.26087188720703,103.22265625,85.21739196777344,104.52734375
-1.0,-1.0,91.43478393554688,120.18359375,103.17391967773438,120.18359375,109.69564819335938,139.75390625,-1.0,-1.0,78.39130401611328,120.18359375,73.17391204833984,143.66796875,77.08695983886719,159.32421875,97.9565200805664,160.62890625,96.65217590332031,193.24609375,84.91304016113281,224.55859375,83.60869598388672,160.62890625,90.13043212890625,193.24609375,94.0434799194336,223.25390625,-1.0,-1.0,-1.0,-1.0,99.26087188720703,103.22265625,86.21739196777344,104.52734375
-1.0,-1.0,92.43478393554688,120.18359375,104.17391967773438,120.18359375,110.69564819335938,138.44921875,-1.0,-1.0,79.39130401611328,120.18359375,74.17391204833984,142.36328125,76.78260803222656,160.62890625,98.9565200805664,161.93359375,98.9565200805664,193.24609375,84.60869598388672,223.25390625,83.30435180664062,160.62890625,91.13043212890625,193.24609375,97.65217590332031,224.55859375,-1.0,-1.0,-1.0,-1.0,100.26087188720703,104.52734375,85.91304016113281,104.52734375
-1.0,-1.0,91.989013671875,119.6640625,103.65933990478516,119.6640625,111.43955993652344,140.4140625,107.54945373535156,157.2734375,79.02198028564453,119.6640625,73.83516693115234,143.0078125,77.72527313232422,161.1640625,99.76923370361328,161.1640625,101.06593322753906,192.2890625,86.80220031738281,222.1171875,84.20879364013672,161.1640625,89.3956069946289,192.2890625,94.5824203491211,223.4140625,-1.0,-1.0,-1.0,-1.0,99.76923370361328,104.1015625,86.80220031738281,104.1015625
-1.0,-1.0,91.69230651855469,119.6640625,103.36264038085938,119.6640625,111.14286041259766,140.4140625,107.25274658203125,157.2734375,80.02198028564453,119.6640625,74.83516693115234,143.0078125,82.61538696289062,155.9765625,100.76923370361328,162.4609375,104.65933990478516,192.2890625,90.3956069946289,223.4140625,85.20879364013672,162.4609375,90.3956069946289,193.5859375,92.989013671875,222.1171875,-1.0,-1.0,-1.0,-1.0,100.76923370361328,104.1015625,87.80220031738281,102.8046875
-1.0,-1.0,93.15730285644531,119.6640625,104.88764190673828,119.6640625,112.70787048339844,140.4140625,106.19100952148438,153.3828125,81.42696380615234,119.6640625,76.21348571777344,144.3046875,81.42696380615234,157.2734375,102.28089904785156,162.4609375,107.494384765625,192.2890625,93.15730285644531,218.2265625,86.64044952392578,162.4609375,90.5505599975586,193.5859375,89.2471923828125,219.5234375,-1.0,-1.0,-1.0,-1.0,102.28089904785156,104.1015625,87.94381713867188,104.1015625
-1.0,-1.0,92.85393524169922,119.6640625,105.88764190673828,119.6640625,113.70787048339844,140.4140625,105.88764190673828,153.3828125,81.12359619140625,120.9609375,77.21348571777344,144.3046875,82.42696380615234,158.5703125,103.28089904785156,162.4609375,109.7977523803711,192.2890625,92.85393524169922,220.8203125,87.64044952392578,162.4609375,90.2471923828125,192.2890625,91.5505599975586,218.2265625,-1.0,-1.0,-1.0,-1.0,101.97753143310547,104.1015625,88.94381713867188,104.1015625
-1.0,-1.0,93.62222290039062,120.44921875,105.22222137451172,119.16015625,114.24444580078125,139.78515625,-1.0,-1.0,82.02222442626953,120.44921875,78.15555572509766,144.94140625,79.44444274902344,161.69921875,103.93333435058594,164.27734375,110.37777709960938,191.34765625,96.19999694824219,222.28515625,88.46666717529297,164.27734375,92.33333587646484,192.63671875,92.33333587646484,218.41796875,-1.0,-1.0,-1.0,-1.0,103.93333435058594,104.98046875,89.75555419921875,103.69140625
-1.0,-1.0,93.33333587646484,120.44921875,104.93333435058594,119.16015625,112.66667175292969,141.07421875,-1.0,-1.0,83.02222442626953,120.44921875,79.15555572509766,143.65234375,-1.0,-1.0,103.64444732666016,164.27734375,111.37777709960938,192.63671875,98.4888916015625,218.41796875,88.17778015136719,164.27734375,93.33333587646484,192.63671875,93.33333587646484,218.41796875,-1.0,-1.0,-1.0,-1.0,104.93333435058594,104.98046875,92.04444885253906,103.69140625
-1.0,-1.0,94.33333587646484,120.44921875,105.93333435058594,120.44921875,112.37777709960938,139.78515625,107.22222137451172,152.67578125,84.02222442626953,120.44921875,78.86666870117188,142.36328125,-1.0,-1.0,103.35556030273438,161.69921875,112.37777709960938,192.63671875,100.77777862548828,220.99609375,87.88888549804688,161.69921875,93.04444885253906,192.63671875,94.33333587646484,222.28515625,-1.0,-1.0,-1.0,-1.0,105.93333435058594,104.98046875,91.75555419921875,104.98046875
-1.0,-1.0,95.33333587646484,120.44921875,106.93333435058594,120.44921875,113.37777709960938,141.07421875,108.22222137451172,152.67578125,85.02222442626953,120.44921875,79.86666870117188,142.36328125,-1.0,-1.0,104.35556030273438,162.98828125,113.37777709960938,192.63671875,104.35556030273438,223.57421875,88.88888549804688,162.98828125,92.75555419921875,195.21484375,95.33333587646484,224.86328125,-1.0,-1.0,-1.0,-1.0,105.64444732666016,104.98046875,92.75555419921875,104.98046875
-1.0,-1.0,96.75823974609375,121.01953125,108.23077392578125,119.74609375,113.32966613769531,141.39453125,108.23077392578125,152.85546875,85.28571319580078,121.01953125,81.46154022216797,143.94140625,-1.0,-1.0,106.95604705810547,165.58984375,114.60440063476562,193.60546875,108.23077392578125,222.89453125,90.38461303710938,166.86328125,94.20879364013672,198.69921875,94.20879364013672,226.71484375,-1.0,-1.0,-1.0,-1.0,106.95604705810547,105.73828125,94.20879364013672,104.46484375
-1.0,-1.0,97.75823974609375,121.01953125,109.23077392578125,121.01953125,114.32966613769531,142.66796875,110.5054931640625,154.12890625,86.28571319580078,121.01953125,81.18681335449219,143.94140625,-1.0,-1.0,106.68132019042969,164.31640625,114.32966613769531,193.60546875,110.5054931640625,225.44140625,90.10989379882812,163.04296875,93.93406677246094,198.69921875,95.20879364013672,226.71484375,-1.0,-1.0,-1.0,-1.0,107.95604705810547,105.73828125,95.20879364013672,104.46484375
-1.0,-1.0,98.75823974609375,121.01953125,110.23077392578125,121.01953125,115.32966613769531,142.66796875,110.23077392578125,152.85546875,88.56044006347656,121.01953125,82.18681335449219,143.94140625,-1.0,-1.0,107.68132019042969,163.04296875,115.32966613769531,193.60546875,112.78022003173828,225.44140625,91.10989379882812,161.76953125,94.93406677246094,198.69921875,94.93406677246094,227.98828125,-1.0,-1.0,-1.0,-1.0,110.23077392578125,107.01171875,96.20879364013672,105.73828125
-1.0,-1.0,100.0,120.5390625,111.4000015258789,121.8046875,116.46666717529297,143.3203125,112.66666412353516,154.7109375,89.86666870117188,120.5390625,83.53333282470703,143.3203125,-1.0,-1.0,108.86666870117188,164.8359375,115.19999694824219,197.7421875,116.46666717529297,228.1171875,92.4000015258789,162.3046875,94.93333435058594,200.2734375,96.19999694824219,228.1171875,-1.0,-1.0,-1.0,-1.0,111.4000015258789,106.6171875,98.73333740234375,105.3515625
-1.0,-1.0,102.26666259765625,121.8046875,113.66666412353516,121.8046875,117.46666717529297,143.3203125,112.4000015258789,153.4453125,90.86666870117188,120.5390625,83.26667022705078,143.3203125,-1.0,-1.0,108.5999984741211,164.8359375,114.93333435058594,199.0078125,120.0,226.8515625,93.4000015258789,163.5703125,95.93333435058594,200.2734375,95.93333435058594,229.3828125,-1.0,-1.0,-1.0,-1.0,112.4000015258789,106.6171875,99.73333740234375,105.3515625
-1.0,-1.0,103.26666259765625,121.8046875,114.66666412353516,123.0703125,118.46666717529297,143.3203125,113.4000015258789,152.1796875,91.86666870117188,121.8046875,85.53333282470703,144.5859375,-1.0,-1.0,109.5999984741211,166.1015625,115.93333435058594,199.0078125,122.26666259765625,225.5859375,94.4000015258789,164.8359375,96.93333435058594,200.2734375,95.66666412353516,229.3828125,-1.0,-1.0,-1.0,-1.0,113.4000015258789,107.8828125,100.73333740234375,105.3515625
-1.0,-1.0,104.26666259765625,121.8046875,115.66666412353516,123.0703125,119.46666717529297,144.5859375,114.4000015258789,154.7109375,94.13333129882812,121.8046875,86.53333282470703,144.5859375,-1.0,-1.0,110.5999984741211,167.3671875,116.93333435058594,197.7421875,124.53333282470703,225.5859375,95.4000015258789,166.1015625,96.66666412353516,201.5390625,96.66666412353516,229.3828125,-1.0,-1.0,-1.0,-1.0,115.66666412353516,107.8828125,103.0,105.3515625
-1.0,-1.0,106.39325714111328,122.58984375,117.71910095214844,122.58984375,121.494384765625,146.48828125,116.46067810058594,155.29296875,95.06741333007812,122.58984375,87.51685333251953,146.48828125,-1.0,-1.0,111.42697143554688,166.61328125,118.97753143310547,198.05859375,125.26966857910156,225.73046875,96.32584381103516,166.61328125,97.58427429199219,200.57421875,96.32584381103516,228.24609375,-1.0,-1.0,-1.0,-1.0,116.46067810058594,108.75390625,103.87640380859375,106.23828125
-1.0,-1.0,107.39325714111328,123.84765625,118.71910095214844,123.84765625,122.494384765625,146.48828125,118.71910095214844,156.55078125,96.06741333007812,122.58984375,89.77528381347656,146.48828125,92.2921371459961,159.06640625,113.68539428710938,167.87109375,119.97753143310547,198.05859375,126.26966857910156,226.98828125,97.32584381103516,167.87109375,98.58427429199219,201.83203125,96.06741333007812,228.24609375,-1.0,-1.0,-1.0,-1.0,118.71910095214844,108.75390625,104.87640380859375,107.49609375
-1.0,-1.0,108.39325714111328,123.84765625,119.71910095214844,123.84765625,123.494384765625,149.00390625,118.46067810058594,156.55078125,98.32584381103516,122.58984375,90.77528381347656,147.74609375,-1.0,-1.0,114.68539428710938,170.38671875,122.2359619140625,199.31640625,127.26966857910156,226.98828125,99.58427429199219,169.12890625,98.32584381103516,201.83203125,97.06741333007812,228.24609375,-1.0,-1.0,-1.0,-1.0,119.71910095214844,108.75390625,107.13483428955078,107.49609375
-1.0,-1.0,110.65168762207031,123.84765625,120.71910095214844,125.10546875,125.7528076171875,147.74609375,125.7528076171875,160.32421875,99.32584381103516,123.84765625,91.77528381347656,147.74609375,95.5505599975586,160.32421875,118.2022476196289,169.12890625,123.2359619140625,198.05859375,128.26966857910156,226.98828125,101.84269714355469,169.12890625,100.58427429199219,200.57421875,96.80899047851562,226.98828125,-1.0,-1.0,-1.0,-1.0,120.71910095214844,108.75390625,109.39325714111328,107.49609375
-1.0,-1.0,111.4000015258789,124.40234375,122.60000610351562,124.40234375,128.8222198486328,148.00390625,126.33333587646484,159.18359375,101.44444274902344,123.16015625,93.97777557373047,146.76171875,98.95555877685547,159.18359375,118.86666870117188,169.12109375,125.0888900756836,198.93359375,128.8222198486328,227.50390625,103.93333435058594,169.12109375,101.44444274902344,201.41796875,97.71111297607422,227.50390625,-1.0,-1.0,-1.0,-1.0,123.84444427490234,109.49609375,110.15555572509766,108.25390625
-1.0,-1.0,113.64444732666016,124.40234375,123.60000610351562,124.40234375,131.06666564941406,148.00390625,136.04444885253906,150.48828125,103.68888854980469,123.16015625,96.22222137451172,145.51953125,101.19999694824219,157.94140625,121.11111450195312,169.12109375,126.0888900756836,198.93359375,129.8222198486328,227.50390625,104.93333435058594,169.12109375,102.44444274902344,201.41796875,98.71111297607422,227.50390625,-1.0,-1.0,-1.0,-1.0,124.84444427490234,109.49609375,112.4000015258789,108.25390625
-1.0,-1.0,114.2471923828125,124.40234375,124.13482666015625,124.40234375,132.78651428222656,148.00390625,138.96629333496094,146.76171875,103.12359619140625,124.40234375,96.94381713867188,145.51953125,101.88764190673828,157.94140625,122.89887237548828,169.12109375,126.60673522949219,200.17578125,129.07864379882812,227.50390625,106.83145904541016,169.12109375,104.35955047607422,200.17578125,98.17977905273438,223.77734375,-1.0,-1.0,-1.0,-1.0,126.60673522949219,109.49609375,113.01123046875,108.25390625
-1.0,-1.0,116.48314666748047,123.9453125,126.37078857421875,123.9453125,132.55056762695312,146.1640625,139.96629333496094,147.3984375,105.35955047607422,122.7109375,97.94381713867188,143.6953125,104.12359619140625,158.5078125,123.89887237548828,169.6171875,127.60673522949219,200.4765625,128.8426971435547,228.8671875,109.06741333007812,168.3828125,106.59550476074219,201.7109375,99.17977905273438,223.9296875,-1.0,-1.0,-1.0,-1.0,127.60673522949219,109.1328125,115.2471923828125,107.8984375
-1.0,-1.0,117.48314666748047,123.9453125,128.6067352294922,123.9453125,133.55056762695312,146.1640625,140.96629333496094,147.3984375,106.35955047607422,122.7109375,98.94381713867188,143.6953125,105.12359619140625,158.5078125,124.89887237548828,167.1484375,128.6067352294922,199.2421875,128.6067352294922,227.6328125,110.06741333007812,167.1484375,110.06741333007812,196.7734375,101.41573333740234,218.9921875,-1.0,-1.0,-1.0,-1.0,128.6067352294922,109.1328125,117.48314666748047,106.6640625
-1.0,-1.0,118.48314666748047,123.9453125,129.6067352294922,123.9453125,135.78651428222656,146.1640625,143.20223999023438,147.3984375,107.35955047607422,123.9453125,101.17977905273438,143.6953125,106.12359619140625,159.7421875,127.13482666015625,167.1484375,129.6067352294922,199.2421875,129.6067352294922,227.6328125,112.3033676147461,167.1484375,111.06741333007812,198.0078125,102.41573333740234,221.4609375,-1.0,-1.0,-1.0,-1.0,129.6067352294922,109.1328125,118.48314666748047,106.6640625
-1.0,-1.0,119.48314666748047,123.9453125,130.6067352294922,123.9453125,138.0224609375,146.1640625,146.67416381835938,146.1640625,109.59550476074219,123.9453125,102.17977905273438,143.6953125,105.88764190673828,160.9765625,128.13482666015625,168.3828125,130.6067352294922,198.0078125,129.37078857421875,227.6328125,114.53932189941406,167.1484375,113.3033676147461,198.0078125,103.41573333740234,222.6953125,-1.0,-1.0,-1.0,-1.0,130.6067352294922,109.1328125,119.48314666748047,106.6640625
-1.0,-1.0,121.44444274902344,123.50390625,131.22222900390625,123.50390625,138.55555725097656,146.80859375,148.3333282470703,145.58203125,111.66666412353516,123.50390625,103.11111450195312,143.12890625,106.77777862548828,160.30078125,128.77777099609375,168.88671875,131.22222900390625,199.55078125,128.77777099609375,227.76171875,115.33333587646484,167.66015625,116.55555725097656,199.55078125,105.55555725097656,221.62890625,-1.0,-1.0,-1.0,-1.0,132.44444274902344,110.01171875,121.44444274902344,107.55859375
-1.0,-1.0,122.44444274902344,123.50390625,133.44444274902344,124.73046875,140.77777099609375,146.80859375,149.3333282470703,144.35546875,112.66666412353516,123.50390625,105.33333587646484,145.58203125,107.77777862548828,162.75390625,129.77777099609375,166.43359375,132.22222900390625,199.55078125,128.55555725097656,226.53515625,116.33333587646484,167.66015625,117.55555725097656,198.32421875,112.66666412353516,222.85546875,-1.0,-1.0,-1.0,-1.0,133.44444274902344,110.01171875,123.66666412353516,107.55859375
-1.0,-1.0,123.44444274902344,124.73046875,134.44444274902344,124.73046875,143.0,145.58203125,139.3333282470703,157.84765625,113.66666412353516,124.73046875,107.55555725097656,145.58203125,110.0,160.30078125,132.0,166.43359375,132.0,198.32421875,129.55555725097656,226.53515625,117.33333587646484,166.43359375,119.77777862548828,197.09765625,123.44444274902344,224.08203125,-1.0,-1.0,-1.0,-1.0,134.44444274902344,110.01171875,124.66666412353516,107.55859375
-1.0,-1.0,125.66666412353516,124.73046875,136.6666717529297,124.73046875,144.0,145.58203125,140.3333282470703,159.07421875,114.66666412353516,124.73046875,108.55555725097656,145.58203125,111.0,159.07421875,133.0,167.66015625,131.77777099609375,199.55078125,130.55555725097656,227.76171875,119.55555725097656,167.66015625,122.0,197.09765625,122.0,226.53515625,-1.0,-1.0,-1.0,-1.0,135.44444274902344,111.23828125,128.11111450195312,110.01171875
-1.0,-1.0,127.69662475585938,125.30078125,138.61798095703125,125.30078125,145.8988800048828,145.88671875,141.04493713378906,160.41796875,115.56179809570312,124.08984375,109.494384765625,145.88671875,113.13482666015625,159.20703125,134.97752380371094,166.47265625,132.55056762695312,196.74609375,128.9101104736328,225.80859375,120.41572570800781,166.47265625,124.05618286132812,195.53515625,122.84269714355469,222.17578125,-1.0,-1.0,-1.0,-1.0,136.19100952148438,110.76953125,130.12359619140625,109.55859375
-1.0,-1.0,128.89773559570312,125.30078125,139.73863220214844,125.30078125,146.96591186523438,145.88671875,142.14773559570312,160.41796875,116.8522720336914,125.30078125,112.03408813476562,147.09765625,114.44318389892578,157.99609375,134.9204559326172,166.47265625,133.71591186523438,196.74609375,130.10227966308594,225.80859375,121.67045593261719,165.26171875,127.69318389892578,195.53515625,124.07954406738281,223.38671875,-1.0,-1.0,-1.0,-1.0,137.3295440673828,110.76953125,128.89773559570312,109.55859375
-1.0,-1.0,129.89773559570312,125.30078125,140.73863220214844,125.30078125,147.96591186523438,145.88671875,143.14773559570312,159.20703125,119.05681610107422,125.30078125,111.82954406738281,145.88671875,116.6477279663086,160.41796875,135.9204559326172,166.47265625,133.51136779785156,197.95703125,128.69317626953125,225.80859375,122.67045593261719,166.47265625,129.89773559570312,196.74609375,129.89773559570312,223.38671875,-1.0,-1.0,-1.0,-1.0,138.3295440673828,110.76953125,127.48863983154297,109.55859375
-1.0,-1.0,130.89773559570312,126.0859375,141.73863220214844,126.0859375,148.96591186523438,146.5390625,142.94317626953125,156.1640625,120.05681610107422,126.0859375,112.82954406738281,146.5390625,118.8522720336914,162.1796875,136.9204559326172,168.1953125,134.51136779785156,199.4765625,130.89773559570312,227.1484375,123.67045593261719,166.9921875,130.89773559570312,198.2734375,130.89773559570312,224.7421875,-1.0,-1.0,-1.0,-1.0,139.3295440673828,110.4453125,128.48863220214844,109.2421875
-1.0,-1.0,131.89773559570312,126.0859375,142.73863220214844,126.0859375,149.96591186523438,146.5390625,145.14773559570312,159.7734375,121.05681610107422,126.0859375,113.82954406738281,146.5390625,119.8522720336914,162.1796875,137.9204559326172,166.9921875,134.30682373046875,198.2734375,131.89773559570312,225.9453125,124.67045593261719,166.9921875,129.48863220214844,197.0703125,131.89773559570312,224.7421875,-1.0,-1.0,-1.0,-1.0,140.3295440673828,110.4453125,129.48863220214844,110.4453125
-1.0,-1.0,132.89773559570312,127.2890625,144.94317626953125,127.2890625,150.96591186523438,146.5390625,144.94317626953125,158.5703125,122.05681610107422,126.0859375,114.82954406738281,145.3359375,-1.0,-1.0,138.9204559326172,168.1953125,135.30682373046875,199.4765625,131.69317626953125,227.1484375,125.67045593261719,168.1953125,131.69317626953125,198.2734375,132.89773559570312,224.7421875,-1.0,-1.0,-1.0,-1.0,141.3295440673828,111.6484375,129.28408813476562,111.6484375
-1.0,-1.0,135.10227966308594,126.0859375,145.94317626953125,127.2890625,151.96591186523438,147.7421875,143.53408813476562,157.3671875,124.26136779785156,126.0859375,115.82954406738281,144.1328125,-1.0,-1.0,139.9204559326172,166.9921875,136.30682373046875,198.2734375,131.48863220214844,224.7421875,126.67045593261719,165.7890625,138.71591186523438,198.2734375,143.53408813476562,224.7421875,-1.0,-1.0,-1.0,-1.0,142.3295440673828,111.6484375,131.48863220214844,111.6484375
-1.0,-1.0,135.20223999023438,126.87109375,144.73033142089844,126.87109375,151.87640380859375,148.38671875,144.73033142089844,157.94921875,124.48314666748047,126.87109375,117.33708190917969,144.80078125,-1.0,-1.0,139.96629333496094,167.51171875,137.5842742919922,196.19921875,130.43820190429688,224.88671875,126.86516571044922,167.51171875,139.96629333496094,197.39453125,144.73033142089844,223.69140625,-1.0,-1.0,-1.0,-1.0,143.53932189941406,112.52734375,131.62921142578125,112.52734375
-1.0,-1.0,136.20223999023438,127.84375,146.92135620117188,127.84375,154.06741333007812,150.40625,-1.0,-1.0,125.48314666748047,127.84375,118.33708190917969,145.65625,-1.0,-1.0,143.3483123779297,167.03125,138.5842742919922,197.90625,130.2471923828125,226.40625,129.05618286132812,167.03125,140.96629333496094,197.90625,148.11236572265625,224.03125,-1.0,-1.0,-1.0,-1.0,144.53932189941406,112.40625,132.62921142578125,112.40625
-1.0,-1.0,137.20223999023438,127.84375,146.73033142089844,127.84375,156.2584228515625,150.40625,161.0224609375,155.15625,127.67415618896484,127.84375,121.71910095214844,145.65625,-1.0,-1.0,144.3483123779297,168.21875,140.77528381347656,197.90625,131.2471923828125,226.40625,130.05618286132812,168.21875,143.1573028564453,199.09375,149.11236572265625,225.21875,-1.0,-1.0,-1.0,-1.0,145.53932189941406,112.40625,134.82022094726562,112.40625
-1.0,-1.0,138.40908813476562,127.44140625,147.86363220214844,127.44140625,154.9545440673828,149.85546875,162.0454559326172,158.11328125,127.7727279663086,127.44140625,123.04545593261719,146.31640625,-1.0,-1.0,146.68182373046875,168.73046875,140.77272033691406,199.40234375,131.31817626953125,225.35546875,131.31817626953125,168.73046875,144.31817626953125,198.22265625,150.22726440429688,225.35546875,-1.0,-1.0,-1.0,-1.0,146.68182373046875,112.10546875,134.86363220214844,112.10546875
-1.0,-1.0,139.40908813476562,127.44140625,148.86363220214844,127.44140625,155.9545440673828,149.85546875,164.22726440429688,159.29296875,128.77272033691406,128.62109375,124.04545593261719,147.49609375,-1.0,-1.0,145.31817626953125,168.73046875,141.77272033691406,197.04296875,131.13636779785156,224.17578125,132.31817626953125,167.55078125,144.13636779785156,197.04296875,148.86363220214844,222.99609375,-1.0,-1.0,-1.0,-1.0,147.68182373046875,113.28515625,135.86363220214844,113.28515625
-1.0,-1.0,140.40908813476562,128.62109375,149.86363220214844,127.44140625,156.9545440673828,148.67578125,165.22726440429688,156.93359375,129.77272033691406,128.62109375,125.04545593261719,147.49609375,-1.0,-1.0,147.5,166.37109375,141.59091186523438,197.04296875,132.13636779785156,224.17578125,134.5,166.37109375,141.59091186523438,195.86328125,148.68182373046875,225.35546875,-1.0,-1.0,-1.0,-1.0,148.68182373046875,112.10546875,136.86363220214844,113.28515625
-1.0,-1.0,141.70787048339844,129.17578125,151.05618286132812,128.01171875,158.06741333007812,150.12890625,166.2471923828125,159.44140625,131.19100952148438,129.17578125,126.51685333251953,147.80078125,-1.0,-1.0,147.55056762695312,168.75390625,141.70787048339844,199.01953125,132.35955810546875,224.62890625,134.69662475585938,167.58984375,144.04493713378906,199.01953125,149.88763427734375,225.79296875,-1.0,-1.0,-1.0,-1.0,149.88763427734375,112.87890625,137.03370666503906,112.87890625
-1.0,-1.0,141.9204559326172,129.17578125,151.19317626953125,128.01171875,158.14773559570312,150.12890625,-1.0,-1.0,131.48863220214844,129.17578125,128.01136779785156,150.12890625,133.80682373046875,160.60546875,147.71591186523438,171.08203125,143.0795440673828,199.01953125,133.80682373046875,223.46484375,134.96591186523438,169.91796875,144.23863220214844,197.85546875,148.875,225.79296875,-1.0,-1.0,-1.0,-1.0,148.875,112.87890625,137.28408813476562,112.87890625
-1.0,-1.0,142.9204559326172,129.17578125,152.19317626953125,128.01171875,159.14773559570312,150.12890625,-1.0,-1.0,132.48863220214844,129.17578125,129.01136779785156,151.29296875,132.48863220214844,167.58984375,151.03408813476562,171.08203125,145.23863220214844,197.85546875,134.80682373046875,221.13671875,137.125,169.91796875,146.39772033691406,197.85546875,149.875,224.62890625,-1.0,-1.0,-1.0,-1.0,149.875,112.87890625,138.28408813476562,112.87890625
-1.0,-1.0,143.9204559326172,129.17578125,153.19317626953125,128.01171875,160.14773559570312,151.29296875,-1.0,-1.0,133.48863220214844,129.17578125,131.1704559326172,151.29296875,133.48863220214844,166.42578125,153.19317626953125,172.24609375,147.39772033691406,197.85546875,138.125,219.97265625,138.125,171.08203125,143.9204559326172,196.69140625,150.875,224.62890625,-1.0,-1.0,-1.0,-1.0,150.875,112.87890625,139.28408813476562,112.87890625
-1.0,-1.0,143.76136779785156,128.796875,154.19317626953125,127.640625,162.30682373046875,151.921875,-1.0,-1.0,134.48863220214844,128.796875,131.01136779785156,153.078125,137.96591186523438,160.015625,155.35226440429688,171.578125,150.71591186523438,202.796875,139.125,221.296875,140.28408813476562,172.734375,144.9204559326172,201.640625,153.03408813476562,224.765625,-1.0,-1.0,-1.0,-1.0,151.875,113.765625,139.125,113.765625
-1.0,-1.0,145.06741333007812,128.58203125,154.2359619140625,127.43359375,163.4044952392578,150.40234375,-1.0,-1.0,134.7528076171875,128.58203125,132.46067810058594,152.69921875,139.3370819091797,160.73828125,155.38201904296875,172.22265625,155.38201904296875,200.93359375,141.62921142578125,215.86328125,140.48313903808594,173.37109375,145.06741333007812,199.78515625,141.62921142578125,215.86328125,-1.0,-1.0,-1.0,-1.0,153.0898895263672,113.65234375,140.48313903808594,113.65234375
-1.0,-1.0,146.06741333007812,128.58203125,155.2359619140625,127.43359375,164.4044952392578,150.40234375,170.13482666015625,164.18359375,135.7528076171875,128.58203125,132.31460571289062,150.40234375,139.19100952148438,160.73828125,155.2359619140625,172.22265625,157.52809143066406,199.78515625,146.06741333007812,215.86328125,141.48313903808594,172.22265625,144.92135620117188,199.78515625,142.62921142578125,217.01171875,-1.0,-1.0,-1.0,-1.0,154.0898895263672,113.65234375,141.48313903808594,113.65234375
-1.0,-1.0,147.2954559326172,128.2265625,156.38636779785156,128.2265625,164.34091186523438,151.0390625,171.15908813476562,162.4453125,137.06817626953125,128.2265625,132.52272033691406,149.8984375,137.06817626953125,167.0078125,156.38636779785156,170.4296875,157.52273559570312,197.8046875,151.84091186523438,216.0546875,142.75,171.5703125,146.15908813476562,196.6640625,148.43182373046875,217.1953125,-1.0,-1.0,-1.0,-1.0,155.25,114.5390625,142.75,113.3984375
-1.0,-1.0,147.15908813476562,128.2265625,157.38636779785156,128.2265625,165.34091186523438,151.0390625,172.15908813476562,164.7265625,138.06817626953125,128.2265625,132.38636779785156,148.7578125,136.93182373046875,167.0078125,156.25,168.1484375,159.65908813476562,195.5234375,151.7045440673828,218.3359375,142.61363220214844,169.2890625,147.15908813476562,196.6640625,147.15908813476562,218.3359375,-1.0,-1.0,-1.0,-1.0,156.25,114.5390625,143.75,114.5390625
-1.0,-1.0,148.15908813476562,128.2265625,158.38636779785156,128.2265625,165.2045440673828,151.0390625,173.15908813476562,163.5859375,139.06817626953125,128.2265625,132.25,148.7578125,-1.0,-1.0,156.11363220214844,168.1484375,153.84091186523438,197.8046875,148.15908813476562,222.8984375,143.61363220214844,169.2890625,148.15908813476562,197.8046875,149.2954559326172,219.4765625,-1.0,-1.0,-1.0,-1.0,157.25,114.5390625,144.75,114.5390625
-1.0,-1.0,149.47190856933594,127.6875,159.5842742919922,127.6875,165.20223999023438,151.3125,173.06741333007812,164.8125,140.48313903808594,128.8125,132.61798095703125,147.9375,-1.0,-1.0,156.21348571777344,167.0625,155.0898895263672,198.5625,150.5955047607422,223.3125,143.8539276123047,168.1875,147.22471618652344,197.4375,147.22471618652344,223.3125,-1.0,-1.0,-1.0,-1.0,158.46067810058594,114.1875,146.1011199951172,114.1875
-1.0,-1.0,150.47190856933594,128.8125,160.5842742919922,127.6875,165.07864379882812,152.4375,172.94381713867188,165.9375,141.48313903808594,128.8125,133.61798095703125,146.8125,-1.0,-1.0,158.3370819091797,168.1875,166.20223999023438,195.1875,162.83145141601562,222.1875,143.73033142089844,169.3125,147.1011199951172,198.5625,148.22471618652344,224.4375,-1.0,-1.0,-1.0,-1.0,159.46067810058594,114.1875,148.22471618652344,114.1875
-1.0,-1.0,151.47190856933594,128.8125,161.5842742919922,128.8125,164.95504760742188,151.3125,171.69662475585938,164.8125,142.48313903808594,128.8125,134.61798095703125,146.8125,-1.0,-1.0,158.21348571777344,168.1875,167.20223999023438,197.4375,163.83145141601562,225.5625,144.73033142089844,170.4375,148.1011199951172,197.4375,149.22471618652344,225.5625,-1.0,-1.0,-1.0,-1.0,160.46067810058594,115.3125,149.22471618652344,114.1875
-1.0,-1.0,152.22222900390625,128.48828125,162.22222900390625,128.48828125,165.55555725097656,153.06640625,172.22222900390625,165.35546875,143.3333282470703,129.60546875,135.55555725097656,147.48046875,-1.0,-1.0,160.0,169.82421875,166.6666717529297,199.98828125,166.6666717529297,226.80078125,145.55555725097656,170.94140625,147.77777099609375,199.98828125,150.0,226.80078125,-1.0,-1.0,-1.0,-1.0,162.22222900390625,115.08203125,150.0,113.96484375
-1.0,-1.0,153.8295440673828,129.3984375,162.73863220214844,128.2890625,166.0795440673828,151.5859375,173.875,166.0078125,144.9204559326172,129.3984375,137.125,147.1484375,-1.0,-1.0,159.39773559570312,170.4453125,167.19317626953125,197.0703125,170.53408813476562,224.8046875,146.03408813476562,171.5546875,148.26136779785156,199.2890625,149.375,225.9140625,-1.0,-1.0,-1.0,-1.0,162.73863220214844,114.9765625,151.60226440429688,114.9765625
-1.0,-1.0,154.8295440673828,129.3984375,164.85226440429688,129.3984375,168.19317626953125,152.6953125,173.76136779785156,167.1171875,145.9204559326172,129.3984375,137.01136779785156,147.1484375,-1.0,-1.0,160.39773559570312,171.5546875,168.19317626953125,198.1796875,172.64773559570312,223.6953125,147.03408813476562,172.6640625,149.26136779785156,200.3984375,150.375,225.9140625,-1.0,-1.0,-1.0,-1.0,163.73863220214844,116.0859375,152.60226440429688,116.0859375
-1.0,-1.0,156.62069702148438,129.3984375,165.44827270507812,129.3984375,168.7586212158203,152.6953125,174.27586364746094,167.1171875,146.6896514892578,129.3984375,138.96551513671875,148.2578125,-1.0,-1.0,162.137939453125,170.4453125,168.7586212158203,198.1796875,173.1724090576172,223.6953125,147.79310607910156,171.5546875,148.89654541015625,200.3984375,150.0,225.9140625,-1.0,-1.0,-1.0,-1.0,165.44827270507812,117.1953125,154.41378784179688,116.0859375
-1.0,-1.0,157.62069702148438,130.19140625,166.44827270507812,130.19140625,169.7586212158203,153.32421875,175.27586364746094,167.64453125,148.79310607910156,130.19140625,139.96551513671875,147.81640625,-1.0,-1.0,162.03448486328125,170.94921875,169.7586212158203,198.48828125,174.1724090576172,223.82421875,148.79310607910156,172.05078125,151.0,200.69140625,149.89654541015625,224.92578125,-1.0,-1.0,-1.0,-1.0,166.44827270507812,116.97265625,155.41378784179688,115.87109375
-1.0,-1.0,159.72413635253906,131.29296875,168.55172729492188,130.19140625,171.862060546875,152.22265625,177.37930297851562,167.64453125,149.79310607910156,131.29296875,140.96551513671875,148.91796875,-1.0,-1.0,164.137939453125,170.94921875,169.65516662597656,198.48828125,174.0689697265625,223.82421875,149.79310607910156,172.05078125,152.0,201.79296875,150.89654541015625,226.02734375,-1.0,-1.0,-1.0,-1.0,168.55172729492188,116.97265625,156.41378784179688,116.97265625
-1.0,-1.0,160.4545440673828,131.078125,170.27273559570312,131.078125,173.5454559326172,152.953125,179.0,169.359375,150.63636779785156,131.078125,143.0,149.671875,-1.0,-1.0,164.81817626953125,170.453125,170.27273559570312,198.890625,174.63636779785156,224.046875,151.72727966308594,171.546875,152.81817626953125,202.171875,150.63636779785156,225.140625,-1.0,-1.0,-1.0,-1.0,169.18182373046875,117.953125,158.27273559570312,116.859375
-1.0,-1.0,161.4545440673828,131.86328125,171.27273559570312,130.77734375,174.5454559326172,154.66796875,181.09091186523438,168.78515625,152.72727966308594,130.77734375,145.09091186523438,150.32421875,-1.0,-1.0,165.81817626953125,170.95703125,171.27273559570312,197.01953125,175.63636779785156,223.08203125,153.81817626953125,172.04296875,154.90908813476562,199.19140625,151.63636779785156,225.25390625,-1.0,-1.0,-1.0,-1.0,171.27273559570312,118.83203125,159.27273559570312,117.74609375
-1.0,-1.0,163.5454559326172,131.86328125,173.36363220214844,131.86328125,176.63636779785156,153.58203125,183.18182373046875,168.78515625,153.72727966308594,130.77734375,146.09091186523438,149.23828125,-1.0,-1.0,167.90908813476562,169.87109375,172.27273559570312,197.01953125,175.5454559326172,224.16796875,154.81817626953125,170.95703125,155.90908813476562,199.19140625,152.63636779785156,224.16796875,-1.0,-1.0,-1.0,-1.0,173.36363220214844,118.83203125,160.27273559570312,117.74609375
-1.0,-1.0,164.5454559326172,131.86328125,174.36363220214844,131.86328125,177.63636779785156,154.66796875,184.18182373046875,169.87109375,154.72727966308594,131.86328125,148.18182373046875,149.23828125,-1.0,-1.0,170.0,170.95703125,174.36363220214844,198.10546875,176.5454559326172,224.16796875,155.81817626953125,172.04296875,156.90908813476562,199.19140625,152.5454559326172,223.08203125,-1.0,-1.0,-1.0,-1.0,174.36363220214844,118.83203125,162.36363220214844,117.74609375
-1.0,-1.0,165.80899047851562,131.5703125,175.516845703125,131.5703125,178.7528076171875,155.2890625,185.22471618652344,169.3046875,156.1011199951172,131.5703125,149.62921142578125,150.9765625,155.02247619628906,164.9921875,170.12359619140625,171.4609375,174.43820190429688,198.4140625,176.5955047607422,223.2109375,156.1011199951172,172.5390625,158.2584228515625,198.4140625,152.86517333984375,221.0546875,-1.0,-1.0,-1.0,-1.0,175.516845703125,118.6328125,163.6516876220703,117.5546875
-1.0,-1.0,166.53334045410156,131.36328125,177.1999969482422,132.43359375,180.39999389648438,154.91015625,185.73333740234375,168.82421875,156.93333435058594,131.36328125,150.53334045410156,153.83984375,154.8000030517578,166.68359375,172.93333435058594,172.03515625,176.13333129882812,199.86328125,176.13333129882812,224.48046875,158.0,173.10546875,159.06666564941406,198.79296875,151.60000610351562,221.26953125,-1.0,-1.0,-1.0,-1.0,176.13333129882812,118.51953125,165.4666748046875,117.44921875
-1.0,-1.0,168.03408813476562,131.36328125,178.71591186523438,131.36328125,181.9204559326172,153.83984375,187.26136779785156,168.82421875,158.4204559326172,131.36328125,152.01136779785156,152.76953125,156.28408813476562,165.61328125,174.44317626953125,170.96484375,177.64773559570312,199.86328125,177.64773559570312,225.55078125,159.48863220214844,172.03515625,162.69317626953125,198.79296875,154.14773559570312,218.05859375,-1.0,-1.0,-1.0,-1.0,177.64773559570312,118.51953125,165.89773559570312,117.44921875
-1.0,-1.0,169.03408813476562,131.36328125,179.71591186523438,131.36328125,182.9204559326172,154.91015625,189.3295440673828,168.82421875,159.4204559326172,131.36328125,153.01136779785156,153.83984375,158.35227966308594,165.61328125,175.44317626953125,170.96484375,177.5795440673828,197.72265625,176.51136779785156,224.48046875,161.55682373046875,172.03515625,164.76136779785156,196.65234375,157.28408813476562,213.77734375,-1.0,-1.0,-1.0,-1.0,177.5795440673828,118.51953125,166.89773559570312,117.44921875
181.78408813476562,119.58984375,170.03408813476562,131.36328125,180.71591186523438,131.36328125,184.9886474609375,155.98046875,192.46591186523438,169.89453125,160.4204559326172,131.36328125,155.0795440673828,153.83984375,157.21591186523438,167.75390625,176.44317626953125,173.10546875,177.51136779785156,198.79296875,176.44317626953125,223.41015625,162.55682373046875,172.03515625,165.76136779785156,196.65234375,159.35227966308594,213.77734375,180.71591186523438,117.44921875,-1.0,-1.0,177.51136779785156,118.51953125,167.89773559570312,117.44921875
-1.0,-1.0,171.53334045410156,132.43359375,181.13333129882812,132.43359375,186.4666748046875,154.91015625,192.86666870117188,167.75390625,160.86666870117188,132.43359375,155.53334045410156,154.91015625,157.6666717529297,168.82421875,177.93333435058594,172.03515625,176.86666870117188,197.72265625,176.86666870117188,224.48046875,164.06666564941406,172.03515625,166.1999969482422,196.65234375,159.8000030517578,213.77734375,-1.0,-1.0,-1.0,-1.0,179.0,118.51953125,168.3333282470703,118.51953125
-1.0,-1.0,172.53334045410156,132.21875,183.1999969482422,132.21875,188.53334045410156,154.53125,192.8000030517578,167.28125,161.86666870117188,133.28125,156.53334045410156,154.53125,158.6666717529297,168.34375,178.93333435058594,170.46875,177.86666870117188,197.03125,177.86666870117188,224.65625,165.06666564941406,171.53125,169.3333282470703,194.90625,161.86666870117188,214.03125,-1.0,-1.0,-1.0,-1.0,180.0,118.40625,170.39999389648438,118.40625
-1.0,-1.0,173.53192138671875,132.21875,184.1702117919922,132.21875,190.55319213867188,153.46875,194.80850219726562,167.28125,162.89361572265625,132.21875,157.574462890625,153.46875,157.574462890625,168.34375,179.91488647460938,170.46875,177.7872314453125,198.09375,176.72340393066406,224.65625,166.08511352539062,170.46875,168.2127685546875,195.96875,166.08511352539062,214.03125,-1.0,-1.0,-1.0,-1.0,180.97872924804688,118.40625,171.4042510986328,118.40625
-1.0,-1.0,173.96875,132.21875,185.65625,132.21875,190.96875,153.46875,196.28125,165.15625,163.34375,133.28125,159.09375,154.53125,159.09375,170.46875,180.34375,170.46875,178.21875,199.15625,176.09375,225.71875,166.53125,170.46875,169.71875,198.09375,166.53125,222.53125,-1.0,-1.0,-1.0,-1.0,182.46875,118.40625,171.84375,118.40625
-1.0,-1.0,175.23158264160156,132.50390625,187.0421142578125,132.50390625,193.4842071533203,153.91015625,194.55789184570312,165.68359375,164.49473571777344,132.50390625,159.12631225585938,153.91015625,159.12631225585938,171.03515625,180.60000610351562,169.96484375,179.5263214111328,198.86328125,176.30526733398438,225.62109375,166.64210510253906,171.03515625,170.9368438720703,198.86328125,174.15789794921875,222.41015625,-1.0,-1.0,-1.0,-1.0,182.74737548828125,118.58984375,173.08421325683594,118.58984375
-1.0,-1.0,176.73196411132812,132.50390625,187.45361328125,132.50390625,193.8865966796875,153.91015625,200.319580078125,167.82421875,166.01031494140625,132.50390625,159.5773162841797,152.83984375,160.6494903564453,171.03515625,181.02061462402344,169.96484375,179.94845581054688,198.86328125,176.73196411132812,224.55078125,167.0824737548828,171.03515625,172.44329833984375,197.79296875,176.73196411132812,224.55078125,-1.0,-1.0,-1.0,-1.0,184.2371063232422,118.58984375,173.5154571533203,118.58984375
-1.0,-1.0,177.97000122070312,132.28125,188.57000732421875,133.34375,193.8699951171875,153.53125,201.2899932861328,167.34375,167.3699951171875,132.28125,161.00999450683594,153.53125,162.07000732421875,170.53125,182.20999145507812,170.53125,179.02999877929688,198.15625,175.85000610351562,223.65625,168.42999267578125,170.53125,173.72999572753906,197.09375,174.7899932861328,222.59375,-1.0,-1.0,-1.0,-1.0,184.3300018310547,118.46875,174.7899932861328,118.46875
-1.0,-1.0,178.97000122070312,133.34375,188.50999450683594,133.34375,194.8699951171875,153.53125,202.2899932861328,167.34375,168.3699951171875,132.28125,162.00999450683594,154.59375,163.07000732421875,174.78125,183.20999145507812,171.59375,180.02999877929688,199.21875,176.85000610351562,224.71875,168.3699951171875,171.59375,173.6699981689453,198.15625,175.7899932861328,222.59375,-1.0,-1.0,-1.0,-1.0,185.3300018310547,119.53125,174.72999572753906,119.53125
-1.0,-1.0,178.91000366210938,133.34375,189.50999450683594,133.34375,195.8699951171875,153.53125,202.22999572753906,166.28125,169.3699951171875,133.34375,163.00999450683594,153.53125,164.07000732421875,172.65625,183.14999389648438,170.53125,179.97000122070312,199.21875,177.85000610351562,223.65625,169.3699951171875,170.53125,174.6699981689453,197.09375,176.7899932861328,223.65625,-1.0,-1.0,-1.0,-1.0,186.3300018310547,119.53125,175.72999572753906,119.53125
-1.0,-1.0,180.18812561035156,134.11328125,190.68316650390625,134.11328125,195.93069458007812,154.15234375,203.2772216796875,165.75390625,169.6930694580078,133.05859375,163.3960418701172,154.15234375,164.44554138183594,172.08203125,184.38613891601562,171.02734375,180.18812561035156,198.44921875,177.03961181640625,222.70703125,170.74256896972656,171.02734375,175.99009704589844,198.44921875,180.18812561035156,221.65234375,-1.0,-1.0,-1.0,-1.0,187.53465270996094,121.45703125,175.99009704589844,120.40234375
-1.0,-1.0,180.68687438964844,134.11328125,191.19192504882812,134.11328125,196.44444274902344,154.15234375,202.74746704101562,165.75390625,170.18182373046875,134.11328125,163.8787841796875,154.15234375,164.92929077148438,173.13671875,184.88888549804688,169.97265625,180.68687438964844,198.44921875,176.48484802246094,223.76171875,171.23233032226562,171.02734375,176.48484802246094,197.39453125,181.73736572265625,220.59765625,-1.0,-1.0,-1.0,-1.0,188.0404052734375,121.45703125,176.48484802246094,120.40234375
-1.0,-1.0,180.63636779785156,134.11328125,191.14141845703125,134.11328125,196.39393615722656,153.09765625,203.74746704101562,165.75390625,171.18182373046875,134.11328125,165.92929077148438,155.20703125,165.92929077148438,174.19140625,185.88888549804688,171.02734375,180.63636779785156,198.44921875,176.43434143066406,222.70703125,172.23233032226562,171.02734375,176.43434143066406,197.39453125,181.68687438964844,220.59765625,-1.0,-1.0,-1.0,-1.0,187.98989868164062,121.45703125,177.48484802246094,121.45703125
-1.0,-1.0,181.63636779785156,134.11328125,192.14141845703125,135.16796875,197.39393615722656,153.09765625,203.69696044921875,164.69921875,171.13131713867188,135.16796875,165.8787841796875,155.20703125,166.92929077148438,173.13671875,186.88888549804688,171.02734375,181.63636779785156,199.50390625,177.43434143066406,222.70703125,173.23233032226562,171.02734375,177.43434143066406,197.39453125,-1.0,-1.0,-1.0,-1.0,-1.0,-1.0,188.98989868164062,121.45703125,178.48484802246094,121.45703125
-1.0,-1.0,182.13401794433594,134.8828125,192.64947509765625,134.8828125,197.90721130371094,152.6796875,203.16494750976562,165.2421875,171.61856079101562,134.8828125,166.36082458496094,155.8203125,167.41236877441406,173.6171875,187.39175415039062,171.5234375,182.13401794433594,198.7421875,177.92782592773438,221.7734375,173.72164916992188,171.5234375,177.92782592773438,197.6953125,-1.0,-1.0,-1.0,-1.0,-1.0,-1.0,189.49484252929688,121.2734375,178.97938537597656,121.2734375
-1.0,-1.0,183.13401794433594,134.8828125,193.64947509765625,134.8828125,197.8556671142578,153.7265625,205.21649169921875,166.2890625,172.61856079101562,134.8828125,168.41236877441406,156.8671875,169.4639129638672,175.7109375,189.44329833984375,170.4765625,184.18556213378906,198.7421875,177.87628173828125,221.7734375,176.82473754882812,171.5234375,178.92782592773438,197.6953125,185.2371063232422,219.6796875,-1.0,-1.0,-1.0,-1.0,189.44329833984375,121.2734375,178.92782592773438,121.2734375
-1.0,-1.0,183.0824737548828,134.8828125,192.54638671875,134.8828125,197.8041229248047,153.7265625,205.16494750976562,166.2890625,173.61856079101562,134.8828125,168.36082458496094,156.8671875,169.41236877441406,175.7109375,189.39175415039062,170.4765625,184.13401794433594,197.6953125,178.87628173828125,219.6796875,177.82473754882812,171.5234375,179.92782592773438,196.6484375,-1.0,-1.0,-1.0,-1.0,-1.0,-1.0,190.44329833984375,121.2734375,178.87628173828125,121.2734375
-1.0,-1.0,182.8163299560547,135.65234375,192.1836700439453,135.65234375,198.42857360839844,153.31640625,205.71429443359375,166.82421875,173.448974609375,135.65234375,168.24490356445312,156.43359375,172.4081573486328,175.13671875,189.06121826171875,170.98046875,185.93878173828125,197.99609375,179.69387817382812,219.81640625,176.57142639160156,172.01953125,180.7346954345703,195.91796875,186.97958374023438,217.73828125,-1.0,-1.0,-1.0,-1.0,190.10203552246094,121.10546875,179.69387817382812,121.10546875
-1.0,-1.0,184.3541717529297,134.61328125,193.7291717529297,134.61328125,198.9375,154.35546875,207.2708282470703,167.86328125,173.9375,135.65234375,169.7708282470703,156.43359375,172.8958282470703,175.13671875,189.5625,174.09765625,189.5625,197.99609375,181.2291717529297,218.77734375,177.0625,174.09765625,181.2291717529297,199.03515625,181.2291717529297,217.73828125,-1.0,-1.0,-1.0,-1.0,190.6041717529297,121.10546875,180.1875,121.10546875
-1.0,-1.0,184.85714721679688,134.61328125,194.2244873046875,134.61328125,199.42857360839844,153.31640625,207.75509643554688,166.82421875,174.448974609375,135.65234375,170.2857208251953,156.43359375,172.36734008789062,175.13671875,191.10203552246094,172.01953125,192.14285278320312,199.03515625,185.89796447753906,217.73828125,178.61224365234375,173.05859375,181.7346954345703,199.03515625,181.7346954345703,216.69921875,-1.0,-1.0,-1.0,-1.0,190.06121826171875,121.10546875,181.7346954345703,121.10546875
-1.0,-1.0,185.1212158203125,135.390625,194.39393615722656,134.359375,200.5757598876953,152.921875,208.81817626953125,167.359375,175.84848022460938,135.390625,170.6969757080078,156.015625,172.757568359375,172.515625,192.3333282470703,169.421875,195.4242401123047,197.265625,188.21212768554688,215.828125,178.93939208984375,170.453125,183.06060791015625,196.234375,183.06060791015625,215.828125,-1.0,-1.0,-1.0,-1.0,191.3030242919922,120.953125,181.0,120.953125
-1.0,-1.0,186.64947509765625,135.390625,195.92782592773438,134.359375,200.05154418945312,152.921875,208.29896545410156,167.359375,176.3402099609375,135.390625,171.18556213378906,156.015625,173.24742126464844,170.453125,192.83505249023438,170.453125,197.98968505859375,196.234375,189.7422637939453,214.796875,180.4639129638672,170.453125,183.55670166015625,196.234375,183.55670166015625,214.796875,-1.0,-1.0,-1.0,-1.0,191.8041229248047,120.953125,181.49484252929688,120.953125
-1.0,-1.0,186.61856079101562,135.390625,195.89691162109375,134.359375,201.05154418945312,153.953125,208.26803588867188,168.390625,177.3402099609375,135.390625,172.18556213378906,154.984375,173.21649169921875,168.390625,193.83505249023438,171.484375,200.02061462402344,195.203125,192.8041229248047,216.859375,180.4329833984375,170.453125,184.55670166015625,195.203125,183.52577209472656,215.828125,-1.0,-1.0,-1.0,-1.0,192.8041229248047,120.953125,182.49484252929688,120.953125
-1.0,-1.0,187.61856079101562,135.390625,195.86598205566406,134.359375,201.02061462402344,152.921875,207.2061767578125,168.390625,177.3092803955078,135.390625,172.15463256835938,156.015625,174.21649169921875,169.421875,194.83505249023438,171.484375,199.98968505859375,196.234375,195.86598205566406,219.953125,181.4329833984375,172.515625,185.55670166015625,197.265625,184.52577209472656,216.859375,-1.0,-1.0,-1.0,-1.0,193.8041229248047,120.953125,183.49484252929688,120.953125
-1.0,-1.0,187.90625,135.14453125,197.09375,134.12109375,202.1979217529297,153.56640625,207.30209350585938,168.91796875,178.71875,136.16796875,171.5729217529297,155.61328125,175.65625,169.94140625,195.0520782470703,171.98828125,202.1979217529297,195.52734375,196.0729217529297,220.08984375,181.78125,174.03515625,185.8645782470703,199.62109375,186.8854217529297,222.13671875,-1.0,-1.0,-1.0,-1.0,195.0520782470703,121.83984375,183.8229217529297,121.83984375
-1.0,-1.0,188.90625,135.14453125,197.0729217529297,134.12109375,201.15625,152.54296875,208.30209350585938,167.89453125,179.71875,136.16796875,172.5729217529297,155.61328125,175.6354217529297,171.98828125,195.03125,171.98828125,197.0729217529297,197.57421875,191.96875,219.06640625,182.78125,173.01171875,185.84375,199.62109375,185.84375,222.13671875,-1.0,-1.0,-1.0,-1.0,195.03125,121.83984375,185.84375,120.81640625
201.1354217529297,124.91015625,188.8854217529297,135.14453125,197.0520782470703,134.12109375,201.1354217529297,153.56640625,208.28125,168.91796875,179.6979217529297,135.14453125,173.5729217529297,155.61328125,177.65625,175.05859375,197.0520782470703,173.01171875,199.09375,198.59765625,197.0520782470703,221.11328125,183.78125,173.01171875,185.8229217529297,199.62109375,186.84375,224.18359375,200.1145782470703,122.86328125,-1.0,-1.0,196.03125,122.86328125,186.84375,121.83984375
200.81053161621094,124.7578125,188.6842041015625,134.9140625,197.77894592285156,134.9140625,201.821044921875,153.1953125,208.89474487304688,168.4296875,180.60000610351562,134.9140625,174.53683471679688,155.2265625,177.56842041015625,176.5546875,196.76841735839844,171.4765625,201.821044921875,197.8828125,197.77894592285156,220.2265625,183.63157653808594,173.5078125,185.6526336669922,198.8984375,186.6631622314453,223.2734375,198.7894744873047,122.7265625,-1.0,-1.0,195.7578887939453,122.7265625,186.6631622314453,121.7109375
202.821044921875,125.7734375,189.6842041015625,134.9140625,198.77894592285156,134.9140625,201.81053161621094,154.2109375,209.89474487304688,169.4453125,181.60000610351562,134.9140625,174.5263214111328,155.2265625,178.56842041015625,172.4921875,195.74737548828125,171.4765625,201.81053161621094,197.8828125,200.8000030517578,222.2578125,183.6210479736328,172.4921875,186.6526336669922,198.8984375,186.6526336669922,224.2890625,201.81053161621094,123.7421875,-1.0,-1.0,197.76841735839844,123.7421875,187.6631622314453,121.7109375
-1.0,-1.0,190.6842041015625,134.9140625,198.76841735839844,134.9140625,202.81053161621094,155.2265625,208.87368774414062,168.4296875,182.60000610351562,135.9296875,176.53683471679688,156.2421875,179.56842041015625,172.4921875,196.74737548828125,174.5234375,201.8000030517578,198.8984375,203.821044921875,222.2578125,184.6210479736328,174.5234375,186.64210510253906,198.8984375,187.6526336669922,223.2734375,-1.0,-1.0,-1.0,-1.0,198.76841735839844,123.7421875,188.6631622314453,121.7109375
-1.0,-1.0,191.6842041015625,135.70703125,200.77894592285156,134.69921875,203.81053161621094,155.86328125,209.87368774414062,168.96484375,183.60000610351562,135.70703125,176.5263214111328,155.86328125,179.55789184570312,171.98828125,197.74737548828125,171.98828125,202.8000030517578,197.18359375,205.83157348632812,220.36328125,185.6210479736328,172.99609375,187.64210510253906,198.19140625,187.64210510253906,223.38671875,-1.0,-1.0,-1.0,-1.0,199.76841735839844,123.61328125,189.6631622314453,122.60546875
-1.0,-1.0,193.19354248046875,136.71484375,201.27957153320312,135.70703125,205.3225860595703,156.87109375,212.39785766601562,169.97265625,184.09677124023438,136.71484375,178.03225708007812,156.87109375,180.0537567138672,178.03515625,199.258056640625,174.00390625,203.3010711669922,200.20703125,208.35484313964844,221.37109375,187.1290283203125,175.01171875,188.13978576660156,201.21484375,188.13978576660156,224.39453125,-1.0,-1.0,-1.0,-1.0,201.27957153320312,123.61328125,191.1720428466797,123.61328125
-1.0,-1.0,194.19354248046875,136.71484375,203.29031372070312,136.71484375,207.3333282470703,156.87109375,213.39785766601562,170.98046875,185.09677124023438,137.72265625,179.03225708007812,156.87109375,180.0430145263672,177.02734375,200.258056640625,175.01171875,204.3010711669922,199.19921875,208.34408569335938,222.37890625,188.1290283203125,175.01171875,190.15054321289062,200.20703125,188.1290283203125,223.38671875,-1.0,-1.0,-1.0,-1.0,202.27957153320312,124.62109375,192.1720428466797,123.61328125
-1.0,-1.0,195.5,137.5,204.5,136.5,207.5,156.5,213.5,171.5,186.5,137.5,179.5,157.5,180.5,175.5,200.5,175.5,201.5,201.5,203.5,223.5,188.5,175.5,189.5,201.5,188.5,224.5,-1.0,-1.0,-1.0,-1.0,202.5,124.5,192.5,124.5
210.0,128.5,197.0,137.5,205.0,137.5,209.0,157.5,215.0,171.5,188.0,138.5,181.0,157.5,184.0,171.5,202.0,175.5,205.0,200.5,208.0,223.5,189.0,176.5,190.0,202.5,188.0,224.5,208.0,126.5,-1.0,-1.0,205.0,126.5,195.0,124.5
211.0,128.5,198.0,137.5,206.0,137.5,210.0,157.5,216.0,171.5,189.0,138.5,182.0,158.5,186.0,171.5,203.0,175.5,208.0,200.5,209.0,223.5,191.0,175.5,192.0,199.5,188.0,222.5,210.0,126.5,-1.0,-1.0,207.0,126.5,-1.0,-1.0
-1.0,-1.0,199.0,138.5,208.0,137.5,211.0,157.5,217.0,172.5,190.0,138.5,183.0,156.5,-1.0,-1.0,204.0,175.5,208.0,199.5,209.0,223.5,192.0,174.5,193.0,199.5,188.0,221.5,-1.0,-1.0,-1.0,-1.0,208.0,126.5,-1.0,-1.0
-1.0,-1.0,199.78494262695312,138.28515625,209.6774139404297,138.28515625,213.6343994140625,158.12890625,218.5806427001953,173.01171875,191.8709716796875,138.28515625,184.9462432861328,158.12890625,186.9247283935547,177.97265625,205.72042846679688,175.98828125,209.6774139404297,200.79296875,208.68817138671875,223.61328125,192.86021423339844,175.98828125,193.84945678710938,199.80078125,187.91397094726562,222.62109375,-1.0,-1.0,-1.0,-1.0,209.6774139404297,126.37890625,202.752685546875,125.38671875
-1.0,-1.0,200.78494262695312,138.28515625,210.6774139404297,138.28515625,214.6343994140625,158.12890625,220.56988525390625,172.01953125,192.8709716796875,138.28515625,185.9462432861328,159.12109375,191.8817138671875,171.02734375,207.70968627929688,175.98828125,209.68817138671875,201.78515625,210.6774139404297,223.61328125,193.86021423339844,175.98828125,195.83871459960938,199.80078125,189.90322875976562,219.64453125,-1.0,-1.0,-1.0,-1.0,209.68817138671875,126.37890625,202.76344299316406,125.38671875
-1.0,-1.0,202.77420043945312,138.28515625,211.6774139404297,137.29296875,215.6343994140625,158.12890625,221.56988525390625,171.02734375,193.8709716796875,138.28515625,188.9247283935547,159.12109375,190.90322875976562,173.01171875,208.70968627929688,174.99609375,210.68817138671875,199.80078125,210.68817138671875,223.61328125,195.84945678710938,175.98828125,198.81719970703125,198.80859375,189.91397094726562,217.66015625,-1.0,-1.0,-1.0,-1.0,211.6774139404297,127.37109375,204.752685546875,126.37890625
-1.0,-1.0,204.26373291015625,138.0859375,214.15383911132812,138.0859375,218.10989379882812,159.7421875,223.05494689941406,172.5390625,194.37362670898438,138.0859375,189.42857360839844,159.7421875,191.40658569335938,172.5390625,210.1977996826172,176.4765625,211.1868133544922,200.1015625,210.1977996826172,223.7265625,196.35165405273438,175.4921875,199.3186798095703,198.1328125,195.36264038085938,222.7421875,-1.0,-1.0,-1.0,-1.0,212.1758270263672,126.2734375,206.24176025390625,126.2734375
-1.0,-1.0,205.26373291015625,139.0703125,215.15383911132812,138.0859375,219.10989379882812,160.7265625,226.032958984375,172.5390625,195.37362670898438,139.0703125,190.42857360839844,158.7578125,192.40658569335938,172.5390625,211.1977996826172,175.4921875,212.1868133544922,200.1015625,210.2087860107422,223.7265625,198.3406524658203,175.4921875,200.3186798095703,198.1328125,194.38461303710938,219.7890625,-1.0,-1.0,-1.0,-1.0,213.1758270263672,126.2734375,203.2857208251953,125.2890625
-1.0,-1.0,206.26373291015625,139.0703125,216.15383911132812,139.0703125,221.09890747070312,159.7421875,226.04396057128906,172.5390625,196.37362670898438,139.0703125,191.42857360839844,158.7578125,192.41758728027344,173.5234375,212.1977996826172,174.5078125,211.2087860107422,200.1015625,210.21978759765625,223.7265625,199.3406524658203,174.5078125,201.3186798095703,197.1484375,195.38461303710938,213.8828125,-1.0,-1.0,-1.0,-1.0,214.1758270263672,126.2734375,203.2967071533203,126.2734375
-1.0,-1.0,207.03260803222656,138.87890625,216.81521606445312,138.87890625,222.68478393554688,159.38671875,226.5978240966797,171.10546875,197.25,138.87890625,192.3586883544922,159.38671875,193.3369598388672,175.01171875,212.9021759033203,175.01171875,211.92391967773438,200.40234375,210.94564819335938,223.83984375,200.18478393554688,175.98828125,202.14129638671875,197.47265625,198.22825622558594,214.07421875,-1.0,-1.0,-1.0,-1.0,214.85870361328125,126.18359375,204.0978240966797,126.18359375
-1.0,-1.0,208.5111083984375,138.87890625,218.2888946533203,138.87890625,225.13333129882812,159.38671875,229.04444885253906,172.08203125,198.73333740234375,138.87890625,192.86666870117188,158.41015625,193.84445190429688,175.01171875,213.39999389648438,173.05859375,211.44444274902344,198.44921875,210.4666748046875,222.86328125,200.6888885498047,173.05859375,203.62222290039062,196.49609375,200.6888885498047,216.02734375,-1.0,-1.0,-1.0,-1.0,215.35556030273438,126.18359375,205.57777404785156,126.18359375
-1.0,-1.0,209.0108642578125,138.87890625,218.79347229003906,138.87890625,225.64129638671875,158.41015625,228.57608032226562,170.12890625,199.22825622558594,138.87890625,194.3369598388672,159.38671875,196.29347229003906,176.96484375,214.88043212890625,174.03515625,211.94564819335938,199.42578125,209.9891357421875,223.83984375,202.1630401611328,174.03515625,204.11956787109375,198.44921875,205.0978240966797,220.91015625,-1.0,-1.0,-1.0,-1.0,215.85870361328125,126.18359375,206.07608032226562,126.18359375
-1.0,-1.0,210.4888916015625,138.87890625,220.26666259765625,138.87890625,227.11111450195312,157.43359375,227.11111450195312,168.17578125,200.7111053466797,138.87890625,194.84445190429688,158.41015625,196.8000030517578,175.98828125,216.35556030273438,173.05859375,212.44444274902344,199.42578125,210.4888916015625,223.83984375,202.6666717529297,174.03515625,205.60000610351562,199.42578125,204.62222290039062,220.91015625,-1.0,-1.0,-1.0,-1.0,216.35556030273438,126.18359375,206.57777404785156,126.18359375
-1.0,-1.0,210.9891357421875,138.87890625,220.77174377441406,138.87890625,227.61956787109375,157.43359375,229.57608032226562,170.12890625,201.20652770996094,138.87890625,196.31521606445312,157.43359375,198.27174377441406,175.01171875,216.85870361328125,174.03515625,214.9021759033203,198.44921875,210.0108642578125,221.88671875,203.1630401611328,175.01171875,208.05435180664062,198.44921875,208.05435180664062,220.91015625,-1.0,-1.0,-1.0,-1.0,216.85870361328125,126.18359375,207.07608032226562,126.18359375
-1.0,-1.0,211.9891357421875,138.87890625,221.77174377441406,138.87890625,228.61956787109375,157.43359375,231.55435180664062,171.10546875,202.20652770996094,138.87890625,196.3369598388672,157.43359375,198.29347229003906,175.98828125,216.88043212890625,174.03515625,214.92391967773438,199.42578125,210.03260803222656,223.83984375,204.1630401611328,174.03515625,207.0978240966797,198.44921875,211.0108642578125,222.86328125,-1.0,-1.0,-1.0,-1.0,217.85870361328125,125.20703125,208.07608032226562,126.18359375
-1.0,-1.0,211.9891357421875,138.87890625,222.75,138.87890625,228.61956787109375,157.43359375,230.57608032226562,171.10546875,203.18478393554688,138.87890625,197.31521606445312,159.38671875,198.29347229003906,177.94140625,216.88043212890625,175.01171875,214.92391967773438,200.40234375,210.03260803222656,223.83984375,204.1630401611328,175.01171875,208.07608032226562,199.42578125,212.96739196777344,222.86328125,-1.0,-1.0,-1.0,-1.0,217.85870361328125,126.18359375,209.05435180664062,127.16015625
-1.0,-1.0,212.9891357421875,138.87890625,222.77174377441406,138.87890625,229.61956787109375,158.41015625,232.55435180664062,172.08203125,203.20652770996094,139.85546875,198.31521606445312,159.38671875,198.31521606445312,176.96484375,217.88043212890625,174.03515625,213.96739196777344,199.42578125,212.0108642578125,222.86328125,205.1630401611328,174.03515625,209.07608032226562,198.44921875,-1.0,-1.0,-1.0,-1.0,-1.0,-1.0,218.85870361328125,126.18359375,209.07608032226562,127.16015625
-1.0,-1.0,214.24176025390625,140.0703125,224.13186645507812,140.0703125,230.06593322753906,158.7734375,234.02197265625,172.5546875,204.35165405273438,140.0703125,198.41758728027344,159.7578125,197.42857360839844,178.4609375,218.1977996826172,175.5078125,215.23077392578125,201.1015625,213.25274658203125,222.7578125,205.3406524658203,175.5078125,209.2967071533203,200.1171875,211.27471923828125,221.7734375,-1.0,-1.0,-1.0,-1.0,219.1868133544922,127.2734375,210.2857208251953,127.2734375
-1.0,-1.0,214.24176025390625,140.0703125,224.13186645507812,140.0703125,230.06593322753906,158.7734375,235.010986328125,172.5546875,205.3406524658203,140.0703125,199.40658569335938,157.7890625,197.42857360839844,176.4921875,219.1868133544922,174.5234375,215.23077392578125,200.1171875,213.25274658203125,222.7578125,206.3296661376953,173.5390625,209.2967071533203,199.1328125,212.26373291015625,221.7734375,-1.0,-1.0,-1.0,-1.0,220.1758270263672,127.2734375,210.2857208251953,128.2578125
-1.0,-1.0,215.24176025390625,140.0703125,225.13186645507812,140.0703125,230.07691955566406,158.7734375,236.010986328125,173.5390625,205.35165405273438,140.0703125,200.40658569335938,157.7890625,199.41758728027344,176.4921875,219.1977996826172,174.5234375,216.23077392578125,200.1171875,212.27471923828125,223.7421875,207.3296661376953,173.5390625,219.1977996826172,201.1015625,213.26373291015625,221.7734375,-1.0,-1.0,-1.0,-1.0,221.1758270263672,128.2578125,211.2857208251953,128.2578125
-1.0,-1.0,215.24176025390625,141.0546875,225.13186645507812,140.0703125,230.07691955566406,158.7734375,236.010986328125,174.5234375,205.35165405273438,141.0546875,200.40658569335938,158.7734375,201.39559936523438,178.4609375,220.1868133544922,175.5078125,216.23077392578125,202.0859375,212.27471923828125,222.7578125,208.3186798095703,175.5078125,220.1868133544922,203.0703125,219.1977996826172,221.7734375,-1.0,-1.0,-1.0,-1.0,221.1758270263672,128.2578125,211.2857208251953,128.2578125
-1.0,-1.0,215.25274658203125,141.0546875,225.14285278320312,140.0703125,231.07691955566406,159.7578125,237.010986328125,175.5078125,205.36264038085938,141.0546875,201.40658569335938,159.7578125,201.40658569335938,178.4609375,221.1868133544922,174.5234375,217.23077392578125,200.1171875,213.27471923828125,222.7578125,208.3296661376953,174.5234375,217.23077392578125,200.1171875,220.1977996826172,222.7578125,-1.0,-1.0,-1.0,-1.0,221.1868133544922,128.2578125,211.2967071533203,128.2578125
-1.0,-1.0,215.752685546875,141.0546875,225.64515686035156,141.0546875,231.5806427001953,159.7578125,237.51612854003906,174.5234375,205.86021423339844,141.0546875,201.90322875976562,159.7578125,202.89247131347656,179.4453125,221.68817138671875,175.5078125,217.73118591308594,198.1484375,212.78494262695312,220.7890625,208.8279571533203,174.5234375,215.752685546875,199.1328125,217.73118591308594,220.7890625,-1.0,-1.0,-1.0,-1.0,221.68817138671875,128.2578125,210.80645751953125,128.2578125
-1.0,-1.0,216.25274658203125,141.27734375,225.15383911132812,140.28515625,232.07691955566406,160.12890625,238.010986328125,175.01171875,206.36264038085938,140.28515625,202.40658569335938,160.12890625,204.38461303710938,180.96484375,222.1868133544922,176.99609375,218.23077392578125,199.81640625,214.27471923828125,220.65234375,209.3296661376953,176.00390625,212.2967071533203,199.81640625,-1.0,-1.0,-1.0,-1.0,-1.0,-1.0,221.1977996826172,128.37890625,211.3076934814453,128.37890625
-1.0,-1.0,215.76344299316406,140.28515625,224.6666717529297,139.29296875,231.59140014648438,159.13671875,238.51612854003906,169.05859375,205.8709716796875,140.28515625,202.90322875976562,161.12109375,203.89247131347656,177.98828125,222.68817138671875,176.99609375,219.72042846679688,201.80078125,214.77420043945312,219.66015625,208.83871459960938,176.99609375,214.77420043945312,200.80859375,216.752685546875,219.66015625,-1.0,-1.0,-1.0,-1.0,221.6989288330078,128.37890625,210.81719970703125,127.38671875
-1.0,-1.0,215.77420043945312,140.28515625,225.6666717529297,139.29296875,231.60214233398438,159.13671875,239.51612854003906,169.05859375,205.8817138671875,141.27734375,202.91397094726562,161.12109375,203.90322875976562,176.99609375,223.68817138671875,176.99609375,222.6989288330078,198.82421875,216.76344299316406,217.67578125,208.84945678710938,177.98828125,205.8817138671875,201.80078125,204.89247131347656,220.65234375,-1.0,-1.0,-1.0,-1.0,222.6989288330078,128.37890625,211.81719970703125,128.37890625
-1.0,-1.0,216.76344299316406,140.28515625,225.6666717529297,139.29296875,232.59140014648438,159.13671875,239.51612854003906,170.05078125,206.8709716796875,141.27734375,202.91397094726562,161.12109375,204.89247131347656,176.99609375,223.68817138671875,176.00390625,224.6774139404297,198.82421875,218.741943359375,212.71484375,208.84945678710938,176.99609375,214.78494262695312,200.80859375,214.78494262695312,215.69140625,-1.0,-1.0,-1.0,-1.0,222.6989288330078,128.37890625,211.81719970703125,128.37890625
-1.0,-1.0,216.77420043945312,140.28515625,226.6666717529297,140.28515625,233.59140014648438,159.13671875,240.51612854003906,170.05078125,206.8817138671875,141.27734375,203.91397094726562,161.12109375,204.90322875976562,176.99609375,224.68817138671875,174.01953125,226.6666717529297,198.82421875,218.752685546875,214.69921875,211.8279571533203,175.01171875,215.78494262695312,199.81640625,214.7957000732422,215.69140625,-1.0,-1.0,-1.0,-1.0,222.70968627929688,128.37890625,212.81719970703125,128.37890625
-1.0,-1.0,217.27471923828125,140.28515625,227.1648406982422,140.28515625,234.08792114257812,158.14453125,238.04396057128906,170.05078125,208.37362670898438,141.27734375,204.41758728027344,161.12109375,205.40658569335938,176.00390625,225.1868133544922,174.01953125,229.14285278320312,197.83203125,223.2087860107422,213.70703125,212.3296661376953,175.01171875,216.2857208251953,197.83203125,216.2857208251953,217.67578125,-1.0,-1.0,-1.0,-1.0,223.2087860107422,128.37890625,213.3186798095703,128.37890625
-1.0,-1.0,217.77420043945312,140.28515625,227.6666717529297,140.28515625,234.59140014648438,159.13671875,239.53762817382812,169.05859375,208.8709716796875,141.27734375,204.91397094726562,160.12890625,205.90322875976562,175.01171875,225.68817138671875,174.01953125,231.6236572265625,197.83203125,224.6989288330078,215.69140625,212.8279571533203,174.01953125,216.78494262695312,198.82421875,217.77420043945312,218.66796875,-1.0,-1.0,-1.0,-1.0,223.70968627929688,128.37890625,213.81719970703125,128.37890625
-1.0,-1.0,219.5,140.5,228.5,139.5,235.5,159.5,240.5,169.5,209.5,141.5,205.5,160.5,206.5,175.5,226.5,173.5,232.5,197.5,231.5,222.5,213.5,173.5,216.5,199.5,218.5,221.5,-1.0,-1.0,-1.0,-1.0,224.5,128.5,214.5,128.5
-1.0,-1.0,219.5,140.5,228.5,139.5,235.5,159.5,240.5,169.5,209.5,141.5,204.5,159.5,207.5,174.5,226.5,174.5,232.5,196.5,231.5,219.5,213.5,174.5,216.5,199.5,218.5,222.5,-1.0,-1.0,-1.0,-1.0,224.5,128.5,214.5,128.5
-1.0,-1.0,219.5,140.5,229.5,139.5,234.5,158.5,241.5,169.5,210.5,141.5,205.5,159.5,208.5,174.5,227.5,173.5,232.5,196.5,229.5,218.5,214.5,174.5,216.5,199.5,218.5,222.5,-1.0,-1.0,-1.0,-1.0,226.5,129.5,215.5,128.5
-1.0,-1.0,220.0,140.5,229.0,139.5,234.0,159.5,242.0,170.5,211.0,141.5,206.0,159.5,209.0,175.5,228.0,174.5,233.0,199.5,232.0,222.5,215.0,176.5,217.0,201.5,218.0,223.5,-1.0,-1.0,-1.0,-1.0,227.0,129.5,217.0,128.5
-1.0,-1.0,220.5,140.5,229.5,140.5,234.5,159.5,241.5,171.5,211.5,141.5,206.5,159.5,209.5,175.5,228.5,174.5,233.5,199.5,233.5,222.5,215.5,176.5,217.5,201.5,218.5,223.5,-1.0,-1.0,-1.0,-1.0,227.5,129.5,217.5,128.5
-1.0,-1.0,221.0,140.5,230.0,140.5,234.0,159.5,241.0,172.5,213.0,141.5,207.0,159.5,210.0,175.5,228.0,174.5,234.0,199.5,235.0,222.5,216.0,176.5,217.0,201.5,218.0,223.5,-1.0,-1.0,-1.0,-1.0,229.0,129.5,219.0,128.5
-1.0,-1.0,221.5,141.5,230.5,140.5,234.5,159.5,240.5,172.5,213.5,141.5,207.5,159.5,210.5,174.5,228.5,174.5,234.5,199.5,237.5,223.5,216.5,175.5,217.5,201.5,218.5,223.5,-1.0,-1.0,-1.0,-1.0,229.5,130.5,219.5,129.5
-1.0,-1.0,223.0,141.5,232.0,141.5,235.0,160.5,241.0,172.5,214.0,141.5,209.0,160.5,211.0,176.5,230.0,175.5,235.0,201.5,238.0,223.5,217.0,177.5,218.0,202.5,218.0,224.5,-1.0,-1.0,-1.0,-1.0,231.0,130.5,221.0,129.5
-1.0,-1.0,224.0,142.5,233.0,141.5,236.0,160.5,241.0,172.5,215.0,142.5,209.0,160.5,212.0,173.5,229.0,175.5,235.0,200.5,239.0,223.5,217.0,176.5,218.0,201.5,218.0,223.5,-1.0,-1.0,-1.0,-1.0,232.0,130.5,222.0,130.5
-1.0,-1.0,226.5,142.5,235.5,142.5,237.5,161.5,242.5,172.5,217.5,142.5,211.5,161.5,213.5,175.5,230.5,177.5,236.5,200.5,240.5,222.5,218.5,177.5,219.5,202.5,218.5,223.5,-1.0,-1.0,-1.0,-1.0,234.5,131.5,224.5,130.5
-1.0,-1.0,227.0,142.5,235.0,142.5,237.0,161.5,243.0,172.5,218.0,142.5,212.0,161.5,213.0,175.5,231.0,176.5,237.0,200.5,240.0,223.5,219.0,177.5,220.0,202.5,218.0,224.5,-1.0,-1.0,-1.0,-1.0,235.0,131.5,224.0,130.5
-1.0,-1.0,228.0,142.5,237.0,142.5,239.0,160.5,242.0,170.5,218.0,142.5,212.0,160.5,214.0,175.5,233.0,176.5,237.0,200.5,240.0,223.5,220.0,177.5,220.0,200.5,218.0,222.5,-1.0,-1.0,-1.0,-1.0,235.0,131.5,226.0,130.5
