208.06666564941406,190.64453125,216.73333740234375,202.78515625,214.13333129882812,202.78515625,-1.0,-1.0,-1.0,-1.0,218.4666748046875,203.65234375,218.4666748046875,226.19921875,213.26666259765625,247.87890625,216.73333740234375,246.14453125,-1.0,-1.0,-1.0,-1.0,215.86666870117188,247.01171875,-1.0,-1.0,-1.0,-1.0,-1.0,-1.0,209.8000030517578,188.04296875,-1.0,-1.0,214.13333129882812,188.91015625
206.1999969482422,191.51171875,216.60000610351562,203.65234375,213.13333129882812,202.78515625,-1.0,-1.0,-1.0,-1.0,218.3333282470703,203.65234375,218.3333282470703,225.33203125,212.26666259765625,247.87890625,214.86666870117188,247.87890625,-1.0,-1.0,-1.0,-1.0,215.73333740234375,247.01171875,-1.0,-1.0,-1.0,-1.0,-1.0,-1.0,-1.0,-1.0,-1.0,-1.0,211.39999389648438,188.04296875
-1.0,-1.0,215.73333740234375,202.78515625,213.13333129882812,202.78515625,-1.0,-1.0,-1.0,-1.0,217.4666748046875,203.65234375,217.4666748046875,225.33203125,212.26666259765625,248.74609375,215.73333740234375,246.14453125,-1.0,-1.0,-1.0,-1.0,215.73333740234375,246.14453125,-1.0,-1.0,-1.0,-1.0,-1.0,-1.0,-1.0,-1.0,-1.0,-1.0,211.39999389648438,188.04296875
-1.0,-1.0,214.73333740234375,202.78515625,212.13333129882812,202.78515625,-1.0,-1.0,-1.0,-1.0,216.4666748046875,203.65234375,217.3333282470703,224.46484375,211.26666259765625,247.87890625,214.73333740234375,246.14453125,-1.0,-1.0,-1.0,-1.0,214.73333740234375,246.14453125,-1.0,-1.0,-1.0,-1.0,-1.0,-1.0,-1.0,-1.0,-1.0,-1.0,209.5333251953125,188.04296875
-1.0,-1.0,213.73333740234375,203.65234375,211.13333129882812,203.65234375,-1.0,-1.0,-1.0,-1.0,215.4666748046875,203.65234375,217.1999969482422,225.33203125,210.26666259765625,247.87890625,212.86666870117188,246.14453125,-1.0,-1.0,-1.0,-1.0,213.73333740234375,247.01171875,-1.0,-1.0,-1.0,-1.0,-1.0,-1.0,-1.0,-1.0,-1.0,-1.0,208.5333251953125,188.91015625
202.71429443359375,190.4765625,213.0,203.3671875,208.71429443359375,203.3671875,-1.0,-1.0,-1.0,-1.0,215.57142639160156,204.2265625,215.57142639160156,223.9921875,209.57142639160156,248.9140625,207.85714721679688,246.3359375,-1.0,-1.0,-1.0,-1.0,213.0,247.1953125,-1.0,-1.0,-1.0,-1.0,-1.0,-1.0,207.0,187.0390625,-1.0,-1.0,208.71429443359375,188.7578125
200.85714721679688,190.4765625,212.0,203.3671875,208.57142639160156,203.3671875,-1.0,-1.0,-1.0,-1.0,214.57142639160156,204.2265625,214.57142639160156,224.8515625,207.71429443359375,248.9140625,206.85714721679688,247.1953125,-1.0,-1.0,-1.0,-1.0,212.0,247.1953125,-1.0,-1.0,-1.0,-1.0,-1.0,-1.0,203.42857360839844,187.8984375,-1.0,-1.0,206.0,188.7578125
199.85714721679688,192.1953125,211.0,203.3671875,206.71429443359375,203.3671875,-1.0,-1.0,-1.0,-1.0,212.71429443359375,204.2265625,214.42857360839844,223.9921875,207.57142639160156,248.0546875,205.85714721679688,247.1953125,-1.0,-1.0,-1.0,-1.0,211.85714721679688,247.1953125,-1.0,-1.0,-1.0,-1.0,-1.0,-1.0,202.42857360839844,188.7578125,-1.0,-1.0,203.2857208251953,189.6171875
199.97727966308594,190.4765625,210.34091186523438,203.3671875,207.75,203.3671875,-1.0,-1.0,-1.0,-1.0,212.06817626953125,204.2265625,212.93182373046875,225.7109375,206.88636779785156,248.9140625,205.15908813476562,249.7734375,-1.0,-1.0,-1.0,-1.0,210.34091186523438,248.9140625,-1.0,-1.0,-1.0,-1.0,-1.0,-1.0,201.7045440673828,187.8984375,-1.0,-1.0,209.47727966308594,190.4765625
198.0,192.1953125,210.0,203.3671875,205.71429443359375,203.3671875,-1.0,-1.0,-1.0,-1.0,210.0,203.3671875,-1.0,-1.0,-1.0,-1.0,208.2857208251953,247.1953125,-1.0,-1.0,-1.0,-1.0,209.14285278320312,247.1953125,-1.0,-1.0,-1.0,-1.0,-1.0,-1.0,199.71429443359375,188.7578125,-1.0,-1.0,202.2857208251953,189.6171875
198.71429443359375,191.3359375,209.0,202.5078125,207.2857208251953,202.5078125,-1.0,-1.0,-1.0,-1.0,209.85714721679688,203.3671875,210.71429443359375,223.1328125,203.0,248.0546875,207.2857208251953,246.3359375,-1.0,-1.0,-1.0,-1.0,207.2857208251953,246.3359375,-1.0,-1.0,-1.0,-1.0,-1.0,-1.0,200.42857360839844,189.6171875,-1.0,-1.0,206.42857360839844,190.4765625
196.85714721679688,190.4765625,208.0,202.5078125,204.57142639160156,202.5078125,-1.0,-1.0,-1.0,-1.0,208.85714721679688,203.3671875,209.71429443359375,223.9921875,202.0,248.0546875,205.42857360839844,246.3359375,-1.0,-1.0,-1.0,-1.0,207.14285278320312,246.3359375,-1.0,-1.0,-1.0,-1.0,-1.0,-1.0,199.42857360839844,187.8984375,-1.0,-1.0,202.85714721679688,188.7578125
196.85714721679688,190.4765625,207.14285278320312,202.5078125,203.71429443359375,202.5078125,-1.0,-1.0,-1.0,-1.0,208.85714721679688,203.3671875,208.85714721679688,223.1328125,201.14285278320312,247.1953125,200.2857208251953,242.8984375,197.71429443359375,267.8203125,-1.0,-1.0,207.14285278320312,243.7578125,204.57142639160156,266.1015625,-1.0,-1.0,-1.0,-1.0,198.57142639160156,187.8984375,-1.0,-1.0,204.57142639160156,189.6171875
195.0,190.4765625,205.2857208251953,202.5078125,201.85714721679688,202.5078125,-1.0,-1.0,-1.0,-1.0,207.85714721679688,203.3671875,207.0,223.1328125,200.14285278320312,246.3359375,203.57142639160156,242.8984375,196.71429443359375,264.3828125,-1.0,-1.0,204.42857360839844,242.8984375,201.85714721679688,264.3828125,-1.0,-1.0,-1.0,-1.0,197.57142639160156,187.0390625,-1.0,-1.0,201.85714721679688,188.7578125
194.85714721679688,190.4765625,204.2857208251953,201.6484375,200.85714721679688,201.6484375,-1.0,-1.0,-1.0,-1.0,206.85714721679688,202.5078125,206.85714721679688,222.2734375,198.2857208251953,244.6171875,198.2857208251953,242.0390625,-1.0,-1.0,-1.0,-1.0,204.2857208251953,242.8984375,-1.0,-1.0,-1.0,-1.0,-1.0,-1.0,196.57142639160156,187.8984375,-1.0,-1.0,202.57142639160156,189.6171875
192.2857208251953,190.4765625,203.42857360839844,201.6484375,200.85714721679688,201.6484375,-1.0,-1.0,-1.0,-1.0,205.14285278320312,202.5078125,205.14285278320312,222.2734375,196.57142639160156,245.4765625,201.71429443359375,242.8984375,-1.0,-1.0,-1.0,-1.0,201.71429443359375,243.7578125,-1.0,-1.0,-1.0,-1.0,-1.0,-1.0,194.85714721679688,187.8984375,-1.0,-1.0,199.14285278320312,188.7578125
192.14285278320312,189.6171875,203.2857208251953,202.5078125,199.85714721679688,202.5078125,-1.0,-1.0,-1.0,-1.0,204.14285278320312,202.5078125,204.14285278320312,222.2734375,194.71429443359375,244.6171875,201.57142639160156,242.0390625,-1.0,-1.0,-1.0,-1.0,200.71429443359375,242.8984375,-1.0,-1.0,-1.0,-1.0,-1.0,-1.0,194.71429443359375,187.0390625,-1.0,-1.0,201.57142639160156,189.6171875
191.14285278320312,189.6171875,202.2857208251953,202.5078125,198.85714721679688,202.5078125,-1.0,-1.0,-1.0,-1.0,204.0,202.5078125,202.2857208251953,223.1328125,192.85714721679688,243.7578125,198.85714721679688,242.8984375,-1.0,-1.0,-1.0,-1.0,200.57142639160156,243.7578125,-1.0,-1.0,-1.0,-1.0,-1.0,-1.0,193.71429443359375,187.8984375,-1.0,-1.0,200.57142639160156,189.6171875
190.2857208251953,189.6171875,200.57142639160156,202.5078125,196.2857208251953,203.3671875,-1.0,-1.0,-1.0,-1.0,203.14285278320312,202.5078125,202.2857208251953,222.2734375,192.0,243.7578125,199.71429443359375,241.1796875,-1.0,-1.0,-1.0,-1.0,199.71429443359375,241.1796875,194.57142639160156,266.9609375,-1.0,-1.0,-1.0,-1.0,192.0,187.8984375,-1.0,-1.0,198.0,188.7578125
190.14285278320312,190.4765625,200.42857360839844,201.6484375,195.2857208251953,202.5078125,-1.0,-1.0,-1.0,-1.0,201.2857208251953,202.5078125,200.42857360839844,222.2734375,191.0,243.7578125,200.42857360839844,241.1796875,-1.0,-1.0,-1.0,-1.0,198.71429443359375,242.0390625,193.57142639160156,265.2421875,-1.0,-1.0,-1.0,-1.0,191.0,187.8984375,-1.0,-1.0,197.0,188.7578125
189.14285278320312,190.4765625,200.2857208251953,201.6484375,194.2857208251953,202.5078125,-1.0,-1.0,-1.0,-1.0,200.2857208251953,201.6484375,-1.0,-1.0,-1.0,-1.0,198.57142639160156,242.8984375,199.42857360839844,268.6796875,-1.0,-1.0,196.85714721679688,242.8984375,191.71429443359375,267.8203125,-1.0,-1.0,-1.0,-1.0,190.85714721679688,187.8984375,-1.0,-1.0,197.71429443359375,189.6171875
187.52272033691406,189.64453125,198.75,202.65234375,194.43182373046875,202.65234375,-1.0,-1.0,-1.0,-1.0,200.47727966308594,202.65234375,199.61363220214844,221.73046875,188.38636779785156,242.54296875,194.43182373046875,242.54296875,193.56817626953125,268.55859375,-1.0,-1.0,197.02273559570312,242.54296875,190.97727966308594,265.95703125,-1.0,-1.0,-1.0,-1.0,189.25,187.04296875,-1.0,-1.0,196.15908813476562,188.77734375
187.86666870117188,192.24609375,198.26666259765625,202.65234375,195.6666717529297,201.78515625,-1.0,-1.0,-1.0,-1.0,200.0,202.65234375,199.13333129882812,223.46484375,188.73333740234375,242.54296875,193.93333435058594,242.54296875,193.93333435058594,268.55859375,-1.0,-1.0,195.6666717529297,242.54296875,191.3333282470703,268.55859375,-1.0,-1.0,-1.0,-1.0,188.73333740234375,189.64453125,-1.0,-1.0,195.6666717529297,189.64453125
186.0,191.37890625,197.26666259765625,202.65234375,192.06666564941406,203.51953125,-1.0,-1.0,-1.0,-1.0,199.86666870117188,202.65234375,198.13333129882812,223.46484375,187.73333740234375,242.54296875,192.06666564941406,242.54296875,-1.0,-1.0,-1.0,-1.0,195.5333251953125,243.41015625,188.60000610351562,266.82421875,-1.0,-1.0,-1.0,-1.0,186.86666870117188,188.77734375,-1.0,-1.0,189.4666748046875,188.77734375
185.86666870117188,189.64453125,196.26666259765625,202.65234375,191.93333435058594,202.65234375,-1.0,-1.0,-1.0,-1.0,199.73333740234375,202.65234375,198.86666870117188,223.46484375,186.73333740234375,242.54296875,191.06666564941406,242.54296875,184.13333129882812,265.08984375,-1.0,-1.0,195.39999389648438,242.54296875,187.60000610351562,265.95703125,-1.0,-1.0,-1.0,-1.0,186.73333740234375,187.04296875,-1.0,-1.0,190.1999969482422,187.91015625
185.0,190.51171875,195.39999389648438,202.65234375,191.06666564941406,202.65234375,-1.0,-1.0,-1.0,-1.0,199.73333740234375,202.65234375,198.0,222.59765625,186.73333740234375,242.54296875,190.1999969482422,241.67578125,187.60000610351562,267.69140625,-1.0,-1.0,195.39999389648438,240.80859375,188.4666748046875,266.82421875,-1.0,-1.0,-1.0,-1.0,186.73333740234375,187.04296875,-1.0,-1.0,190.1999969482422,187.91015625
195.26666259765625,191.37890625,194.39999389648438,203.51953125,189.1999969482422,203.51953125,-1.0,-1.0,-1.0,-1.0,198.73333740234375,203.51953125,197.86666870117188,222.59765625,186.60000610351562,241.67578125,188.3333282470703,240.80859375,182.26666259765625,263.35546875,-1.0,-1.0,195.26666259765625,240.80859375,192.6666717529297,264.22265625,188.3333282470703,281.56640625,192.6666717529297,189.64453125,196.13333129882812,187.91015625,189.1999969482422,189.64453125,197.86666870117188,190.51171875
187.3333282470703,188.77734375,194.26666259765625,203.51953125,189.93333435058594,203.51953125,-1.0,-1.0,-1.0,-1.0,198.60000610351562,203.51953125,197.73333740234375,223.46484375,187.3333282470703,241.67578125,188.1999969482422,240.80859375,183.0,263.35546875,-1.0,-1.0,194.26666259765625,240.80859375,189.93333435058594,264.22265625,-1.0,-1.0,-1.0,-1.0,189.93333435058594,187.04296875,-1.0,-1.0,194.26666259765625,188.77734375
185.4666748046875,191.37890625,194.13333129882812,203.51953125,188.93333435058594,202.65234375,-1.0,-1.0,-1.0,-1.0,198.4666748046875,203.51953125,196.73333740234375,224.33203125,187.1999969482422,242.54296875,188.06666564941406,238.20703125,180.26666259765625,262.48828125,-1.0,-1.0,195.0,239.94140625,191.5333251953125,264.22265625,-1.0,-1.0,-1.0,-1.0,187.1999969482422,188.77734375,-1.0,-1.0,190.6666717529297,189.64453125
184.6516876220703,188.9375,193.4157257080078,202.9375,189.03370666503906,202.9375,-1.0,-1.0,-1.0,-1.0,196.92135620117188,203.8125,196.04495239257812,223.0625,188.1573028564453,242.3125,185.52809143066406,238.8125,183.77528381347656,258.9375,181.1460723876953,273.8125,194.29212951660156,239.6875,192.53932189941406,260.6875,187.28089904785156,274.6875,-1.0,-1.0,187.28089904785156,186.3125,-1.0,-1.0,189.9101104736328,188.9375
-1.0,-1.0,193.29212951660156,203.8125,188.9101104736328,202.9375,-1.0,-1.0,-1.0,-1.0,195.92135620117188,203.8125,195.92135620117188,223.0625,188.03370666503906,241.4375,185.4044952392578,238.8125,181.02247619628906,258.9375,179.26966857910156,275.5625,193.29212951660156,239.6875,191.53932189941406,261.5625,187.1573028564453,276.4375,-1.0,-1.0,-1.0,-1.0,-1.0,-1.0,189.78651428222656,190.6875
181.77528381347656,192.4375,191.4157257080078,203.8125,187.9101104736328,202.9375,-1.0,-1.0,-1.0,-1.0,194.92135620117188,203.8125,194.92135620117188,222.1875,187.9101104736328,239.6875,183.52809143066406,238.8125,181.77528381347656,258.9375,178.26966857910156,275.5625,192.29212951660156,238.8125,191.4157257080078,261.5625,187.03370666503906,277.3125,-1.0,-1.0,186.1573028564453,188.9375,-1.0,-1.0,190.53932189941406,190.6875
181.39773559570312,192.62890625,191.14772033691406,204.10546875,186.71591186523438,203.22265625,-1.0,-1.0,-1.0,-1.0,194.69317626953125,204.10546875,194.69317626953125,224.41015625,188.48863220214844,240.30078125,183.1704559326172,239.41796875,180.51136779785156,259.72265625,178.73863220214844,276.49609375,191.14772033691406,239.41796875,192.03408813476562,262.37109375,184.05682373046875,278.26171875,-1.0,-1.0,182.28408813476562,189.98046875,-1.0,-1.0,186.71591186523438,189.98046875
179.51136779785156,191.74609375,190.14772033691406,203.22265625,185.71591186523438,204.10546875,-1.0,-1.0,-1.0,-1.0,192.80682373046875,203.22265625,193.69317626953125,223.52734375,188.375,242.06640625,183.94317626953125,239.41796875,180.39773559570312,258.83984375,178.625,275.61328125,191.03408813476562,241.18359375,191.03408813476562,261.48828125,188.375,276.49609375,-1.0,-1.0,181.28408813476562,189.09765625,-1.0,-1.0,183.94317626953125,189.09765625
178.51136779785156,192.62890625,189.14772033691406,203.22265625,184.71591186523438,204.10546875,-1.0,-1.0,-1.0,-1.0,192.69317626953125,203.22265625,193.5795440673828,222.64453125,187.375,241.18359375,182.94317626953125,237.65234375,179.39773559570312,256.19140625,177.625,273.84765625,190.03408813476562,238.53515625,190.9204559326172,258.83984375,188.26136779785156,275.61328125,-1.0,-1.0,180.28408813476562,189.98046875,-1.0,-1.0,184.71591186523438,189.98046875
176.625,192.8203125,187.26136779785156,203.5078125,183.71591186523438,203.5078125,-1.0,-1.0,-1.0,-1.0,190.80682373046875,203.5078125,192.5795440673828,222.2109375,186.375,242.6953125,181.94317626953125,240.9140625,178.39773559570312,258.7265625,175.73863220214844,276.5390625,189.03408813476562,241.8046875,189.03408813476562,261.3984375,187.26136779785156,274.7578125,-1.0,-1.0,177.51136779785156,190.1484375,-1.0,-1.0,181.05682373046875,190.1484375
176.88888549804688,193.7109375,186.6666717529297,203.5078125,182.22222900390625,204.3984375,-1.0,-1.0,-1.0,-1.0,190.22222900390625,203.5078125,191.11111450195312,223.1015625,185.77777099609375,240.9140625,179.55555725097656,240.0234375,176.88888549804688,256.0546875,174.22222900390625,274.7578125,187.55555725097656,240.9140625,186.6666717529297,259.6171875,183.11111450195312,273.8671875,-1.0,-1.0,177.77777099609375,191.0390625,-1.0,-1.0,187.55555725097656,190.1484375
175.88888549804688,193.7109375,185.6666717529297,204.3984375,181.22222900390625,204.3984375,-1.0,-1.0,-1.0,-1.0,188.3333282470703,203.5078125,190.11111450195312,223.1015625,184.77777099609375,242.6953125,179.44444274902344,240.0234375,175.88888549804688,257.8359375,173.22222900390625,274.7578125,186.55555725097656,240.9140625,187.44444274902344,260.5078125,185.6666717529297,273.8671875,-1.0,-1.0,178.55555725097656,190.1484375,-1.0,-1.0,179.44444274902344,191.0390625
173.28089904785156,193.01171875,184.06741333007812,204.69140625,179.57302856445312,204.69140625,-1.0,-1.0,-1.0,-1.0,187.6629180908203,204.69140625,189.46067810058594,224.45703125,184.06741333007812,243.32421875,177.77528381347656,243.32421875,173.28089904785156,263.08984375,-1.0,-1.0,184.96629333496094,243.32421875,184.96629333496094,266.68359375,185.86517333984375,277.46484375,-1.0,-1.0,-1.0,-1.0,-1.0,-1.0,177.77528381347656,191.21484375
174.07864379882812,193.01171875,183.06741333007812,203.79296875,179.47190856933594,203.79296875,-1.0,-1.0,-1.0,-1.0,186.6629180908203,203.79296875,188.46067810058594,223.55859375,182.16854858398438,245.12109375,176.77528381347656,242.42578125,174.07864379882812,264.88671875,-1.0,-1.0,183.96629333496094,244.22265625,184.86517333984375,269.37890625,-1.0,-1.0,-1.0,-1.0,-1.0,-1.0,-1.0,-1.0,178.57302856445312,190.31640625
181.16854858398438,190.31640625,182.06741333007812,203.79296875,177.57302856445312,203.79296875,-1.0,-1.0,-1.0,-1.0,186.56179809570312,203.79296875,187.46067810058594,223.55859375,181.16854858398438,244.22265625,176.67416381835938,240.62890625,173.07864379882812,259.49609375,-1.0,-1.0,183.86517333984375,241.52734375,183.86517333984375,264.88671875,184.7640380859375,275.66796875,180.26966857910156,188.51953125,182.06741333007812,187.62109375,177.57302856445312,189.41796875,176.67416381835938,191.21484375
181.81817626953125,190.484375,180.90908813476562,204.078125,176.36363220214844,204.078125,-1.0,-1.0,-1.0,-1.0,185.4545440673828,204.078125,186.36363220214844,224.015625,179.09091186523438,244.859375,175.4545440673828,243.046875,169.09091186523438,275.671875,-1.0,-1.0,182.72727966308594,243.953125,182.72727966308594,267.515625,-1.0,-1.0,179.09091186523438,189.578125,182.72727966308594,187.765625,177.27273559570312,189.578125,182.72727966308594,191.390625
181.72727966308594,189.578125,179.90908813476562,204.078125,175.36363220214844,204.078125,-1.0,-1.0,-1.0,-1.0,183.5454559326172,204.078125,183.5454559326172,225.828125,176.27273559570312,244.859375,171.72727966308594,248.484375,-1.0,-1.0,-1.0,-1.0,180.81817626953125,249.390625,180.81817626953125,276.578125,-1.0,-1.0,178.09091186523438,188.671875,182.63636779785156,186.859375,174.4545440673828,188.671875,172.63636779785156,190.484375
-1.0,-1.0,178.90908813476562,204.36328125,175.27273559570312,204.36328125,-1.0,-1.0,-1.0,-1.0,181.63636779785156,205.27734375,182.5454559326172,224.47265625,174.36363220214844,244.58203125,177.09091186523438,247.32421875,-1.0,-1.0,-1.0,-1.0,178.0,246.41015625,-1.0,-1.0,-1.0,-1.0,-1.0,-1.0,-1.0,-1.0,-1.0,-1.0,179.81817626953125,190.65234375
-1.0,-1.0,176.09091186523438,203.44921875,172.4545440673828,203.44921875,-1.0,-1.0,-1.0,-1.0,180.63636779785156,204.36328125,181.5454559326172,224.47265625,173.36363220214844,244.58203125,169.72727966308594,245.49609375,167.90908813476562,269.26171875,-1.0,-1.0,176.09091186523438,245.49609375,-1.0,-1.0,-1.0,-1.0,-1.0,-1.0,-1.0,-1.0,-1.0,-1.0,178.81817626953125,191.56640625
-1.0,-1.0,175.09091186523438,202.53515625,170.5454559326172,202.53515625,-1.0,-1.0,-1.0,-1.0,177.81817626953125,203.44921875,179.63636779785156,223.55859375,171.4545440673828,242.75390625,169.63636779785156,245.49609375,165.09091186523438,270.17578125,-1.0,-1.0,175.09091186523438,247.32421875,179.63636779785156,267.43359375,-1.0,-1.0,-1.0,-1.0,-1.0,-1.0,-1.0,-1.0,168.72727966308594,190.65234375
-1.0,-1.0,173.87640380859375,202.8046875,170.19100952148438,202.8046875,-1.0,-1.0,-1.0,-1.0,177.56179809570312,203.7265625,178.483154296875,223.0859375,170.19100952148438,242.4453125,167.42697143554688,244.2890625,164.6629180908203,269.1796875,-1.0,-1.0,174.79776000976562,244.2890625,178.483154296875,269.1796875,-1.0,-1.0,-1.0,-1.0,-1.0,-1.0,-1.0,-1.0,168.3483123779297,189.8984375
-1.0,-1.0,172.87640380859375,202.8046875,169.19100952148438,202.8046875,-1.0,-1.0,-1.0,-1.0,175.64044189453125,203.7265625,176.56179809570312,224.0078125,168.26966857910156,243.3671875,165.505615234375,244.2890625,162.7415771484375,269.1796875,-1.0,-1.0,171.95506286621094,245.2109375,166.42697143554688,271.0234375,-1.0,-1.0,-1.0,-1.0,-1.0,-1.0,-1.0,-1.0,166.42697143554688,189.8984375
-1.0,-1.0,171.87640380859375,202.8046875,167.26966857910156,202.8046875,-1.0,-1.0,-1.0,-1.0,175.56179809570312,203.7265625,176.483154296875,223.0859375,167.26966857910156,242.4453125,164.505615234375,244.2890625,162.6629180908203,270.1015625,-1.0,-1.0,170.95506286621094,244.2890625,168.19100952148438,267.3359375,-1.0,-1.0,-1.0,-1.0,-1.0,-1.0,-1.0,-1.0,166.3483123779297,189.8984375
-1.0,-1.0,172.0465087890625,203.07421875,168.32557678222656,202.14453125,-1.0,-1.0,-1.0,-1.0,173.906982421875,203.07421875,174.8372039794922,221.66796875,164.60464477539062,243.98046875,165.53488159179688,245.83984375,167.39535522460938,270.01171875,-1.0,-1.0,169.2558135986328,245.83984375,162.7441864013672,270.01171875,-1.0,-1.0,-1.0,-1.0,-1.0,-1.0,-1.0,-1.0,172.97674560546875,189.12890625
-1.0,-1.0,170.11627197265625,203.07421875,167.32557678222656,202.14453125,-1.0,-1.0,-1.0,-1.0,172.906982421875,203.07421875,173.8372039794922,222.59765625,164.53488159179688,242.12109375,161.7441864013672,242.12109375,166.39535522460938,268.15234375,-1.0,-1.0,168.2558135986328,243.98046875,163.60464477539062,267.22265625,160.81394958496094,279.30859375,-1.0,-1.0,-1.0,-1.0,-1.0,-1.0,163.60464477539062,190.05859375
-1.0,-1.0,170.0465087890625,202.14453125,166.32557678222656,202.14453125,-1.0,-1.0,-1.0,-1.0,171.906982421875,203.07421875,172.8372039794922,223.52734375,162.60464477539062,242.12109375,160.7441864013672,242.12109375,162.60464477539062,267.22265625,-1.0,-1.0,166.32557678222656,243.98046875,161.67442321777344,267.22265625,-1.0,-1.0,-1.0,-1.0,-1.0,-1.0,-1.0,-1.0,162.60464477539062,189.12890625
160.23863220214844,190.05859375,169.55682373046875,202.14453125,165.8295440673828,202.14453125,-1.0,-1.0,-1.0,-1.0,171.4204559326172,203.07421875,172.35226440429688,222.59765625,162.10226440429688,242.12109375,160.23863220214844,242.12109375,163.03408813476562,267.22265625,-1.0,-1.0,165.8295440673828,243.05078125,161.1704559326172,268.15234375,-1.0,-1.0,-1.0,-1.0,-1.0,-1.0,-1.0,-1.0,163.03408813476562,189.12890625
158.81394958496094,190.05859375,168.11627197265625,202.14453125,164.39535522460938,202.14453125,-1.0,-1.0,-1.0,-1.0,170.906982421875,203.07421875,171.8372039794922,223.52734375,161.60464477539062,243.05078125,158.81394958496094,241.19140625,160.67442321777344,267.22265625,-1.0,-1.0,165.32557678222656,243.05078125,160.67442321777344,267.22265625,161.60464477539062,280.23828125,-1.0,-1.0,160.67442321777344,187.26953125,-1.0,-1.0,162.53488159179688,188.19921875
161.32183837890625,191.15625,167.91954040527344,202.40625,164.14942932128906,201.46875,-1.0,-1.0,-1.0,-1.0,170.74713134765625,202.40625,170.74713134765625,223.03125,161.32183837890625,241.78125,159.43678283691406,241.78125,156.60919189453125,263.34375,-1.0,-1.0,165.09194946289062,242.71875,160.37930297851562,263.34375,161.32183837890625,277.40625,160.37930297851562,188.34375,163.20689392089844,187.40625,-1.0,-1.0,166.9770050048828,188.34375
158.43678283691406,191.15625,166.91954040527344,202.40625,163.14942932128906,201.46875,-1.0,-1.0,-1.0,-1.0,169.74713134765625,202.40625,170.6896514892578,223.03125,159.37930297851562,244.59375,157.49424743652344,241.78125,154.6666717529297,268.03125,-1.0,-1.0,164.09194946289062,243.65625,158.43678283691406,268.96875,-1.0,-1.0,-1.0,-1.0,160.32183837890625,187.40625,-1.0,-1.0,161.26437377929688,188.34375
157.94117736816406,191.15625,166.41175842285156,202.40625,163.58824157714844,202.40625,-1.0,-1.0,-1.0,-1.0,169.23529052734375,202.40625,170.1764678955078,223.96875,159.8235321044922,243.65625,157.0,241.78125,154.1764678955078,267.09375,-1.0,-1.0,163.58824157714844,243.65625,158.88235473632812,268.96875,159.8235321044922,280.21875,-1.0,-1.0,159.8235321044922,187.40625,-1.0,-1.0,160.76470947265625,189.28125
157.43678283691406,191.15625,165.91954040527344,202.40625,163.09194946289062,202.40625,-1.0,-1.0,-1.0,-1.0,168.74713134765625,202.40625,169.6896514892578,223.03125,159.32183837890625,244.59375,156.49424743652344,242.71875,152.72413635253906,268.96875,-1.0,-1.0,163.09194946289062,244.59375,159.32183837890625,269.90625,-1.0,-1.0,-1.0,-1.0,159.32183837890625,187.40625,-1.0,-1.0,160.26437377929688,188.34375
161.64706420898438,190.21875,164.4705810546875,202.40625,160.7058868408203,202.40625,-1.0,-1.0,-1.0,-1.0,168.23529052734375,202.40625,169.1764678955078,223.03125,159.76470947265625,243.65625,154.11764526367188,242.71875,152.23529052734375,265.21875,-1.0,-1.0,161.64706420898438,244.59375,159.76470947265625,266.15625,159.76470947265625,280.21875,159.76470947265625,188.34375,164.4705810546875,186.46875,157.88235473632812,188.34375,166.35293579101562,188.34375
-1.0,-1.0,163.9770050048828,201.46875,160.20689392089844,201.46875,-1.0,-1.0,-1.0,-1.0,167.74713134765625,202.40625,168.6896514892578,223.96875,159.26437377929688,244.59375,152.6666717529297,243.65625,151.72413635253906,268.96875,-1.0,-1.0,161.14942932128906,245.53125,159.26437377929688,268.96875,160.20689392089844,278.34375,-1.0,-1.0,-1.0,-1.0,-1.0,-1.0,157.37930297851562,188.34375
155.43678283691406,190.21875,163.91954040527344,202.40625,160.14942932128906,202.40625,-1.0,-1.0,-1.0,-1.0,166.74713134765625,202.40625,168.63218688964844,223.96875,160.14942932128906,243.65625,153.55172729492188,242.71875,150.72413635253906,264.28125,-1.0,-1.0,160.14942932128906,244.59375,157.32183837890625,268.03125,159.20689392089844,279.28125,-1.0,-1.0,158.26437377929688,187.40625,-1.0,-1.0,159.20689392089844,188.34375
157.76470947265625,190.21875,162.4705810546875,202.40625,158.7058868408203,202.40625,-1.0,-1.0,-1.0,-1.0,166.23529052734375,202.40625,167.1764678955078,223.96875,159.64706420898438,244.59375,151.1764678955078,243.65625,149.2941131591797,269.90625,-1.0,-1.0,158.7058868408203,245.53125,154.94117736816406,270.84375,-1.0,-1.0,156.8235321044922,187.40625,159.64706420898438,186.46875,-1.0,-1.0,162.4705810546875,188.34375
158.20689392089844,189.28125,161.03448486328125,202.40625,156.32183837890625,203.34375,-1.0,-1.0,-1.0,-1.0,165.74713134765625,202.40625,167.63218688964844,223.96875,159.14942932128906,243.65625,150.6666717529297,242.71875,148.7816162109375,263.34375,-1.0,-1.0,158.20689392089844,244.59375,154.43678283691406,268.96875,-1.0,-1.0,156.32183837890625,187.40625,161.03448486328125,186.46875,153.49424743652344,189.28125,164.80459594726562,188.34375
158.64706420898438,189.28125,160.5294189453125,202.40625,155.8235321044922,203.34375,-1.0,-1.0,-1.0,-1.0,165.23529052734375,202.40625,167.11764526367188,223.96875,158.64706420898438,244.59375,149.23529052734375,241.78125,-1.0,-1.0,-1.0,-1.0,156.76470947265625,244.59375,154.88235473632812,268.96875,153.94117736816406,276.46875,156.76470947265625,187.40625,161.4705810546875,186.46875,152.05882263183594,189.28125,164.2941131591797,188.34375
156.7058868408203,189.28125,159.5294189453125,202.40625,154.8235321044922,202.40625,-1.0,-1.0,-1.0,-1.0,164.23529052734375,202.40625,167.05882263183594,224.90625,158.58824157714844,244.59375,148.23529052734375,240.84375,-1.0,-1.0,-1.0,-1.0,155.76470947265625,242.71875,155.76470947265625,261.46875,-1.0,-1.0,153.88235473632812,187.40625,159.5294189453125,186.46875,152.0,188.34375,162.35293579101562,187.40625
156.20689392089844,189.28125,159.03448486328125,202.40625,153.37930297851562,202.40625,-1.0,-1.0,-1.0,-1.0,163.74713134765625,202.40625,166.57470703125,223.96875,159.03448486328125,244.59375,147.72413635253906,240.84375,145.83908081054688,263.34375,-1.0,-1.0,156.20689392089844,242.71875,154.32183837890625,263.34375,155.26437377929688,275.53125,154.32183837890625,187.40625,159.03448486328125,186.46875,151.49424743652344,189.28125,161.862060546875,187.40625
155.7058868408203,189.28125,157.58824157714844,202.40625,152.88235473632812,202.40625,-1.0,-1.0,-1.0,-1.0,163.23529052734375,202.40625,166.05882263183594,223.96875,158.5294189453125,244.59375,145.35293579101562,238.96875,145.35293579101562,263.34375,-1.0,-1.0,155.7058868408203,240.84375,153.8235321044922,262.40625,155.7058868408203,275.53125,152.88235473632812,187.40625,157.58824157714844,186.46875,150.05882263183594,189.28125,161.35293579101562,188.34375
154.26437377929688,189.28125,157.09194946289062,202.40625,151.43678283691406,202.40625,-1.0,-1.0,-1.0,-1.0,162.74713134765625,203.34375,165.57470703125,223.96875,158.03448486328125,244.59375,144.83908081054688,238.96875,144.83908081054688,262.40625,-1.0,-1.0,155.20689392089844,240.84375,154.26437377929688,261.46875,155.20689392089844,275.53125,152.37930297851562,187.40625,157.09194946289062,187.40625,149.55172729492188,189.28125,160.862060546875,188.34375
153.76470947265625,190.21875,155.64706420898438,202.40625,150.0,202.40625,-1.0,-1.0,-1.0,-1.0,163.1764678955078,202.40625,165.05882263183594,223.96875,158.4705810546875,241.78125,146.23529052734375,238.96875,146.23529052734375,262.40625,-1.0,-1.0,155.64706420898438,241.78125,154.7058868408203,263.34375,155.64706420898438,274.59375,151.88235473632812,188.34375,156.58824157714844,187.40625,149.05882263183594,189.28125,159.41175842285156,188.34375
152.76470947265625,189.28125,155.58824157714844,202.40625,149.0,201.46875,-1.0,-1.0,-1.0,-1.0,162.1764678955078,202.40625,165.0,223.03125,159.35293579101562,240.84375,145.23529052734375,238.96875,147.11764526367188,264.28125,-1.0,-1.0,155.58824157714844,240.84375,154.64706420898438,264.28125,157.4705810546875,275.53125,150.88235473632812,187.40625,154.64706420898438,186.46875,148.05882263183594,188.34375,159.35293579101562,188.34375
152.26437377929688,189.28125,154.14942932128906,202.40625,146.60919189453125,201.46875,-1.0,-1.0,-1.0,-1.0,161.6896514892578,202.40625,164.51724243164062,223.03125,157.91954040527344,240.84375,145.6666717529297,238.03125,149.43678283691406,264.28125,-1.0,-1.0,156.03448486328125,240.84375,155.09194946289062,264.28125,156.9770050048828,275.53125,150.37930297851562,187.40625,154.14942932128906,187.40625,147.55172729492188,188.34375,157.91954040527344,188.34375
150.8235321044922,189.28125,153.64706420898438,202.40625,146.11764526367188,202.40625,-1.0,-1.0,-1.0,-1.0,161.1764678955078,202.40625,163.05882263183594,222.09375,158.35293579101562,240.84375,143.2941131591797,239.90625,148.0,264.28125,-1.0,-1.0,154.58824157714844,241.78125,154.58824157714844,265.21875,156.4705810546875,275.53125,148.94117736816406,187.40625,153.64706420898438,187.40625,146.11764526367188,188.34375,157.41175842285156,188.34375
149.37930297851562,189.28125,152.20689392089844,202.40625,144.6666717529297,201.46875,138.0689697265625,219.28125,-1.0,-1.0,159.74713134765625,202.40625,162.57470703125,222.09375,156.91954040527344,240.84375,143.72413635253906,237.09375,147.49424743652344,256.78125,-1.0,-1.0,154.09194946289062,239.90625,154.09194946289062,263.34375,154.09194946289062,271.78125,147.49424743652344,187.40625,152.20689392089844,187.40625,144.6666717529297,187.40625,156.91954040527344,188.34375
149.32183837890625,189.28125,151.20689392089844,202.40625,143.6666717529297,201.46875,-1.0,-1.0,-1.0,-1.0,157.80459594726562,202.40625,161.57470703125,223.03125,155.91954040527344,243.65625,140.83908081054688,240.84375,142.72413635253906,269.90625,-1.0,-1.0,153.09194946289062,243.65625,154.03448486328125,266.15625,154.9770050048828,274.59375,147.43678283691406,187.40625,152.14942932128906,186.46875,144.60919189453125,187.40625,155.91954040527344,188.34375
148.8235321044922,189.28125,149.76470947265625,201.46875,142.23529052734375,201.46875,-1.0,-1.0,-1.0,-1.0,157.2941131591797,201.46875,161.05882263183594,223.03125,155.41175842285156,243.65625,140.35293579101562,238.96875,-1.0,-1.0,-1.0,-1.0,151.64706420898438,240.84375,153.5294189453125,263.34375,154.4705810546875,272.71875,146.94117736816406,187.40625,151.64706420898438,186.46875,144.11764526367188,188.34375,154.4705810546875,187.40625
149.03408813476562,189.19921875,149.03408813476562,201.28515625,141.5795440673828,200.35546875,-1.0,-1.0,-1.0,-1.0,156.48863220214844,202.21484375,161.14773559570312,221.73828125,154.625,241.26171875,139.71591186523438,238.47265625,140.64772033691406,268.22265625,-1.0,-1.0,152.76136779785156,240.33203125,152.76136779785156,261.71484375,154.625,272.87109375,146.23863220214844,186.41015625,150.89773559570312,186.41015625,143.44317626953125,188.26953125,154.625,187.33984375
147.60464477539062,188.26953125,148.53488159179688,202.21484375,140.1627960205078,201.28515625,-1.0,-1.0,-1.0,-1.0,155.97674560546875,202.21484375,161.55813598632812,221.73828125,154.11627197265625,242.19140625,139.23255920410156,238.47265625,141.093017578125,268.22265625,-1.0,-1.0,151.32557678222656,240.33203125,153.18605041503906,264.50390625,154.11627197265625,274.73046875,145.7441864013672,186.41015625,150.39535522460938,186.41015625,142.9534912109375,188.26953125,154.11627197265625,187.33984375
149.89773559570312,188.26953125,148.03408813476562,202.21484375,139.64772033691406,201.28515625,-1.0,-1.0,-1.0,-1.0,156.4204559326172,202.21484375,161.0795440673828,222.66796875,153.625,242.19140625,139.64772033691406,239.40234375,-1.0,-1.0,-1.0,-1.0,150.8295440673828,241.26171875,153.625,266.36328125,-1.0,-1.0,146.1704559326172,186.41015625,150.8295440673828,184.55078125,143.375,187.33984375,153.625,187.33984375
146.32183837890625,188.40625,148.20689392089844,202.46875,139.72413635253906,201.53125,-1.0,-1.0,-1.0,-1.0,155.74713134765625,201.53125,160.45977783203125,222.15625,152.91954040527344,240.90625,138.7816162109375,239.03125,-1.0,-1.0,-1.0,-1.0,149.14942932128906,240.90625,151.9770050048828,261.53125,153.862060546875,272.78125,144.43678283691406,186.53125,148.20689392089844,185.59375,141.60919189453125,187.46875,151.03448486328125,187.46875
146.76470947265625,188.40625,147.7058868408203,202.46875,141.11764526367188,202.46875,-1.0,-1.0,-1.0,-1.0,154.2941131591797,201.53125,159.0,221.21875,153.35293579101562,240.90625,139.23529052734375,238.09375,143.94117736816406,263.40625,-1.0,-1.0,149.58824157714844,239.96875,152.41175842285156,259.65625,153.35293579101562,272.78125,143.94117736816406,186.53125,148.64706420898438,185.59375,142.05882263183594,187.46875,151.4705810546875,187.46875
144.37930297851562,188.40625,146.26437377929688,201.53125,138.72413635253906,202.46875,-1.0,-1.0,-1.0,-1.0,152.862060546875,201.53125,159.45977783203125,220.28125,153.80459594726562,239.96875,138.72413635253906,239.03125,139.6666717529297,258.71875,-1.0,-1.0,150.03448486328125,240.90625,151.91954040527344,260.59375,153.80459594726562,271.84375,141.55172729492188,186.53125,146.26437377929688,185.59375,139.6666717529297,186.53125,150.03448486328125,186.53125
142.94117736816406,188.40625,144.8235321044922,202.46875,137.2941131591797,203.40625,-1.0,-1.0,-1.0,-1.0,152.35293579101562,201.53125,157.05882263183594,222.15625,152.35293579101562,240.90625,137.2941131591797,239.96875,143.88235473632812,265.28125,-1.0,-1.0,148.58824157714844,241.84375,152.35293579101562,261.53125,154.23529052734375,272.78125,140.11764526367188,185.59375,145.76470947265625,185.59375,136.35293579101562,188.40625,149.5294189453125,186.53125
141.94117736816406,187.46875,144.76470947265625,202.46875,137.23529052734375,202.46875,-1.0,-1.0,-1.0,-1.0,151.35293579101562,201.53125,156.05882263183594,220.28125,151.35293579101562,240.90625,136.2941131591797,239.03125,140.05882263183594,266.21875,-1.0,-1.0,145.7058868408203,239.96875,140.05882263183594,263.40625,-1.0,-1.0,139.11764526367188,185.59375,143.8235321044922,184.65625,134.41175842285156,187.46875,147.58824157714844,186.53125
141.43678283691406,188.40625,143.32183837890625,202.46875,135.7816162109375,203.40625,-1.0,-1.0,-1.0,-1.0,150.862060546875,201.53125,155.57470703125,221.21875,150.862060546875,240.90625,135.7816162109375,239.96875,138.60919189453125,261.53125,-1.0,-1.0,147.09194946289062,240.90625,143.32183837890625,263.40625,-1.0,-1.0,138.60919189453125,186.53125,143.32183837890625,185.59375,133.89654541015625,186.53125,147.09194946289062,186.53125
140.94117736816406,188.40625,141.88235473632812,201.53125,133.41175842285156,202.46875,-1.0,-1.0,-1.0,-1.0,149.41175842285156,201.53125,155.05882263183594,220.28125,153.1764678955078,235.28125,135.2941131591797,239.03125,139.05882263183594,263.40625,139.05882263183594,275.59375,145.64706420898438,239.96875,140.0,261.53125,-1.0,-1.0,138.11764526367188,185.59375,142.8235321044922,185.59375,134.35293579101562,187.46875,146.58824157714844,186.53125
141.37930297851562,188.40625,141.37930297851562,201.53125,131.9540252685547,201.53125,-1.0,-1.0,-1.0,-1.0,149.862060546875,201.53125,153.63218688964844,220.28125,150.80459594726562,240.90625,133.83908081054688,239.03125,138.55172729492188,267.15625,-1.0,-1.0,144.20689392089844,240.90625,139.49424743652344,266.21875,-1.0,-1.0,138.55172729492188,185.59375,142.32183837890625,185.59375,133.83908081054688,187.46875,145.14942932128906,187.46875
137.11764526367188,187.46875,139.94117736816406,201.53125,131.4705810546875,201.53125,-1.0,-1.0,-1.0,-1.0,148.41175842285156,200.59375,154.05882263183594,220.28125,151.23529052734375,239.03125,132.41175842285156,239.03125,138.05882263183594,268.09375,-1.0,-1.0,143.7058868408203,240.90625,139.0,265.28125,-1.0,-1.0,135.23529052734375,185.59375,139.94117736816406,185.59375,132.41175842285156,186.53125,143.7058868408203,186.53125
138.0,188.40625,139.88235473632812,201.53125,131.41175842285156,201.53125,126.70587921142578,220.28125,-1.0,-1.0,148.35293579101562,201.53125,153.05882263183594,222.15625,149.2941131591797,242.78125,133.2941131591797,240.90625,138.94117736816406,269.03125,-1.0,-1.0,144.58824157714844,241.84375,143.64706420898438,269.03125,-1.0,-1.0,136.11764526367188,185.59375,140.8235321044922,185.59375,132.35293579101562,187.46875,143.64706420898438,186.53125
136.55172729492188,187.46875,138.43678283691406,201.53125,129.9540252685547,202.46875,126.18390655517578,220.28125,-1.0,-1.0,146.91954040527344,200.59375,152.57470703125,221.21875,149.74713134765625,239.96875,132.7816162109375,239.96875,137.49424743652344,267.15625,-1.0,-1.0,144.09194946289062,240.90625,141.26437377929688,266.21875,-1.0,-1.0,134.6666717529297,185.59375,139.37930297851562,185.59375,130.89654541015625,187.46875,143.14942932128906,186.53125
136.49424743652344,187.46875,138.37930297851562,201.53125,129.89654541015625,201.53125,125.18390655517578,220.28125,-1.0,-1.0,145.91954040527344,200.59375,152.51724243164062,220.28125,149.6896514892578,239.96875,131.7816162109375,239.03125,137.43678283691406,266.21875,-1.0,-1.0,143.09194946289062,239.96875,142.14942932128906,265.28125,-1.0,-1.0,133.6666717529297,185.59375,138.37930297851562,185.59375,130.83908081054688,187.46875,142.14942932128906,187.46875
132.6666717529297,188.40625,137.37930297851562,201.53125,129.83908081054688,201.53125,124.18390655517578,219.34375,-1.0,-1.0,144.91954040527344,200.59375,151.51724243164062,221.21875,147.74713134765625,240.90625,130.7816162109375,239.96875,134.55172729492188,264.34375,-1.0,-1.0,142.09194946289062,241.84375,140.20689392089844,266.21875,-1.0,-1.0,130.7816162109375,185.59375,136.43678283691406,185.59375,129.83908081054688,185.59375,141.14942932128906,187.46875
133.55172729492188,188.40625,137.32183837890625,201.53125,129.7816162109375,201.53125,124.12643432617188,218.40625,-1.0,-1.0,144.862060546875,200.59375,150.51724243164062,220.28125,148.63218688964844,236.21875,129.7816162109375,239.03125,135.43678283691406,264.34375,-1.0,-1.0,141.09194946289062,239.96875,141.09194946289062,264.34375,141.09194946289062,274.65625,131.6666717529297,185.59375,136.37930297851562,185.59375,128.83908081054688,187.46875,140.14942932128906,187.46875
131.60919189453125,188.40625,136.32183837890625,201.53125,128.7816162109375,201.53125,-1.0,-1.0,-1.0,-1.0,143.862060546875,201.53125,150.45977783203125,221.21875,147.63218688964844,238.09375,128.7816162109375,236.21875,133.49424743652344,254.03125,-1.0,-1.0,139.14942932128906,238.09375,138.20689392089844,254.96875,138.20689392089844,273.71875,129.72413635253906,185.59375,134.43678283691406,185.59375,127.83908081054688,185.59375,139.14942932128906,186.53125
132.0,188.40625,136.7058868408203,200.59375,129.1764678955078,200.59375,123.52941131591797,217.46875,-1.0,-1.0,143.2941131591797,201.53125,148.94117736816406,220.28125,147.05882263183594,237.15625,129.1764678955078,239.03125,132.0,256.84375,-1.0,-1.0,140.4705810546875,239.96875,140.4705810546875,263.40625,140.4705810546875,274.65625,130.11764526367188,185.59375,134.8235321044922,185.59375,127.29412078857422,187.46875,138.58824157714844,186.53125
130.81394958496094,188.33984375,135.46511840820312,201.35546875,128.02325439453125,201.35546875,122.44186401367188,220.87890625,-1.0,-1.0,142.906982421875,200.42578125,148.48837280273438,219.94921875,144.76744079589844,238.54296875,128.02325439453125,239.47265625,128.9534912109375,266.43359375,-1.0,-1.0,138.2558135986328,241.33203125,138.2558135986328,266.43359375,137.32557678222656,276.66015625,128.9534912109375,186.48046875,133.60464477539062,185.55078125,126.16278839111328,186.48046875,138.2558135986328,186.48046875
130.7441864013672,188.33984375,134.46511840820312,200.42578125,127.9534912109375,200.42578125,121.44186401367188,218.08984375,-1.0,-1.0,141.906982421875,200.42578125,147.48837280273438,219.94921875,143.76744079589844,237.61328125,127.9534912109375,238.54296875,140.97674560546875,267.36328125,-1.0,-1.0,138.18605041503906,240.40234375,138.18605041503906,266.43359375,136.32557678222656,277.58984375,127.9534912109375,186.48046875,132.60464477539062,185.55078125,126.09302520751953,186.48046875,137.2558135986328,186.48046875
129.0,187.53125,134.64706420898438,200.65625,127.11764526367188,200.65625,-1.0,-1.0,-1.0,-1.0,141.23529052734375,200.65625,146.88235473632812,219.40625,143.11764526367188,238.15625,127.11764526367188,237.21875,130.88235473632812,266.28125,-1.0,-1.0,137.4705810546875,239.09375,138.41175842285156,264.40625,137.4705810546875,276.59375,127.11764526367188,185.65625,131.8235321044922,185.65625,124.29412078857422,185.65625,136.5294189453125,186.59375
128.94117736816406,188.46875,133.64706420898438,200.65625,127.05882263183594,200.65625,120.47058868408203,217.53125,-1.0,-1.0,141.1764678955078,200.65625,145.88235473632812,219.40625,142.11764526367188,236.28125,127.05882263183594,237.21875,142.11764526367188,263.46875,144.94117736816406,275.65625,137.41175842285156,238.15625,137.41175842285156,258.78125,138.35293579101562,275.65625,127.05882263183594,185.65625,131.76470947265625,185.65625,125.17646789550781,185.65625,136.4705810546875,187.53125
127.94117736816406,187.53125,133.58824157714844,200.65625,126.05882263183594,200.65625,-1.0,-1.0,-1.0,-1.0,140.1764678955078,200.65625,145.8235321044922,220.34375,140.1764678955078,238.15625,125.11764526367188,238.15625,127.94117736816406,264.40625,-1.0,-1.0,135.4705810546875,240.03125,138.2941131591797,263.46875,138.2941131591797,275.65625,126.05882263183594,185.65625,130.76470947265625,185.65625,124.17646789550781,185.65625,136.41175842285156,187.53125
126.94117736816406,188.46875,132.58824157714844,200.65625,126.0,200.65625,119.4117660522461,220.34375,-1.0,-1.0,139.1764678955078,200.65625,143.88235473632812,220.34375,140.11764526367188,237.21875,124.11764526367188,237.21875,126.94117736816406,257.84375,-1.0,-1.0,135.41175842285156,238.15625,136.35293579101562,254.09375,138.23529052734375,275.65625,126.0,185.65625,129.76470947265625,185.65625,-1.0,-1.0,134.4705810546875,186.59375
125.94117736816406,187.53125,131.58824157714844,200.65625,125.0,200.65625,117.47058868408203,223.15625,-1.0,-1.0,138.1764678955078,200.65625,144.76470947265625,222.21875,138.1764678955078,240.03125,124.05882263183594,240.03125,124.05882263183594,266.28125,-1.0,-1.0,134.41175842285156,241.90625,138.1764678955078,266.28125,-1.0,-1.0,125.0,185.65625,128.76470947265625,185.65625,-1.0,-1.0,134.41175842285156,187.53125
128.7058868408203,189.40625,130.58824157714844,200.65625,124.94117736816406,200.65625,115.52941131591797,224.09375,-1.0,-1.0,137.1764678955078,200.65625,142.8235321044922,221.28125,137.1764678955078,240.96875,122.11764526367188,237.21875,-1.0,-1.0,-1.0,-1.0,133.41175842285156,239.09375,-1.0,-1.0,-1.0,-1.0,126.82353210449219,186.59375,-1.0,-1.0,125.88235473632812,186.59375,133.41175842285156,188.46875
125.82353210449219,188.46875,130.5294189453125,201.59375,123.94117736816406,201.59375,116.4117660522461,223.15625,-1.0,-1.0,136.1764678955078,200.65625,141.8235321044922,221.28125,136.1764678955078,240.96875,122.05882263183594,240.03125,-1.0,-1.0,-1.0,-1.0,132.41175842285156,240.96875,135.23529052734375,267.21875,-1.0,-1.0,123.94117736816406,186.59375,128.64706420898438,186.59375,122.05882263183594,186.59375,133.35293579101562,188.46875
124.82353210449219,188.46875,129.5294189453125,200.65625,123.88235473632812,201.59375,-1.0,-1.0,-1.0,-1.0,135.1764678955078,200.65625,140.8235321044922,220.34375,136.11764526367188,240.96875,120.11764526367188,238.15625,-1.0,-1.0,-1.0,-1.0,131.41175842285156,240.96875,-1.0,-1.0,-1.0,-1.0,123.88235473632812,186.59375,127.64705657958984,186.59375,-1.0,-1.0,131.41175842285156,187.53125
124.76470947265625,188.46875,128.5294189453125,200.65625,122.88235473632812,201.59375,-1.0,-1.0,-1.0,-1.0,134.1764678955078,200.65625,139.8235321044922,220.34375,135.11764526367188,240.03125,120.05882263183594,237.21875,-1.0,-1.0,-1.0,-1.0,130.41175842285156,239.09375,-1.0,-1.0,-1.0,-1.0,122.88235473632812,186.59375,127.5882339477539,186.59375,120.05882263183594,186.59375,131.35293579101562,187.53125
123.76470947265625,189.40625,127.52941131591797,201.59375,121.88235473632812,201.59375,-1.0,-1.0,-1.0,-1.0,133.1764678955078,200.65625,137.88235473632812,220.34375,133.1764678955078,242.84375,119.05882263183594,237.21875,-1.0,-1.0,-1.0,-1.0,126.5882339477539,239.09375,-1.0,-1.0,-1.0,-1.0,121.88235473632812,186.59375,125.64705657958984,186.59375,-1.0,-1.0,130.35293579101562,187.53125
121.32530212402344,188.46875,126.02409362792969,201.59375,120.38554382324219,202.53125,112.86746978759766,223.15625,-1.0,-1.0,131.6626434326172,201.59375,136.3614501953125,221.28125,134.48193359375,241.90625,118.50602722167969,239.09375,-1.0,-1.0,-1.0,-1.0,127.90361022949219,240.03125,133.54217529296875,267.21875,138.240966796875,272.84375,120.38554382324219,186.59375,124.14457702636719,186.59375,117.56626892089844,185.65625,128.84336853027344,188.46875
121.26506042480469,189.40625,125.02409362792969,201.59375,120.32530212402344,201.59375,111.86746978759766,223.15625,-1.0,-1.0,130.6626434326172,201.59375,135.3614501953125,221.28125,131.6024169921875,240.03125,117.50602722167969,236.28125,-1.0,-1.0,-1.0,-1.0,126.90361022949219,239.09375,136.30120849609375,266.28125,137.240966796875,272.84375,119.38554382324219,187.53125,123.14457702636719,186.59375,-1.0,-1.0,127.84336853027344,188.46875
120.96428680419922,189.33984375,123.75,202.35546875,118.17857360839844,202.35546875,-1.0,-1.0,-1.0,-1.0,129.32142639160156,202.35546875,133.9642791748047,221.87890625,129.32142639160156,239.54296875,114.46428680419922,238.61328125,-1.0,-1.0,-1.0,-1.0,123.75,239.54296875,-1.0,-1.0,-1.0,-1.0,119.10713958740234,186.55078125,122.82142639160156,186.55078125,117.25,185.62109375,125.60713958740234,188.41015625
122.08433532714844,189.46875,122.08433532714844,203.53125,117.38554382324219,203.53125,-1.0,-1.0,-1.0,-1.0,128.6626434326172,202.59375,132.42169189453125,222.28125,128.6626434326172,239.15625,115.50602722167969,240.09375,-1.0,-1.0,-1.0,-1.0,126.78313446044922,240.09375,-1.0,-1.0,-1.0,-1.0,120.20481872558594,186.65625,123.96385192871094,185.71875,115.50602722167969,187.59375,126.78313446044922,188.53125
-1.0,-1.0,122.08433532714844,203.46875,116.44578552246094,204.40625,-1.0,-1.0,-1.0,-1.0,127.72289276123047,202.53125,129.6024169921875,224.09375,-1.0,-1.0,115.50602722167969,242.84375,-1.0,-1.0,-1.0,-1.0,127.72289276123047,242.84375,-1.0,-1.0,-1.0,-1.0,-1.0,-1.0,-1.0,-1.0,-1.0,-1.0,113.62650299072266,187.53125
123.90361022949219,189.40625,119.20481872558594,203.46875,113.56626892089844,204.40625,-1.0,-1.0,-1.0,-1.0,124.84336853027344,203.46875,129.54217529296875,223.15625,124.84336853027344,240.96875,112.62650299072266,242.84375,-1.0,-1.0,-1.0,-1.0,122.96385192871094,243.78125,-1.0,-1.0,-1.0,-1.0,120.14457702636719,185.65625,125.78313446044922,186.59375,113.56626892089844,187.53125,-1.0,-1.0
121.96385192871094,189.40625,118.20481872558594,202.53125,112.56626892089844,202.53125,-1.0,-1.0,-1.0,-1.0,122.90361022949219,201.59375,127.60240936279297,223.15625,123.84336853027344,240.03125,111.62650299072266,240.96875,-1.0,-1.0,-1.0,-1.0,121.96385192871094,242.84375,-1.0,-1.0,-1.0,-1.0,117.26506042480469,185.65625,123.84336853027344,185.65625,110.6867446899414,187.53125,109.74698638916016,188.46875
120.08433532714844,188.46875,117.26506042480469,202.53125,110.6867446899414,202.53125,107.86746978759766,225.03125,107.86746978759766,236.28125,122.90361022949219,201.59375,126.66265106201172,222.21875,121.02409362792969,239.09375,111.62650299072266,239.09375,-1.0,-1.0,-1.0,-1.0,121.02409362792969,240.03125,-1.0,-1.0,-1.0,-1.0,116.32530212402344,185.65625,121.02409362792969,184.71875,110.6867446899414,188.46875,-1.0,-1.0
116.26506042480469,188.46875,115.32530212402344,200.65625,110.62650299072266,200.65625,-1.0,-1.0,-1.0,-1.0,120.96385192871094,201.59375,124.72289276123047,223.15625,119.08433532714844,239.09375,110.62650299072266,237.21875,-1.0,-1.0,-1.0,-1.0,118.14457702636719,240.03125,-1.0,-1.0,-1.0,-1.0,114.38554382324219,185.65625,118.14457702636719,185.65625,111.56626892089844,186.59375,120.96385192871094,188.46875
112.50602722167969,187.53125,115.32530212402344,200.65625,109.6867446899414,200.65625,-1.0,-1.0,-1.0,-1.0,120.96385192871094,200.65625,123.78313446044922,222.21875,119.08433532714844,236.28125,110.62650299072266,235.34375,-1.0,-1.0,-1.0,-1.0,120.02409362792969,235.34375,-1.0,-1.0,-1.0,-1.0,111.56626892089844,185.65625,116.26506042480469,184.71875,-1.0,-1.0,118.14457702636719,186.59375
