548.9328002929688,146.22265625,540.2268676757812,159.88671875,534.0084228515625,161.12890625,537.739501953125,179.76171875,548.9328002929688,187.21484375,546.4453735351562,159.88671875,553.9075927734375,176.03515625,558.88232421875,182.24609375,538.9832153320312,197.15234375,536.4957885742188,220.75390625,535.2520751953125,240.62890625,545.20166015625,195.91015625,546.4453735351562,219.51171875,548.9328002929688,239.38671875,545.20166015625,143.73828125,-1.0,-1.0,540.2268676757812,143.73828125,-1.0,-1.0
536.1500244140625,142.1328125,531.2166748046875,159.4140625,525.0499877929688,160.6484375,529.9833374023438,181.6328125,542.316650390625,186.5703125,538.61669921875,158.1796875,546.0166625976562,177.9296875,552.183349609375,185.3359375,527.5166625976562,197.6796875,539.8499755859375,222.3671875,542.316650390625,243.3515625,536.1500244140625,196.4453125,528.75,224.8359375,525.0499877929688,242.1171875,532.4500122070312,140.8984375,-1.0,-1.0,528.75,142.1328125,-1.0,-1.0
-1.0,-1.0,522.7142944335938,160.88671875,516.4957885742188,162.12890625,521.4705810546875,182.00390625,532.6638793945312,185.73046875,528.9328002929688,159.64453125,533.9075927734375,177.03515625,535.1512451171875,186.97265625,518.9832153320312,198.15234375,531.420166015625,226.72265625,538.88232421875,245.35546875,526.4453735351562,196.91015625,533.9075927734375,226.72265625,536.3949584960938,249.08203125,-1.0,-1.0,-1.0,-1.0,-1.0,-1.0,-1.0,-1.0
518.9328002929688,150.94921875,513.9580078125,162.12890625,507.739501953125,164.61328125,510.2268981933594,180.76171875,521.420166015625,185.73046875,518.9328002929688,160.88671875,522.6638793945312,175.79296875,527.638671875,186.97265625,510.2268981933594,198.15234375,517.6890869140625,225.48046875,526.3949584960938,247.83984375,518.9328002929688,198.15234375,521.420166015625,225.48046875,527.638671875,247.83984375,516.4453735351562,149.70703125,518.9328002929688,147.22265625,513.9580078125,149.70703125,-1.0,-1.0
508.9327697753906,148.22265625,505.2016906738281,160.64453125,497.739501953125,161.88671875,501.4705810546875,183.00390625,511.420166015625,186.73046875,510.1764831542969,160.64453125,517.638671875,174.30859375,521.3697509765625,186.73046875,500.2268981933594,200.39453125,510.1764831542969,228.96484375,517.638671875,255.05078125,508.9327697753906,197.91015625,511.420166015625,226.48046875,518.88232421875,252.56640625,506.44537353515625,146.98046875,508.9327697753906,146.98046875,505.2016906738281,148.22265625,-1.0,-1.0
498.9327697753906,148.22265625,493.9579772949219,160.64453125,486.49578857421875,161.88671875,488.9831848144531,181.76171875,498.9327697753906,187.97265625,500.1764831542969,159.40234375,507.638671875,176.79296875,511.3697509765625,189.21484375,491.4705810546875,199.15234375,498.9327697753906,227.72265625,505.1512451171875,255.05078125,498.9327697753906,197.91015625,500.1764831542969,226.48046875,507.638671875,255.05078125,496.44537353515625,146.98046875,-1.0,-1.0,492.71429443359375,149.46484375,-1.0,-1.0
491.0833435058594,147.8359375,484.9166564941406,161.4140625,477.51666259765625,161.4140625,479.98333740234375,181.1640625,489.8500061035156,188.5703125,491.0833435058594,160.1796875,498.48333740234375,176.2265625,504.6499938964844,184.8671875,482.45001220703125,199.6796875,487.3833312988281,228.0703125,493.54998779296875,255.2265625,491.0833435058594,198.4453125,493.54998779296875,224.3671875,497.25,255.2265625,488.6166687011719,146.6015625,-1.0,-1.0,484.9166564941406,147.8359375,-1.0,-1.0
478.9327697753906,149.22265625,471.4705810546875,160.40234375,464.0083923339844,161.64453125,467.739501953125,181.51953125,477.6890869140625,188.97265625,477.6890869140625,159.16015625,485.1512451171875,175.30859375,491.3697509765625,185.24609375,468.9831848144531,200.15234375,473.9579772949219,228.72265625,481.420166015625,257.29296875,478.9327697753906,197.66796875,478.9327697753906,227.48046875,467.739501953125,256.05078125,476.44537353515625,147.98046875,-1.0,-1.0,471.4705810546875,147.98046875,-1.0,-1.0
468.9327697753906,147.98046875,461.4705810546875,161.64453125,454.0083923339844,162.88671875,457.739501953125,181.51953125,471.420166015625,190.21484375,468.9327697753906,160.40234375,475.1512451171875,176.55078125,480.12603759765625,187.73046875,458.9831848144531,200.15234375,462.71429443359375,229.96484375,463.9579772949219,254.80859375,470.1764831542969,198.91015625,471.420166015625,228.72265625,475.1512451171875,257.29296875,466.44537353515625,146.73828125,-1.0,-1.0,461.4705810546875,147.98046875,-1.0,-1.0
457.6890869140625,147.98046875,450.2268981933594,161.64453125,444.0083923339844,161.64453125,446.49578857421875,181.51953125,460.1764831542969,190.21484375,458.9327697753906,160.40234375,463.9075622558594,176.55078125,473.8571472167969,188.97265625,447.739501953125,200.15234375,452.71429443359375,229.96484375,453.9579772949219,258.53515625,458.9327697753906,197.66796875,461.420166015625,228.72265625,461.420166015625,258.53515625,455.2016906738281,146.73828125,-1.0,-1.0,450.2268981933594,147.98046875,-1.0,-1.0
446.44537353515625,149.22265625,440.2268981933594,161.64453125,432.76470947265625,162.88671875,435.2521057128906,181.51953125,450.1764831542969,190.21484375,447.6890869140625,161.64453125,453.9075622558594,176.55078125,461.3697509765625,187.73046875,436.49578857421875,201.39453125,440.2268981933594,231.20703125,440.2268981933594,261.01953125,447.6890869140625,200.15234375,453.9075622558594,229.96484375,440.2268981933594,244.87109375,445.2016906738281,147.98046875,-1.0,-1.0,438.9831848144531,149.22265625,-1.0,-1.0
437.9327697753906,149.22265625,430.4705810546875,161.64453125,423.0083923339844,162.88671875,426.739501953125,181.51953125,440.420166015625,191.45703125,437.9327697753906,161.64453125,441.66387939453125,177.79296875,446.638671875,190.21484375,425.49578857421875,200.15234375,427.9831848144531,228.72265625,427.9831848144531,256.05078125,436.6890869140625,198.91015625,445.39495849609375,228.72265625,431.71429443359375,253.56640625,435.44537353515625,146.73828125,-1.0,-1.0,429.2268981933594,149.22265625,-1.0,-1.0
427.6166687011719,148.8359375,418.98333740234375,162.4140625,412.8166809082031,163.6484375,416.51666259765625,182.1640625,430.0833435058594,192.0390625,427.6166687011719,161.1796875,431.316650390625,178.4609375,436.25,190.8046875,414.04998779296875,200.6796875,416.51666259765625,231.5390625,417.75,254.9921875,425.1499938964844,199.4453125,436.25,227.8359375,428.8500061035156,248.8203125,425.1499938964844,147.6015625,-1.0,-1.0,420.2166748046875,148.8359375,-1.0,-1.0
419.1764831542969,148.98046875,410.4705810546875,161.40234375,404.2521057128906,162.64453125,406.739501953125,181.27734375,421.66387939453125,191.21484375,417.9327697753906,161.40234375,422.9075622558594,177.55078125,431.61346435546875,187.48828125,405.49578857421875,202.39453125,405.49578857421875,233.44921875,405.49578857421875,258.29296875,417.9327697753906,201.15234375,429.12603759765625,229.72265625,422.9075622558594,249.59765625,416.6890869140625,147.73828125,-1.0,-1.0,411.71429443359375,148.98046875,-1.0,-1.0
409.1764831542969,150.22265625,401.71429443359375,162.64453125,394.2521057128906,162.64453125,396.739501953125,181.27734375,414.1512451171875,192.45703125,409.1764831542969,162.64453125,414.1512451171875,178.79296875,421.61346435546875,189.97265625,395.49578857421875,202.39453125,394.2521057128906,233.44921875,393.0083923339844,262.01953125,409.1764831542969,201.15234375,419.12603759765625,228.48046875,421.61346435546875,253.32421875,406.6890869140625,147.73828125,-1.0,-1.0,401.71429443359375,148.98046875,-1.0,-1.0
400.420166015625,150.22265625,392.9579772949219,163.88671875,385.49578857421875,163.88671875,389.2268981933594,182.51953125,405.39495849609375,191.21484375,401.66387939453125,163.88671875,405.39495849609375,180.03515625,411.61346435546875,191.21484375,386.739501953125,202.39453125,384.2521057128906,232.20703125,383.0083923339844,262.01953125,400.420166015625,201.15234375,409.12603759765625,228.48046875,411.61346435546875,250.83984375,399.1764831542969,148.98046875,-1.0,-1.0,394.2016906738281,150.22265625,-1.0,-1.0
400.15252685546875,150.375,393.88134765625,162.875,386.3559265136719,164.125,390.11865234375,182.875,405.16949462890625,191.625,401.4067687988281,162.875,405.16949462890625,179.125,411.440673828125,191.625,386.3559265136719,202.875,383.84747314453125,230.375,382.5932312011719,260.375,400.15252685546875,201.625,410.1864318847656,229.125,412.6949157714844,254.125,398.8983154296875,149.125,-1.0,-1.0,393.88134765625,150.375,-1.0,-1.0
393.8983154296875,151.625,385.11865234375,164.125,377.5932312011719,164.125,380.1016845703125,182.875,395.15252685546875,191.625,393.8983154296875,164.125,397.6610107421875,181.625,403.93218994140625,190.375,377.5932312011719,204.125,373.83050537109375,234.125,372.5762634277344,262.875,391.38983154296875,204.125,400.16949462890625,229.125,405.1864318847656,252.875,391.38983154296875,149.125,-1.0,-1.0,386.3728942871094,150.375,-1.0,-1.0
385.64654541015625,151.78515625,376.8362121582031,164.36328125,370.5430908203125,164.36328125,374.3189697265625,184.48828125,390.6810302734375,193.29296875,384.387939453125,164.36328125,388.1637878417969,183.23046875,395.71551513671875,193.29296875,369.28448486328125,207.12890625,365.50860595703125,234.80078125,361.7327575683594,262.47265625,383.1293029785156,205.87109375,391.9396667480469,232.28515625,398.2327575683594,254.92578125,384.387939453125,149.26953125,-1.0,-1.0,379.35345458984375,151.78515625,-1.0,-1.0
379.88134765625,153.04296875,371.1016845703125,165.62109375,363.5762634277344,165.62109375,364.83050537109375,184.48828125,382.38983154296875,194.55078125,378.6271057128906,164.36328125,383.6440734863281,181.97265625,391.16949462890625,192.03515625,362.322021484375,208.38671875,358.559326171875,236.05859375,353.5423583984375,264.98828125,376.11865234375,207.12890625,386.15252685546875,233.54296875,391.16949462890625,254.92578125,378.6271057128906,150.52734375,379.88134765625,149.26953125,372.3559265136719,151.78515625,-1.0,-1.0
373.94873046875,151.9453125,365.0940246582031,164.6015625,357.5042724609375,164.6015625,360.0341796875,184.8515625,375.21368408203125,193.7109375,372.68377685546875,164.6015625,376.4786376953125,181.0546875,384.0683898925781,191.1796875,356.23931884765625,206.3671875,351.1794738769531,234.2109375,343.5897521972656,260.7890625,371.4187927246094,206.3671875,377.74359130859375,230.4140625,385.3333435058594,253.1953125,371.4187927246094,149.4140625,-1.0,-1.0,366.3589782714844,151.9453125,-1.0,-1.0
368.1826171875,151.9453125,359.295654296875,164.6015625,351.6782531738281,164.6015625,354.2174072265625,184.8515625,369.4521789550781,193.7109375,366.9130554199219,164.6015625,371.9913024902344,181.0546875,377.069580078125,191.1796875,351.6782531738281,206.3671875,345.3304443359375,236.7421875,336.4434814453125,264.5859375,365.64349365234375,206.3671875,374.5304260253906,232.9453125,382.1478271484375,256.9921875,365.64349365234375,149.4140625,-1.0,-1.0,360.5652160644531,151.9453125,-1.0,-1.0
362.0862121582031,152.10546875,354.4310302734375,164.83984375,346.7758483886719,163.56640625,348.0517272949219,183.94140625,363.362060546875,194.12890625,362.0862121582031,164.83984375,367.1896667480469,181.39453125,372.2930908203125,190.30859375,345.5,206.86328125,339.1206970214844,239.97265625,330.1896667480469,262.89453125,360.8103332519531,206.86328125,369.74139404296875,234.87890625,374.8448181152344,264.16796875,359.53448486328125,150.83203125,360.8103332519531,149.55859375,354.4310302734375,152.10546875,-1.0,-1.0
358.362060546875,153.37890625,348.1551818847656,164.83984375,341.7758483886719,163.56640625,343.0517272949219,183.94140625,357.0862121582031,194.12890625,355.8103332519531,164.83984375,358.362060546875,180.12109375,363.46551513671875,191.58203125,341.7758483886719,203.04296875,336.67242431640625,236.15234375,327.74139404296875,255.25390625,353.25860595703125,201.76953125,364.74139404296875,234.87890625,366.0172424316406,260.34765625,355.8103332519531,152.10546875,-1.0,-1.0,350.7069091796875,152.10546875,-1.0,-1.0
352.5789489746094,152.265625,343.6140441894531,163.796875,337.21051025390625,163.796875,337.21051025390625,183.015625,353.8596496582031,193.265625,350.0175476074219,163.796875,352.5789489746094,180.453125,357.7017517089844,191.984375,337.21051025390625,203.515625,334.64910888671875,236.828125,325.6842041015625,250.921875,350.0175476074219,202.234375,357.7017517089844,234.265625,358.9824523925781,261.171875,351.2982482910156,149.703125,-1.0,-1.0,346.1754455566406,150.984375,-1.0,-1.0
341.9565124511719,149.84765625,338.09564208984375,161.44921875,331.6608581542969,161.44921875,332.94781494140625,182.07421875,347.1043395996094,193.67578125,345.8173828125,161.44921875,348.39129638671875,178.20703125,352.2521667480469,191.09765625,332.94781494140625,203.98828125,330.3739013671875,237.50390625,326.5130310058594,256.83984375,345.8173828125,201.41015625,350.9652099609375,236.21484375,350.9652099609375,263.28515625,340.6695556640625,148.55859375,343.24346923828125,145.98046875,335.521728515625,148.55859375,335.521728515625,147.26953125
342.1043395996094,149.84765625,334.3825988769531,161.44921875,327.94781494140625,161.44921875,329.2347717285156,180.78515625,340.8173828125,192.38671875,340.8173828125,161.44921875,343.39129638671875,179.49609375,348.53912353515625,189.80859375,329.2347717285156,203.98828125,329.2347717285156,237.50390625,316.3652038574219,254.26171875,342.1043395996094,202.69921875,344.6782531738281,236.21484375,343.39129638671875,264.57421875,339.5304260253906,148.55859375,-1.0,-1.0,335.6695556640625,148.55859375,-1.0,-1.0
339.35089111328125,149.9921875,330.2631530761719,161.6640625,322.47369384765625,161.6640625,323.7719421386719,181.1171875,336.75439453125,191.4921875,338.0526428222656,161.6640625,340.64910888671875,178.5234375,343.24560546875,190.1953125,325.0701904296875,204.4609375,327.6666564941406,236.8828125,314.6842041015625,253.7421875,336.75439453125,203.1640625,338.0526428222656,236.8828125,336.75439453125,266.7109375,336.75439453125,148.6953125,-1.0,-1.0,332.8596496582031,148.6953125,-1.0,-1.0
335.35089111328125,149.9921875,326.2631530761719,161.6640625,319.7719421386719,161.6640625,321.0701904296875,181.1171875,335.35089111328125,194.0859375,334.0526428222656,161.6640625,336.64910888671875,179.8203125,340.5438537597656,191.4921875,321.0701904296875,203.1640625,326.2631530761719,236.8828125,309.3859558105469,257.6328125,332.75439453125,201.8671875,332.75439453125,236.8828125,330.15789794921875,265.4140625,334.0526428222656,148.6953125,-1.0,-1.0,330.15789794921875,148.6953125,-1.0,-1.0
331.9822998046875,150.13671875,322.81414794921875,160.57421875,314.95574951171875,160.57421875,317.5752258300781,181.44921875,333.2920227050781,194.49609375,329.3628234863281,160.57421875,333.2920227050781,177.53515625,338.5309753417969,191.88671875,318.88494873046875,204.93359375,326.74334716796875,237.55078125,324.1239013671875,271.47265625,328.0531005859375,203.62890625,328.0531005859375,237.55078125,325.4336242675781,268.86328125,329.3628234863281,147.52734375,331.9822998046875,147.52734375,325.4336242675781,147.52734375,-1.0,-1.0
328.2920227050781,150.13671875,319.1239013671875,160.57421875,312.5752258300781,160.57421875,315.1947021484375,181.44921875,329.6017761230469,194.49609375,326.9822998046875,160.57421875,330.9114990234375,178.83984375,336.15045166015625,191.88671875,315.1947021484375,204.93359375,321.74334716796875,237.55078125,316.5044250488281,263.64453125,324.3628234863281,202.32421875,321.74334716796875,236.24609375,312.5752258300781,262.33984375,325.6725769042969,147.52734375,328.2920227050781,146.22265625,321.74334716796875,147.52734375,-1.0,-1.0
325.6017761230469,151.59375,316.4336242675781,162.09375,309.88494873046875,162.09375,312.5044250488281,183.09375,325.6017761230469,193.59375,322.9822998046875,162.09375,326.9114990234375,179.15625,333.4601745605469,190.96875,311.1947021484375,205.40625,319.0531005859375,236.90625,312.5044250488281,267.09375,320.3628234863281,202.78125,315.1239013671875,236.90625,313.81414794921875,264.46875,322.9822998046875,148.96875,-1.0,-1.0,319.0531005859375,148.96875,-1.0,-1.0
322.9464111328125,149.10546875,312.375,160.98828125,305.7678527832031,160.98828125,309.7321472167969,182.11328125,322.9464111328125,193.99609375,320.3035583496094,160.98828125,324.2678527832031,178.15234375,330.875,188.71484375,308.41070556640625,201.91796875,317.66070556640625,236.24609375,311.0535583496094,269.25390625,317.66070556640625,200.59765625,311.0535583496094,237.56640625,312.375,266.61328125,321.625,146.46484375,-1.0,-1.0,316.33929443359375,146.46484375,-1.0,-1.0
320.58929443359375,150.42578125,311.33929443359375,162.30859375,304.7321472167969,162.30859375,308.6964111328125,183.43359375,321.91070556640625,193.99609375,317.9464111328125,160.98828125,324.5535583496094,179.47265625,332.4821472167969,190.03515625,307.375,204.55859375,319.2678527832031,238.88671875,-1.0,-1.0,315.3035583496094,203.23828125,319.2678527832031,238.88671875,317.9464111328125,271.89453125,319.2678527832031,147.78515625,-1.0,-1.0,313.9821472167969,149.10546875,-1.0,-1.0
317.8660888671875,149.71484375,309.8303527832031,161.73828125,303.1339416503906,161.73828125,305.8125,183.11328125,319.2053527832031,193.80078125,316.52679443359375,161.73828125,321.8839416503906,179.10546875,331.2589416503906,189.79296875,303.1339416503906,205.82421875,319.2053527832031,237.88671875,321.8839416503906,271.28515625,312.5089416503906,204.48828125,301.7946472167969,240.55859375,299.1160583496094,269.94921875,315.1875,148.37890625,316.52679443359375,145.70703125,309.8303527832031,148.37890625,-1.0,-1.0
317.6666564941406,149.71484375,307.0,163.07421875,300.3333435058594,161.73828125,303.0,183.11328125,317.6666564941406,195.13671875,313.6666564941406,161.73828125,317.6666564941406,179.10546875,327.0,191.12890625,299.0,205.82421875,315.0,236.55078125,321.6666564941406,269.94921875,308.3333435058594,204.48828125,299.0,239.22265625,295.0,267.27734375,315.0,147.04296875,-1.0,-1.0,311.0,148.37890625,-1.0,-1.0
314.46429443359375,150.35546875,304.96429443359375,162.51953125,299.53570556640625,162.51953125,300.8928527832031,182.79296875,315.8214111328125,194.95703125,311.75,162.51953125,315.8214111328125,177.38671875,323.96429443359375,189.55078125,298.1785583496094,205.76953125,313.1071472167969,238.20703125,322.6071472167969,269.29296875,306.3214111328125,204.41796875,296.8214416503906,239.55859375,290.03570556640625,270.64453125,311.75,147.65234375,-1.0,-1.0,309.03570556640625,149.00390625,-1.0,-1.0
310.6106262207031,150.8671875,303.79644775390625,161.7421875,296.9822998046875,161.7421875,298.3451232910156,183.4921875,314.6991271972656,195.7265625,310.6106262207031,161.7421875,314.6991271972656,179.4140625,321.5132751464844,190.2890625,296.9822998046875,206.6015625,310.6106262207031,239.2265625,321.5132751464844,269.1328125,305.1593017578125,205.2421875,296.9822998046875,237.8671875,284.7168273925781,270.4921875,307.88494873046875,146.7890625,-1.0,-1.0,306.5221252441406,148.1484375,-1.0,-1.0
312.6991271972656,149.66015625,301.79644775390625,161.96484375,294.9822998046875,161.96484375,296.3451232910156,183.83984375,312.6991271972656,194.77734375,309.97344970703125,161.96484375,314.06195068359375,179.73828125,319.5132751464844,190.67578125,296.3451232910156,205.71484375,309.97344970703125,239.89453125,322.23895263671875,272.70703125,304.5221252441406,204.34765625,294.9822998046875,238.52734375,279.99114990234375,271.33984375,309.97344970703125,146.92578125,-1.0,-1.0,305.88494873046875,148.29296875,-1.0,-1.0
311.3185729980469,148.8125,300.2743225097656,162.5625,293.3716735839844,162.5625,296.13275146484375,184.5625,312.6991271972656,195.5625,308.5575256347656,161.1875,314.07965087890625,180.4375,320.9822998046875,190.0625,294.752197265625,206.5625,309.93804931640625,240.9375,320.9822998046875,276.6875,303.035400390625,205.1875,291.99114990234375,242.3125,276.8052978515625,271.1875,309.93804931640625,146.0625,-1.0,-1.0,304.4159240722656,147.4375,-1.0,-1.0
308.5087585449219,146.7265625,300.1929931640625,160.6328125,291.877197265625,162.0234375,293.2631530761719,184.2734375,309.8947448730469,194.0078125,307.122802734375,160.6328125,311.28070068359375,178.7109375,319.59649658203125,188.4453125,293.2631530761719,206.5234375,307.122802734375,242.6796875,316.8245544433594,277.4453125,301.5789489746094,205.1328125,290.4912109375,244.0703125,273.8596496582031,270.4921875,307.122802734375,145.3359375,-1.0,-1.0,301.5789489746094,146.7265625,-1.0,-1.0
307.122802734375,145.87109375,298.7017517089844,159.85546875,291.6842041015625,161.25390625,291.6842041015625,183.62890625,309.9298095703125,194.81640625,307.122802734375,159.85546875,311.3333435058594,179.43359375,318.35089111328125,190.62109375,293.08770751953125,206.00390625,305.71929931640625,242.36328125,312.7368469238281,278.72265625,301.5087890625,206.00390625,291.6842041015625,242.36328125,272.03509521484375,268.93359375,305.71929931640625,144.47265625,-1.0,-1.0,300.1052551269531,145.87109375,-1.0,-1.0
305.122802734375,146.015625,296.7017517089844,160.078125,289.6842041015625,161.484375,291.08770751953125,183.984375,306.52630615234375,193.828125,303.71929931640625,158.671875,306.52630615234375,176.953125,316.35089111328125,186.796875,291.08770751953125,205.078125,303.71929931640625,243.046875,309.3333435058594,281.015625,299.5087890625,203.671875,292.4912414550781,243.046875,270.03509521484375,268.359375,303.71929931640625,144.609375,-1.0,-1.0,298.1052551269531,144.609375,-1.0,-1.0
302.6000061035156,145.16015625,295.5565185546875,159.30078125,287.1043395996094,159.30078125,288.5130615234375,181.92578125,304.0086975097656,193.23828125,302.6000061035156,159.30078125,308.2347717285156,177.68359375,315.27825927734375,188.99609375,289.9217529296875,204.55078125,299.7826232910156,244.14453125,304.0086975097656,279.49609375,298.3739013671875,203.13671875,295.5565185546875,244.14453125,270.20001220703125,266.76953125,299.7826232910156,143.74609375,304.0086975097656,143.74609375,294.1478271484375,143.74609375,-1.0,-1.0
302.6260986328125,143.01953125,292.64349365234375,158.74609375,285.5130310058594,158.74609375,286.9391174316406,181.62109375,304.05218505859375,193.05859375,301.20001220703125,158.74609375,306.90435791015625,178.76171875,315.46087646484375,188.76953125,286.9391174316406,205.92578125,298.34783935546875,241.66796875,299.77392578125,281.69921875,296.9217529296875,204.49609375,296.9217529296875,243.09765625,269.8260803222656,265.97265625,299.77392578125,141.58984375,-1.0,-1.0,294.069580078125,143.01953125,-1.0,-1.0
300.35089111328125,143.15625,290.28070068359375,158.96875,283.08770751953125,158.96875,284.52630615234375,181.96875,301.78948974609375,192.03125,298.91229248046875,158.96875,303.2280578613281,177.65625,310.4210510253906,189.15625,284.52630615234375,204.96875,296.03509521484375,242.34375,294.59649658203125,281.15625,294.59649658203125,203.53125,296.03509521484375,242.34375,273.0175476074219,262.46875,297.47369384765625,141.71875,300.35089111328125,141.71875,291.71929931640625,143.15625,-1.0,-1.0
296.96551513671875,140.84765625,288.2758483886719,156.74609375,281.03448486328125,158.19140625,282.4827575683594,181.31640625,299.862060546875,191.43359375,295.5172424316406,156.74609375,301.3103332519531,175.53515625,310.0,187.09765625,282.4827575683594,204.44140625,292.6206970214844,242.01953125,288.2758483886719,281.04296875,292.6206970214844,202.99609375,298.4137878417969,240.57421875,275.24139404296875,262.25390625,295.5172424316406,139.40234375,296.96551513671875,137.95703125,288.2758483886719,142.29296875,-1.0,-1.0
294.3999938964844,141.56640625,285.634765625,156.17578125,278.3304443359375,156.17578125,279.79132080078125,179.55078125,297.3217468261719,191.23828125,292.9391174316406,156.17578125,295.8608703613281,173.70703125,304.6260986328125,188.31640625,278.3304443359375,205.84765625,284.1739196777344,242.37109375,282.7130432128906,280.35546875,290.01739501953125,204.38671875,300.24346923828125,239.44921875,284.1739196777344,261.36328125,291.478271484375,138.64453125,-1.0,-1.0,285.634765625,141.56640625,-1.0,-1.0
289.98291015625,140.703125,282.6324768066406,155.390625,275.28204345703125,155.390625,278.22222900390625,178.890625,294.3931579589844,190.640625,289.98291015625,155.390625,295.8632507324219,175.953125,304.68377685546875,187.703125,275.28204345703125,206.796875,279.69232177734375,243.515625,276.75213623046875,281.703125,288.5128173828125,205.328125,298.80340576171875,239.109375,279.69232177734375,265.546875,287.042724609375,137.765625,289.98291015625,136.296875,281.1623840332031,140.703125,-1.0,-1.0
288.05126953125,141.4609375,279.1282043457031,156.3046875,273.17950439453125,154.8203125,276.1538391113281,180.0546875,291.025634765625,190.4453125,288.05126953125,156.3046875,292.5128173828125,175.6015625,301.4359130859375,185.9921875,271.69232177734375,206.7734375,274.6666564941406,243.8828125,270.20513916015625,282.4765625,285.0769348144531,205.2890625,298.4615478515625,236.4609375,283.5897521972656,264.6640625,285.0769348144531,138.4921875,288.05126953125,137.0078125,279.1282043457031,139.9765625,-1.0,-1.0
285.100830078125,140.60546875,276.12603759765625,155.52734375,270.1428527832031,155.52734375,273.13446044921875,179.40234375,291.08404541015625,191.33984375,283.60504150390625,155.52734375,288.0924377441406,174.92578125,300.058837890625,188.35546875,268.6470642089844,206.26171875,268.6470642089844,245.05859375,264.15966796875,282.36328125,280.6134338378906,206.26171875,297.0672302246094,236.10546875,285.100830078125,268.93359375,282.1092529296875,139.11328125,285.100830078125,137.62109375,276.12603759765625,140.60546875,-1.0,-1.0
282.100830078125,139.25,273.12603759765625,155.75,267.1428527832031,155.75,270.13446044921875,179.75,288.08404541015625,193.25,279.1092529296875,155.75,286.5882263183594,176.75,297.058837890625,188.75,265.6470642089844,208.25,262.65545654296875,244.25,258.1680603027344,283.25,279.1092529296875,208.25,294.0672302246094,238.25,288.08404541015625,275.75,279.1092529296875,136.25,282.100830078125,136.25,273.12603759765625,139.25,-1.0,-1.0
280.35833740234375,138.5234375,271.2583312988281,156.7109375,265.191650390625,156.7109375,268.2250061035156,180.9609375,286.42498779296875,193.0859375,277.32501220703125,156.7109375,281.875,176.4140625,294.0083312988281,190.0546875,262.1583251953125,208.2421875,257.60833740234375,246.1328125,251.5416717529297,284.0234375,275.808349609375,208.2421875,290.9750061035156,240.0703125,290.9750061035156,276.4453125,277.32501220703125,137.0078125,280.35833740234375,133.9765625,271.2583312988281,140.0390625,-1.0,-1.0
275.7438049316406,140.70703125,266.6198425292969,157.46484375,262.057861328125,155.94140625,263.5785217285156,180.31640625,283.34710693359375,194.02734375,274.22314453125,157.46484375,278.7851257324219,177.26953125,290.9504089355469,190.98046875,257.495849609375,209.26171875,251.41322326660156,245.82421875,245.33058166503906,283.91015625,272.7024841308594,209.26171875,284.8677673339844,241.25390625,290.9504089355469,270.19921875,272.7024841308594,139.18359375,275.7438049316406,139.18359375,265.09918212890625,142.23046875,-1.0,-1.0
274.0163879394531,143.08984375,264.7704772949219,158.48046875,258.6065673828125,156.94140625,261.68853759765625,181.56640625,281.7213134765625,195.41796875,272.47540283203125,160.01953125,275.557373046875,180.02734375,287.88525390625,192.33984375,253.98361206054688,210.80859375,246.2786865234375,247.74609375,238.5737762451172,284.68359375,269.3934326171875,209.26953125,281.7213134765625,241.58984375,290.96722412109375,267.75390625,270.9344177246094,140.01171875,274.0163879394531,138.47265625,264.7704772949219,143.08984375,-1.0,-1.0
273.7377014160156,140.87109375,262.8360595703125,157.97265625,256.6065673828125,156.41796875,259.7213134765625,181.29296875,278.40985107421875,195.28515625,269.0655822753906,157.97265625,273.7377014160156,179.73828125,286.19671630859375,192.17578125,251.93443298339844,210.83203125,244.1475372314453,246.58984375,233.24591064453125,283.90234375,264.3934326171875,210.83203125,276.85247802734375,238.81640625,287.75408935546875,265.24609375,269.0655822753906,137.76171875,273.7377014160156,137.76171875,261.2786865234375,142.42578125,-1.0,-1.0
270.0975646972656,140.03125,260.731689453125,157.21875,254.48780822753906,157.21875,256.04876708984375,182.21875,276.3414611816406,194.71875,266.9756164550781,157.21875,271.6585388183594,179.09375,284.1463317871094,191.59375,249.80487060546875,210.34375,240.43902587890625,247.84375,227.9512176513672,285.34375,263.8536682128906,210.34375,276.3414611816406,243.15625,285.7073059082031,272.84375,266.9756164550781,138.46875,270.0975646972656,136.90625,259.17071533203125,141.59375,-1.0,-1.0
267.79840087890625,140.19140625,259.9757995605469,157.46484375,255.28225708007812,157.46484375,253.71774291992188,182.58984375,272.491943359375,193.58203125,266.23388671875,159.03515625,270.92742919921875,181.01953125,281.8790283203125,192.01171875,249.02420043945312,210.85546875,238.0725860595703,248.54296875,222.4274139404297,284.66015625,263.1048278808594,212.42578125,277.18548583984375,245.40234375,281.8790283203125,276.80859375,264.66937255859375,137.05078125,269.3629150390625,137.05078125,255.28225708007812,141.76171875,-1.0,-1.0
266.9440002441406,137.7734375,259.02398681640625,158.2890625,252.68800354003906,158.2890625,252.68800354003906,181.9609375,271.69598388671875,194.5859375,263.7760009765625,158.2890625,268.52801513671875,180.3828125,279.6159973144531,191.4296875,247.93600463867188,210.3671875,238.4320068359375,248.2421875,217.83999633789062,282.9609375,262.1920166015625,208.7890625,274.864013671875,243.5078125,279.6159973144531,273.4921875,262.1920166015625,136.1953125,265.3599853515625,136.1953125,254.27200317382812,140.9296875,-1.0,-1.0
263.6000061035156,138.671875,255.60000610351562,157.796875,250.8000030517578,154.609375,252.39999389648438,180.109375,271.6000061035156,194.453125,263.6000061035156,159.390625,266.79998779296875,180.109375,278.0,191.265625,246.0,208.796875,238.0,250.234375,214.0,280.515625,260.3999938964844,208.796875,273.20001220703125,247.046875,276.3999938964844,282.109375,258.79998779296875,137.078125,265.20001220703125,135.484375,252.39999389648438,140.265625,266.79998779296875,141.859375
260.5238037109375,138.83203125,254.11111450195312,154.84765625,249.3015899658203,154.84765625,249.3015899658203,180.47265625,268.5396728515625,193.28515625,262.1269836425781,158.05078125,265.33331298828125,178.87109375,274.952392578125,191.68359375,244.4920654296875,210.90234375,238.07936096191406,250.94140625,212.42857360839844,279.76953125,258.9206237792969,209.30078125,268.5396728515625,247.73828125,271.74603271484375,282.97265625,258.9206237792969,135.62890625,263.73016357421875,135.62890625,252.5079345703125,138.83203125,265.33331298828125,140.43359375
261.4488220214844,135.7734375,253.41732788085938,155.0859375,248.59841918945312,153.4765625,248.59841918945312,179.2265625,267.8740234375,193.7109375,259.842529296875,156.6953125,263.05511474609375,177.6171875,274.2991943359375,192.1015625,243.77952575683594,208.1953125,240.56692504882812,251.6484375,211.65354919433594,277.3984375,258.2362060546875,208.1953125,266.2677001953125,248.4296875,267.8740234375,287.0546875,258.2362060546875,134.1640625,261.4488220214844,134.1640625,251.81101989746094,137.3828125,-1.0,-1.0
260.4488220214844,134.30078125,252.3385772705078,153.70703125,247.47244262695312,152.08984375,247.47244262695312,177.96484375,266.93701171875,192.51953125,258.8267822265625,153.70703125,263.6929016113281,177.96484375,275.0472412109375,192.51953125,244.2283477783203,207.07421875,247.47244262695312,249.12109375,218.2755889892578,270.14453125,257.2047119140625,205.45703125,263.6929016113281,249.12109375,263.6929016113281,287.93359375,257.2047119140625,132.68359375,260.4488220214844,131.06640625,250.71653747558594,135.91796875,-1.0,-1.0
259.2713317871094,134.30078125,251.2093048095703,153.70703125,246.37210083007812,152.08984375,247.9844970703125,177.96484375,267.3333435058594,192.51953125,259.2713317871094,153.70703125,262.4961242675781,176.34765625,275.3953552246094,190.90234375,243.1472930908203,207.07421875,247.9844970703125,249.12109375,220.57363891601562,270.14453125,257.6589050292969,203.83984375,260.88372802734375,250.73828125,259.2713317871094,287.93359375,254.43411254882812,132.68359375,260.88372802734375,132.68359375,249.59689331054688,135.91796875,262.4961242675781,137.53515625
257.3125,134.4375,252.4375,152.3125,245.9375,150.6875,247.5625,176.6875,265.4375,192.9375,258.9375,153.9375,262.1875,175.0625,275.1875,189.6875,242.6875,204.3125,250.8125,249.8125,224.8125,272.5625,255.6875,202.6875,258.9375,249.8125,255.6875,287.1875,254.0625,131.1875,258.9375,131.1875,247.5625,134.4375,260.5625,136.0625
256.6046447753906,132.94140625,250.093017578125,150.90234375,245.2093048095703,149.26953125,248.46511840820312,178.66015625,266.3721008300781,193.35546875,258.2325439453125,152.53515625,263.11627197265625,177.02734375,274.5116271972656,190.08984375,243.58139038085938,204.78515625,256.6046447753906,248.87109375,251.72093200683594,288.05859375,254.97674560546875,204.78515625,254.97674560546875,248.87109375,251.72093200683594,286.42578125,253.3488311767578,129.67578125,259.8604736328125,129.67578125,246.8372039794922,134.57421875,261.4883728027344,136.20703125
257.16278076171875,133.0703125,250.58914184570312,151.1171875,244.0155029296875,149.4765625,248.94573974609375,179.0078125,268.6666564941406,193.7734375,257.16278076171875,154.3984375,263.7364501953125,177.3671875,275.24029541015625,192.1328125,244.0155029296875,205.2578125,255.51937866210938,246.2734375,247.3023223876953,287.2890625,253.8759765625,203.6171875,253.8759765625,247.9140625,230.86822509765625,280.7265625,253.8759765625,129.7890625,260.4496154785156,129.7890625,247.3023223876953,134.7109375,262.093017578125,136.3515625
257.26153564453125,133.19921875,250.6769256591797,151.33203125,244.09231567382812,149.68359375,250.6769256591797,177.70703125,272.076904296875,194.19140625,258.9076843261719,152.98046875,263.8461608886719,177.70703125,275.3692321777344,192.54296875,242.44615173339844,202.43359375,260.5538330078125,243.64453125,240.8000030517578,286.50390625,253.96923828125,202.43359375,253.96923828125,243.64453125,240.8000030517578,283.20703125,253.96923828125,129.90234375,260.5538330078125,129.90234375,247.38461303710938,134.84765625,262.20001220703125,136.49609375
257.81536865234375,133.328125,251.1692352294922,151.546875,244.5230712890625,149.890625,251.1692352294922,176.390625,272.76922607421875,192.953125,259.4769287109375,153.203125,264.4615478515625,176.390625,277.75384521484375,189.640625,242.86154174804688,202.890625,264.4615478515625,244.296875,249.5076904296875,289.015625,254.4923095703125,201.234375,249.5076904296875,247.609375,244.5230712890625,287.359375,254.4923095703125,130.015625,261.1384582519531,130.015625,247.84616088867188,134.984375,262.79998779296875,134.984375
258.7404479980469,131.79296875,252.08396911621094,151.76171875,245.42747497558594,148.43359375,252.08396911621094,178.38671875,275.3816833496094,195.02734375,260.4045715332031,153.42578125,265.3969421386719,176.72265625,280.3740539550781,190.03515625,243.76336669921875,203.34765625,267.0610656738281,244.94921875,260.4045715332031,288.21484375,255.41221618652344,203.34765625,247.0915985107422,248.27734375,238.77099609375,289.87890625,255.41221618652344,130.12890625,260.4045715332031,130.12890625,248.75572204589844,133.45703125,263.7328186035156,135.12109375
260.5,131.9140625,252.16665649414062,151.9765625,247.16665649414062,150.3046875,252.16665649414062,178.7265625,273.83331298828125,193.7734375,260.5,151.9765625,265.5,177.0546875,280.5,190.4296875,243.8333282470703,205.4765625,267.1666564941406,245.6015625,268.83331298828125,294.0859375,255.5,203.8046875,243.8333282470703,250.6171875,235.5,290.7421875,255.5,128.5703125,262.1666564941406,128.5703125,248.8333282470703,133.5859375,-1.0,-1.0
259.7593994140625,131.9140625,254.7518768310547,151.9765625,248.0751953125,150.3046875,253.08270263671875,178.7265625,274.7819519042969,193.7734375,263.0977478027344,153.6484375,268.1052551269531,177.0546875,281.4586486816406,190.4296875,244.73684692382812,205.4765625,268.1052551269531,247.2734375,278.12030029296875,290.7421875,256.4210510253906,205.4765625,243.0676727294922,250.6171875,231.38345336914062,294.0859375,256.4210510253906,130.2421875,263.0977478027344,128.5703125,249.74435424804688,135.2578125,264.76690673828125,135.2578125
261.06817626953125,132.03515625,256.0227355957031,152.19140625,249.2954559326172,150.51171875,254.34091186523438,179.06640625,276.20452880859375,194.18359375,264.43182373046875,153.87109375,271.1590881347656,179.06640625,282.93182373046875,190.82421875,245.93182373046875,207.62109375,267.79547119140625,247.93359375,282.93182373046875,289.92578125,256.0227355957031,207.62109375,240.88636779785156,251.29296875,229.11363220214844,293.28515625,257.70452880859375,130.35546875,264.43182373046875,130.35546875,250.97726440429688,133.71484375,269.4772644042969,135.39453125
263.6842041015625,133.84375,256.9473571777344,152.40625,251.89474487304688,150.71875,256.9473571777344,181.09375,277.15789794921875,194.59375,265.368408203125,154.09375,270.4210510253906,177.71875,283.8947448730469,189.53125,246.84210205078125,208.09375,268.7368469238281,251.96875,287.2631530761719,290.78125,255.26315307617188,208.09375,241.7894744873047,251.96875,224.94737243652344,292.46875,258.631591796875,130.46875,265.368408203125,130.46875,251.89474487304688,135.53125,268.7368469238281,137.21875
265.96990966796875,132.27734375,259.1729431152344,152.62109375,254.0751953125,150.92578125,257.47369384765625,179.74609375,276.1654052734375,193.30859375,265.96990966796875,154.31640625,271.0676574707031,176.35546875,284.6616516113281,188.22265625,250.67669677734375,208.56640625,272.76690673828125,249.25390625,288.0601501464844,291.63671875,255.77442932128906,206.87109375,242.18045043945312,252.64453125,223.4887237548828,293.33203125,260.8721923828125,130.58203125,267.669189453125,130.58203125,254.0751953125,135.66796875,271.0676574707031,137.36328125
267.5714111328125,133.23046875,260.71429443359375,152.05078125,255.57142639160156,152.05078125,259.0,181.13671875,279.5714111328125,194.82421875,269.28570556640625,153.76171875,274.4285888671875,179.42578125,291.5714111328125,191.40234375,252.14285278320312,208.51171875,274.4285888671875,249.57421875,288.1428527832031,292.34765625,255.57142639160156,208.51171875,243.57142639160156,252.99609375,221.2857208251953,292.34765625,264.1428527832031,129.80859375,269.28570556640625,129.80859375,255.57142639160156,134.94140625,274.4285888671875,136.65234375
269.0882263183594,131.51953125,262.26470947265625,152.05078125,257.1470642089844,150.33984375,260.558837890625,181.13671875,282.73529052734375,194.82421875,270.79412841796875,155.47265625,275.9117736816406,179.42578125,289.558837890625,191.40234375,255.44117736816406,208.51171875,275.9117736816406,249.57421875,286.1470642089844,294.05859375,258.8529357910156,206.80078125,243.5,252.99609375,221.3235321044922,290.63671875,263.9705810546875,129.80859375,270.79412841796875,129.80859375,257.1470642089844,134.94140625,275.9117736816406,136.65234375
270.62774658203125,130.640625,265.4598388671875,151.265625,258.5693359375,149.546875,262.01458740234375,180.484375,282.6861267089844,194.234375,274.072998046875,152.984375,279.2408752441406,178.765625,289.57666015625,189.078125,256.8467102050781,207.984375,277.51824951171875,250.953125,287.85400390625,297.359375,262.01458740234375,206.265625,248.23358154296875,254.390625,218.94891357421875,292.203125,267.1824951171875,127.203125,274.072998046875,127.203125,260.2919616699219,132.359375,277.51824951171875,134.078125
272.22625732421875,128.1484375,267.01458740234375,150.6953125,261.80291748046875,148.9609375,265.2773742675781,180.1796875,286.12408447265625,192.3203125,273.9635009765625,150.6953125,279.1751708984375,173.2421875,291.33575439453125,188.8515625,258.3284606933594,206.1953125,277.4379577636719,251.2890625,284.3868408203125,298.1171875,263.5401611328125,206.1953125,253.11679077148438,253.0234375,221.84671020507812,287.7109375,268.7518310546875,126.4140625,273.9635009765625,126.4140625,260.0657043457031,131.6171875,-1.0,-1.0
273.7357177734375,126.4140625,268.54998779296875,148.9609375,263.3642883300781,147.2265625,265.0928649902344,180.1796875,285.8357238769531,192.3203125,275.46429443359375,148.9609375,282.3785705566406,176.7109375,292.75,188.8515625,259.9071350097656,206.1953125,277.19287109375,251.2890625,282.3785705566406,298.1171875,266.8214111328125,206.1953125,259.9071350097656,253.0234375,228.79286193847656,282.5078125,270.278564453125,124.6796875,277.19287109375,122.9453125,261.6357116699219,129.8828125,-1.0,-1.0
277.60430908203125,125.625,270.5827331542969,148.375,263.5611572265625,146.625,267.0719299316406,178.125,286.38128662109375,190.375,277.60430908203125,146.625,284.62591552734375,172.875,293.40289306640625,188.625,261.8057556152344,206.125,277.60430908203125,253.375,279.3597106933594,298.875,270.5827331542969,204.375,265.3165588378906,253.375,233.71942138671875,279.625,272.338134765625,123.875,277.60430908203125,122.125,263.5611572265625,129.125,-1.0,-1.0
278.6311950683594,126.48828125,271.5957336425781,147.58203125,266.31915283203125,145.82421875,269.8368835449219,177.46484375,289.18438720703125,189.76953125,278.6311950683594,145.82421875,285.6666564941406,172.19140625,297.9787292480469,188.01171875,261.04254150390625,205.58984375,276.8723449707031,251.29296875,275.11346435546875,298.75390625,273.3546142578125,203.83203125,273.3546142578125,251.29296875,236.41844177246094,279.41796875,273.3546142578125,124.73046875,280.39007568359375,122.97265625,264.5602722167969,128.24609375,-1.0,-1.0
280.6573486328125,122.97265625,273.6083984375,144.06640625,266.5594482421875,144.06640625,271.8461608886719,175.70703125,292.9930114746094,189.76953125,280.6573486328125,145.82421875,287.706298828125,172.19140625,301.80419921875,188.01171875,263.03497314453125,205.58984375,277.13287353515625,251.29296875,268.3216857910156,300.51171875,273.6083984375,203.83203125,280.6573486328125,251.29296875,255.98602294921875,274.14453125,277.13287353515625,121.21484375,282.4195861816406,119.45703125,268.3216857910156,126.48828125,-1.0,-1.0
282.2657470703125,123.94140625,273.3846130371094,145.22265625,268.0559387207031,143.44921875,273.3846130371094,175.37109375,294.6993103027344,189.55859375,280.489501953125,145.22265625,287.59442138671875,171.82421875,303.5804138183594,187.78515625,264.5035095214844,205.51953125,271.6083984375,255.17578125,266.27972412109375,301.28515625,273.3846130371094,205.51953125,291.1468505859375,248.08203125,266.27972412109375,278.23046875,278.7132873535156,120.39453125,284.0419616699219,118.62109375,269.8321533203125,125.71484375,-1.0,-1.0
285.0689697265625,123.046875,274.3930969238281,144.421875,269.05517578125,142.640625,276.17242431640625,174.703125,293.96551513671875,187.171875,281.5103454589844,144.421875,290.4068908691406,171.140625,302.862060546875,187.171875,261.93792724609375,204.984375,269.05517578125,253.078125,261.93792724609375,301.171875,274.3930969238281,204.984375,293.96551513671875,247.734375,267.27587890625,281.578125,281.5103454589844,119.484375,285.0689697265625,117.703125,272.6138000488281,124.828125,-1.0,-1.0
286.6896667480469,123.15234375,275.9310302734375,144.62109375,268.75860595703125,142.83203125,275.9310302734375,173.24609375,299.24139404296875,187.55859375,281.31036376953125,144.62109375,288.4827575683594,169.66796875,304.6206970214844,187.55859375,265.17242431640625,205.44921875,266.96551513671875,253.75390625,259.7930908203125,302.05859375,274.137939453125,207.23828125,295.6551818847656,246.59765625,279.5172424316406,289.53515625,283.10345458984375,119.57421875,286.6896667480469,117.78515625,274.137939453125,123.15234375,-1.0,-1.0
286.9183654785156,122.2578125,276.1428527832031,143.8203125,270.7550964355469,142.0234375,277.93878173828125,174.3671875,299.48980712890625,188.7421875,283.3265380859375,145.6171875,290.51019287109375,170.7734375,306.6734619140625,186.9453125,263.5714111328125,206.7109375,263.5714111328125,253.4296875,254.59182739257812,301.9453125,276.1428527832031,206.7109375,297.6938781738281,246.2421875,288.71429443359375,292.9609375,283.3265380859375,118.6640625,286.9183654785156,118.6640625,274.346923828125,124.0546875,-1.0,-1.0
287.9396057128906,122.2578125,275.3489990234375,143.8203125,271.7516784667969,142.0234375,278.9463195800781,172.5703125,300.53021240234375,188.7421875,282.54364013671875,143.8203125,291.53692626953125,170.7734375,305.9261779785156,186.9453125,266.355712890625,206.7109375,260.959716796875,255.2265625,250.16778564453125,303.7421875,277.14764404296875,204.9140625,298.7315368652344,248.0390625,-1.0,-1.0,284.34228515625,118.6640625,287.9396057128906,118.6640625,275.3489990234375,124.0546875,-1.0,-1.0
289.54364013671875,123.28125,278.671142578125,145.03125,273.2348937988281,143.21875,280.48321533203125,172.21875,302.2281799316406,190.34375,285.9194641113281,145.03125,293.16778564453125,170.40625,307.6644287109375,188.53125,265.986572265625,206.65625,258.7382507324219,255.59375,247.8657684326172,302.71875,280.48321533203125,206.65625,298.6040344238281,248.34375,307.6644287109375,297.28125,285.9194641113281,119.65625,291.355712890625,117.84375,276.85906982421875,125.09375,-1.0,-1.0
291.56292724609375,122.39453125,278.8609313964844,144.23828125,275.2317810058594,144.23828125,280.6755065917969,173.36328125,304.264892578125,191.56640625,284.30462646484375,144.23828125,293.37750244140625,169.72265625,309.7086181640625,187.92578125,267.9735107421875,206.12890625,257.0860900878906,255.27734375,244.3841094970703,302.60546875,280.6755065917969,206.12890625,298.8211975097656,246.17578125,309.7086181640625,280.76171875,287.93377685546875,120.57421875,291.56292724609375,118.75390625,278.8609313964844,124.21484375,-1.0,-1.0
295.875,122.5078125,281.243408203125,144.4453125,277.58551025390625,144.4453125,283.0723876953125,171.8671875,305.0197448730469,188.3203125,286.7302551269531,144.4453125,294.0460510253906,168.2109375,310.506591796875,188.3203125,268.4407958984375,208.4296875,259.2960510253906,254.1328125,241.00657653808594,301.6640625,283.0723876953125,208.4296875,299.53289794921875,248.6484375,315.993408203125,285.2109375,290.3881530761719,120.6796875,294.0460510253906,118.8515625,281.243408203125,124.3359375,-1.0,-1.0
297.8431396484375,121.62109375,285.0326843261719,145.48828125,279.54248046875,143.65234375,285.0326843261719,173.02734375,306.99346923828125,189.55078125,290.52288818359375,145.48828125,297.8431396484375,173.02734375,314.313720703125,187.71484375,270.39215087890625,209.74609375,259.4117736816406,255.64453125,239.2810516357422,303.37890625,285.0326843261719,211.58203125,303.3333435058594,250.13671875,317.9738464355469,290.52734375,292.3529357910156,119.78515625,297.8431396484375,117.94921875,283.2026062011719,125.29296875,-1.0,-1.0
298.355712890625,122.69921875,283.53692626953125,144.91796875,279.83221435546875,144.91796875,285.3892822265625,172.69140625,309.46978759765625,191.20703125,289.0939636230469,144.91796875,296.50335693359375,168.98828125,316.87921142578125,189.35546875,270.5704650878906,209.72265625,259.45635986328125,256.01171875,239.08053588867188,302.30078125,287.2416076660156,211.57421875,303.9127502441406,250.45703125,318.7315368652344,291.19140625,294.6510009765625,118.99609375,296.50335693359375,118.99609375,285.3892822265625,124.55078125,-1.0,-1.0
301.0816345214844,120.94140625,286.1700744628906,145.21484375,284.3061218261719,143.34765625,288.03399658203125,173.22265625,310.4013671875,190.02734375,291.76190185546875,145.21484375,297.353759765625,171.35546875,317.8571472167969,188.16015625,273.1224365234375,210.56640625,261.93878173828125,257.24609375,237.70748901367188,302.05859375,289.89794921875,210.56640625,306.6734619140625,249.77734375,317.8571472167969,290.85546875,297.353759765625,119.07421875,299.2176818847656,117.20703125,288.03399658203125,122.80859375,-1.0,-1.0
305.2447509765625,122.06640625,292.0279541015625,144.66015625,286.3636474609375,142.77734375,290.1398620605469,172.90234375,314.685302734375,189.84765625,297.69232177734375,144.66015625,303.35662841796875,172.90234375,320.3496398925781,187.96484375,276.9230651855469,208.67578125,265.59442138671875,255.74609375,235.38461303710938,299.05078125,293.91607666015625,208.67578125,309.0209655761719,250.09765625,318.4615478515625,293.40234375,299.5804138183594,118.30078125,303.35662841796875,118.30078125,290.1398620605469,123.94921875,-1.0,-1.0
306.95001220703125,120.32421875,293.6499938964844,143.10546875,289.8500061035156,141.20703125,293.6499938964844,171.58203125,316.45001220703125,186.76953125,299.3500061035156,145.00390625,305.04998779296875,169.68359375,322.1499938964844,186.76953125,280.3500061035156,207.65234375,270.8500061035156,257.01171875,236.64999389648438,298.77734375,295.54998779296875,209.55078125,310.75,249.41796875,320.25,296.87890625,303.1499938964844,116.52734375,308.8500061035156,116.52734375,293.6499938964844,122.22265625,-1.0,-1.0
311.496337890625,119.58203125,292.37225341796875,140.63671875,294.28466796875,140.63671875,298.1094970703125,171.26171875,322.9707946777344,188.48828125,284.7226257324219,136.80859375,-1.0,-1.0,-1.0,-1.0,284.7226257324219,207.62890625,278.98541259765625,257.39453125,240.7372283935547,295.67578125,296.19708251953125,209.54296875,315.3211669921875,247.82421875,319.14599609375,299.50390625,305.7591247558594,115.75390625,311.496337890625,115.75390625,296.19708251953125,119.58203125,-1.0,-1.0
315.08953857421875,118.83984375,297.7611999511719,140.06640625,297.7611999511719,140.06640625,-1.0,-1.0,-1.0,-1.0,305.4626770019531,140.06640625,311.2388000488281,167.08203125,328.5671691894531,184.44921875,288.13433837890625,207.60546875,284.2835693359375,259.70703125,247.7014923095703,288.65234375,301.6119384765625,207.60546875,315.08953857421875,253.91796875,317.0149230957031,302.16015625,309.31341552734375,114.98046875,313.1641845703125,113.05078125,299.6865539550781,120.76953125,-1.0,-1.0
-1.0,-1.0,-1.0,-1.0,300.2727355957031,138.49609375,306.0909118652344,169.62109375,327.42425537109375,185.18359375,-1.0,-1.0,-1.0,-1.0,-1.0,-1.0,-1.0,-1.0,-1.0,-1.0,-1.0,-1.0,-1.0,-1.0,-1.0,-1.0,-1.0,-1.0,-1.0,-1.0,-1.0,-1.0,304.1515197753906,119.04296875,-1.0,-1.0
328.1395263671875,153.61328125,320.3255615234375,165.37890625,-1.0,-1.0,-1.0,-1.0,-1.0,-1.0,322.279052734375,165.37890625,-1.0,-1.0,-1.0,-1.0,-1.0,-1.0,-1.0,-1.0,-1.0,-1.0,-1.0,-1.0,-1.0,-1.0,-1.0,-1.0,326.18603515625,149.69140625,328.1395263671875,151.65234375,-1.0,-1.0,-1.0,-1.0
324.44000244140625,113.63671875,308.5679931640625,139.33203125,306.583984375,137.35546875,316.5039978027344,168.98046875,336.343994140625,184.79296875,314.5199890136719,137.35546875,324.44000244140625,165.02734375,330.3919982910156,186.76953125,302.6159973144531,202.58203125,314.5199890136719,255.94921875,280.7919921875,285.59765625,306.583984375,200.60546875,314.5199890136719,255.94921875,314.5199890136719,301.41015625,320.47198486328125,111.66015625,322.45599365234375,109.68359375,310.552001953125,117.58984375,-1.0,-1.0
328.0,113.87109375,312.0,137.77734375,310.0,137.77734375,320.0,167.66015625,340.0,183.59765625,318.0,135.78515625,322.0,163.67578125,342.0,181.60546875,304.0,201.52734375,320.0,255.31640625,312.0,303.12890625,308.0,201.52734375,318.0,255.31640625,312.0,305.12109375,324.0,109.88671875,326.0,107.89453125,314.0,115.86328125,-1.0,-1.0
331.0,113.12890625,315.0,135.21484375,313.0,135.21484375,323.0,167.33984375,347.0,185.41015625,319.0,135.21484375,329.0,163.32421875,353.0,185.41015625,307.0,199.46484375,327.0,251.66796875,293.0,293.83203125,315.0,201.47265625,321.0,253.67578125,311.0,299.85546875,325.0,109.11328125,329.0,107.10546875,315.0,115.13671875,-1.0,-1.0
332.5254211425781,113.41015625,316.38983154296875,135.66796875,314.3728942871094,135.66796875,326.4745788574219,168.04296875,354.71185302734375,186.25390625,322.440673828125,133.64453125,330.50848388671875,163.99609375,356.72882080078125,186.25390625,310.3389892578125,200.41796875,334.5423583984375,248.98046875,308.322021484375,299.56640625,314.3728942871094,200.41796875,318.4067687988281,253.02734375,308.322021484375,299.56640625,328.49151611328125,109.36328125,332.5254211425781,107.33984375,318.4067687988281,113.41015625,-1.0,-1.0
337.0608825683594,112.68359375,322.8173828125,137.15234375,318.7478332519531,135.11328125,330.9565124511719,167.73828125,357.40869140625,186.08984375,330.9565124511719,137.15234375,335.0260925292969,163.66015625,359.4434814453125,186.08984375,314.6782531738281,200.36328125,343.16522216796875,251.33984375,322.8173828125,304.35546875,318.7478332519531,200.36328125,314.6782531738281,257.45703125,308.57391357421875,300.27734375,330.9565124511719,108.60546875,337.0608825683594,106.56640625,320.7825927734375,114.72265625,-1.0,-1.0
340.5897521972656,112.8203125,326.23077392578125,137.3828125,324.17950439453125,137.3828125,334.4359130859375,168.0859375,361.1025695800781,186.5078125,332.3846130371094,135.3359375,342.6410217285156,161.9453125,365.20513916015625,182.4140625,320.0769348144531,200.8359375,348.79486083984375,252.0078125,338.5384521484375,307.2734375,313.923095703125,200.8359375,315.974365234375,256.1015625,307.76922607421875,305.2265625,336.4871826171875,108.7265625,338.5384521484375,106.6796875,326.23077392578125,114.8671875,-1.0,-1.0
343.57501220703125,111.95703125,327.17498779296875,136.61328125,327.17498779296875,136.61328125,-1.0,-1.0,-1.0,-1.0,335.375,136.61328125,343.57501220703125,165.37890625,370.2250061035156,183.87109375,325.125,202.36328125,351.7749938964844,253.73046875,355.875,309.20703125,314.875,200.30859375,316.92498779296875,255.78515625,306.67498779296875,307.15234375,339.4750061035156,109.90234375,343.57501220703125,107.84765625,329.2250061035156,114.01171875,-1.0,-1.0
349.18182373046875,112.09375,330.5867919921875,136.84375,330.5867919921875,134.78125,345.0495910644531,169.84375,376.04132080078125,186.34375,-1.0,-1.0,-1.0,-1.0,-1.0,-1.0,328.5206604003906,202.84375,355.3801574707031,254.40625,369.84295654296875,308.03125,318.1900939941406,202.84375,318.1900939941406,256.46875,305.79339599609375,308.03125,345.0495910644531,110.03125,347.1156921386719,107.96875,334.718994140625,114.15625,-1.0,-1.0
352.72357177734375,113.4453125,336.07318115234375,136.3046875,336.07318115234375,134.2265625,-1.0,-1.0,-1.0,-1.0,329.8292541503906,134.2265625,-1.0,-1.0,-1.0,-1.0,336.07318115234375,204.8828125,356.88616943359375,256.8359375,379.7804870605469,306.7109375,321.5040588378906,202.8046875,317.3414611816406,258.9140625,304.8536682128906,304.6328125,348.56097412109375,109.2890625,352.72357177734375,109.2890625,338.15447998046875,115.5234375,-1.0,-1.0
358.79998779296875,113.58984375,340.0799865722656,136.53515625,340.0799865722656,136.53515625,-1.0,-1.0,-1.0,-1.0,346.32000732421875,136.53515625,360.8800048828125,167.82421875,381.67999267578125,184.51171875,335.91998291015625,205.37109375,360.8800048828125,255.43359375,385.8399963378906,309.66796875,325.5199890136719,203.28515625,319.2799987792969,261.69140625,304.7200012207031,307.58203125,354.6400146484375,111.50390625,358.79998779296875,109.41796875,342.1600036621094,113.58984375,-1.0,-1.0
368.6377868652344,112.87890625,349.78741455078125,135.99609375,349.78741455078125,135.99609375,-1.0,-1.0,-1.0,-1.0,358.16534423828125,135.99609375,364.4488220214844,167.51953125,391.6771545410156,182.23046875,347.6929016113281,207.44921875,370.7322998046875,257.88671875,391.6771545410156,312.52734375,335.1259765625,205.34765625,326.748046875,259.98828125,303.7086486816406,302.01953125,362.3543395996094,108.67578125,366.5433044433594,106.57421875,351.88189697265625,114.98046875,-1.0,-1.0
375.4296875,110.77734375,356.4453125,135.99609375,354.3359375,133.89453125,366.9921875,169.62109375,392.3046875,186.43359375,360.6640625,135.99609375,373.3203125,165.41796875,396.5234375,182.23046875,354.3359375,205.34765625,377.5390625,259.98828125,394.4140625,312.52734375,341.6796875,203.24609375,333.2421875,257.88671875,305.8203125,304.12109375,371.2109375,106.57421875,371.2109375,104.47265625,360.6640625,112.87890625,-1.0,-1.0
381.1692199707031,107.93359375,362.0615234375,133.33984375,362.0615234375,131.22265625,372.67694091796875,171.44921875,398.1538391113281,186.26953125,368.4307861328125,133.33984375,376.923095703125,167.21484375,400.27691650390625,184.15234375,359.9384765625,205.32421875,383.29229736328125,260.37109375,396.03076171875,315.41796875,349.3230895996094,203.20703125,340.8307800292969,260.37109375,311.1076965332031,296.36328125,374.79998779296875,105.81640625,374.79998779296875,103.69921875,364.18463134765625,112.16796875,-1.0,-1.0
385.1729431152344,105.9375,368.21051025390625,131.4375,368.21051025390625,131.4375,-1.0,-1.0,-1.0,-1.0,372.45111083984375,129.3125,380.9323425292969,167.5625,406.3759460449219,180.3125,363.96990966796875,201.5625,385.1729431152344,256.8125,393.6541442871094,316.3125,353.368408203125,201.5625,351.24810791015625,261.0625,317.32330322265625,297.1875,380.9323425292969,103.8125,380.9323425292969,101.6875,370.330810546875,108.0625,-1.0,-1.0
-1.0,-1.0,-1.0,-1.0,373.8666687011719,128.7265625,382.3999938964844,167.2578125,408.0,184.3828125,-1.0,-1.0,-1.0,-1.0,-1.0,-1.0,-1.0,-1.0,-1.0,-1.0,-1.0,-1.0,-1.0,-1.0,-1.0,-1.0,-1.0,-1.0,-1.0,-1.0,-1.0,-1.0,376.0,107.3203125,-1.0,-1.0
396.933349609375,103.0390625,377.73333740234375,128.7265625,377.73333740234375,128.7265625,-1.0,-1.0,-1.0,-1.0,384.1333312988281,126.5859375,392.66668701171875,162.9765625,418.26666259765625,180.1015625,373.4666748046875,201.5078125,390.5333251953125,259.3046875,394.79998779296875,319.2421875,375.6000061035156,201.5078125,373.4666748046875,261.4453125,332.933349609375,291.4140625,390.5333251953125,98.7578125,-1.0,-1.0,379.8666687011719,105.1796875,-1.0,-1.0
-1.0,-1.0,-1.0,-1.0,383.2592468261719,126.5859375,394.0,165.1171875,415.4814758300781,180.1015625,-1.0,-1.0,-1.0,-1.0,-1.0,-1.0,-1.0,-1.0,-1.0,-1.0,-1.0,-1.0,-1.0,-1.0,-1.0,-1.0,-1.0,-1.0,-1.0,-1.0,-1.0,-1.0,385.40740966796875,105.1796875,-1.0,-1.0
403.25,101.00390625,381.7794189453125,126.78515625,383.92645263671875,126.78515625,394.6617431640625,165.45703125,418.2794189453125,180.49609375,-1.0,-1.0,-1.0,-1.0,-1.0,-1.0,377.48529052734375,199.83203125,392.51470947265625,257.83984375,392.51470947265625,317.99609375,379.6323547363281,199.83203125,388.2205810546875,257.83984375,343.1323547363281,290.06640625,396.808837890625,98.85546875,-1.0,-1.0,386.0735168457031,105.30078125,-1.0,-1.0
407.0869445800781,98.85546875,387.7825927734375,126.78515625,387.7825927734375,124.63671875,400.65216064453125,163.30859375,424.2463684082031,178.34765625,-1.0,-1.0,-1.0,-1.0,-1.0,-1.0,379.202880859375,197.68359375,396.3623046875,255.69140625,394.2174072265625,317.99609375,383.49273681640625,197.68359375,394.2174072265625,255.69140625,357.7536315917969,287.91796875,402.797119140625,96.70703125,-1.0,-1.0,392.07244873046875,103.15234375,-1.0,-1.0
413.7445373535156,96.796875,392.138671875,124.828125,392.138671875,122.671875,407.26275634765625,163.640625,428.8686218261719,178.734375,-1.0,-1.0,-1.0,-1.0,-1.0,-1.0,383.496337890625,198.140625,400.781005859375,256.359375,392.138671875,318.890625,392.138671875,198.140625,400.781005859375,256.359375,368.37225341796875,290.859375,409.42333984375,94.640625,-1.0,-1.0,398.62042236328125,101.109375,-1.0,-1.0
418.6956481933594,96.796875,397.1014404296875,122.671875,397.1014404296875,122.671875,-1.0,-1.0,-1.0,-1.0,392.7825927734375,122.671875,407.8985595703125,161.484375,433.81158447265625,176.578125,388.4637756347656,198.140625,399.2608642578125,256.359375,390.6231994628906,318.890625,397.1014404296875,200.296875,416.5362243652344,254.203125,381.9855041503906,290.859375,414.3768005371094,94.640625,-1.0,-1.0,403.5797119140625,101.109375,-1.0,-1.0
422.568359375,94.640625,400.985595703125,120.515625,403.1438903808594,120.515625,416.0935363769531,157.171875,439.83453369140625,178.734375,398.82733154296875,120.515625,413.93524169921875,157.171875,444.1510925292969,178.734375,392.3525085449219,198.140625,398.82733154296875,260.671875,390.1942443847656,316.734375,403.1438903808594,200.296875,424.72662353515625,252.046875,392.3525085449219,308.109375,418.2518005371094,92.484375,420.4100646972656,90.328125,407.46044921875,98.953125,-1.0,-1.0
431.8357238769531,96.88671875,410.2642822265625,120.69140625,410.2642822265625,118.52734375,425.3642883300781,155.31640625,451.25,179.12109375,403.7928466796875,118.52734375,421.04998779296875,157.48046875,451.25,174.79296875,401.6357116699219,198.59765625,399.47857666015625,263.51953125,390.8500061035156,319.78515625,416.7357177734375,198.59765625,436.1499938964844,250.53515625,425.3642883300781,308.96484375,427.52142333984375,92.55859375,-1.0,-1.0,414.5785827636719,99.05078125,-1.0,-1.0
431.94287109375,93.8046875,410.22857666015625,119.8671875,412.3999938964844,119.8671875,425.4285888671875,158.9609375,453.65716552734375,180.6796875,408.05712890625,119.8671875,421.0857238769531,163.3046875,453.65716552734375,178.5078125,401.5428466796875,200.2265625,401.5428466796875,261.0390625,390.68572998046875,319.6796875,414.5714416503906,200.2265625,438.4571533203125,250.1796875,425.4285888671875,308.8203125,427.6000061035156,91.6328125,-1.0,-1.0,416.74285888671875,98.1484375,-1.0,-1.0
433.1499938964844,93.88671875,411.2928466796875,120.04296875,411.2928466796875,120.04296875,-1.0,-1.0,-1.0,-1.0,404.7357177734375,120.04296875,424.4071350097656,163.63671875,452.8214111328125,178.89453125,400.3642883300781,198.51171875,400.3642883300781,261.72265625,389.43572998046875,320.57421875,413.47857666015625,198.51171875,437.52142333984375,250.82421875,424.4071350097656,307.49609375,428.778564453125,91.70703125,-1.0,-1.0,417.8500061035156,100.42578125,-1.0,-1.0
443.560302734375,93.88671875,419.53192138671875,120.04296875,421.71630859375,117.86328125,437.007080078125,159.27734375,463.2198486328125,178.89453125,415.1631164550781,120.04296875,432.6383056640625,163.63671875,458.85107421875,181.07421875,410.7943115234375,200.69140625,402.0567321777344,261.72265625,388.9503479003906,322.75390625,423.90069580078125,202.87109375,447.9290771484375,250.82421875,458.85107421875,309.67578125,439.1914978027344,91.70703125,-1.0,-1.0,428.2695007324219,98.24609375,-1.0,-1.0
448.5070495605469,96.06640625,424.4929504394531,120.04296875,428.8591613769531,120.04296875,444.1408386230469,161.45703125,470.3380126953125,178.89453125,420.12677001953125,120.04296875,439.774658203125,163.63671875,474.7042236328125,176.71484375,413.57745361328125,200.69140625,404.8450622558594,261.72265625,387.3802795410156,320.57421875,424.4929504394531,202.87109375,450.69012451171875,255.18359375,472.5211181640625,307.49609375,444.1408386230469,93.88671875,-1.0,-1.0,433.225341796875,98.24609375,-1.0,-1.0
454.4930419921875,96.15625,432.6875,120.21875,434.8680419921875,120.21875,450.1319580078125,161.78125,480.65972900390625,181.46875,430.5069580078125,118.03125,445.7708435058594,163.96875,480.65972900390625,174.90625,419.6041564941406,203.34375,408.7013854980469,262.40625,386.8958435058594,321.46875,432.6875,203.34375,456.6736145019531,255.84375,480.65972900390625,306.15625,450.1319580078125,93.96875,-1.0,-1.0,439.2291564941406,98.34375,-1.0,-1.0
460.4930419921875,98.34375,438.6875,120.21875,440.8680419921875,120.21875,456.1319580078125,161.78125,484.47918701171875,179.28125,436.5069580078125,120.21875,451.7708435058594,163.96875,486.65972900390625,174.90625,427.78472900390625,203.34375,412.5208435058594,262.40625,388.53472900390625,319.28125,440.8680419921875,205.53125,464.8541564941406,255.84375,486.65972900390625,303.96875,456.1319580078125,93.96875,-1.0,-1.0,445.2291564941406,100.53125,-1.0,-1.0
467.49652099609375,94.3359375,445.39862060546875,120.7734375,449.81817626953125,118.5703125,460.86712646484375,158.2265625,487.3846130371094,175.8515625,438.76922607421875,120.7734375,458.6573486328125,162.6328125,-1.0,-1.0,436.5594482421875,202.2890625,421.0909118652344,259.5703125,390.1538391113281,316.8515625,445.39862060546875,202.2890625,471.91607666015625,255.1640625,491.80419921875,308.0390625,463.0769348144531,92.1328125,-1.0,-1.0,452.0279541015625,98.7421875,-1.0,-1.0
476.06292724609375,94.734375,453.8251953125,119.140625,458.2727355957031,116.921875,469.3916015625,159.078125,498.30072021484375,179.046875,444.9300842285156,121.359375,467.1678466796875,159.078125,-1.0,-1.0,444.9300842285156,201.234375,427.1398620605469,261.140625,393.783203125,314.390625,451.6014099121094,201.234375,478.2867126464844,250.046875,496.0769348144531,309.953125,471.6153869628906,92.515625,-1.0,-1.0,460.49652099609375,96.953125,-1.0,-1.0
484.6293640136719,93.02734375,462.2517395019531,117.69140625,466.7272644042969,117.69140625,477.91607666015625,155.80859375,504.76922607421875,175.98828125,455.5384521484375,117.69140625,471.2027893066406,160.29296875,504.76922607421875,169.26171875,453.3006896972656,200.65234375,437.6363525390625,261.19140625,399.5943908691406,312.76171875,462.2517395019531,202.89453125,486.86712646484375,252.22265625,500.293701171875,315.00390625,480.1538391113281,88.54296875,-1.0,-1.0,468.96502685546875,95.26953125,-1.0,-1.0
493.19580078125,91.22265625,468.42657470703125,116.05859375,475.18182373046875,113.80078125,488.69232177734375,156.69921875,520.216796875,177.01953125,461.67132568359375,118.31640625,-1.0,-1.0,-1.0,-1.0,461.67132568359375,197.33984375,450.41259765625,262.81640625,407.6293640136719,305.71484375,470.6783142089844,199.59765625,493.19580078125,251.52734375,504.4545593261719,314.74609375,488.69232177734375,86.70703125,-1.0,-1.0,477.4335632324219,93.48046875,-1.0,-1.0
503.5492858886719,90.796875,478.4507141113281,113.609375,485.2957763671875,113.609375,498.98590087890625,156.953125,533.2112426757812,177.484375,471.6056213378906,115.890625,494.42254638671875,154.671875,533.2112426757812,175.203125,471.6056213378906,195.734375,464.76055908203125,264.171875,419.12677001953125,302.953125,478.4507141113281,195.734375,501.2676086425781,252.765625,505.83099365234375,316.640625,496.7042236328125,86.234375,-1.0,-1.0,487.57745361328125,90.796875,-1.0,-1.0
509.83099365234375,89.0078125,486.87322998046875,111.9765625,493.76055908203125,109.6796875,507.53521728515625,153.3203125,532.7887573242188,176.2890625,482.28167724609375,111.9765625,502.94366455078125,153.3203125,530.4929809570312,173.9921875,482.28167724609375,194.6640625,477.6901550292969,263.5703125,427.18310546875,300.3203125,482.28167724609375,194.6640625,507.53521728515625,256.6796875,509.83099365234375,316.3984375,505.23944091796875,84.4140625,-1.0,-1.0,493.76055908203125,89.0078125,-1.0,-1.0
518.3943481445312,84.90625,495.2957763671875,110.34375,502.225341796875,108.03125,516.08447265625,149.65625,543.8027954101562,175.09375,486.05633544921875,112.65625,-1.0,-1.0,-1.0,-1.0,490.6760559082031,193.59375,495.2957763671875,262.96875,439.8591613769531,299.96875,490.6760559082031,193.59375,511.46478271484375,260.65625,511.46478271484375,318.46875,513.774658203125,82.59375,-1.0,-1.0,504.53521728515625,87.21875,-1.0,-1.0
526.9785766601562,83.1015625,503.69287109375,106.3828125,510.6785583496094,106.3828125,524.6500244140625,150.6171875,554.9214477539062,173.8984375,496.7071533203125,108.7109375,-1.0,-1.0,-1.0,-1.0,499.03570556640625,192.5234375,510.6785583496094,257.7109375,457.1214294433594,299.6171875,501.3642883300781,192.5234375,515.335693359375,260.0390625,513.0071411132812,318.2421875,522.3214111328125,78.4453125,-1.0,-1.0,510.6785583496094,85.4296875,-1.0,-1.0
537.8857421875,78.953125,514.4571533203125,104.734375,519.142822265625,104.734375,535.5428466796875,146.921875,563.6571655273438,172.703125,507.4285888671875,104.734375,535.5428466796875,149.265625,-1.0,-1.0,509.77142333984375,186.765625,523.8285522460938,257.078125,474.6285705566406,299.265625,507.4285888671875,186.765625,523.8285522460938,259.421875,516.7999877929688,315.671875,533.2000122070312,76.609375,-1.0,-1.0,521.4857177734375,83.640625,-1.0,-1.0
546.4642944335938,77.1328125,522.8928833007812,103.0859375,527.607177734375,100.7265625,544.107177734375,147.9140625,572.3928833007812,171.5078125,513.4642944335938,103.0859375,539.3928833007812,147.9140625,574.75,169.1484375,515.8214111328125,188.0234375,541.75,254.0859375,520.5357055664062,272.9609375,513.4642944335938,188.0234375,525.25,251.7265625,518.1785888671875,317.7890625,541.75,74.7734375,-1.0,-1.0,527.607177734375,81.8515625,-1.0,-1.0
558.122314453125,73.01953125,531.8489379882812,101.61328125,536.6259155273438,96.84765625,553.3453369140625,142.12109375,584.3956909179688,168.33203125,522.2949829101562,101.61328125,546.1798706054688,146.88671875,582.0072021484375,168.33203125,529.46044921875,185.01171875,558.122314453125,249.34765625,519.906494140625,304.15234375,517.5180053710938,185.01171875,529.46044921875,254.11328125,517.5180053710938,306.53515625,553.3453369140625,70.63671875,-1.0,-1.0,539.014404296875,77.78515625,-1.0,-1.0
569.122314453125,71.18359375,540.2877807617188,99.96484375,547.4963989257812,97.56640625,564.3165283203125,143.13671875,593.1510620117188,169.51953125,530.67626953125,99.96484375,557.10791015625,147.93359375,-1.0,-1.0,537.8848876953125,186.30859375,571.5252075195312,248.66796875,537.8848876953125,311.02734375,521.0647583007812,183.91015625,535.4819946289062,255.86328125,525.8704833984375,313.42578125,564.3165283203125,68.78515625,-1.0,-1.0,549.8992919921875,75.98046875,-1.0,-1.0
579.7999877929688,70.18359375,551.0,96.56640625,555.7999877929688,96.56640625,572.5999755859375,139.73828125,606.2000122070312,166.12109375,543.7999877929688,96.56640625,563.0,144.53515625,-1.0,-1.0,551.0,187.70703125,584.5999755859375,245.26953125,563.0,312.42578125,531.7999877929688,185.30859375,539.0,254.86328125,529.4000244140625,314.82421875,575.0,67.78515625,-1.0,-1.0,563.0,72.58203125,-1.0,-1.0
589.1951293945312,71.58203125,560.51220703125,97.96484375,567.6829223632812,95.56640625,586.8048706054688,143.53515625,617.8780517578125,165.12109375,550.9512329101562,100.36328125,582.0244140625,143.53515625,-1.0,-1.0,560.51220703125,186.70703125,596.3658447265625,244.26953125,589.1951293945312,309.02734375,541.3902587890625,186.70703125,543.780517578125,256.26171875,534.219482421875,313.82421875,586.8048706054688,66.78515625,-1.0,-1.0,572.4634399414062,71.58203125,-1.0,-1.0
602.2105102539062,71.4921875,573.5789794921875,97.7890625,580.73681640625,95.3984375,597.4385986328125,140.8203125,630.8421020507812,164.7265625,566.4210205078125,97.7890625,585.5087890625,143.2109375,-1.0,-1.0,573.5789794921875,188.6328125,606.982421875,248.3984375,616.5263061523438,315.3359375,552.1052856445312,186.2421875,549.7192993164062,255.5703125,537.7894897460938,320.1171875,599.8245849609375,66.7109375,-1.0,-1.0,590.2807006835938,71.4921875,-1.0,-1.0
616.1634521484375,68.18359375,587.3173217773438,96.96484375,594.5288696289062,96.96484375,608.951904296875,140.13671875,640.201904296875,156.92578125,577.701904296875,96.96484375,-1.0,-1.0,-1.0,-1.0,587.3173217773438,188.10546875,620.97119140625,250.46484375,-1.0,-1.0,560.875,188.10546875,558.4711303710938,257.66015625,544.048095703125,320.01953125,611.3557739257812,65.78515625,-1.0,-1.0,599.3365478515625,72.98046875,-1.0,-1.0
626.8229370117188,67.18359375,600.46875,95.96484375,607.65625,95.96484375,622.03125,141.53515625,-1.0,-1.0,588.4895629882812,100.76171875,-1.0,-1.0,-1.0,-1.0,600.46875,189.50390625,631.6145629882812,254.26171875,-1.0,-1.0,576.5104370117188,189.50390625,566.9270629882812,259.05859375,550.15625,319.01953125,624.4270629882812,64.78515625,-1.0,-1.0,614.84375,71.98046875,-1.0,-1.0
638.8020629882812,71.98046875,612.4479370117188,95.96484375,622.03125,93.56640625,636.40625,141.53515625,-1.0,-1.0,602.8645629882812,98.36328125,-1.0,-1.0,-1.0,-1.0,614.84375,189.50390625,643.59375,249.46484375,-1.0,-1.0,588.4895629882812,187.10546875,578.90625,259.05859375,557.34375,316.62109375,636.40625,64.78515625,-1.0,-1.0,624.4270629882812,69.58203125,-1.0,-1.0
