382.974365234375,147.44921875,387.28204345703125,164.60546875,374.3589782714844,163.17578125,368.6153869628906,184.62109375,377.23077392578125,171.75390625,400.20513916015625,164.60546875,407.3846130371094,186.05078125,411.69232177734375,200.34765625,378.6666564941406,210.35546875,380.1025695800781,241.80859375,388.71795654296875,264.68359375,395.8974304199219,208.92578125,397.3333435058594,240.37890625,395.8974304199219,267.54296875,381.5384521484375,146.01953125,385.8461608886719,146.01953125,380.1025695800781,146.01953125,391.5897521972656,146.01953125
383.375,148.18359375,387.7250061035156,164.08203125,374.67498779296875,164.08203125,367.42498779296875,184.31640625,377.57501220703125,171.30859375,400.7749938964844,164.08203125,408.0249938964844,187.20703125,412.375,200.21484375,379.0249938964844,210.33203125,380.4750061035156,243.57421875,387.7250061035156,266.69921875,396.42498779296875,208.88671875,396.42498779296875,242.12890625,394.9750061035156,269.58984375,381.92498779296875,145.29296875,384.82501220703125,145.29296875,381.92498779296875,146.73828125,392.07501220703125,146.73828125
380.76544189453125,146.8828125,383.67901611328125,162.8671875,372.0246887207031,162.8671875,364.7407531738281,183.2109375,373.4814758300781,173.0390625,398.2469177246094,164.3203125,404.0740661621094,186.1171875,408.4444580078125,202.1015625,376.3950500488281,209.3671875,376.3950500488281,242.7890625,383.67901611328125,266.0390625,393.87652587890625,209.3671875,395.3333435058594,242.7890625,393.87652587890625,268.9453125,379.30865478515625,145.4296875,383.67901611328125,145.4296875,377.8518371582031,145.4296875,389.50616455078125,145.4296875
379.3374938964844,147.640625,382.2875061035156,162.328125,369.01251220703125,162.328125,361.63751220703125,184.359375,370.48748779296875,172.609375,395.5625,162.328125,402.9375,185.828125,405.88751220703125,200.515625,373.4375,209.328125,374.9125061035156,244.578125,380.8125,269.546875,391.13751220703125,209.328125,394.0874938964844,244.578125,392.61248779296875,271.015625,376.38751220703125,144.703125,382.2875061035156,144.703125,374.9125061035156,144.703125,386.7124938964844,144.703125
378.1851806640625,147.79296875,379.6666564941406,161.08203125,366.3333435058594,161.08203125,360.40740966796875,181.75390625,369.2962951660156,171.41796875,393.0,162.55859375,398.9259338378906,183.23046875,400.40740966796875,197.99609375,370.77777099609375,208.33203125,372.2592468261719,242.29296875,378.1851806640625,268.87109375,390.03704833984375,206.85546875,391.5185241699219,240.81640625,391.5185241699219,268.87109375,375.22222900390625,144.83984375,379.6666564941406,144.83984375,372.2592468261719,144.83984375,385.59259033203125,144.83984375
376.75,147.09765625,379.75,162.01953125,364.75,160.52734375,358.75,182.91015625,366.25,170.97265625,393.25,162.01953125,397.75,184.40234375,397.75,197.83203125,369.25,208.27734375,370.75,242.59765625,375.25,272.44140625,388.75,208.27734375,390.25,242.59765625,388.75,270.94921875,373.75,144.11328125,378.25,144.11328125,370.75,144.11328125,384.25,144.11328125
371.66265869140625,147.25,377.6385498046875,162.25,364.1927795410156,162.25,356.722900390625,183.25,364.1927795410156,172.75,391.0843505859375,162.25,397.06024169921875,183.25,397.06024169921875,196.75,368.6746826171875,208.75,368.6746826171875,243.25,373.1566162109375,273.25,386.6024169921875,207.25,388.09637451171875,243.25,386.6024169921875,271.75,370.1686706542969,144.25,374.6506042480469,144.25,368.6746826171875,144.25,382.1204833984375,144.25
374.7073059082031,146.5546875,377.7317199707031,161.7109375,362.6097412109375,161.7109375,356.56097412109375,182.9296875,364.1219482421875,173.8359375,391.3414611816406,161.7109375,397.3902587890625,182.9296875,395.8780517578125,196.5703125,368.6585388183594,208.6953125,368.6585388183594,243.5546875,373.19512939453125,273.8671875,386.80487060546875,207.1796875,388.31707763671875,242.0390625,388.31707763671875,270.8359375,371.68292236328125,143.5234375,376.2195129394531,143.5234375,368.6585388183594,145.0390625,382.2682800292969,143.5234375
373.5662536621094,146.70703125,376.6024169921875,161.94140625,361.42169189453125,161.94140625,355.3493957519531,183.26953125,359.90362548828125,174.12890625,390.26507568359375,161.94140625,396.33734130859375,184.79296875,393.30120849609375,200.02734375,367.4939880371094,209.16796875,367.4939880371094,244.20703125,370.5301208496094,274.67578125,385.7108459472656,209.16796875,387.2289123535156,242.68359375,385.7108459472656,271.62890625,370.5301208496094,143.66015625,376.6024169921875,143.66015625,367.4939880371094,145.18359375,381.1566162109375,143.66015625
372.1219482421875,147.55078125,375.19512939453125,162.94140625,361.3658447265625,162.94140625,355.2195129394531,184.48828125,361.3658447265625,176.79296875,389.0243835449219,162.94140625,395.17071533203125,186.02734375,392.0975646972656,199.87890625,367.51220703125,210.65234375,367.51220703125,246.05078125,367.51220703125,273.75390625,385.95123291015625,210.65234375,387.48779296875,244.51171875,385.95123291015625,272.21484375,369.04876708984375,144.47265625,375.19512939453125,144.47265625,365.9756164550781,144.47265625,379.80487060546875,144.47265625
371.0833435058594,147.7109375,374.1785583496094,163.1796875,360.25,163.1796875,354.05950927734375,184.8359375,360.25,177.1015625,389.6547546386719,163.1796875,395.8452453613281,184.8359375,392.75,198.7578125,366.44049072265625,211.1328125,366.44049072265625,245.1640625,366.44049072265625,274.5546875,385.01190185546875,211.1328125,386.55950927734375,245.1640625,385.01190185546875,273.0078125,367.98809814453125,144.6171875,372.6309509277344,144.6171875,366.44049072265625,144.6171875,378.8214416503906,144.6171875
368.53570556640625,146.1640625,373.1785583496094,163.1796875,359.25,163.1796875,353.05950927734375,186.3828125,356.1547546386719,175.5546875,388.6547546386719,163.1796875,396.3928527832031,184.8359375,391.75,198.7578125,365.44049072265625,211.1328125,366.98809814453125,245.1640625,366.98809814453125,273.0078125,385.55950927734375,211.1328125,387.1071472167969,246.7109375,385.55950927734375,273.0078125,366.98809814453125,144.6171875,371.6309509277344,143.0703125,363.8928527832031,144.6171875,377.8214416503906,144.6171875
369.95294189453125,149.2578125,373.058837890625,163.1796875,357.5294189453125,164.7265625,352.8705749511719,187.9296875,352.8705749511719,178.6484375,388.5882263183594,163.1796875,394.79998779296875,186.3828125,390.14117431640625,198.7578125,365.29412841796875,212.6796875,366.8470458984375,245.1640625,368.3999938964844,273.0078125,383.9294128417969,211.1328125,385.48236083984375,245.1640625,385.48236083984375,273.0078125,366.8470458984375,146.1640625,371.5058898925781,144.6171875,362.188232421875,146.1640625,377.7176513671875,144.6171875
369.0833435058594,148.42578125,372.1785583496094,163.97265625,356.702392578125,163.97265625,350.51190185546875,188.84765625,352.05950927734375,179.51953125,387.6547546386719,162.41796875,393.8452453613281,185.73828125,389.202392578125,199.73046875,364.44049072265625,212.16796875,365.98809814453125,246.37109375,369.0833435058594,274.35546875,383.01190185546875,210.61328125,384.55950927734375,244.81640625,386.1071472167969,271.24609375,365.98809814453125,145.31640625,370.6309509277344,145.31640625,361.3452453613281,146.87109375,376.8214416503906,145.31640625
367.3999938964844,146.7109375,372.058837890625,162.1796875,356.5294189453125,163.7265625,351.8705749511719,186.9296875,354.9764709472656,179.1953125,386.0352783203125,162.1796875,395.3529357910156,183.8359375,390.6941223144531,196.2109375,364.29412841796875,211.6796875,365.8470458984375,247.2578125,368.95294189453125,273.5546875,382.9294128417969,210.1328125,384.48236083984375,244.1640625,386.0352783203125,272.0078125,364.29412841796875,143.6171875,370.5058898925781,143.6171875,361.188232421875,145.1640625,375.1647033691406,143.6171875
364.8470458984375,145.1640625,371.058837890625,162.1796875,355.5294189453125,163.7265625,350.8705749511719,186.9296875,355.5294189453125,174.5546875,386.5882263183594,160.6328125,394.3529357910156,183.8359375,389.6941223144531,197.7578125,363.29412841796875,211.6796875,364.8470458984375,247.2578125,367.95294189453125,276.6484375,381.9294128417969,210.1328125,386.5882263183594,244.1640625,386.5882263183594,270.4609375,363.29412841796875,142.0703125,367.95294189453125,142.0703125,360.188232421875,143.6171875,374.1647033691406,142.0703125
363.93023681640625,145.87109375,370.16278076171875,161.41796875,354.5813903808594,161.41796875,349.906982421875,186.29296875,354.5813903808594,175.41015625,385.74420166015625,159.86328125,393.5348815917969,183.18359375,388.8604736328125,197.17578125,362.3721008300781,209.61328125,363.93023681640625,246.92578125,368.6046447753906,278.01953125,381.06976318359375,209.61328125,385.74420166015625,243.81640625,387.3023376464844,271.80078125,360.81396484375,142.76171875,365.4883728027344,142.76171875,357.6976623535156,144.31640625,373.2790832519531,141.20703125
363.8470458984375,145.7109375,368.5058898925781,159.6328125,354.5294189453125,161.1796875,349.8705749511719,185.9296875,354.5294189453125,173.5546875,384.0352783203125,159.6328125,391.79998779296875,182.8359375,388.6941223144531,195.2109375,360.7411804199219,210.6796875,363.8470458984375,247.8046875,368.5058898925781,280.2890625,380.9294128417969,209.1328125,385.5882263183594,243.1640625,385.5882263183594,269.4609375,360.7411804199219,142.6171875,365.3999938964844,141.0703125,357.6352844238281,142.6171875,371.61175537109375,141.0703125
363.4137878417969,144.1640625,368.03448486328125,159.6328125,352.6321716308594,161.1796875,346.47125244140625,185.9296875,351.0919494628906,176.6484375,383.436767578125,158.0859375,389.59771728515625,182.8359375,388.0574645996094,201.3984375,360.3333435058594,210.6796875,363.4137878417969,249.3515625,369.57470703125,280.2890625,380.3563232421875,209.1328125,384.9770202636719,244.7109375,386.5172424316406,267.9140625,360.3333435058594,141.0703125,366.4942626953125,141.0703125,358.7930908203125,141.0703125,372.6551818847656,139.5234375
363.9540100097656,142.6171875,367.03448486328125,158.0859375,351.6321716308594,159.6328125,347.0115051269531,185.9296875,350.0919494628906,175.1015625,382.436767578125,156.5390625,390.137939453125,181.2890625,388.59771728515625,199.8515625,359.3333435058594,210.6796875,363.9540100097656,249.3515625,368.57470703125,278.7421875,379.3563232421875,207.5859375,383.9770202636719,244.7109375,383.9770202636719,269.4609375,360.8735656738281,139.5234375,367.03448486328125,139.5234375,357.7930908203125,141.0703125,371.6551818847656,137.9765625
363.0454406738281,141.6171875,366.1363525390625,155.5390625,352.2272644042969,158.6328125,346.0454406738281,183.3828125,352.2272644042969,174.1015625,383.1363525390625,155.5390625,389.31817626953125,178.7421875,390.8636474609375,198.8515625,359.95452880859375,208.1328125,363.0454406738281,246.8046875,369.2272644042969,279.2890625,380.0454406738281,206.5859375,381.5909118652344,242.1640625,383.1363525390625,271.5546875,359.95452880859375,138.5234375,366.1363525390625,136.9765625,356.8636474609375,140.0703125,370.7727355957031,136.9765625
361.35955810546875,140.0703125,366.01123046875,155.5390625,352.0561828613281,157.0859375,345.85394287109375,181.8359375,352.0561828613281,172.5546875,383.0674133300781,153.9921875,389.2696533203125,178.7421875,392.37078857421875,198.8515625,359.8089904785156,208.1328125,364.4606628417969,246.8046875,369.11236572265625,279.2890625,378.4157409667969,206.5859375,381.516845703125,242.1640625,383.0674133300781,273.1015625,358.2584228515625,136.9765625,364.4606628417969,135.4296875,355.15728759765625,136.9765625,370.6629333496094,135.4296875
360.5,140.0703125,366.68182373046875,155.5390625,349.68182373046875,155.5390625,343.5,183.3828125,351.2272644042969,171.0078125,382.1363525390625,153.9921875,389.8636474609375,178.7421875,391.4090881347656,200.3984375,358.95452880859375,208.1328125,363.5909118652344,246.8046875,368.2272644042969,277.7421875,377.5,206.5859375,379.0454406738281,242.1640625,380.5909118652344,274.6484375,358.95452880859375,136.9765625,363.5909118652344,135.4296875,354.31817626953125,136.9765625,369.7727355957031,135.4296875
362.5555419921875,139.34375,365.6666564941406,154.96875,350.1111145019531,154.96875,343.8888854980469,181.53125,348.5555419921875,173.71875,381.22222900390625,153.40625,389.0,178.40625,389.0,198.71875,357.8888854980469,208.09375,364.1111145019531,247.15625,368.77777099609375,278.40625,378.1111145019531,204.96875,378.1111145019531,244.03125,379.6666564941406,276.84375,359.4444580078125,134.65625,365.6666564941406,134.65625,354.77777099609375,136.21875,370.3333435058594,134.65625
361.977783203125,137.91015625,365.1333312988281,155.18359375,349.3555603027344,155.18359375,343.04443359375,181.87890625,347.77777099609375,174.02734375,380.9111022949219,153.61328125,388.79998779296875,178.73828125,391.95556640625,199.15234375,357.24444580078125,208.57421875,363.5555419921875,247.83203125,368.28887939453125,279.23828125,376.1777648925781,207.00390625,377.75555419921875,244.69140625,377.75555419921875,279.23828125,358.8222351074219,134.76953125,365.1333312988281,134.76953125,355.6666564941406,136.33984375,369.8666687011719,134.76953125
360.977783203125,138.75390625,364.1333312988281,154.61328125,348.3555603027344,154.61328125,340.4666748046875,181.57421875,349.9333190917969,172.05859375,381.4888916015625,154.61328125,389.3777770996094,179.98828125,394.1111145019531,200.60546875,356.24444580078125,208.53515625,362.5555419921875,246.59765625,368.8666687011719,278.31640625,375.1777648925781,206.94921875,375.1777648925781,245.01171875,378.3333435058594,279.90234375,357.8222351074219,135.58203125,364.1333312988281,135.58203125,354.6666564941406,135.58203125,368.8666687011719,135.58203125
358.6813049316406,139.62890625,363.4945068359375,155.64453125,347.4505615234375,155.64453125,339.4285583496094,182.87109375,345.8461608886719,171.66015625,381.1428527832031,155.64453125,389.1648254394531,179.66796875,393.97802734375,200.48828125,353.8681335449219,210.09765625,361.8901062011719,246.93359375,368.30767822265625,278.96484375,374.72528076171875,208.49609375,373.1208801269531,245.33203125,376.3296813964844,280.56640625,357.0769348144531,136.42578125,361.8901062011719,136.42578125,353.8681335449219,136.42578125,368.30767822265625,136.42578125
359.36956787109375,139.7734375,362.5869445800781,155.8671875,346.5,155.8671875,340.0652160644531,183.2265625,346.5,171.9609375,380.2825927734375,155.8671875,388.3260803222656,180.0078125,394.7608642578125,200.9296875,352.9347839355469,210.5859375,360.978271484375,249.2109375,367.4130554199219,278.1796875,373.84783935546875,208.9765625,372.2391357421875,245.9921875,373.84783935546875,279.7890625,356.15216064453125,136.5546875,360.978271484375,136.5546875,352.9347839355469,136.5546875,367.4130554199219,136.5546875
358.7934875488281,140.6875,362.0543518066406,156.9375,345.75,156.9375,339.228271484375,182.9375,347.38043212890625,169.9375,379.9891357421875,156.9375,386.5108642578125,181.3125,394.66302490234375,202.4375,352.271728515625,210.5625,360.4239196777344,247.9375,366.9456481933594,278.8125,371.8369445800781,210.5625,371.8369445800781,246.3125,371.8369445800781,278.8125,355.5325927734375,137.4375,360.4239196777344,137.4375,352.271728515625,137.4375,366.9456481933594,137.4375
356.1630554199219,139.20703125,361.0543518066406,157.16796875,344.75,155.53515625,336.59783935546875,183.29296875,346.38043212890625,170.23046875,378.9891357421875,157.16796875,387.14129638671875,181.66015625,392.0325927734375,202.88671875,349.64129638671875,211.05078125,359.4239196777344,250.23828125,369.2065124511719,279.62890625,370.8369445800781,209.41796875,369.2065124511719,246.97265625,367.5760803222656,282.89453125,354.5325927734375,135.94140625,359.4239196777344,135.94140625,351.271728515625,135.94140625,365.9456481933594,135.94140625
355.4623718261719,140.14453125,360.43011474609375,156.62890625,343.8709716796875,156.62890625,335.5914001464844,183.00390625,347.18280029296875,169.81640625,378.6451721191406,156.62890625,385.2688293457031,181.35546875,391.8924560546875,202.78515625,347.18280029296875,211.02734375,357.1182861328125,248.94140625,368.7096862792969,281.91015625,368.7096862792969,209.37890625,367.05377197265625,247.29296875,367.05377197265625,283.55859375,353.80645751953125,136.84765625,358.7742004394531,136.84765625,350.49462890625,136.84765625,365.3978576660156,136.84765625
352.8723449707031,137.78515625,359.5106506347656,156.08984375,341.25531005859375,156.08984375,334.6170349121094,182.71484375,344.574462890625,171.06640625,376.10638427734375,156.08984375,384.4042663574219,181.05078125,391.04254150390625,204.34765625,346.2340393066406,211.00390625,354.53192138671875,249.27734375,366.14892578125,280.89453125,367.8085021972656,211.00390625,366.14892578125,249.27734375,366.14892578125,282.55859375,351.2127685546875,134.45703125,356.1914978027344,134.45703125,347.89361572265625,136.12109375,364.4893798828125,134.45703125
354.54840087890625,137.9296875,357.9032287597656,154.6484375,341.1290283203125,154.6484375,332.741943359375,183.0703125,344.4838562011719,171.3671875,376.3548278808594,154.6484375,383.06451416015625,181.3984375,389.7742004394531,204.8046875,344.4838562011719,211.4921875,352.8709716796875,253.2890625,362.93548583984375,285.0546875,366.2903137207031,211.4921875,364.6129150390625,253.2890625,364.6129150390625,288.3984375,351.19354248046875,134.5859375,356.2257995605469,134.5859375,347.8387145996094,134.5859375,362.93548583984375,134.5859375
351.6170349121094,137.21875,356.6595764160156,154.09375,339.85107421875,152.40625,331.4468078613281,182.78125,336.4893493652344,170.96875,373.46807861328125,155.78125,381.8723449707031,182.78125,388.59576416015625,206.40625,343.2127685546875,211.46875,348.25531005859375,251.96875,361.7021179199219,284.03125,366.74468994140625,211.46875,365.0638427734375,253.65625,363.38299560546875,285.71875,348.25531005859375,133.84375,354.9787292480469,135.53125,346.574462890625,133.84375,363.38299560546875,133.84375
351.67742919921875,136.36328125,355.07525634765625,153.31640625,338.0860290527344,153.31640625,329.5914001464844,182.13671875,332.9892578125,168.57421875,373.763427734375,155.01171875,380.55914306640625,182.13671875,387.3548583984375,205.87109375,341.48388671875,210.95703125,344.8817138671875,249.94921875,360.17205810546875,283.85546875,365.2688293457031,210.95703125,363.56988525390625,253.33984375,360.17205810546875,285.55078125,348.2795715332031,132.97265625,355.07525634765625,132.97265625,346.5806579589844,132.97265625,360.17205810546875,132.97265625
348.74468994140625,134.8046875,353.85107421875,153.5390625,335.1276550292969,151.8359375,328.31915283203125,180.7890625,338.53192138671875,165.4609375,370.8723449707031,153.5390625,379.38299560546875,182.4921875,384.4893798828125,206.3359375,340.2340393066406,211.4453125,341.9361572265625,250.6171875,355.5531921386719,282.9765625,362.3616943359375,209.7421875,364.0638427734375,250.6171875,362.3616943359375,286.3828125,345.3404235839844,131.3984375,352.14892578125,131.3984375,343.6383056640625,133.1015625,358.95745849609375,131.3984375
347.1290283203125,132.359375,350.56988525390625,151.265625,333.3656005859375,149.546875,326.48388671875,180.484375,333.3656005859375,165.015625,369.49462890625,152.984375,378.0967712402344,180.484375,379.81719970703125,204.546875,338.5268859863281,209.703125,338.5268859863281,249.234375,352.2903137207031,281.890625,362.6129150390625,209.703125,362.6129150390625,250.953125,360.8924865722656,288.765625,343.68817138671875,128.921875,350.56988525390625,128.921875,341.9677429199219,130.640625,357.45159912109375,128.921875
344.65216064453125,131.6171875,349.86956787109375,150.6953125,332.478271484375,148.9609375,323.7825927734375,180.1796875,329.0,164.5703125,367.2608642578125,150.6953125,375.9565124511719,181.9140625,375.9565124511719,207.9296875,337.6956481933594,209.6640625,337.6956481933594,251.2890625,348.13043212890625,284.2421875,360.3043518066406,209.6640625,362.0434875488281,251.2890625,360.3043518066406,289.4453125,341.1739196777344,128.1484375,348.13043212890625,128.1484375,339.4347839355469,128.1484375,355.0869445800781,128.1484375
342.6383056640625,131.74609375,347.8723449707031,149.16796875,330.425537109375,149.16796875,321.7021179199219,178.78515625,330.425537109375,164.84765625,367.0638427734375,149.16796875,374.04254150390625,180.52734375,374.04254150390625,206.66015625,335.6595764160156,208.40234375,335.6595764160156,251.95703125,344.38299560546875,286.80078125,358.3404235839844,208.40234375,360.0851135253906,251.95703125,358.3404235839844,288.54296875,340.89361572265625,128.26171875,346.1276550292969,128.26171875,337.4042663574219,128.26171875,353.10638427734375,128.26171875
341.0322570800781,131.00390625,346.32257080078125,148.58203125,328.68817138671875,148.58203125,319.8709716796875,178.46484375,325.1612854003906,164.40234375,365.7204284667969,148.58203125,372.7742004394531,178.46484375,371.0107421875,201.31640625,333.9784851074219,210.10546875,332.2150573730469,252.29296875,339.2688293457031,289.20703125,356.9032287597656,210.10546875,360.43011474609375,250.53515625,358.6666564941406,287.44921875,337.50537109375,127.48828125,344.55914306640625,127.48828125,335.741943359375,127.48828125,351.6129150390625,127.48828125
338.0851135253906,131.8984375,345.14892578125,149.5546875,325.723388671875,147.7890625,318.6595764160156,179.5703125,320.425537109375,161.9140625,362.8085021972656,149.5546875,371.6383056640625,179.5703125,368.10638427734375,200.7578125,331.0212707519531,207.8203125,331.0212707519531,251.9609375,336.31915283203125,294.3359375,355.74468994140625,209.5859375,359.276611328125,251.9609375,355.74468994140625,289.0390625,334.5531921386719,126.6015625,341.6170349121094,126.6015625,332.7872314453125,128.3671875,350.4468078613281,126.6015625
336.0851135253906,130.26171875,341.38299560546875,149.76953125,323.723388671875,147.99609375,316.6595764160156,179.91796875,323.723388671875,162.18359375,360.8085021972656,149.76953125,367.8723449707031,179.91796875,366.10638427734375,204.74609375,329.0212707519531,210.06640625,329.0212707519531,254.40234375,330.7872314453125,295.19140625,353.74468994140625,210.06640625,357.276611328125,252.62890625,353.74468994140625,289.87109375,332.5531921386719,126.71484375,339.6170349121094,126.71484375,330.7872314453125,126.71484375,346.68084716796875,126.71484375
334.48388671875,129.51953125,339.8387145996094,149.19921875,321.9892578125,149.19921875,314.8494567871094,179.61328125,314.8494567871094,163.51171875,359.4731140136719,149.19921875,366.6129150390625,181.40234375,364.82794189453125,206.44921875,329.1290283203125,211.81640625,327.3440856933594,254.75390625,325.55914306640625,294.11328125,352.3333435058594,211.81640625,355.9032287597656,254.75390625,352.3333435058594,290.53515625,330.9139709472656,125.94140625,338.05377197265625,125.94140625,329.1290283203125,127.73046875,345.19354248046875,125.94140625
331.93548583984375,132.38671875,339.1612854003906,150.43359375,319.2903137207031,150.43359375,312.06451416015625,181.11328125,310.258056640625,166.67578125,357.2257995605469,150.43359375,364.45159912109375,182.91796875,359.0322570800781,206.37890625,326.51611328125,213.59765625,326.51611328125,256.91015625,322.9032287597656,294.80859375,350.0,213.59765625,353.6129150390625,255.10546875,353.6129150390625,291.19921875,328.32257080078125,126.97265625,335.54840087890625,126.97265625,324.7096862792969,128.77734375,342.7742004394531,126.97265625
328.1290283203125,130.71875,335.3548278808594,150.65625,317.2903137207031,150.65625,308.258056640625,181.46875,311.8709716796875,163.34375,353.4193420410156,150.65625,362.45159912109375,181.46875,360.6451416015625,208.65625,324.51611328125,214.09375,324.51611328125,257.59375,322.7096862792969,293.84375,348.0,214.09375,351.6129150390625,257.59375,351.6129150390625,292.03125,324.51611328125,127.09375,331.741943359375,127.09375,320.9032287597656,128.90625,340.7742004394531,127.09375
325.55914306640625,131.8203125,332.8709716796875,151.9296875,314.5914001464844,151.9296875,305.45159912109375,183.0078125,310.93548583984375,162.8984375,352.9784851074219,151.9296875,358.4623718261719,183.0078125,351.1505432128906,199.4609375,321.9032287597656,214.0859375,323.7311706542969,257.9609375,323.7311706542969,294.5234375,347.49462890625,214.0859375,351.1505432128906,256.1328125,349.32257080078125,290.8671875,321.9032287597656,128.1640625,329.2150573730469,128.1640625,320.07525634765625,128.1640625,338.3548278808594,126.3359375
324.8387145996094,131.109375,330.3870849609375,151.390625,311.8924865722656,151.390625,302.6451721191406,184.578125,308.19354248046875,164.296875,348.8817138671875,151.390625,356.2795715332031,180.890625,347.0322570800781,197.484375,319.2903137207031,214.078125,321.1397705078125,256.484375,322.9892578125,297.046875,343.3333435058594,212.234375,348.8817138671875,256.484375,348.8817138671875,289.671875,319.2903137207031,127.421875,326.68817138671875,127.421875,317.44085693359375,129.265625,335.93548583984375,127.421875
321.8723449707031,130.25390625,327.425537109375,150.62109375,308.9148864746094,150.62109375,299.6595764160156,183.94921875,307.0638427734375,165.43359375,345.9361572265625,148.76953125,355.1914978027344,180.24609375,344.0851135253906,195.05859375,316.31915283203125,213.57421875,318.17022705078125,258.01171875,320.0212707519531,298.74609375,342.2340393066406,211.72265625,345.9361572265625,254.30859375,349.6383056640625,289.48828125,316.31915283203125,126.55078125,323.723388671875,126.55078125,314.46807861328125,128.40234375,331.1276550292969,124.69921875
317.4468078613281,128.6875,324.9361572265625,149.3125,304.3404235839844,149.3125,296.85107421875,183.0625,302.46807861328125,166.1875,343.6595764160156,147.4375,353.0212707519531,179.3125,343.6595764160156,196.1875,313.7021179199219,211.1875,313.7021179199219,258.0625,317.4468078613281,299.3125,338.04254150390625,211.1875,343.6595764160156,252.4375,347.4042663574219,286.1875,313.7021179199219,126.8125,321.1914978027344,124.9375,309.95745849609375,126.8125,328.68084716796875,123.0625
314.8723449707031,127.9765625,322.4468078613281,146.8828125,303.5106506347656,148.7734375,295.9361572265625,182.8046875,295.9361572265625,165.7890625,341.38299560546875,146.8828125,350.85107421875,179.0234375,343.276611328125,197.9296875,311.0851135253906,211.1640625,311.0851135253906,256.5390625,316.7659606933594,300.0234375,335.7021179199219,211.1640625,341.38299560546875,254.6484375,347.0638427734375,294.3515625,311.0851135253906,124.1953125,318.6595764160156,124.1953125,307.2978820800781,126.0859375,326.2340393066406,122.3046875
312.2795715332031,127.265625,319.93548583984375,146.328125,298.8817138671875,148.234375,291.2257995605469,182.546875,287.3978576660156,169.203125,339.07525634765625,144.421875,348.6451416015625,176.828125,342.9032287597656,203.515625,308.45159912109375,211.140625,310.3656005859375,258.796875,316.1075134277344,300.734375,333.3333435058594,211.140625,339.07525634765625,253.078125,344.81719970703125,287.390625,308.45159912109375,123.453125,316.1075134277344,121.546875,304.6236572265625,123.453125,321.8494567871094,121.546875
308.723388671875,125.69921875,318.4042663574219,144.99609375,297.10638427734375,144.99609375,287.425537109375,179.73046875,287.425537109375,166.22265625,337.7659606933594,143.06640625,345.5106201171875,177.80078125,341.6383056640625,204.81640625,304.85107421875,210.60546875,308.723388671875,256.91796875,316.46807861328125,301.30078125,331.95745849609375,210.60546875,335.82977294921875,253.05859375,341.6383056640625,287.79296875,304.85107421875,121.83984375,312.5957336425781,121.83984375,300.9787292480469,121.83984375,320.3404235839844,117.98046875
304.7684326171875,121.09765625,312.5157775878906,142.49609375,291.21051025390625,142.49609375,283.4631652832031,179.45703125,285.3999938964844,160.00390625,331.88421630859375,140.55078125,341.56842041015625,175.56640625,339.631591796875,204.74609375,300.8947448730469,208.63671875,304.7684326171875,259.21484375,312.5157775878906,300.06640625,326.07366943359375,208.63671875,328.0105285644531,253.37890625,333.821044921875,288.39453125,300.8947448730469,117.20703125,308.64208984375,117.20703125,295.0841979980469,119.15234375,316.38946533203125,115.26171875
304.1368408203125,118.39453125,310.0105285644531,139.96484375,290.43157958984375,141.92578125,280.64208984375,179.18359375,282.6000061035156,157.61328125,331.54736328125,139.96484375,341.33685302734375,175.26171875,341.33685302734375,206.63671875,298.2631530761719,208.59765625,304.1368408203125,259.58203125,311.9684143066406,300.76171875,323.7157897949219,208.59765625,325.6736755371094,253.69921875,331.54736328125,292.91796875,298.2631530761719,116.43359375,306.0947265625,114.47265625,294.3473815917969,118.39453125,313.92633056640625,114.47265625
301.56842041015625,117.63671875,307.5052490234375,139.37890625,287.7157897949219,139.37890625,277.821044921875,176.93359375,277.821044921875,157.16796875,329.273681640625,139.37890625,339.1684265136719,174.95703125,343.1263122558594,206.58203125,295.631591796875,208.55859375,303.54736328125,257.97265625,311.4631652832031,299.48046875,321.35791015625,208.55859375,321.35791015625,255.99609375,327.29473876953125,295.52734375,297.61053466796875,113.68359375,303.54736328125,113.68359375,291.6736755371094,115.66015625,311.4631652832031,113.68359375
300.0,118.0,306.0,138.0,286.0,140.0,276.0,176.0,276.0,162.0,328.0,138.0,338.0,174.0,340.0,208.0,294.0,208.0,302.0,256.0,310.0,300.0,320.0,208.0,320.0,254.0,322.0,298.0,294.0,114.0,302.0,112.0,290.0,116.0,310.0,112.0
295.43157958984375,117.2578125,303.5157775878906,137.4140625,283.3052673339844,139.4296875,273.20001220703125,175.7109375,273.20001220703125,155.5546875,325.74737548828125,137.4140625,335.8526306152344,175.7109375,341.915771484375,207.9609375,291.38946533203125,209.9765625,301.4947509765625,256.3359375,311.6000061035156,306.7265625,317.66314697265625,207.9609375,315.64208984375,256.3359375,313.6210632324219,306.7265625,291.38946533203125,113.2265625,299.47369384765625,113.2265625,289.368408203125,113.2265625,309.5789489746094,113.2265625
295.4479064941406,116.515625,301.5104064941406,138.859375,281.3020935058594,138.859375,273.21875,177.453125,275.2395935058594,153.078125,323.73956298828125,138.859375,333.84375,175.421875,341.92706298828125,205.890625,287.3645935058594,209.953125,299.4895935058594,256.671875,309.59375,303.390625,315.65625,209.953125,311.6145935058594,256.671875,313.6354064941406,305.421875,289.3854064941406,112.453125,297.46875,112.453125,287.3645935058594,114.484375,307.5729064941406,112.453125
291.8631591796875,115.7734375,300.0315856933594,138.2890625,279.61053466796875,138.2890625,269.3999938964844,177.1796875,269.3999938964844,156.7109375,322.4947509765625,138.2890625,332.70526123046875,175.1328125,340.8736877441406,205.8359375,285.7368469238281,211.9765625,297.9894714355469,257.0078125,308.20001220703125,304.0859375,312.2842102050781,209.9296875,310.2420959472656,257.0078125,310.2420959472656,308.1796875,287.7789306640625,111.6796875,295.9473571777344,111.6796875,285.7368469238281,113.7265625,306.15789794921875,111.6796875
290.29473876953125,117.09375,300.61053466796875,139.78125,279.97894287109375,139.78125,269.66314697265625,176.90625,269.66314697265625,156.28125,321.2420959472656,139.78125,333.62103271484375,174.84375,339.8105163574219,203.71875,286.1684265136719,209.90625,296.48419189453125,257.34375,306.79998779296875,300.65625,312.9894714355469,209.90625,310.9263000488281,257.34375,310.9263000488281,304.78125,286.1684265136719,112.96875,294.4210510253906,112.96875,284.1052551269531,112.96875,304.7368469238281,112.96875
290.8105163574219,117.734375,299.1473693847656,138.671875,276.2210693359375,138.671875,265.79998779296875,176.359375,272.0526428222656,151.234375,319.9894714355469,138.671875,332.4947509765625,174.265625,338.74737548828125,203.578125,284.5578918457031,211.953125,297.06317138671875,258.015625,305.3999938964844,299.890625,311.65264892578125,209.859375,307.4842224121094,258.015625,307.4842224121094,304.078125,286.6421203613281,113.546875,294.97894287109375,113.546875,282.47369384765625,113.546875,303.3157958984375,113.546875
288.2631530761719,117.0234375,296.6842041015625,140.2265625,275.631591796875,140.2265625,263.0,176.0859375,265.1052551269531,154.9921875,317.7368469238281,140.2265625,330.368408203125,173.9765625,338.78948974609375,201.3984375,281.9473571777344,211.9453125,294.5789489746094,258.3515625,307.21051025390625,300.5390625,307.21051025390625,211.9453125,305.1052551269531,258.3515625,300.8947448730469,306.8671875,284.0526428222656,110.6953125,292.47369384765625,110.6953125,279.84210205078125,112.8046875,303.0,112.8046875
286.7157897949219,116.3125,295.2210693359375,139.6875,271.8315734863281,139.6875,261.20001220703125,175.8125,265.45263671875,152.4375,316.4842224121094,139.6875,329.2420959472656,175.8125,337.74737548828125,203.4375,278.21051025390625,214.0625,286.7157897949219,260.8125,299.47369384765625,296.9375,303.726318359375,214.0625,301.6000061035156,262.9375,301.6000061035156,305.4375,282.4631652832031,112.0625,290.9684143066406,112.0625,278.21051025390625,114.1875,301.6000061035156,112.0625
286.276611328125,113.4609375,292.7234191894531,139.1484375,271.2340393066406,137.0078125,260.4893493652344,175.5390625,260.4893493652344,156.2734375,316.3616943359375,139.1484375,329.25531005859375,177.6796875,333.5531921386719,207.6484375,275.53192138671875,214.0703125,290.574462890625,263.3046875,297.0212707519531,310.3984375,303.46807861328125,214.0703125,299.17022705078125,263.3046875,297.0212707519531,314.6796875,281.9787292480469,109.1796875,290.574462890625,109.1796875,277.68084716796875,111.3203125,301.31915283203125,111.3203125
284.74468994140625,112.87109375,291.25531005859375,138.83984375,267.3829650878906,136.67578125,256.53192138671875,175.62890625,260.8723449707031,153.98828125,315.1276550292969,138.83984375,325.9787292480469,175.62890625,334.6595764160156,208.08984375,273.89361572265625,212.41796875,284.74468994140625,257.86328125,299.9361572265625,309.80078125,299.9361572265625,210.25390625,297.7659606933594,257.86328125,297.7659606933594,311.96484375,280.4042663574219,108.54296875,289.0851135253906,108.54296875,276.0638427734375,110.70703125,299.9361572265625,108.54296875
282.2127685546875,111.28125,288.7872314453125,137.53125,266.8723449707031,135.34375,255.91488647460938,174.71875,258.10638427734375,152.84375,312.89361572265625,137.53125,323.85107421875,174.71875,330.425537109375,203.15625,271.25531005859375,211.90625,282.2127685546875,260.03125,295.3616943359375,299.40625,297.5531921386719,209.71875,295.3616943359375,257.84375,297.5531921386719,310.34375,277.82977294921875,106.90625,286.59576416015625,106.90625,273.4468078613281,109.09375,297.5531921386719,109.09375
278.46807861328125,110.5546875,287.31915283203125,134.7890625,262.9787292480469,134.7890625,254.12765502929688,172.2421875,254.12765502929688,154.6171875,309.4468078613281,136.9921875,322.723388671875,172.2421875,329.3616943359375,203.0859375,269.61700439453125,214.1015625,276.25531005859375,262.5703125,291.74468994140625,295.6171875,296.17022705078125,214.1015625,291.74468994140625,264.7734375,293.95745849609375,322.0546875,276.25531005859375,106.1484375,285.10638427734375,106.1484375,269.61700439453125,108.3515625,293.95745849609375,106.1484375
275.3157958984375,109.828125,284.15789794921875,134.234375,259.84210205078125,134.234375,251.0,169.734375,253.2105255126953,151.984375,306.2631530761719,134.234375,317.3157958984375,171.953125,323.9473571777344,207.453125,266.47369384765625,211.890625,270.8947448730469,262.921875,286.368408203125,296.203125,295.21051025390625,211.890625,288.5789489746094,265.140625,290.7894592285156,318.390625,270.8947448730469,105.390625,279.7368469238281,103.171875,268.6842041015625,107.609375,290.7894592285156,105.390625
273.90216064453125,106.99609375,282.85870361328125,133.90234375,258.228271484375,131.66015625,249.27174377441406,169.77734375,251.5108642578125,149.59765625,305.25,133.90234375,316.4456481933594,172.01953125,323.1630554199219,205.65234375,264.9456481933594,212.37890625,264.9456481933594,263.94921875,289.5760803222656,297.58203125,294.0543518066406,214.62109375,291.8152160644531,270.67578125,289.5760803222656,315.51953125,269.4239196777344,102.51171875,278.38043212890625,102.51171875,264.9456481933594,104.75390625,289.5760803222656,104.75390625
272.66290283203125,106.25390625,279.471923828125,131.08984375,256.7752685546875,128.83203125,249.96629333496094,167.21484375,252.2359619140625,146.89453125,304.4382019042969,131.08984375,313.516845703125,173.98828125,320.3258361816406,203.33984375,261.3146057128906,210.11328125,261.3146057128906,264.30078125,284.01123046875,302.68359375,293.08990478515625,212.37109375,293.08990478515625,268.81640625,288.5505676269531,318.48828125,268.12359619140625,101.73828125,277.2022399902344,101.73828125,263.5842590332031,101.73828125,288.5505676269531,99.48046875
267.3793029785156,104.640625,276.4827575683594,129.734375,253.72413635253906,127.453125,244.62069702148438,166.234375,244.62069702148438,145.703125,299.24139404296875,129.734375,310.6206970214844,173.078125,315.17242431640625,214.140625,258.2758483886719,209.578125,256.0,262.046875,276.4827575683594,307.671875,287.862060546875,209.578125,290.137939453125,266.609375,285.5862121582031,316.796875,265.10345458984375,100.078125,271.9310302734375,97.796875,260.5517272949219,97.796875,285.5862121582031,97.796875
266.03570556640625,101.6015625,272.96429443359375,126.8671875,249.86904907226562,126.8671875,240.63095092773438,165.9140625,245.25,145.2421875,298.3690490722656,129.1640625,307.6071472167969,170.5078125,-1.0,-1.0,254.48809814453125,207.2578125,254.48809814453125,264.6796875,270.6547546386719,312.9140625,284.51190185546875,207.2578125,289.1309509277344,264.6796875,286.8214111328125,315.2109375,261.4166564941406,97.0078125,270.6547546386719,97.0078125,256.797607421875,99.3046875,282.202392578125,97.0078125
258.2588195800781,100.96484375,269.9058837890625,126.48828125,248.94117736816406,126.48828125,239.62353515625,161.29296875,239.62353515625,142.73046875,295.5294189453125,126.48828125,302.51763916015625,170.57421875,300.188232421875,203.05859375,251.2705841064453,205.37890625,248.94117736816406,265.70703125,260.5882263183594,319.07421875,281.5529479980469,207.69921875,286.2117614746094,263.38671875,283.8823547363281,316.75390625,255.92941284179688,96.32421875,262.91766357421875,94.00390625,-1.0,-1.0,276.89410400390625,96.32421875
256.3255920410156,101.80078125,265.7209167480469,125.31640625,244.58139038085938,125.31640625,232.8372039794922,162.94140625,230.48837280273438,146.48046875,289.20928955078125,125.31640625,298.6046447753906,167.64453125,293.906982421875,200.56640625,246.93023681640625,207.62109375,242.23255920410156,264.05859375,251.62789916992188,318.14453125,277.4651184082031,207.62109375,282.16278076171875,264.05859375,282.16278076171875,315.79296875,251.62789916992188,97.09765625,261.02325439453125,94.74609375,-1.0,-1.0,272.7674560546875,97.09765625
250.3023223876953,101.31640625,262.279052734375,125.14453125,238.32557678222656,125.14453125,231.1395263671875,163.26953125,226.3488311767578,148.97265625,286.2325439453125,127.52734375,293.4186096191406,168.03515625,286.2325439453125,199.01171875,243.11627197265625,208.54296875,240.72093200683594,265.73046875,238.32557678222656,320.53515625,274.25579833984375,208.54296875,281.4418640136719,263.34765625,279.0465087890625,315.76953125,247.906982421875,96.55078125,255.093017578125,96.55078125,-1.0,-1.0,269.4651184082031,96.55078125
247.3103485107422,99.83203125,256.96551513671875,126.38671875,232.8275909423828,126.38671875,223.1724090576172,165.01171875,225.58621215820312,148.11328125,281.10345458984375,126.38671875,288.3448181152344,169.83984375,273.862060546875,201.22265625,237.65516662597656,210.87890625,237.65516662597656,268.81640625,232.8275909423828,324.33984375,269.03448486328125,210.87890625,278.68963623046875,268.81640625,273.862060546875,317.09765625,242.48275756835938,95.00390625,249.72413635253906,95.00390625,-1.0,-1.0,264.2069091796875,95.00390625
241.8275909423828,101.65625,251.57470703125,126.03125,229.6436767578125,126.03125,217.45977783203125,167.46875,219.89654541015625,147.96875,275.9425354003906,128.46875,283.25286865234375,169.90625,271.0689697265625,201.59375,232.08045959472656,211.34375,229.6436767578125,274.71875,224.77011108398438,323.46875,266.1954040527344,211.34375,273.5057373046875,269.84375,273.5057373046875,318.59375,236.9540252685547,96.78125,244.26437377929688,96.78125,-1.0,-1.0,256.4482727050781,96.78125
235.862060546875,100.203125,248.27584838867188,127.359375,223.44827270507812,127.359375,211.03448486328125,169.328125,216.0,147.109375,268.137939453125,127.359375,278.0689697265625,169.328125,260.68963623046875,191.546875,228.41378784179688,213.765625,225.9310302734375,273.015625,218.48275756835938,327.328125,263.17242431640625,213.765625,270.6206970214844,270.546875,270.6206970214844,319.921875,230.89654541015625,95.265625,240.82757568359375,95.265625,-1.0,-1.0,253.2413787841797,95.265625
227.87640380859375,102.10546875,242.8426971435547,129.51953125,220.39324951171875,127.02734375,207.92135620117188,169.39453125,205.42697143554688,154.44140625,262.7977294921875,129.51953125,272.7752685546875,171.88671875,255.31460571289062,191.82421875,222.88763427734375,216.74609375,220.39324951171875,276.55859375,215.4044952392578,328.89453125,257.8089904785156,216.74609375,265.2921142578125,274.06640625,265.2921142578125,321.41796875,225.38201904296875,97.12109375,232.86517333984375,97.12109375,-1.0,-1.0,245.33706665039062,94.62890625
218.73333740234375,100.68359375,233.79998779296875,128.44140625,211.1999969482422,128.44140625,198.64443969726562,168.81640625,203.66665649414062,151.15234375,256.3999938964844,128.44140625,263.9333190917969,168.81640625,246.35556030273438,191.52734375,216.22222900390625,214.23828125,213.7111053466797,274.80078125,211.1999969482422,330.31640625,248.86666870117188,214.23828125,256.3999938964844,269.75390625,261.4222106933594,317.69921875,216.22222900390625,95.63671875,226.26666259765625,93.11328125,-1.0,-1.0,238.8222198486328,93.11328125
212.6666717529297,97.5703125,225.44444274902344,125.5859375,205.0,125.5859375,192.22222900390625,168.8828125,197.3333282470703,148.5078125,248.44444274902344,125.5859375,258.6666564941406,168.8828125,240.77777099609375,194.3515625,207.55555725097656,214.7265625,205.0,273.3046875,205.0,331.8828125,240.77777099609375,214.7265625,251.0,265.6640625,258.6666564941406,316.6015625,210.11111450195312,95.0234375,217.77777099609375,92.4765625,-1.0,-1.0,230.55555725097656,92.4765625
204.71429443359375,96.1171875,215.0,124.4765625,191.85714721679688,124.4765625,184.14285278320312,168.3046875,191.85714721679688,145.1015625,240.71429443359375,124.4765625,251.0,168.3046875,235.57142639160156,191.5078125,197.0,212.1328125,197.0,274.0078125,199.57142639160156,335.8828125,233.0,212.1328125,243.28570556640625,266.2734375,253.57142639160156,320.4140625,199.57142639160156,93.5390625,207.28570556640625,88.3828125,-1.0,-1.0,220.14285278320312,88.3828125
201.23077392578125,90.32421875,206.46153259277344,124.14453125,182.92308044433594,124.14453125,177.6923065185547,165.76953125,182.92308044433594,144.95703125,232.61538696289062,121.54296875,243.07691955566406,170.97265625,230.0,196.98828125,188.15383911132812,212.59765625,190.76922607421875,277.63671875,193.38461303710938,340.07421875,224.76922607421875,212.59765625,232.61538696289062,269.83203125,248.3076934814453,319.26171875,193.38461303710938,87.72265625,203.84616088867188,85.12109375,188.15383911132812,90.32421875,211.6923065185547,85.12109375
197.18478393554688,78.27734375,197.18478393554688,120.40234375,170.88043212890625,123.03515625,165.61956787109375,165.16015625,162.9891357421875,146.73046875,223.4891357421875,120.40234375,236.64129638671875,170.42578125,220.85870361328125,204.65234375,181.4021759033203,215.18359375,184.03260803222656,281.00390625,189.29347229003906,341.55859375,215.5978240966797,212.55078125,226.11956787109375,275.73828125,244.53260803222656,331.02734375,191.92391967773438,73.01171875,202.44564819335938,67.74609375,178.77174377441406,86.17578125,-1.0,-1.0
181.25807189941406,85.515625,186.5483856201172,120.046875,160.09677124023438,122.703125,154.80645751953125,167.859375,152.16128540039062,149.265625,213.0,117.390625,226.22579956054688,167.859375,220.93548583984375,205.046875,170.67742919921875,215.671875,178.61289978027344,282.078125,183.90322875976562,343.171875,207.70968627929688,213.015625,218.2903289794922,276.765625,231.51614379882812,329.890625,175.96774291992188,80.203125,186.5483856201172,77.546875,168.03225708007812,82.859375,197.1290283203125,80.203125
170.77420043945312,83.1953125,181.61289978027344,115.6328125,154.51612854003906,118.3359375,146.38710021972656,166.9921875,143.6774139404297,148.0703125,208.70968627929688,115.6328125,222.258056640625,166.9921875,214.1290283203125,204.8359375,165.35484313964844,212.9453125,170.77420043945312,283.2265625,181.61289978027344,345.3984375,200.5806427001953,210.2421875,211.4193572998047,277.8203125,222.258056640625,323.7734375,165.35484313964844,77.7890625,176.19354248046875,77.7890625,159.93548583984375,77.7890625,189.741943359375,75.0859375
165.14894104003906,81.6484375,173.3829803466797,114.4609375,145.93617248535156,117.1953125,137.70213317871094,163.6796875,134.9574432373047,144.5390625,200.8297882080078,114.4609375,214.55319213867188,163.6796875,209.06382751464844,204.6953125,156.91488647460938,210.1640625,165.14894104003906,283.9921875,176.12765502929688,344.1484375,192.5957489013672,207.4296875,200.8297882080078,278.5234375,214.55319213867188,335.9453125,159.65957641601562,76.1796875,170.6383056640625,73.4453125,151.425537109375,78.9140625,181.6170196533203,73.4453125
152.4895782470703,79.328125,166.34375,109.921875,138.63540649414062,112.703125,127.55207824707031,162.765625,127.55207824707031,143.296875,194.0520782470703,109.921875,207.90625,162.765625,207.90625,204.484375,146.94790649414062,210.046875,158.03125,279.578125,169.1145782470703,346.328125,182.96875,207.265625,185.7395782470703,271.234375,199.59375,324.078125,146.94790649414062,73.765625,158.03125,70.984375,-1.0,-1.0,174.65625,70.984375
147.41665649414062,75.07421875,158.75,108.91796875,130.41665649414062,111.73828125,119.08332824707031,159.68359375,121.91666412353516,139.94140625,189.91665649414062,111.73828125,201.25,162.50390625,204.0833282470703,204.80859375,138.91665649414062,207.62890625,153.0833282470703,278.13671875,164.41665649414062,345.82421875,175.75,204.80859375,178.5833282470703,269.67578125,189.91665649414062,323.26171875,144.5833282470703,69.43359375,153.0833282470703,66.61328125,136.0833282470703,75.07421875,170.0833282470703,69.43359375
137.58763122558594,72.70703125,151.9175262451172,107.11328125,123.25773620605469,107.11328125,108.9278335571289,158.72265625,117.52577209472656,132.91796875,183.44329833984375,107.11328125,194.9072265625,161.58984375,200.63917541503906,207.46484375,131.8556671142578,207.46484375,149.05154418945312,276.27734375,154.78350830078125,339.35546875,169.1134033203125,204.59765625,166.24742126464844,270.54296875,166.24742126464844,342.22265625,131.8556671142578,66.97265625,146.18557739257812,64.10546875,126.12371063232422,72.70703125,163.38143920898438,66.97265625
129.53060913085938,71.234375,144.12245178222656,109.015625,114.93877410888672,109.015625,100.34693908691406,161.328125,109.10204315185547,132.265625,176.2244873046875,109.015625,190.8163299560547,164.234375,196.65306091308594,213.640625,123.69387817382812,210.734375,144.12245178222656,277.578125,149.9591827392578,341.515625,158.71429443359375,207.828125,158.71429443359375,274.671875,164.551025390625,347.328125,126.61224365234375,65.421875,135.36734008789062,65.421875,-1.0,-1.0,155.79592895507812,68.328125
122.56565856933594,71.70703125,134.36363220214844,107.05078125,104.86868286132812,107.05078125,90.1212158203125,160.06640625,98.96969604492188,130.61328125,166.80807495117188,109.99609375,184.50503540039062,163.01171875,193.35353088378906,210.13671875,113.71717071533203,210.13671875,134.36363220214844,277.87890625,140.26263427734375,339.73046875,152.06060791015625,210.13671875,152.06060791015625,277.87890625,152.06060791015625,351.51171875,116.66666412353516,65.81640625,128.4646453857422,62.87109375,-1.0,-1.0,146.16162109375,65.81640625
114.4356460571289,70.2734375,126.31683349609375,109.0703125,96.61386108398438,109.0703125,81.76237487792969,159.8046875,90.67326354980469,132.9453125,156.01980590820312,109.0703125,179.7821807861328,165.7734375,188.6930694580078,207.5546875,102.55445861816406,213.5234375,96.61386108398438,288.1328125,105.52474975585938,353.7890625,144.13861083984375,213.5234375,141.16831970214844,285.1484375,138.19802856445312,353.7890625,111.46534729003906,64.3046875,123.3465347290039,64.3046875,105.52474975585938,70.2734375,138.19802856445312,67.2890625
109.39215087890625,70.984375,118.45098114013672,110.390625,88.25489807128906,107.359375,73.1568603515625,158.890625,82.21568298339844,131.609375,148.64706420898438,110.390625,172.80392456054688,167.984375,187.90196228027344,213.453125,94.29411315917969,216.484375,91.27450561523438,289.234375,109.39215087890625,352.890625,133.54901123046875,216.484375,130.5294189453125,289.234375,130.5294189453125,352.890625,103.35293579101562,64.921875,115.4313735961914,64.921875,97.313720703125,67.953125,130.5294189453125,67.953125
98.49019622802734,69.58984375,110.80392456054688,109.50390625,80.01960754394531,106.43359375,67.70588684082031,158.62890625,76.94117736816406,127.92578125,144.66665649414062,112.57421875,169.2941131591797,167.83984375,184.686279296875,210.82421875,86.17646789550781,216.96484375,89.25489807128906,287.58203125,104.64705657958984,348.98828125,126.19607543945312,220.03515625,123.11764526367188,287.58203125,116.96078491210938,352.05859375,95.4117660522461,63.44921875,107.7254867553711,63.44921875,-1.0,-1.0,123.11764526367188,69.58984375
94.68931579589844,67.31640625,104.00970458984375,110.95703125,69.83494567871094,107.83984375,60.514564514160156,157.71484375,63.62135696411133,129.66015625,138.18446350097656,110.95703125,159.93203735351562,167.06640625,175.4660186767578,210.70703125,82.26213073730469,213.82421875,104.00970458984375,291.75390625,125.75727844238281,354.09765625,119.54368591308594,213.82421875,110.22329711914062,291.75390625,107.11650085449219,363.44921875,88.47572326660156,61.08203125,104.00970458984375,61.08203125,82.26213073730469,67.31640625,116.4368896484375,64.19921875
89.80769348144531,65.80078125,96.11538696289062,109.87890625,61.42307662963867,106.73046875,55.115386962890625,157.10546875,55.115386962890625,131.91796875,130.8076934814453,109.87890625,149.73077392578125,163.40234375,171.8076934814453,210.62890625,74.03846740722656,213.77734375,89.80769348144531,286.19140625,118.19231414794922,349.16015625,111.8846206665039,213.77734375,102.42308044433594,286.19140625,92.96154022216797,361.75390625,83.5,59.50390625,96.11538696289062,59.50390625,74.03846740722656,68.94921875,111.8846206665039,62.65234375
79.79999542236328,63.52734375,89.34285736083984,105.06640625,54.352378845214844,105.06640625,47.990474700927734,152.99609375,51.17142868041992,124.23828125,121.15238189697266,108.26171875,143.41905212402344,165.77734375,159.3238067626953,197.73046875,63.89523696899414,213.70703125,82.98094940185547,290.39453125,114.79047393798828,347.91015625,102.06666564941406,213.70703125,95.70475769042969,290.39453125,89.34285736083984,367.08203125,73.43809509277344,57.13671875,86.16190338134766,57.13671875,63.89523696899414,60.33203125,102.06666564941406,60.33203125
68.76190185546875,58.8984375,81.71428680419922,104.1796875,46.095237731933594,100.9453125,33.14285659790039,152.6953125,36.380950927734375,126.8203125,117.33333587646484,107.4140625,136.76190185546875,168.8671875,152.95237731933594,214.1484375,55.80952453613281,214.1484375,75.23809814453125,291.7734375,104.38095092773438,343.5234375,94.66667175292969,214.1484375,84.95238494873047,288.5390625,84.95238494873047,366.1640625,62.28571319580078,52.4296875,78.47618865966797,52.4296875,55.80952453613281,58.8984375,94.66667175292969,55.6640625
63.17171859741211,54.76953125,72.92929077148438,103.40234375,40.4040412902832,96.91796875,24.141414642333984,152.03515625,27.393939971923828,129.33984375,108.70707702636719,103.40234375,128.22222900390625,171.48828125,141.23233032226562,213.63671875,46.90909194946289,213.63671875,53.41414260864258,294.69140625,89.19192504882812,333.59765625,85.93939208984375,213.63671875,76.18182373046875,297.93359375,76.18182373046875,372.50390625,56.66666793823242,48.28515625,72.92929077148438,48.28515625,50.161617279052734,54.76953125,89.19192504882812,58.01171875
55.147369384765625,51.4296875,68.03157806396484,96.7109375,35.82105255126953,96.7109375,22.93684196472168,148.4609375,22.93684196472168,125.8203125,97.02104949951172,99.9453125,122.78947448730469,167.8671875,132.45263671875,216.3828125,35.82105255126953,213.1484375,39.04210662841797,300.4765625,48.705265045166016,374.8671875,80.91578674316406,213.1484375,71.25263214111328,303.7109375,68.03157806396484,374.8671875,48.705265045166016,44.9609375,61.589473724365234,44.9609375,45.48421096801758,51.4296875,77.69474029541016,51.4296875
45.875,48.1953125,55.625,93.4765625,16.625,83.7734375,-1.0,-1.0,-1.0,-1.0,94.625,96.7109375,114.125,164.6328125,123.875,216.3828125,26.375,213.1484375,26.375,297.2421875,39.375,368.3984375,71.875,216.3828125,65.375,303.7109375,58.875,378.1015625,42.625,41.7265625,55.625,41.7265625,36.125,44.9609375,71.875,48.1953125
41.361446380615234,40.80078125,47.819278717041016,92.67578125,12.301204681396484,86.19140625,-1.0,-1.0,-1.0,-1.0,86.56626892089844,95.91796875,105.93975830078125,170.48828125,105.93975830078125,245.05859375,18.759037017822266,215.87890625,18.759037017822266,300.17578125,21.987951278686523,358.53515625,67.1927719116211,219.12109375,60.73493957519531,303.41796875,57.50602340698242,377.98828125,34.90361404418945,34.31640625,47.819278717041016,34.31640625,25.216867446899414,44.04296875,63.9638557434082,44.04296875
32.467533111572266,40.7265625,42.20779037475586,89.2421875,6.49350643157959,82.7734375,-1.0,-1.0,-1.0,-1.0,77.92207336425781,92.4765625,94.15584564208984,157.1640625,97.40259552001953,218.6171875,12.98701286315918,215.3828125,12.98701286315918,302.7109375,25.97402572631836,377.1015625,61.68831253051758,215.3828125,58.441558837890625,305.9453125,55.19480514526367,380.3359375,25.97402572631836,31.0234375,42.20779037475586,31.0234375,19.480518341064453,40.7265625,55.19480514526367,37.4921875
19.480518341064453,34.2578125,38.961036682128906,86.0078125,6.49350643157959,82.7734375,-1.0,-1.0,-1.0,-1.0,71.42857360839844,89.2421875,84.41558074951172,153.9296875,84.41558074951172,212.1484375,3.246753215789795,208.9140625,9.740259170532227,302.7109375,22.727272033691406,370.6328125,51.94805145263672,212.1484375,55.19480514526367,302.7109375,51.94805145263672,373.8671875,16.233766555786133,27.7890625,29.220779418945312,27.7890625,-1.0,-1.0,48.701297760009766,31.0234375
