-1.0,-1.0,94.0,209.5,103.0,208.5,105.0,225.5,-1.0,-1.0,84.0,209.5,81.0,227.5,79.0,241.5,100.0,243.5,98.0,268.5,100.0,292.5,86.0,242.5,87.0,268.5,89.0,293.5,-1.0,-1.0,-1.0,-1.0,94.0,195.5,87.0,197.5
-1.0,-1.0,93.0,209.5,103.0,208.5,105.0,225.5,-1.0,-1.0,84.0,209.5,81.0,227.5,79.0,241.5,100.0,243.5,98.0,268.5,100.0,293.5,86.0,242.5,86.0,268.5,87.0,294.5,-1.0,-1.0,-1.0,-1.0,94.0,195.5,87.0,197.5
-1.0,-1.0,94.0,208.5,103.0,208.5,105.0,225.5,-1.0,-1.0,84.0,209.5,81.0,227.5,79.0,241.5,100.0,243.5,98.0,268.5,100.0,293.5,86.0,242.5,87.0,268.5,86.0,295.5,-1.0,-1.0,-1.0,-1.0,94.0,195.5,87.0,197.5
-1.0,-1.0,94.0,208.5,103.0,208.5,105.0,225.5,-1.0,-1.0,84.0,209.5,81.0,227.5,79.0,241.5,100.0,243.5,98.0,268.5,100.0,293.5,86.0,242.5,86.0,268.5,87.0,295.5,-1.0,-1.0,-1.0,-1.0,94.0,195.5,87.0,196.5
-1.0,-1.0,93.28089904785156,208.69921875,103.39325714111328,208.69921875,105.41572570800781,224.82421875,-1.0,-1.0,84.17977905273438,208.69921875,81.14606475830078,226.83984375,79.12359619140625,240.94921875,100.35955047607422,241.95703125,98.33708190917969,269.16796875,100.35955047607422,293.35546875,86.2022476196289,241.95703125,86.2022476196289,268.16015625,87.21348571777344,295.37109375,-1.0,-1.0,-1.0,-1.0,94.2921371459961,195.59765625,87.21348571777344,196.60546875
-1.0,-1.0,93.28089904785156,208.69921875,103.39325714111328,208.69921875,105.41572570800781,224.82421875,-1.0,-1.0,84.17977905273438,208.69921875,81.14606475830078,226.83984375,79.12359619140625,240.94921875,100.35955047607422,241.95703125,98.33708190917969,268.16015625,100.35955047607422,293.35546875,86.2022476196289,241.95703125,87.21348571777344,268.16015625,87.21348571777344,295.37109375,-1.0,-1.0,-1.0,-1.0,94.2921371459961,195.59765625,87.21348571777344,196.60546875
-1.0,-1.0,93.28089904785156,208.69921875,103.39325714111328,208.69921875,105.41572570800781,224.82421875,-1.0,-1.0,84.17977905273438,208.69921875,81.14606475830078,226.83984375,78.11235809326172,239.94140625,100.35955047607422,241.95703125,98.33708190917969,268.16015625,100.35955047607422,293.35546875,86.2022476196289,241.95703125,87.21348571777344,268.16015625,87.21348571777344,295.37109375,-1.0,-1.0,-1.0,-1.0,94.2921371459961,195.59765625,87.21348571777344,196.60546875
-1.0,-1.0,93.28089904785156,208.69921875,102.38201904296875,208.69921875,105.41572570800781,224.82421875,-1.0,-1.0,84.17977905273438,208.69921875,80.13483428955078,226.83984375,79.12359619140625,240.94921875,100.35955047607422,241.95703125,98.33708190917969,268.16015625,100.35955047607422,293.35546875,86.2022476196289,241.95703125,87.21348571777344,268.16015625,88.22471618652344,295.37109375,-1.0,-1.0,-1.0,-1.0,94.2921371459961,195.59765625,87.21348571777344,196.60546875
-1.0,-1.0,93.28089904785156,208.69921875,103.39325714111328,208.69921875,105.41572570800781,224.82421875,-1.0,-1.0,83.16854095458984,208.69921875,81.14606475830078,226.83984375,79.12359619140625,240.94921875,100.35955047607422,242.96484375,98.33708190917969,268.16015625,100.35955047607422,293.35546875,86.2022476196289,241.95703125,87.21348571777344,268.16015625,88.22471618652344,295.37109375,-1.0,-1.0,-1.0,-1.0,94.2921371459961,195.59765625,87.21348571777344,197.61328125
-1.0,-1.0,93.28089904785156,208.69921875,102.38201904296875,208.69921875,105.41572570800781,224.82421875,-1.0,-1.0,84.17977905273438,208.69921875,81.14606475830078,226.83984375,79.12359619140625,240.94921875,100.35955047607422,241.95703125,98.33708190917969,268.16015625,100.35955047607422,293.35546875,86.2022476196289,241.95703125,87.21348571777344,268.16015625,88.22471618652344,295.37109375,-1.0,-1.0,-1.0,-1.0,94.2921371459961,195.59765625,87.21348571777344,196.60546875
-1.0,-1.0,93.28089904785156,208.69921875,102.38201904296875,208.69921875,105.41572570800781,224.82421875,-1.0,-1.0,83.16854095458984,208.69921875,81.14606475830078,226.83984375,79.12359619140625,240.94921875,100.35955047607422,241.95703125,98.33708190917969,268.16015625,100.35955047607422,293.35546875,86.2022476196289,241.95703125,87.21348571777344,268.16015625,88.22471618652344,295.37109375,-1.0,-1.0,-1.0,-1.0,94.2921371459961,195.59765625,86.2022476196289,196.60546875
-1.0,-1.0,93.79121398925781,208.69921875,102.8901138305664,208.69921875,104.91209411621094,225.83203125,-1.0,-1.0,83.68132019042969,208.69921875,80.64835357666016,226.83984375,78.62637329101562,239.94140625,99.85714721679688,242.96484375,98.84615325927734,268.16015625,99.85714721679688,293.35546875,86.71428680419922,242.96484375,86.71428680419922,268.16015625,86.71428680419922,295.37109375,-1.0,-1.0,-1.0,-1.0,93.79121398925781,195.59765625,86.71428680419922,197.61328125
-1.0,-1.0,93.79121398925781,208.69921875,102.8901138305664,208.69921875,105.92308044433594,224.82421875,-1.0,-1.0,83.68132019042969,208.69921875,81.65933990478516,225.83203125,78.62637329101562,235.91015625,99.85714721679688,241.95703125,97.83516693115234,268.16015625,99.85714721679688,292.34765625,86.71428680419922,241.95703125,87.72527313232422,268.16015625,90.75823974609375,294.36328125,-1.0,-1.0,-1.0,-1.0,94.80220031738281,196.60546875,87.72527313232422,196.60546875
-1.0,-1.0,93.79121398925781,208.69921875,102.8901138305664,208.69921875,105.92308044433594,223.81640625,-1.0,-1.0,83.68132019042969,208.69921875,81.65933990478516,225.83203125,77.61538696289062,234.90234375,100.86813354492188,241.95703125,97.83516693115234,268.16015625,99.85714721679688,292.34765625,86.71428680419922,241.95703125,87.72527313232422,268.16015625,90.75823974609375,294.36328125,-1.0,-1.0,-1.0,-1.0,94.80220031738281,196.60546875,87.72527313232422,196.60546875
-1.0,-1.0,93.79121398925781,208.69921875,102.8901138305664,208.69921875,104.91209411621094,224.82421875,-1.0,-1.0,83.68132019042969,208.69921875,80.64835357666016,224.82421875,77.61538696289062,238.93359375,100.86813354492188,242.96484375,97.83516693115234,268.16015625,99.85714721679688,291.33984375,86.71428680419922,242.96484375,88.73626708984375,269.16796875,90.75823974609375,293.35546875,-1.0,-1.0,-1.0,-1.0,95.81318664550781,195.59765625,87.72527313232422,196.60546875
-1.0,-1.0,93.79121398925781,208.69921875,102.8901138305664,207.69140625,104.91209411621094,224.82421875,-1.0,-1.0,83.68132019042969,208.69921875,80.64835357666016,224.82421875,77.61538696289062,238.93359375,100.86813354492188,242.96484375,97.83516693115234,268.16015625,99.85714721679688,291.33984375,87.72527313232422,241.95703125,88.73626708984375,268.16015625,90.75823974609375,293.35546875,-1.0,-1.0,-1.0,-1.0,95.81318664550781,195.59765625,87.72527313232422,196.60546875
-1.0,-1.0,93.79121398925781,208.69921875,102.8901138305664,207.69140625,104.91209411621094,224.82421875,-1.0,-1.0,83.68132019042969,208.69921875,81.65933990478516,225.83203125,78.62637329101562,239.94140625,100.86813354492188,242.96484375,97.83516693115234,268.16015625,98.84615325927734,291.33984375,87.72527313232422,241.95703125,88.73626708984375,268.16015625,90.75823974609375,292.34765625,-1.0,-1.0,-1.0,-1.0,95.81318664550781,195.59765625,87.72527313232422,196.60546875
-1.0,-1.0,94.80220031738281,208.69921875,103.9011001586914,207.69140625,107.94505310058594,222.80859375,-1.0,-1.0,84.69230651855469,208.69921875,81.65933990478516,224.82421875,80.64835357666016,237.92578125,100.86813354492188,242.96484375,97.83516693115234,267.15234375,97.83516693115234,291.33984375,87.72527313232422,241.95703125,88.73626708984375,268.16015625,89.74725341796875,292.34765625,-1.0,-1.0,-1.0,-1.0,95.81318664550781,195.59765625,87.72527313232422,196.60546875
-1.0,-1.0,94.80220031738281,208.69921875,103.9011001586914,207.69140625,105.92308044433594,223.81640625,-1.0,-1.0,85.70330047607422,208.69921875,82.67033386230469,224.82421875,80.64835357666016,238.93359375,100.86813354492188,242.96484375,97.83516693115234,267.15234375,97.83516693115234,290.33203125,88.73626708984375,241.95703125,88.73626708984375,267.15234375,89.74725341796875,291.33984375,-1.0,-1.0,-1.0,-1.0,95.81318664550781,195.59765625,87.72527313232422,197.61328125
-1.0,-1.0,94.80220031738281,208.69921875,103.9011001586914,207.69140625,106.93406677246094,223.81640625,-1.0,-1.0,85.70330047607422,208.69921875,83.68132019042969,224.82421875,80.64835357666016,239.94140625,101.87911987304688,241.95703125,97.83516693115234,267.15234375,97.83516693115234,290.33203125,88.73626708984375,241.95703125,89.74725341796875,267.15234375,89.74725341796875,291.33984375,-1.0,-1.0,-1.0,-1.0,95.81318664550781,195.59765625,88.73626708984375,196.60546875
-1.0,-1.0,95.81318664550781,208.69921875,103.9011001586914,207.69140625,107.94505310058594,226.83984375,-1.0,-1.0,87.72527313232422,208.69921875,84.69230651855469,224.82421875,80.64835357666016,239.94140625,101.87911987304688,242.96484375,98.84615325927734,268.16015625,96.82417297363281,290.33203125,89.74725341796875,241.95703125,89.74725341796875,267.15234375,89.74725341796875,290.33203125,-1.0,-1.0,-1.0,-1.0,96.82417297363281,195.59765625,89.74725341796875,196.60546875
80.64835357666016,198.62109375,95.81318664550781,207.69140625,104.91209411621094,207.69140625,108.95604705810547,225.83203125,-1.0,-1.0,87.72527313232422,208.69921875,84.69230651855469,225.83203125,81.65933990478516,238.93359375,102.8901138305664,241.95703125,99.85714721679688,267.15234375,96.82417297363281,290.33203125,90.75823974609375,241.95703125,90.75823974609375,267.15234375,89.74725341796875,290.33203125,-1.0,-1.0,-1.0,-1.0,96.82417297363281,194.58984375,88.73626708984375,193.58203125
-1.0,-1.0,95.81318664550781,207.69140625,104.91209411621094,207.69140625,108.95604705810547,226.83984375,-1.0,-1.0,87.72527313232422,208.69921875,84.69230651855469,226.83984375,82.67033386230469,238.93359375,102.8901138305664,242.96484375,99.85714721679688,267.15234375,97.83516693115234,290.33203125,90.75823974609375,241.95703125,90.75823974609375,267.15234375,89.74725341796875,290.33203125,-1.0,-1.0,-1.0,-1.0,96.82417297363281,194.58984375,88.73626708984375,194.58984375
-1.0,-1.0,96.82105255126953,207.69140625,104.90525817871094,207.69140625,108.94737243652344,224.82421875,-1.0,-1.0,87.726318359375,208.69921875,84.69473266601562,224.82421875,82.6736831665039,236.91796875,103.89473724365234,240.94921875,99.85263061523438,267.15234375,97.83158111572266,290.33203125,90.75789642333984,240.94921875,90.75789642333984,267.15234375,89.74736785888672,290.33203125,-1.0,-1.0,-1.0,-1.0,97.83158111572266,195.59765625,90.75789642333984,196.60546875
-1.0,-1.0,96.82105255126953,207.69140625,105.91578674316406,207.69140625,-1.0,-1.0,-1.0,-1.0,88.7368392944336,207.69140625,85.70526123046875,223.81640625,82.6736831665039,236.91796875,103.89473724365234,240.94921875,99.85263061523438,267.15234375,97.83158111572266,290.33203125,91.76841735839844,240.94921875,90.75789642333984,267.15234375,89.74736785888672,290.33203125,-1.0,-1.0,-1.0,-1.0,98.84210205078125,195.59765625,90.75789642333984,196.60546875
84.69473266601562,199.62890625,96.82105255126953,207.69140625,104.90525817871094,206.68359375,109.95789337158203,224.82421875,-1.0,-1.0,88.7368392944336,208.69921875,85.70526123046875,224.82421875,83.68421173095703,236.91796875,103.89473724365234,240.94921875,99.85263061523438,267.15234375,97.83158111572266,290.33203125,91.76841735839844,240.94921875,90.75789642333984,267.15234375,90.75789642333984,290.33203125,-1.0,-1.0,-1.0,-1.0,97.83158111572266,195.59765625,90.75789642333984,196.60546875
85.70526123046875,197.61328125,97.83158111572266,207.69140625,104.90525817871094,206.68359375,109.95789337158203,224.82421875,-1.0,-1.0,88.7368392944336,208.69921875,85.70526123046875,222.80859375,-1.0,-1.0,103.89473724365234,241.95703125,99.85263061523438,268.16015625,98.84210205078125,291.33984375,91.76841735839844,240.94921875,90.75789642333984,268.16015625,90.75789642333984,291.33984375,-1.0,-1.0,87.726318359375,195.59765625,98.84210205078125,195.59765625,91.76841735839844,196.60546875
86.71578979492188,197.61328125,97.83158111572266,207.69140625,104.90525817871094,206.68359375,108.94737243652344,224.82421875,-1.0,-1.0,89.74736785888672,208.69921875,85.70526123046875,223.81640625,83.68421173095703,238.93359375,103.89473724365234,240.94921875,99.85263061523438,268.16015625,97.83158111572266,291.33984375,91.76841735839844,240.94921875,90.75789642333984,268.16015625,89.74736785888672,291.33984375,-1.0,-1.0,87.726318359375,195.59765625,-1.0,-1.0,91.76841735839844,196.60546875
85.70526123046875,199.62890625,97.83158111572266,207.69140625,105.91578674316406,206.68359375,-1.0,-1.0,-1.0,-1.0,89.74736785888672,207.69140625,88.7368392944336,224.82421875,85.70526123046875,239.94140625,104.90525817871094,241.95703125,99.85263061523438,268.16015625,97.83158111572266,291.33984375,92.77894592285156,240.94921875,89.74736785888672,268.16015625,88.7368392944336,292.34765625,-1.0,-1.0,-1.0,-1.0,98.84210205078125,195.59765625,91.76841735839844,196.60546875
85.70526123046875,199.62890625,97.83158111572266,207.69140625,105.91578674316406,206.68359375,-1.0,-1.0,-1.0,-1.0,90.75789642333984,208.69921875,88.7368392944336,224.82421875,-1.0,-1.0,104.90525817871094,241.95703125,100.8631591796875,268.16015625,97.83158111572266,291.33984375,92.77894592285156,240.94921875,89.74736785888672,268.16015625,88.7368392944336,292.34765625,-1.0,-1.0,-1.0,-1.0,98.84210205078125,195.59765625,91.76841735839844,196.60546875
-1.0,-1.0,97.83158111572266,207.69140625,105.91578674316406,206.68359375,-1.0,-1.0,-1.0,-1.0,90.75789642333984,207.69140625,88.7368392944336,224.82421875,-1.0,-1.0,104.90525817871094,241.95703125,99.85263061523438,268.16015625,97.83158111572266,291.33984375,92.77894592285156,240.94921875,88.7368392944336,268.16015625,87.726318359375,292.34765625,-1.0,-1.0,-1.0,-1.0,99.85263061523438,194.58984375,91.76841735839844,196.60546875
86.71578979492188,199.62890625,98.84210205078125,207.69140625,105.91578674316406,206.68359375,-1.0,-1.0,-1.0,-1.0,90.75789642333984,208.69921875,88.7368392944336,223.81640625,-1.0,-1.0,104.90525817871094,241.95703125,100.8631591796875,268.16015625,97.83158111572266,292.34765625,92.77894592285156,240.94921875,87.726318359375,268.16015625,86.71578979492188,293.35546875,-1.0,-1.0,87.726318359375,196.60546875,-1.0,-1.0,91.76841735839844,196.60546875
86.71578979492188,198.62109375,98.84210205078125,207.69140625,105.91578674316406,206.68359375,-1.0,-1.0,-1.0,-1.0,90.75789642333984,207.69140625,88.7368392944336,223.81640625,-1.0,-1.0,104.90525817871094,241.95703125,99.85263061523438,268.16015625,97.83158111572266,291.33984375,92.77894592285156,240.94921875,87.726318359375,268.16015625,85.70526123046875,293.35546875,-1.0,-1.0,87.726318359375,196.60546875,-1.0,-1.0,91.76841735839844,196.60546875
85.70526123046875,199.62890625,97.83158111572266,207.69140625,105.91578674316406,206.68359375,-1.0,-1.0,-1.0,-1.0,90.75789642333984,207.69140625,88.7368392944336,224.82421875,-1.0,-1.0,104.90525817871094,241.95703125,100.8631591796875,268.16015625,98.84210205078125,292.34765625,92.77894592285156,240.94921875,87.726318359375,268.16015625,85.70526123046875,292.34765625,-1.0,-1.0,86.71578979492188,195.59765625,-1.0,-1.0,91.76841735839844,195.59765625
87.726318359375,198.62109375,98.84210205078125,207.69140625,105.91578674316406,206.68359375,-1.0,-1.0,-1.0,-1.0,90.75789642333984,207.69140625,87.726318359375,223.81640625,-1.0,-1.0,104.90525817871094,241.95703125,100.8631591796875,268.16015625,98.84210205078125,292.34765625,92.77894592285156,240.94921875,88.7368392944336,267.15234375,85.70526123046875,290.33203125,-1.0,-1.0,88.7368392944336,196.60546875,99.85263061523438,195.59765625,91.76841735839844,196.60546875
87.226806640625,198.62109375,98.34020233154297,206.68359375,105.41236877441406,206.68359375,-1.0,-1.0,-1.0,-1.0,90.25772857666016,207.69140625,88.23711395263672,223.81640625,-1.0,-1.0,105.41236877441406,241.95703125,102.38143920898438,268.16015625,99.35050964355469,292.34765625,92.27835083007812,240.94921875,88.23711395263672,267.15234375,89.24742126464844,290.33203125,-1.0,-1.0,-1.0,-1.0,99.35050964355469,194.58984375,92.27835083007812,195.59765625
87.0,197.5,98.0,207.5,106.0,206.5,110.0,223.5,-1.0,-1.0,89.0,208.5,88.0,225.5,-1.0,-1.0,105.0,241.5,102.0,268.5,99.0,292.5,92.0,241.5,87.0,267.5,84.0,291.5,-1.0,-1.0,-1.0,-1.0,99.0,194.5,91.0,195.5
86.0,197.5,98.0,207.5,106.0,206.5,110.0,223.5,-1.0,-1.0,89.0,208.5,88.0,225.5,-1.0,-1.0,105.0,242.5,102.0,268.5,99.0,292.5,92.0,241.5,86.0,267.5,83.0,292.5,-1.0,-1.0,-1.0,-1.0,99.0,194.5,91.0,195.5
86.0,197.5,98.0,207.5,106.0,206.5,111.0,223.5,-1.0,-1.0,89.0,207.5,85.0,223.5,-1.0,-1.0,105.0,242.5,101.0,268.5,99.0,292.5,91.0,241.5,86.0,267.5,82.0,289.5,-1.0,-1.0,88.0,195.5,99.0,195.5,91.0,196.5
86.0,197.5,98.0,207.5,106.0,207.5,111.0,223.5,-1.0,-1.0,89.0,207.5,85.0,223.5,-1.0,-1.0,105.0,242.5,101.0,268.5,99.0,292.5,91.0,241.5,85.0,268.5,81.0,291.5,-1.0,-1.0,87.0,196.5,99.0,195.5,91.0,196.5
-1.0,-1.0,97.0,207.5,106.0,207.5,111.0,221.5,-1.0,-1.0,88.0,207.5,86.0,224.5,-1.0,-1.0,104.0,242.5,101.0,268.5,99.0,292.5,90.0,242.5,85.0,268.5,80.0,291.5,-1.0,-1.0,-1.0,-1.0,98.0,195.5,90.0,196.5
-1.0,-1.0,96.0,207.5,105.0,206.5,111.0,220.5,-1.0,-1.0,87.0,207.5,84.0,225.5,82.0,237.5,104.0,242.5,101.0,268.5,99.0,293.5,90.0,241.5,84.0,267.5,80.0,292.5,-1.0,-1.0,-1.0,-1.0,97.0,195.5,90.0,196.5
-1.0,-1.0,95.0,207.5,105.0,206.5,111.0,219.5,-1.0,-1.0,85.0,208.5,83.0,223.5,80.0,235.5,104.0,242.5,101.0,268.5,99.0,293.5,89.0,241.5,83.0,268.5,79.0,292.5,-1.0,-1.0,-1.0,-1.0,97.0,195.5,89.0,196.5
-1.0,-1.0,95.0,207.5,105.0,207.5,111.0,219.5,-1.0,-1.0,85.0,208.5,71.0,215.5,76.0,209.5,103.0,242.5,100.0,269.5,98.0,293.5,87.0,242.5,82.0,269.5,78.0,291.5,-1.0,-1.0,-1.0,-1.0,97.0,196.5,89.0,196.5
-1.0,-1.0,94.0,207.5,104.0,207.5,111.0,219.5,-1.0,-1.0,83.0,208.5,79.0,223.5,79.0,230.5,103.0,242.5,99.0,269.5,98.0,293.5,87.0,242.5,81.0,269.5,78.0,291.5,-1.0,-1.0,-1.0,-1.0,96.0,196.5,87.0,197.5
-1.0,-1.0,93.0,207.5,104.0,207.5,111.0,219.5,-1.0,-1.0,82.0,207.5,79.0,223.5,81.0,234.5,101.0,242.5,99.0,268.5,98.0,293.5,86.0,241.5,80.0,269.5,77.0,292.5,-1.0,-1.0,-1.0,-1.0,96.0,196.5,87.0,196.5
-1.0,-1.0,91.5,207.5,102.5,207.5,110.5,218.5,111.5,209.5,81.5,207.5,76.5,223.5,78.5,233.5,99.5,242.5,98.5,269.5,97.5,294.5,83.5,241.5,80.5,269.5,77.5,291.5,-1.0,-1.0,-1.0,-1.0,95.5,196.5,86.5,196.5
-1.0,-1.0,91.5,207.5,101.5,207.5,110.5,218.5,111.5,210.5,80.5,207.5,67.5,216.5,-1.0,-1.0,99.5,242.5,98.5,269.5,97.5,293.5,83.5,242.5,80.5,269.5,77.5,292.5,-1.0,-1.0,-1.0,-1.0,95.5,195.5,85.5,196.5
-1.0,-1.0,89.5,207.5,100.5,207.5,109.5,219.5,111.5,210.5,78.5,206.5,70.5,221.5,77.5,235.5,98.5,242.5,98.5,269.5,97.5,294.5,82.5,241.5,80.5,269.5,77.5,292.5,-1.0,-1.0,-1.0,-1.0,95.5,194.5,84.5,195.5
-1.0,-1.0,89.0,207.5,99.0,208.5,109.0,219.5,108.0,209.5,77.0,206.5,70.0,222.5,76.0,235.5,97.0,242.5,98.0,269.5,98.0,294.5,82.0,242.5,80.0,269.5,78.0,292.5,-1.0,-1.0,-1.0,-1.0,94.0,195.5,85.0,196.5
-1.0,-1.0,88.5,207.5,98.5,208.5,108.5,219.5,107.5,209.5,76.5,207.5,70.5,225.5,75.5,238.5,95.5,242.5,97.5,269.5,97.5,294.5,80.5,242.5,78.5,269.5,77.5,292.5,-1.0,-1.0,-1.0,-1.0,93.5,196.5,84.5,196.5
-1.0,-1.0,86.5,207.5,97.5,207.5,107.5,219.5,107.5,209.5,75.5,207.5,70.5,224.5,73.5,235.5,94.5,242.5,97.5,268.5,97.5,294.5,79.5,242.5,78.5,269.5,77.5,292.5,-1.0,-1.0,-1.0,-1.0,92.5,195.5,82.5,196.5
-1.0,-1.0,85.0,207.5,96.0,207.5,107.0,219.5,107.0,209.5,74.0,207.5,70.0,224.5,73.0,235.5,94.0,243.5,97.0,269.5,99.0,294.5,78.0,242.5,78.0,269.5,77.0,292.5,-1.0,-1.0,-1.0,-1.0,92.0,195.5,82.0,196.5
-1.0,-1.0,84.5,207.5,94.5,207.5,105.5,218.5,105.5,208.5,73.5,207.5,69.5,225.5,71.5,235.5,92.5,242.5,96.5,269.5,99.5,294.5,77.5,242.5,77.5,269.5,77.5,292.5,-1.0,-1.0,-1.0,-1.0,90.5,196.5,80.5,196.5
-1.0,-1.0,83.71717071533203,207.68359375,93.81817626953125,206.67578125,104.92929077148438,218.76953125,102.90908813476562,206.67578125,73.61616516113281,207.68359375,68.56565856933594,225.82421875,73.61616516113281,234.89453125,91.7979736328125,241.94921875,95.83837890625,269.16015625,98.86868286132812,293.34765625,76.6464614868164,241.94921875,77.65656280517578,269.16015625,76.6464614868164,292.33984375,-1.0,-1.0,-1.0,-1.0,89.77777862548828,195.58984375,80.6868667602539,196.59765625
-1.0,-1.0,83.21649169921875,207.68359375,93.31958770751953,206.67578125,104.4329833984375,217.76171875,102.41236877441406,206.67578125,73.1134033203125,207.68359375,68.06185913085938,225.82421875,73.1134033203125,235.90234375,91.29896545410156,241.94921875,95.34020233154297,268.15234375,98.37113189697266,291.33203125,76.14433288574219,241.94921875,77.1546401977539,269.16015625,77.1546401977539,290.32421875,-1.0,-1.0,-1.0,-1.0,89.27835083007812,195.58984375,80.18556213378906,196.59765625
-1.0,-1.0,82.71717071533203,207.68359375,92.81817626953125,206.67578125,103.92929077148438,218.76953125,101.90908813476562,206.67578125,72.61616516113281,207.68359375,67.56565856933594,225.82421875,72.61616516113281,235.90234375,89.78787994384766,241.94921875,94.83837890625,268.15234375,97.86868286132812,291.33203125,75.6464614868164,241.94921875,76.65656280517578,269.16015625,76.65656280517578,291.33203125,-1.0,-1.0,-1.0,-1.0,88.77777862548828,195.58984375,79.6868667602539,196.59765625
-1.0,-1.0,82.71717071533203,207.68359375,91.80807495117188,206.67578125,102.919189453125,218.76953125,102.919189453125,206.67578125,71.60606384277344,207.68359375,67.56565856933594,225.82421875,71.60606384277344,235.90234375,89.78787994384766,241.94921875,93.82827758789062,267.14453125,96.85858154296875,290.32421875,75.6464614868164,241.94921875,76.65656280517578,268.15234375,76.65656280517578,291.33203125,-1.0,-1.0,-1.0,-1.0,88.77777862548828,195.58984375,79.6868667602539,195.58984375
-1.0,-1.0,82.21649169921875,207.68359375,91.30928039550781,206.67578125,102.42267608642578,218.76953125,102.42267608642578,206.67578125,72.1134033203125,207.68359375,67.06185913085938,224.81640625,72.1134033203125,235.90234375,89.28865814208984,241.94921875,93.32989501953125,268.15234375,96.36082458496094,290.32421875,75.14433288574219,241.94921875,76.1546401977539,268.15234375,76.1546401977539,291.33203125,-1.0,-1.0,-1.0,-1.0,88.27835083007812,195.58984375,79.18556213378906,195.58984375
-1.0,-1.0,81.71717071533203,206.67578125,90.80807495117188,206.67578125,102.92929077148438,218.76953125,101.919189453125,207.68359375,71.61616516113281,207.68359375,66.56565856933594,224.81640625,70.60606384277344,234.89453125,88.78787994384766,241.94921875,92.82827758789062,268.15234375,96.86868286132812,291.33203125,74.6464614868164,241.94921875,75.65656280517578,268.15234375,76.66666412353516,292.33984375,-1.0,-1.0,-1.0,-1.0,88.78787994384766,195.58984375,79.69696807861328,195.58984375
-1.0,-1.0,81.71717071533203,206.67578125,90.80807495117188,206.67578125,102.92929077148438,218.76953125,100.90908813476562,206.67578125,71.61616516113281,207.68359375,66.56565856933594,224.81640625,71.61616516113281,234.89453125,87.77777862548828,241.94921875,92.82827758789062,267.14453125,94.84848022460938,289.31640625,74.6464614868164,240.94140625,75.65656280517578,268.15234375,76.66666412353516,291.33203125,-1.0,-1.0,-1.0,-1.0,88.78787994384766,195.58984375,78.6868667602539,195.58984375
-1.0,-1.0,81.21649169921875,206.67578125,90.30928039550781,206.67578125,102.4329833984375,218.76953125,100.41236877441406,206.67578125,71.1134033203125,207.68359375,67.0721664428711,224.81640625,71.1134033203125,234.89453125,88.28865814208984,241.94921875,92.32989501953125,268.15234375,94.35050964355469,292.33984375,74.14433288574219,241.94921875,76.16494750976562,268.15234375,77.17525482177734,293.34765625,-1.0,-1.0,-1.0,-1.0,88.28865814208984,196.59765625,79.19587707519531,196.59765625
-1.0,-1.0,80.71717071533203,206.67578125,90.81817626953125,206.67578125,101.92929077148438,218.76953125,98.89898681640625,207.68359375,70.61616516113281,207.68359375,66.57575988769531,224.81640625,71.62625885009766,234.89453125,87.78787994384766,241.94921875,92.83837890625,268.15234375,93.84848022460938,291.33203125,73.6464614868164,241.94921875,75.66666412353516,268.15234375,77.6868667602539,292.33984375,-1.0,-1.0,-1.0,-1.0,87.78787994384766,196.59765625,78.69696807861328,196.59765625
-1.0,-1.0,80.71717071533203,206.67578125,90.81817626953125,206.67578125,101.92929077148438,218.76953125,98.89898681640625,207.68359375,70.61616516113281,207.68359375,66.57575988769531,224.81640625,71.62625885009766,234.89453125,87.78787994384766,240.94140625,91.82827758789062,268.15234375,92.83837890625,291.33203125,73.6464614868164,240.94140625,75.66666412353516,268.15234375,78.69696807861328,291.33203125,-1.0,-1.0,-1.0,-1.0,87.78787994384766,195.58984375,78.69696807861328,195.58984375
-1.0,-1.0,80.21649169921875,206.67578125,90.31958770751953,206.67578125,101.4329833984375,218.76953125,99.41236877441406,206.67578125,71.12371063232422,207.68359375,66.0721664428711,225.82421875,71.12371063232422,235.90234375,88.29896545410156,241.94921875,91.32989501953125,268.15234375,92.34020233154297,291.33203125,74.1546401977539,240.94140625,75.16494750976562,268.15234375,77.18556213378906,291.33203125,-1.0,-1.0,-1.0,-1.0,88.29896545410156,195.58984375,78.19587707519531,195.58984375
-1.0,-1.0,80.7272720336914,206.67578125,89.81817626953125,206.67578125,101.93939208984375,218.76953125,101.93939208984375,209.69921875,70.62625885009766,207.68359375,66.58586120605469,225.82421875,71.63636016845703,235.90234375,87.7979736328125,241.94921875,90.82827758789062,268.15234375,91.83837890625,291.33203125,73.65656280517578,240.94140625,75.67676544189453,268.15234375,77.69696807861328,291.33203125,-1.0,-1.0,-1.0,-1.0,87.7979736328125,195.58984375,78.70706939697266,194.58203125
-1.0,-1.0,80.7272720336914,206.67578125,89.81817626953125,206.67578125,101.93939208984375,218.76953125,101.93939208984375,208.69140625,70.62625885009766,207.68359375,66.58586120605469,225.82421875,71.63636016845703,235.90234375,87.7979736328125,241.94921875,90.82827758789062,268.15234375,91.83837890625,291.33203125,73.65656280517578,240.94140625,75.67676544189453,267.14453125,77.69696807861328,291.33203125,-1.0,-1.0,-1.0,-1.0,87.7979736328125,195.58984375,78.70706939697266,194.58203125
-1.0,-1.0,80.7272720336914,206.67578125,89.81817626953125,206.67578125,101.93939208984375,217.76171875,99.919189453125,206.67578125,70.62625885009766,207.68359375,66.58586120605469,225.82421875,71.63636016845703,235.90234375,87.7979736328125,241.94921875,90.82827758789062,267.14453125,91.83837890625,291.33203125,73.65656280517578,240.94140625,75.67676544189453,267.14453125,76.6868667602539,291.33203125,-1.0,-1.0,-1.0,-1.0,87.7979736328125,195.58984375,79.71717071533203,195.58984375
-1.0,-1.0,81.0,206.5,90.0,206.5,102.0,218.5,101.0,206.5,71.0,207.5,67.0,224.5,71.0,235.5,88.0,241.5,90.0,267.5,92.0,290.5,74.0,241.5,76.0,268.5,77.0,292.5,-1.0,-1.0,-1.0,-1.0,88.0,195.5,79.0,194.5
-1.0,-1.0,81.0,206.5,90.0,206.5,102.0,218.5,101.0,206.5,71.0,207.5,67.0,224.5,71.0,235.5,88.0,242.5,90.0,267.5,92.0,291.5,74.0,241.5,76.0,268.5,77.0,292.5,-1.0,-1.0,-1.0,-1.0,88.0,195.5,79.0,194.5
-1.0,-1.0,80.5,206.5,90.5,206.5,102.5,218.5,100.5,206.5,70.5,207.5,66.5,224.5,71.5,235.5,88.5,241.5,90.5,267.5,91.5,290.5,74.5,241.5,75.5,268.5,77.5,292.5,-1.0,-1.0,-1.0,-1.0,87.5,195.5,78.5,195.5
-1.0,-1.0,81.5,206.5,90.5,206.5,102.5,217.5,101.5,206.5,70.5,207.5,67.5,224.5,71.5,235.5,88.5,241.5,90.5,267.5,91.5,290.5,74.5,241.5,76.5,267.5,77.5,292.5,-1.0,-1.0,-1.0,-1.0,87.5,195.5,79.5,195.5
-1.0,-1.0,81.5,206.5,91.5,206.5,102.5,217.5,100.5,206.5,71.5,207.5,67.5,224.5,71.5,235.5,88.5,242.5,90.5,267.5,91.5,291.5,74.5,241.5,76.5,268.5,77.5,292.5,-1.0,-1.0,-1.0,-1.0,88.5,195.5,79.5,194.5
-1.0,-1.0,81.5,206.5,91.5,206.5,103.5,217.5,101.5,206.5,71.5,207.5,67.5,224.5,71.5,235.5,88.5,241.5,90.5,267.5,92.5,291.5,74.5,241.5,76.5,267.5,77.5,292.5,-1.0,-1.0,-1.0,-1.0,88.5,195.5,79.5,194.5
-1.0,-1.0,81.5,206.5,91.5,206.5,103.5,217.5,101.5,206.5,71.5,207.5,67.5,224.5,71.5,235.5,89.5,241.5,90.5,267.5,92.5,291.5,75.5,241.5,76.5,267.5,77.5,292.5,-1.0,-1.0,-1.0,-1.0,88.5,195.5,79.5,194.5
-1.0,-1.0,81.5,206.5,91.5,206.5,103.5,217.5,102.5,206.5,71.5,207.5,68.5,225.5,71.5,235.5,89.5,241.5,90.5,267.5,92.5,291.5,75.5,241.5,76.5,267.5,77.5,292.5,-1.0,-1.0,-1.0,-1.0,89.5,195.5,80.5,194.5
-1.0,-1.0,82.5,206.5,91.5,206.5,103.5,217.5,101.5,206.5,71.5,207.5,68.5,224.5,72.5,236.5,89.5,241.5,90.5,267.5,92.5,291.5,75.5,241.5,76.5,267.5,78.5,292.5,-1.0,-1.0,-1.0,-1.0,89.5,195.5,80.5,194.5
-1.0,-1.0,82.5,206.5,91.5,206.5,103.5,217.5,101.5,206.5,72.5,207.5,68.5,224.5,72.5,235.5,90.5,241.5,90.5,267.5,92.5,291.5,75.5,241.5,77.5,267.5,77.5,292.5,-1.0,-1.0,-1.0,-1.0,89.5,195.5,80.5,194.5
-1.0,-1.0,82.5,206.5,92.5,206.5,104.5,217.5,101.5,206.5,72.5,207.5,69.5,224.5,73.5,236.5,90.5,241.5,90.5,267.5,92.5,291.5,76.5,242.5,77.5,267.5,77.5,292.5,-1.0,-1.0,-1.0,-1.0,89.5,195.5,80.5,194.5
-1.0,-1.0,83.0,206.5,93.0,206.5,104.0,217.5,102.0,206.5,73.0,207.5,69.0,224.5,74.0,236.5,91.0,242.5,91.0,268.5,93.0,291.5,77.0,242.5,77.0,268.5,78.0,292.5,-1.0,-1.0,-1.0,-1.0,90.0,195.5,81.0,194.5
-1.0,-1.0,83.0,206.5,93.0,206.5,104.0,217.5,102.0,206.5,73.0,207.5,70.0,224.5,74.0,236.5,91.0,242.5,91.0,268.5,92.0,291.5,77.0,242.5,77.0,268.5,78.0,292.5,-1.0,-1.0,-1.0,-1.0,90.0,195.5,81.0,194.5
-1.0,-1.0,83.5,206.5,93.5,206.5,104.5,217.5,102.5,206.5,72.5,207.5,69.5,224.5,73.5,235.5,91.5,242.5,90.5,268.5,91.5,291.5,76.5,241.5,77.5,268.5,77.5,292.5,-1.0,-1.0,-1.0,-1.0,89.5,195.5,80.5,195.5
-1.0,-1.0,83.5,206.5,93.5,206.5,104.5,217.5,102.5,206.5,72.5,207.5,69.5,224.5,73.5,236.5,91.5,242.5,90.5,268.5,91.5,291.5,77.5,242.5,77.5,268.5,77.5,292.5,-1.0,-1.0,-1.0,-1.0,90.5,195.5,81.5,194.5
-1.0,-1.0,83.5,206.5,93.5,206.5,104.5,217.5,102.5,206.5,73.5,207.5,69.5,224.5,73.5,236.5,91.5,242.5,90.5,268.5,90.5,291.5,77.5,242.5,77.5,268.5,77.5,292.5,-1.0,-1.0,-1.0,-1.0,90.5,195.5,81.5,194.5
-1.0,-1.0,83.5,206.5,93.5,206.5,105.5,217.5,102.5,206.5,73.5,207.5,70.5,224.5,73.5,236.5,91.5,241.5,90.5,268.5,90.5,291.5,77.5,241.5,77.5,267.5,77.5,291.5,-1.0,-1.0,-1.0,-1.0,90.5,195.5,81.5,195.5
-1.0,-1.0,83.5,206.5,93.5,206.5,105.5,217.5,102.5,206.5,73.5,206.5,70.5,224.5,73.5,236.5,91.5,241.5,90.5,268.5,90.5,291.5,77.5,241.5,77.5,267.5,77.5,291.5,-1.0,-1.0,-1.0,-1.0,90.5,195.5,81.5,194.5
-1.0,-1.0,84.5,206.5,93.5,206.5,105.5,217.5,102.5,206.5,73.5,206.5,70.5,224.5,73.5,236.5,91.5,241.5,91.5,268.5,90.5,291.5,77.5,241.5,77.5,268.5,77.5,292.5,-1.0,-1.0,-1.0,-1.0,90.5,195.5,81.5,194.5
-1.0,-1.0,84.74747467041016,206.66796875,93.83837890625,206.66796875,104.94949340820312,217.75390625,102.92929077148438,206.66796875,73.63636016845703,206.66796875,70.60606384277344,224.80859375,73.63636016845703,235.89453125,91.81817626953125,241.94140625,90.80807495117188,268.14453125,90.80807495117188,291.32421875,77.67676544189453,240.93359375,77.67676544189453,268.14453125,77.67676544189453,291.32421875,-1.0,-1.0,-1.0,-1.0,90.80807495117188,195.58203125,81.71717071533203,194.57421875
-1.0,-1.0,84.74747467041016,206.66796875,93.83837890625,206.66796875,104.94949340820312,217.75390625,102.92929077148438,206.66796875,73.63636016845703,206.66796875,70.60606384277344,224.80859375,73.63636016845703,235.89453125,91.81817626953125,241.94140625,90.80807495117188,268.14453125,90.80807495117188,291.32421875,77.67676544189453,240.93359375,77.67676544189453,268.14453125,77.67676544189453,291.32421875,-1.0,-1.0,-1.0,-1.0,90.80807495117188,195.58203125,81.71717071533203,194.57421875
-1.0,-1.0,84.23711395263672,206.66796875,94.34020233154297,206.66796875,105.45360565185547,217.75390625,103.4329833984375,206.66796875,74.13401794433594,206.66796875,71.10308837890625,223.80078125,74.13401794433594,235.89453125,92.31958770751953,241.94140625,91.30928039550781,268.14453125,91.30928039550781,291.32421875,78.17525482177734,241.94140625,77.16494750976562,268.14453125,77.16494750976562,291.32421875,-1.0,-1.0,-1.0,-1.0,91.30928039550781,194.57421875,82.21649169921875,194.57421875
-1.0,-1.0,85.24742126464844,206.66796875,94.34020233154297,205.66015625,104.44329833984375,217.75390625,103.4329833984375,206.66796875,74.13401794433594,206.66796875,71.10308837890625,223.80078125,74.13401794433594,235.89453125,92.31958770751953,241.94140625,91.30928039550781,268.14453125,91.30928039550781,291.32421875,78.17525482177734,241.94140625,77.16494750976562,268.14453125,77.16494750976562,291.32421875,-1.0,-1.0,-1.0,-1.0,91.30928039550781,195.58203125,82.21649169921875,194.57421875
-1.0,-1.0,84.73737335205078,206.66796875,94.83837890625,206.66796875,105.94949340820312,217.75390625,108.97979736328125,211.70703125,74.63636016845703,206.66796875,70.59596252441406,223.80078125,74.63636016845703,235.89453125,92.81817626953125,241.94140625,91.80807495117188,268.14453125,90.7979736328125,291.32421875,77.66666412353516,241.94140625,77.66666412353516,268.14453125,77.66666412353516,291.32421875,-1.0,-1.0,-1.0,-1.0,91.80807495117188,195.58203125,81.70706939697266,195.58203125
-1.0,-1.0,84.73737335205078,206.66796875,94.83837890625,206.66796875,105.94949340820312,217.75390625,108.97979736328125,211.70703125,74.63636016845703,206.66796875,70.59596252441406,224.80859375,74.63636016845703,236.90234375,92.81817626953125,242.94921875,91.80807495117188,268.14453125,90.7979736328125,291.32421875,78.67676544189453,241.94140625,77.66666412353516,268.14453125,77.66666412353516,291.32421875,-1.0,-1.0,-1.0,-1.0,91.80807495117188,194.57421875,81.70706939697266,194.57421875
-1.0,-1.0,84.73737335205078,206.66796875,94.83837890625,206.66796875,105.94949340820312,217.75390625,108.97979736328125,211.70703125,74.63636016845703,206.66796875,70.59596252441406,223.80078125,74.63636016845703,236.90234375,92.81817626953125,241.94140625,91.80807495117188,268.14453125,90.7979736328125,291.32421875,78.67676544189453,241.94140625,77.66666412353516,268.14453125,77.66666412353516,291.32421875,-1.0,-1.0,-1.0,-1.0,91.80807495117188,195.58203125,81.70706939697266,195.58203125
-1.0,-1.0,84.73737335205078,206.66796875,94.83837890625,206.66796875,105.94949340820312,217.75390625,108.97979736328125,212.71484375,74.63636016845703,206.66796875,70.59596252441406,223.80078125,74.63636016845703,236.90234375,92.81817626953125,241.94140625,91.80807495117188,268.14453125,90.7979736328125,291.32421875,78.67676544189453,241.94140625,77.66666412353516,268.14453125,77.66666412353516,291.32421875,-1.0,-1.0,-1.0,-1.0,91.80807495117188,195.58203125,81.70706939697266,195.58203125
-1.0,-1.0,84.73737335205078,206.66796875,94.83837890625,206.66796875,105.94949340820312,217.75390625,107.96969604492188,210.69921875,74.63636016845703,206.66796875,70.59596252441406,224.80859375,74.63636016845703,236.90234375,92.81817626953125,242.94921875,91.80807495117188,268.14453125,91.80807495117188,291.32421875,78.67676544189453,241.94140625,77.66666412353516,268.14453125,77.66666412353516,291.32421875,-1.0,-1.0,-1.0,-1.0,92.81817626953125,194.57421875,81.70706939697266,194.57421875
-1.0,-1.0,85.74747467041016,206.66796875,94.83837890625,206.66796875,105.94949340820312,217.75390625,108.97979736328125,211.70703125,74.63636016845703,206.66796875,70.59596252441406,224.80859375,74.63636016845703,236.90234375,92.81817626953125,241.94140625,91.80807495117188,268.14453125,91.80807495117188,291.32421875,78.67676544189453,241.94140625,77.66666412353516,268.14453125,77.66666412353516,291.32421875,-1.0,-1.0,-1.0,-1.0,91.80807495117188,195.58203125,82.71717071533203,194.57421875
-1.0,-1.0,85.74747467041016,206.66796875,94.83837890625,206.66796875,105.94949340820312,217.75390625,108.97979736328125,211.70703125,74.63636016845703,206.66796875,70.59596252441406,224.80859375,74.63636016845703,236.90234375,92.81817626953125,241.94140625,91.80807495117188,268.14453125,91.80807495117188,290.31640625,78.67676544189453,241.94140625,77.66666412353516,268.14453125,77.66666412353516,291.32421875,-1.0,-1.0,-1.0,-1.0,91.80807495117188,195.58203125,81.70706939697266,195.58203125
-1.0,-1.0,85.74747467041016,206.66796875,94.83837890625,206.66796875,105.94949340820312,217.75390625,108.97979736328125,211.70703125,74.63636016845703,206.66796875,71.60606384277344,224.80859375,74.63636016845703,236.90234375,92.81817626953125,241.94140625,91.80807495117188,268.14453125,91.80807495117188,290.31640625,78.67676544189453,241.94140625,77.66666412353516,268.14453125,77.66666412353516,291.32421875,-1.0,-1.0,-1.0,-1.0,91.80807495117188,195.58203125,82.71717071533203,194.57421875
-1.0,-1.0,85.74747467041016,206.66796875,94.83837890625,206.66796875,105.94949340820312,217.75390625,-1.0,-1.0,74.63636016845703,206.66796875,71.60606384277344,224.80859375,74.63636016845703,236.90234375,92.81817626953125,241.94140625,91.80807495117188,268.14453125,91.80807495117188,290.31640625,78.67676544189453,241.94140625,77.66666412353516,268.14453125,77.66666412353516,291.32421875,-1.0,-1.0,-1.0,-1.0,91.80807495117188,195.58203125,82.71717071533203,194.57421875
-1.0,-1.0,85.74747467041016,206.66796875,95.84848022460938,206.66796875,105.94949340820312,217.75390625,103.92929077148438,206.66796875,74.63636016845703,206.66796875,71.60606384277344,223.80078125,74.63636016845703,236.90234375,92.81817626953125,241.94140625,91.80807495117188,268.14453125,91.80807495117188,290.31640625,78.67676544189453,241.94140625,77.66666412353516,267.13671875,77.66666412353516,291.32421875,-1.0,-1.0,-1.0,-1.0,91.80807495117188,195.58203125,82.71717071533203,194.57421875
-1.0,-1.0,85.74747467041016,206.66796875,95.84848022460938,206.66796875,105.94949340820312,217.75390625,103.92929077148438,206.66796875,74.63636016845703,206.66796875,71.60606384277344,223.80078125,75.6464614868164,236.90234375,92.81817626953125,241.94140625,91.80807495117188,268.14453125,91.80807495117188,290.31640625,78.67676544189453,241.94140625,77.66666412353516,267.13671875,77.66666412353516,291.32421875,-1.0,-1.0,-1.0,-1.0,91.80807495117188,195.58203125,82.71717071533203,195.58203125
-1.0,-1.0,85.74747467041016,206.66796875,95.84848022460938,206.66796875,105.94949340820312,217.75390625,103.92929077148438,206.66796875,74.63636016845703,206.66796875,69.58586120605469,220.77734375,75.6464614868164,239.92578125,92.81817626953125,241.94140625,91.80807495117188,268.14453125,91.80807495117188,290.31640625,78.67676544189453,241.94140625,78.67676544189453,268.14453125,78.67676544189453,290.31640625,-1.0,-1.0,-1.0,-1.0,91.80807495117188,195.58203125,82.71717071533203,195.58203125
-1.0,-1.0,85.74747467041016,206.66796875,95.84848022460938,206.66796875,105.94949340820312,217.75390625,107.96969604492188,210.69921875,74.63636016845703,206.66796875,70.59596252441406,221.78515625,79.6868667602539,220.77734375,92.81817626953125,241.94140625,91.80807495117188,268.14453125,91.80807495117188,290.31640625,78.67676544189453,241.94140625,78.67676544189453,268.14453125,78.67676544189453,290.31640625,-1.0,-1.0,-1.0,-1.0,91.80807495117188,195.58203125,82.71717071533203,194.57421875
-1.0,-1.0,85.74747467041016,206.66796875,95.84848022460938,206.66796875,105.94949340820312,217.75390625,103.92929077148438,206.66796875,74.63636016845703,206.66796875,68.57575988769531,222.79296875,-1.0,-1.0,92.81817626953125,241.94140625,91.80807495117188,267.13671875,90.7979736328125,290.31640625,78.67676544189453,241.94140625,79.6868667602539,267.13671875,82.71717071533203,290.31640625,-1.0,-1.0,-1.0,-1.0,92.81817626953125,195.58203125,83.7272720336914,194.57421875
-1.0,-1.0,85.74747467041016,206.66796875,95.84848022460938,206.66796875,105.94949340820312,217.75390625,103.92929077148438,206.66796875,74.63636016845703,206.66796875,69.58586120605469,220.77734375,-1.0,-1.0,92.81817626953125,239.92578125,91.80807495117188,266.12890625,90.7979736328125,289.30859375,79.6868667602539,239.92578125,81.70706939697266,264.11328125,82.71717071533203,285.27734375,-1.0,-1.0,-1.0,-1.0,92.81817626953125,195.58203125,83.7272720336914,194.57421875
-1.0,-1.0,86.75757598876953,206.66796875,95.84848022460938,206.66796875,105.94949340820312,217.75390625,104.93939208984375,207.67578125,76.65656280517578,205.66015625,73.62625885009766,220.77734375,-1.0,-1.0,92.81817626953125,239.92578125,91.80807495117188,267.13671875,89.78787994384766,291.32421875,80.69696807861328,239.92578125,83.7272720336914,265.12109375,84.73737335205078,289.30859375,-1.0,-1.0,-1.0,-1.0,92.81817626953125,194.57421875,83.7272720336914,194.57421875
