418.20001220703125,196.7421875,418.20001220703125,206.3046875,411.79998779296875,206.3046875,409.3999938964844,219.0546875,416.6000061035156,212.6796875,424.6000061035156,206.3046875,428.6000061035156,218.2578125,423.79998779296875,215.8671875,415.0,226.2265625,-1.0,-1.0,-1.0,-1.0,423.79998779296875,225.4296875,-1.0,-1.0,-1.0,-1.0,416.6000061035156,195.1484375,419.79998779296875,195.1484375,414.20001220703125,196.7421875,422.20001220703125,195.9453125
419.3737487792969,196.08203125,419.3737487792969,206.54296875,412.9090881347656,206.54296875,409.6767578125,219.41796875,418.5656433105469,212.98046875,426.6464538574219,206.54296875,430.6868591308594,219.41796875,436.34344482421875,215.39453125,416.14141845703125,229.07421875,-1.0,-1.0,-1.0,-1.0,425.0303039550781,229.07421875,-1.0,-1.0,-1.0,-1.0,417.757568359375,194.47265625,420.9898986816406,194.47265625,415.3333435058594,196.88671875,423.4141540527344,196.08203125
420.4902038574219,196.08203125,420.4902038574219,206.54296875,414.058837890625,206.54296875,410.8431396484375,219.41796875,418.8823547363281,213.78515625,426.92156982421875,205.73828125,431.7450866699219,219.41796875,436.5686340332031,215.39453125,417.2745056152344,228.26953125,415.6666564941406,255.62890625,-1.0,-1.0,426.1176452636719,227.46484375,426.92156982421875,259.65234375,-1.0,-1.0,418.8823547363281,194.47265625,422.0980529785156,193.66796875,416.4705810546875,196.08203125,424.5097961425781,195.27734375
421.4902038574219,195.27734375,421.4902038574219,205.73828125,414.2549133300781,206.54296875,412.6470642089844,218.61328125,419.8823547363281,212.98046875,427.92156982421875,205.73828125,432.7450866699219,218.61328125,438.37255859375,215.39453125,418.2745056152344,230.68359375,416.6666564941406,259.65234375,413.45098876953125,271.72265625,427.92156982421875,231.48828125,427.92156982421875,259.65234375,427.1176452636719,270.11328125,419.8823547363281,193.66796875,423.0980529785156,193.66796875,417.4705810546875,196.08203125,425.5097961425781,194.47265625
422.67327880859375,195.40625,422.67327880859375,205.15625,416.17822265625,205.15625,412.9306945800781,216.53125,420.23760986328125,212.46875,429.1683044433594,205.15625,433.22772216796875,218.15625,438.910888671875,216.53125,418.6138610839844,227.09375,417.8019714355469,260.40625,-1.0,-1.0,427.5445556640625,227.90625,428.3564453125,256.34375,-1.0,-1.0,421.04949951171875,193.78125,423.4851379394531,193.78125,419.4257507324219,195.40625,426.732666015625,194.59375
423.45001220703125,194.53515625,423.45001220703125,204.37890625,416.8900146484375,205.19921875,413.6099853515625,216.68359375,420.989990234375,211.76171875,430.010009765625,205.19921875,434.92999267578125,218.32421875,440.66998291015625,215.04296875,419.3500061035156,225.70703125,-1.0,-1.0,-1.0,-1.0,428.3699951171875,224.06640625,-1.0,-1.0,-1.0,-1.0,421.80999755859375,192.89453125,425.0899963378906,192.89453125,420.1700134277344,195.35546875,427.54998779296875,193.71484375
423.6300048828125,193.71484375,424.45001220703125,204.37890625,417.8900146484375,204.37890625,414.6099853515625,216.68359375,422.80999755859375,210.94140625,431.010009765625,204.37890625,436.75,219.14453125,441.66998291015625,214.22265625,420.3500061035156,225.70703125,-1.0,-1.0,-1.0,-1.0,430.19000244140625,225.70703125,-1.0,-1.0,-1.0,-1.0,421.989990234375,192.89453125,425.2699890136719,192.07421875,419.5299987792969,193.71484375,428.54998779296875,193.71484375
424.8080749511719,193.8359375,425.6363525390625,203.7734375,419.0101013183594,203.7734375,413.2121276855469,216.1953125,423.97979736328125,210.3984375,432.26263427734375,203.7734375,437.2323303222656,217.0234375,-1.0,-1.0,421.49493408203125,226.1328125,-1.0,-1.0,-1.0,-1.0,431.4343566894531,224.4765625,-1.0,-1.0,-1.0,-1.0,423.97979736328125,193.0078125,426.46466064453125,192.1796875,421.49493408203125,193.8359375,428.9494934082031,193.0078125
425.8080749511719,193.8359375,425.8080749511719,203.7734375,419.18182373046875,204.6015625,413.38385009765625,217.0234375,421.6666564941406,212.0546875,433.26263427734375,204.6015625,439.06060791015625,217.8515625,443.2020263671875,214.5390625,423.3232421875,226.9609375,-1.0,-1.0,-1.0,-1.0,433.26263427734375,225.3046875,-1.0,-1.0,-1.0,-1.0,424.1515197753906,192.1796875,427.46466064453125,192.1796875,421.6666564941406,193.8359375,429.9494934082031,193.0078125
426.4081726074219,193.95703125,427.2449035644531,204.82421875,419.71429443359375,204.82421875,414.6938781738281,217.36328125,423.06121826171875,211.51171875,434.7755126953125,204.82421875,439.7959289550781,218.19921875,442.3061218261719,215.69140625,422.2244873046875,229.06640625,-1.0,-1.0,-1.0,-1.0,433.93878173828125,228.23046875,-1.0,-1.0,-1.0,-1.0,424.73468017578125,192.28515625,427.2449035644531,192.28515625,422.2244873046875,193.95703125,430.5918273925781,193.12109375
426.5714416503906,193.95703125,428.2449035644531,203.98828125,420.71429443359375,204.82421875,416.5306091308594,217.36328125,426.5714416503906,209.83984375,434.93878173828125,204.82421875,439.9591979980469,217.36328125,442.4693908691406,216.52734375,424.06121826171875,226.55859375,-1.0,-1.0,-1.0,-1.0,434.10205078125,224.88671875,-1.0,-1.0,-1.0,-1.0,424.89794921875,193.12109375,428.2449035644531,192.28515625,423.2244873046875,193.95703125,431.5918273925781,193.12109375
427.7525634765625,194.765625,428.5979309082031,204.046875,421.8350524902344,204.890625,416.76287841796875,217.546875,423.5257873535156,212.484375,435.36083984375,204.890625,440.4329833984375,217.546875,442.96905517578125,215.859375,424.3711242675781,225.984375,-1.0,-1.0,-1.0,-1.0,434.5154724121094,225.984375,-1.0,-1.0,-1.0,-1.0,426.0618591308594,193.078125,429.44329833984375,192.234375,424.3711242675781,194.765625,431.9793701171875,193.921875
427.65625,194.05078125,429.3645935058594,205.12109375,422.53125,205.12109375,417.40625,219.59765625,424.2395935058594,212.78515625,437.0520935058594,205.97265625,442.1770935058594,218.74609375,444.7395935058594,216.19140625,424.2395935058594,228.96484375,422.53125,250.25390625,-1.0,-1.0,435.34375,228.96484375,434.4895935058594,250.25390625,-1.0,-1.0,426.8020935058594,192.34765625,429.3645935058594,192.34765625,424.2395935058594,194.05078125,432.78125,193.19921875
428.65625,194.90234375,430.3645935058594,205.97265625,422.6770935058594,205.97265625,418.40625,220.44921875,423.53125,216.19140625,438.0520935058594,205.97265625,442.3229064941406,219.59765625,441.46875,226.41015625,425.2395935058594,229.81640625,-1.0,-1.0,-1.0,-1.0,435.4895935058594,229.81640625,-1.0,-1.0,-1.0,-1.0,427.8020935058594,193.19921875,430.3645935058594,193.19921875,425.2395935058594,194.90234375,433.78125,194.05078125
429.8315734863281,195.0390625,431.5578918457031,205.3515625,424.6526184082031,205.3515625,420.33685302734375,219.1015625,425.5157775878906,216.5234375,439.3263244628906,206.2109375,444.5052490234375,219.1015625,446.2315673828125,218.2421875,426.3789367675781,227.6953125,-1.0,-1.0,-1.0,-1.0,437.6000061035156,227.6953125,-1.0,-1.0,-1.0,-1.0,428.1052551269531,193.3203125,431.5578918457031,193.3203125,426.3789367675781,195.0390625,434.1473693847656,193.3203125
430.1428527832031,195.0390625,431.8571472167969,205.3515625,425.0,206.2109375,421.5714416503906,219.1015625,426.71429443359375,215.6640625,439.5714416503906,205.3515625,444.71429443359375,219.1015625,450.71429443359375,214.8046875,427.5714416503906,227.6953125,422.4285583496094,242.3046875,-1.0,-1.0,438.71429443359375,227.6953125,437.8571472167969,244.8828125,-1.0,-1.0,428.4285583496094,194.1796875,431.8571472167969,193.3203125,426.71429443359375,195.8984375,435.28570556640625,194.1796875
430.28570556640625,195.8984375,432.8571472167969,206.2109375,426.0,206.2109375,421.71429443359375,219.9609375,426.8571472167969,215.6640625,439.71429443359375,206.2109375,444.8571472167969,218.2421875,448.28570556640625,220.8203125,427.71429443359375,228.5546875,423.4285583496094,244.8828125,-1.0,-1.0,438.8571472167969,227.6953125,438.8571472167969,244.8828125,-1.0,-1.0,429.4285583496094,194.1796875,432.8571472167969,194.1796875,427.71429443359375,195.8984375,436.28570556640625,195.0390625
431.1875,195.1875,433.8125,205.6875,425.9375,206.5625,422.4375,220.5625,425.9375,218.8125,440.8125,206.5625,445.1875,219.6875,446.0625,220.5625,428.5625,231.0625,427.6875,249.4375,-1.0,-1.0,439.9375,230.1875,438.1875,249.4375,-1.0,-1.0,430.3125,194.3125,432.9375,193.4375,427.6875,195.1875,436.4375,194.3125
431.3125,195.1875,433.9375,205.6875,426.0625,206.5625,422.5625,220.5625,426.9375,218.8125,441.8125,206.5625,446.1875,219.6875,-1.0,-1.0,428.6875,234.5625,429.5625,252.0625,-1.0,-1.0,440.9375,233.6875,438.3125,252.0625,-1.0,-1.0,431.3125,193.4375,433.9375,193.4375,427.8125,195.1875,437.4375,194.3125
432.7021179199219,195.1875,434.4468078613281,205.6875,426.5957336425781,205.6875,422.2340393066406,219.6875,426.5957336425781,219.6875,442.2978820800781,205.6875,446.6595764160156,219.6875,-1.0,-1.0,428.3404235839844,236.3125,429.2127685546875,255.5625,-1.0,-1.0,441.425537109375,236.3125,440.5531921386719,252.9375,-1.0,-1.0,430.95745849609375,193.4375,434.4468078613281,192.5625,429.2127685546875,195.1875,438.8085021972656,193.4375
433.8709716796875,195.33203125,435.6343994140625,205.92578125,427.69891357421875,205.92578125,424.17205810546875,220.05078125,427.69891357421875,219.16796875,443.56988525390625,205.92578125,449.741943359375,219.16796875,454.1505432128906,216.51953125,430.3440856933594,234.17578125,431.2257995605469,251.83203125,-1.0,-1.0,442.68817138671875,232.41015625,441.80645751953125,250.06640625,-1.0,-1.0,432.9892578125,193.56640625,435.6343994140625,192.68359375,430.3440856933594,195.33203125,439.1612854003906,193.56640625
435.2420959472656,194.44921875,436.1263122558594,205.04296875,428.1684265136719,205.92578125,425.5157775878906,220.05078125,429.93682861328125,218.28515625,444.0841979980469,205.04296875,449.38946533203125,218.28515625,453.8105163574219,217.40234375,432.5894775390625,232.41015625,436.1263122558594,253.59765625,-1.0,-1.0,444.0841979980469,231.52734375,442.3157958984375,251.83203125,-1.0,-1.0,433.47369384765625,193.56640625,437.0105285644531,192.68359375,430.821044921875,195.33203125,440.54736328125,193.56640625
435.258056640625,194.62109375,437.9677429199219,205.40234375,429.8387145996094,205.40234375,426.2257995605469,220.67578125,430.741943359375,216.18359375,446.0967712402344,205.40234375,451.51611328125,218.87890625,456.0322570800781,217.08203125,434.3548278808594,233.25390625,437.06451416015625,256.61328125,435.258056640625,272.78515625,445.19354248046875,232.35546875,445.19354248046875,253.01953125,440.67742919921875,282.66796875,434.3548278808594,192.82421875,437.06451416015625,192.82421875,431.6451721191406,194.62109375,441.5806579589844,193.72265625
436.258056640625,193.72265625,438.9677429199219,205.40234375,429.93548583984375,205.40234375,427.2257995605469,221.57421875,430.8387145996094,217.98046875,448.0,205.40234375,453.4193420410156,218.87890625,-1.0,-1.0,435.3548278808594,234.15234375,438.9677429199219,257.51171875,440.7742004394531,279.07421875,447.0967712402344,234.15234375,447.0967712402344,256.61328125,442.5806579589844,275.48046875,435.3548278808594,192.82421875,438.9677429199219,191.92578125,433.54840087890625,194.62109375,441.67742919921875,192.82421875
437.258056640625,193.72265625,439.9677429199219,205.40234375,430.93548583984375,205.40234375,427.32257080078125,220.67578125,433.6451721191406,217.08203125,449.0,205.40234375,454.4193420410156,218.87890625,458.0322570800781,213.48828125,436.3548278808594,235.05078125,439.06451416015625,258.41015625,442.67742919921875,281.76953125,448.0967712402344,234.15234375,446.2903137207031,259.30859375,443.5806579589844,278.17578125,436.3548278808594,192.82421875,439.06451416015625,191.92578125,433.6451721191406,193.72265625,442.67742919921875,192.82421875
439.1612854003906,194.765625,440.9677429199219,204.734375,431.93548583984375,205.640625,430.1290283203125,220.140625,436.45159912109375,212.890625,449.0967712402344,205.640625,455.4193420410156,219.234375,461.741943359375,232.828125,436.45159912109375,236.453125,438.258056640625,260.921875,-1.0,-1.0,449.0967712402344,236.453125,449.0967712402344,260.015625,-1.0,-1.0,437.3548278808594,193.859375,440.9677429199219,192.953125,435.54840087890625,194.765625,443.67742919921875,193.859375
441.06451416015625,194.765625,441.06451416015625,205.640625,432.0322570800781,205.640625,429.32257080078125,221.953125,432.0322570800781,220.140625,450.0967712402344,205.640625,457.32257080078125,221.046875,463.6451721191406,236.453125,437.45159912109375,237.359375,438.3548278808594,262.734375,438.3548278808594,279.046875,450.0967712402344,237.359375,451.9032287597656,260.015625,450.0967712402344,279.046875,438.3548278808594,193.859375,441.9677429199219,192.953125,435.6451721191406,194.765625,444.67742919921875,193.859375
441.1612854003906,194.765625,442.06451416015625,205.640625,433.0322570800781,205.640625,430.32257080078125,221.953125,433.93548583984375,218.328125,450.19354248046875,204.734375,456.51611328125,219.234375,462.8387145996094,231.921875,437.54840087890625,235.546875,438.45159912109375,260.015625,-1.0,-1.0,450.19354248046875,235.546875,452.9032287597656,258.203125,-1.0,-1.0,439.3548278808594,192.953125,442.9677429199219,192.046875,436.6451721191406,194.765625,445.67742919921875,192.953125
441.56988525390625,194.0546875,442.49462890625,206.0390625,434.17205810546875,206.0390625,431.3978576660156,222.6328125,439.7204284667969,218.0234375,451.741943359375,205.1171875,458.2150573730469,218.9453125,460.9892578125,212.4921875,437.8709716796875,236.4609375,438.7956848144531,262.2734375,440.6451721191406,282.5546875,451.741943359375,236.4609375,454.51611328125,260.4296875,454.51611328125,280.7109375,439.7204284667969,193.1328125,443.4193420410156,192.2109375,436.94622802734375,194.0546875,447.1182861328125,193.1328125
442.56988525390625,194.9765625,443.49462890625,206.0390625,435.17205810546875,206.0390625,432.3978576660156,221.7109375,435.17205810546875,230.0078125,451.81719970703125,205.1171875,458.2903137207031,218.9453125,460.1397705078125,214.3359375,439.7956848144531,233.6953125,439.7956848144531,260.4296875,440.7204284667969,278.8671875,451.81719970703125,233.6953125,454.5914001464844,258.5859375,456.44085693359375,279.7890625,440.7204284667969,194.0546875,444.4193420410156,193.1328125,437.94622802734375,194.9765625,447.19354248046875,194.0546875
440.9333190917969,195.12890625,445.6000061035156,206.28515625,454.0,205.35546875,459.6000061035156,220.23046875,-1.0,-1.0,437.20001220703125,206.28515625,433.4666748046875,221.16015625,-1.0,-1.0,452.1333312988281,232.31640625,455.8666687011719,260.20703125,456.79998779296875,281.58984375,441.8666687011719,232.31640625,440.9333190917969,261.13671875,441.8666687011719,281.58984375,440.9333190917969,194.19921875,-1.0,-1.0,448.3999938964844,195.12890625,441.8666687011719,195.12890625
-1.0,-1.0,446.6000061035156,205.35546875,454.0666809082031,205.35546875,459.6666564941406,220.23046875,-1.0,-1.0,438.20001220703125,206.28515625,434.4666748046875,220.23046875,-1.0,-1.0,454.0666809082031,231.38671875,455.933349609375,261.13671875,456.8666687011719,281.58984375,442.8666687011719,231.38671875,441.0,262.06640625,441.0,282.51953125,-1.0,-1.0,-1.0,-1.0,448.4666748046875,195.12890625,441.0,196.05859375
-1.0,-1.0,449.4666748046875,207.21484375,456.933349609375,207.21484375,461.6000061035156,220.23046875,-1.0,-1.0,440.1333312988281,206.28515625,436.3999938964844,219.30078125,-1.0,-1.0,443.8666687011719,236.96484375,440.1333312988281,260.20703125,-1.0,-1.0,455.0666809082031,236.96484375,456.933349609375,258.34765625,-1.0,-1.0,-1.0,-1.0,-1.0,-1.0,449.4666748046875,195.12890625,-1.0,-1.0
444.8666687011719,195.28125,448.6000061035156,206.53125,457.0,206.53125,462.6000061035156,221.53125,466.3333435058594,217.78125,440.20001220703125,206.53125,436.4666748046875,219.65625,-1.0,-1.0,445.79998779296875,235.59375,442.0666809082031,259.96875,-1.0,-1.0,456.0666809082031,235.59375,457.0,259.03125,-1.0,-1.0,444.8666687011719,193.40625,448.6000061035156,193.40625,448.6000061035156,195.28125,451.3999938964844,195.28125
445.5384521484375,195.37890625,450.26373291015625,205.77734375,458.76922607421875,206.72265625,462.5494384765625,220.90234375,467.27471923828125,216.17578125,440.81317138671875,206.72265625,437.032958984375,219.95703125,-1.0,-1.0,446.4835205078125,235.08203125,443.6483459472656,260.60546875,442.70330810546875,278.56640625,456.8791198730469,235.08203125,458.76922607421875,259.66015625,458.76922607421875,278.56640625,445.5384521484375,193.48828125,448.3736267089844,193.48828125,-1.0,-1.0,452.1538391113281,194.43359375
448.4285583496094,194.43359375,451.26373291015625,205.77734375,442.75823974609375,205.77734375,438.032958984375,220.90234375,-1.0,-1.0,459.76922607421875,206.72265625,463.5494384765625,221.84765625,468.27471923828125,216.17578125,446.5384521484375,235.08203125,444.6483459472656,261.55078125,-1.0,-1.0,457.8791198730469,235.08203125,459.76922607421875,261.55078125,-1.0,-1.0,447.4835205078125,193.48828125,450.3186950683594,192.54296875,444.6483459472656,194.43359375,453.1538391113281,194.43359375
450.1111145019531,194.5859375,452.022216796875,205.0703125,443.4222106933594,205.0703125,439.6000061035156,220.3203125,446.28887939453125,212.6953125,460.6222229003906,205.0703125,464.4444580078125,221.2734375,469.22222900390625,217.4609375,448.20001220703125,233.6640625,446.28887939453125,261.3046875,-1.0,-1.0,459.6666564941406,233.6640625,459.6666564941406,260.3515625,-1.0,-1.0,449.1555480957031,192.6796875,452.022216796875,192.6796875,446.28887939453125,193.6328125,453.933349609375,193.6328125
450.1555480957031,193.6328125,453.022216796875,205.0703125,444.4222106933594,205.0703125,440.6000061035156,219.3671875,442.5111083984375,227.9453125,461.6222229003906,205.0703125,466.3999938964844,221.2734375,470.22222900390625,216.5078125,447.28887939453125,232.7109375,447.28887939453125,261.3046875,-1.0,-1.0,459.71112060546875,234.6171875,460.6666564941406,260.3515625,-1.0,-1.0,449.20001220703125,192.6796875,452.0666809082031,192.6796875,447.28887939453125,193.6328125,454.933349609375,193.6328125
451.1111145019531,194.5859375,454.933349609375,205.0703125,444.4222106933594,205.0703125,440.6000061035156,221.2734375,445.3777770996094,212.6953125,463.5333251953125,206.0234375,465.4444580078125,221.2734375,-1.0,-1.0,458.75555419921875,230.8046875,-1.0,-1.0,-1.0,-1.0,460.6666564941406,233.6640625,449.20001220703125,262.2578125,443.4666748046875,280.3671875,450.1555480957031,192.6796875,453.977783203125,191.7265625,449.20001220703125,193.6328125,455.8888854980469,192.6796875
452.1111145019531,192.6796875,454.977783203125,204.1171875,445.4222106933594,204.1171875,441.6000061035156,220.3203125,-1.0,-1.0,463.5777893066406,205.0703125,-1.0,-1.0,-1.0,-1.0,449.24444580078125,230.8046875,449.24444580078125,255.5859375,-1.0,-1.0,460.71112060546875,230.8046875,460.71112060546875,256.5390625,-1.0,-1.0,451.1555480957031,191.7265625,454.022216796875,191.7265625,449.24444580078125,192.6796875,456.8888854980469,192.6796875
452.6136474609375,192.6796875,455.4772644042969,204.1171875,446.8863525390625,204.1171875,442.1136474609375,218.4140625,446.8863525390625,212.6953125,464.06817626953125,204.1171875,467.8863525390625,220.3203125,-1.0,-1.0,450.7045593261719,229.8515625,450.7045593261719,256.5390625,-1.0,-1.0,462.1590881347656,229.8515625,462.1590881347656,257.4921875,-1.0,-1.0,450.7045593261719,190.7734375,454.5227355957031,190.7734375,449.75,192.6796875,457.3863525390625,191.7265625
454.0666809082031,192.6796875,455.977783203125,204.1171875,446.4222106933594,204.1171875,442.6000061035156,220.3203125,445.4666748046875,212.6953125,464.5777893066406,204.1171875,468.3999938964844,220.3203125,469.3555603027344,213.6484375,451.20001220703125,230.8046875,451.20001220703125,256.5390625,-1.0,-1.0,462.6666564941406,229.8515625,463.6222229003906,257.4921875,-1.0,-1.0,452.1555480957031,190.7734375,455.977783203125,190.7734375,450.24444580078125,192.6796875,457.8888854980469,190.7734375
453.6136474609375,192.6796875,456.4772644042969,204.1171875,446.93182373046875,204.1171875,443.1136474609375,218.4140625,446.93182373046875,212.6953125,465.06817626953125,204.1171875,468.8863525390625,219.3671875,-1.0,-1.0,451.7045593261719,230.8046875,453.6136474609375,256.5390625,-1.0,-1.0,463.1590881347656,230.8046875,461.25,256.5390625,-1.0,-1.0,452.6590881347656,190.7734375,455.5227355957031,190.7734375,449.7954406738281,191.7265625,458.3863525390625,190.7734375
454.3258361816406,192.81640625,457.2247314453125,204.34765625,448.528076171875,203.38671875,443.6966247558594,218.76171875,450.4606628417969,210.11328125,465.9213562011719,204.34765625,470.7528076171875,219.72265625,471.7191162109375,214.91796875,452.39324951171875,233.17578125,456.2584228515625,262.96484375,456.2584228515625,287.94921875,464.9550476074219,232.21484375,461.0898742675781,263.92578125,457.2247314453125,282.18359375,453.35955810546875,191.85546875,456.2584228515625,190.89453125,451.4269714355469,191.85546875,459.15728759765625,191.85546875
454.82757568359375,192.81640625,457.7241516113281,203.38671875,448.0689697265625,204.34765625,443.24139404296875,219.72265625,448.0689697265625,213.95703125,466.4137878417969,204.34765625,471.24139404296875,219.72265625,471.24139404296875,213.95703125,452.89654541015625,232.21484375,455.7930908203125,261.04296875,455.7930908203125,284.10546875,464.4827575683594,232.21484375,461.5862121582031,262.00390625,458.6896667480469,283.14453125,452.89654541015625,190.89453125,456.75860595703125,190.89453125,450.96551513671875,191.85546875,460.6206970214844,191.85546875
455.3258361816406,192.81640625,458.2247314453125,204.34765625,448.5617980957031,204.34765625,443.7303466796875,220.68359375,448.5617980957031,214.91796875,466.9213562011719,204.34765625,471.7528076171875,219.72265625,474.65167236328125,215.87890625,453.39324951171875,234.13671875,456.2921447753906,260.08203125,458.2247314453125,284.10546875,464.98876953125,233.17578125,462.0898742675781,261.04296875,459.1910095214844,283.14453125,454.35955810546875,190.89453125,458.2247314453125,190.89453125,451.4606628417969,192.81640625,461.12359619140625,191.85546875
455.82757568359375,192.81640625,459.6896667480469,204.34765625,450.03448486328125,204.34765625,444.24139404296875,220.68359375,444.24139404296875,221.64453125,467.4137878417969,204.34765625,472.24139404296875,219.72265625,-1.0,-1.0,453.89654541015625,233.17578125,458.7241516113281,262.00390625,458.7241516113281,284.10546875,465.4827575683594,232.21484375,462.5862121582031,262.00390625,458.7241516113281,283.14453125,454.862060546875,191.85546875,458.7241516113281,190.89453125,452.9310302734375,191.85546875,461.6206970214844,191.85546875
457.0666809082031,193.6796875,458.977783203125,205.1171875,449.4222106933594,205.1171875,444.6444396972656,222.2734375,447.5111083984375,218.4609375,467.5777893066406,205.1171875,473.31109619140625,220.3671875,476.1777648925781,216.5546875,455.1555480957031,235.6171875,458.022216796875,264.2109375,459.933349609375,285.1796875,466.6222229003906,234.6640625,462.79998779296875,264.2109375,459.933349609375,284.2265625,455.1555480957031,191.7734375,458.977783203125,191.7734375,452.28887939453125,193.6796875,461.8444519042969,191.7734375
457.1111145019531,194.6328125,459.022216796875,206.0703125,449.4666748046875,206.0703125,444.68890380859375,223.2265625,446.6000061035156,219.4140625,468.5777893066406,206.0703125,473.3555603027344,221.3203125,476.22222900390625,215.6015625,454.24444580078125,235.6171875,459.022216796875,265.1640625,460.933349609375,286.1328125,466.6666564941406,235.6171875,461.8888854980469,265.1640625,459.022216796875,285.1796875,456.1555480957031,192.7265625,459.022216796875,192.7265625,453.28887939453125,193.6796875,462.8444519042969,193.6796875
458.0666809082031,194.6328125,459.977783203125,206.0703125,449.4666748046875,206.0703125,445.6444396972656,222.2734375,-1.0,-1.0,468.5777893066406,206.0703125,471.4444580078125,221.3203125,-1.0,-1.0,456.1555480957031,235.6171875,460.933349609375,265.1640625,460.933349609375,286.1328125,467.6222229003906,235.6171875,460.933349609375,265.1640625,459.022216796875,285.1796875,456.1555480957031,192.7265625,459.977783203125,191.7734375,454.24444580078125,193.6796875,462.8444519042969,192.7265625
458.1111145019531,193.6796875,460.022216796875,205.1171875,450.4666748046875,206.0703125,446.6444396972656,222.2734375,447.6000061035156,218.4609375,469.5777893066406,206.0703125,472.4444580078125,220.3671875,476.26666259765625,215.6015625,456.20001220703125,233.7109375,460.022216796875,264.2109375,460.977783203125,286.1328125,467.6666564941406,233.7109375,464.79998779296875,262.3046875,460.022216796875,284.2265625,456.20001220703125,191.7734375,460.022216796875,191.7734375,454.28887939453125,193.6796875,462.8888854980469,192.7265625
458.1111145019531,193.6796875,460.022216796875,205.1171875,450.4666748046875,206.0703125,446.6444396972656,222.2734375,449.5111083984375,218.4609375,469.5777893066406,206.0703125,472.4444580078125,220.3671875,476.26666259765625,214.6484375,457.1555480957031,235.6171875,460.022216796875,264.2109375,460.977783203125,286.1328125,468.6222229003906,235.6171875,465.75555419921875,261.3515625,460.977783203125,284.2265625,456.20001220703125,191.7734375,460.022216796875,190.8203125,454.28887939453125,193.6796875,462.8888854980469,191.7734375
459.1111145019531,192.7265625,460.0666809082031,203.2109375,451.4666748046875,204.1640625,447.6444396972656,219.4140625,455.28887939453125,209.8828125,469.6222229003906,203.2109375,474.3999938964844,218.4609375,476.31109619140625,210.8359375,458.1555480957031,230.8515625,461.022216796875,261.3515625,461.977783203125,286.1328125,469.6222229003906,230.8515625,466.75555419921875,260.3984375,461.022216796875,284.2265625,457.20001220703125,191.7734375,461.022216796875,190.8203125,454.3333435058594,192.7265625,462.933349609375,190.8203125
459.1111145019531,192.7265625,461.977783203125,204.1640625,452.4222106933594,204.1640625,447.6444396972656,219.4140625,-1.0,-1.0,470.5777893066406,204.1640625,474.3999938964844,219.4140625,479.1777648925781,215.6015625,458.1555480957031,231.8046875,460.0666809082031,262.3046875,461.022216796875,285.1796875,469.6222229003906,230.8515625,467.71112060546875,260.3984375,462.933349609375,284.2265625,457.20001220703125,190.8203125,461.022216796875,190.8203125,454.3333435058594,192.7265625,463.8888854980469,191.7734375
459.1555480957031,190.8203125,461.0666809082031,203.2109375,451.5111083984375,204.1640625,447.68890380859375,220.3671875,-1.0,-1.0,470.6222229003906,203.2109375,475.3999938964844,219.4140625,479.22222900390625,213.6953125,457.24444580078125,233.7109375,460.1111145019531,263.2578125,462.022216796875,286.1328125,469.6666564941406,233.7109375,468.71112060546875,262.3046875,462.022216796875,284.2265625,457.24444580078125,189.8671875,461.0666809082031,188.9140625,455.3333435058594,190.8203125,463.933349609375,190.8203125
459.1555480957031,190.8203125,461.0666809082031,203.2109375,452.4666748046875,203.2109375,447.68890380859375,219.4140625,-1.0,-1.0,470.6222229003906,203.2109375,474.4444580078125,219.4140625,-1.0,-1.0,458.20001220703125,234.6640625,460.1111145019531,263.2578125,460.1111145019531,285.1796875,471.5777893066406,234.6640625,469.6666564941406,264.2109375,465.8444519042969,285.1796875,457.24444580078125,188.9140625,461.0666809082031,188.9140625,455.3333435058594,190.8203125,463.933349609375,189.8671875
459.20001220703125,189.8671875,462.0666809082031,203.2109375,452.5111083984375,202.2578125,447.73333740234375,220.3671875,449.6444396972656,218.4609375,471.6222229003906,203.2109375,476.3999938964844,219.4140625,479.26666259765625,211.7890625,458.24444580078125,234.6640625,460.1555480957031,263.2578125,461.1111145019531,286.1328125,471.6222229003906,234.6640625,471.6222229003906,262.3046875,467.79998779296875,284.2265625,457.28887939453125,187.9609375,461.1111145019531,187.9609375,455.3777770996094,189.8671875,464.933349609375,188.9140625
460.1555480957031,189.8671875,462.0666809082031,202.2578125,452.5111083984375,202.2578125,447.73333740234375,220.3671875,450.6000061035156,218.4609375,471.6222229003906,203.2109375,475.4444580078125,219.4140625,480.22222900390625,213.6953125,458.24444580078125,234.6640625,460.1555480957031,262.3046875,462.0666809082031,284.2265625,471.6222229003906,234.6640625,471.6222229003906,262.3046875,467.79998779296875,285.1796875,458.24444580078125,187.9609375,462.0666809082031,187.9609375,456.3333435058594,189.8671875,464.933349609375,188.9140625
459.24444580078125,189.8671875,462.1111145019531,202.2578125,452.5555419921875,202.2578125,448.73333740234375,219.4140625,449.68890380859375,219.4140625,471.6666564941406,203.2109375,476.4444580078125,219.4140625,481.22222900390625,213.6953125,458.28887939453125,235.6171875,460.20001220703125,264.2109375,462.1111145019531,285.1796875,471.6666564941406,234.6640625,472.6222229003906,263.2578125,468.79998779296875,285.1796875,458.28887939453125,187.9609375,462.1111145019531,187.0078125,455.4222106933594,188.9140625,465.933349609375,188.9140625
460.20001220703125,189.8671875,462.1111145019531,202.2578125,452.5555419921875,202.2578125,448.73333740234375,218.4609375,449.68890380859375,220.3671875,472.6222229003906,203.2109375,476.4444580078125,219.4140625,481.22222900390625,213.6953125,457.3333435058594,235.6171875,459.24444580078125,263.2578125,462.1111145019531,285.1796875,471.6666564941406,235.6171875,472.6222229003906,263.2578125,469.75555419921875,285.1796875,458.28887939453125,187.0078125,462.1111145019531,187.0078125,455.4222106933594,188.9140625,465.933349609375,188.9140625
460.4269714355469,189.97265625,463.3258361816406,202.46484375,452.6966247558594,202.46484375,447.86517333984375,219.76171875,451.7303466796875,218.80078125,472.98876953125,203.42578125,476.85394287109375,220.72265625,481.6853942871094,214.95703125,458.494384765625,237.05859375,460.4269714355469,264.92578125,462.35955810546875,287.02734375,472.0224609375,236.09765625,472.98876953125,265.88671875,472.0224609375,286.06640625,459.4606628417969,188.05078125,463.3258361816406,188.05078125,456.5617980957031,189.01171875,466.2247314453125,189.01171875
460.4269714355469,189.97265625,463.3258361816406,202.46484375,453.6629333496094,202.46484375,449.7977600097656,218.80078125,450.7640380859375,219.76171875,472.98876953125,203.42578125,477.8202209472656,220.72265625,482.65167236328125,214.95703125,458.494384765625,236.09765625,460.4269714355469,265.88671875,462.35955810546875,287.98828125,472.0224609375,235.13671875,473.9550476074219,265.88671875,472.98876953125,287.02734375,459.4606628417969,188.05078125,463.3258361816406,188.05078125,456.5617980957031,189.01171875,467.1910095214844,189.01171875
461.4269714355469,189.97265625,464.3258361816406,203.42578125,454.6629333496094,202.46484375,449.8314514160156,218.80078125,452.7303466796875,219.76171875,473.98876953125,203.42578125,478.8202209472656,220.72265625,482.6853942871094,214.95703125,458.528076171875,235.13671875,460.4606628417969,264.92578125,462.39324951171875,287.02734375,472.0561828613281,235.13671875,473.0224609375,264.92578125,473.98876953125,287.02734375,460.4606628417969,189.01171875,464.3258361816406,189.01171875,457.5617980957031,189.01171875,468.1910095214844,189.97265625
461.4269714355469,190.93359375,464.3258361816406,202.46484375,455.62921142578125,202.46484375,450.7977600097656,218.80078125,453.6966247558594,219.76171875,473.98876953125,203.42578125,476.88763427734375,219.76171875,483.65167236328125,217.83984375,459.494384765625,235.13671875,460.4606628417969,263.96484375,462.39324951171875,287.02734375,473.0224609375,234.17578125,473.98876953125,263.00390625,474.9550476074219,286.06640625,460.4606628417969,189.01171875,463.35955810546875,189.01171875,457.5617980957031,189.01171875,468.1910095214844,189.97265625
463.20001220703125,190.8671875,465.1111145019531,203.2578125,455.5555419921875,203.2578125,451.73333740234375,218.5078125,451.73333740234375,222.3203125,474.6666564941406,203.2578125,478.4888916015625,219.4609375,477.5333251953125,228.9921875,460.3333435058594,234.7109375,460.3333435058594,264.2578125,462.24444580078125,287.1328125,473.71112060546875,234.7109375,473.71112060546875,262.3515625,473.71112060546875,286.1796875,461.28887939453125,188.9609375,465.1111145019531,188.0078125,458.4222106933594,189.9140625,468.933349609375,189.9140625
463.39324951171875,189.97265625,466.2921447753906,203.42578125,457.59552001953125,202.46484375,453.7303466796875,217.83984375,451.7977600097656,222.64453125,474.98876953125,203.42578125,480.7865295410156,221.68359375,484.65167236328125,237.05859375,473.0561828613281,233.21484375,-1.0,-1.0,-1.0,-1.0,473.0561828613281,234.17578125,474.98876953125,264.92578125,474.98876953125,283.18359375,462.4269714355469,188.05078125,465.3258361816406,188.05078125,459.528076171875,189.97265625,469.1910095214844,189.97265625
463.6956481933594,190.93359375,466.5652160644531,204.38671875,457.0,204.38671875,452.2173767089844,221.68359375,452.2173767089844,222.64453125,477.0869445800781,204.38671875,481.86956787109375,221.68359375,483.7825927734375,214.95703125,460.8260803222656,235.13671875,460.8260803222656,263.00390625,461.7826232910156,282.22265625,474.2174072265625,234.17578125,475.1739196777344,264.92578125,474.2174072265625,283.18359375,462.7391357421875,189.01171875,465.60870361328125,189.01171875,459.86956787109375,189.97265625,469.4347839355469,189.97265625
464.65216064453125,190.93359375,467.521728515625,204.38671875,457.9565124511719,204.38671875,453.1739196777344,221.68359375,454.13043212890625,221.68359375,477.0869445800781,205.34765625,481.86956787109375,221.68359375,-1.0,-1.0,461.7826232910156,236.09765625,461.7826232910156,264.92578125,460.8260803222656,285.10546875,475.1739196777344,236.09765625,476.13043212890625,266.84765625,474.2174072265625,287.02734375,462.7391357421875,189.01171875,466.5652160644531,188.05078125,460.8260803222656,190.93359375,470.39129638671875,189.97265625
466.79119873046875,190.046875,467.75823974609375,204.578125,458.0879211425781,205.546875,452.28570556640625,222.015625,456.1538391113281,219.109375,477.4285583496094,204.578125,483.23077392578125,222.015625,483.23077392578125,236.546875,462.9230651855469,236.546875,461.9560546875,265.609375,462.9230651855469,282.078125,476.4615478515625,236.546875,476.4615478515625,265.609375,-1.0,-1.0,463.8901062011719,189.078125,468.72528076171875,188.109375,461.9560546875,191.984375,471.6263732910156,190.046875
466.32257080078125,190.046875,470.19354248046875,204.578125,459.54840087890625,204.578125,454.7096862792969,222.015625,457.6129150390625,218.140625,478.9032287597656,204.578125,484.7096862792969,221.046875,483.741943359375,235.578125,464.3870849609375,235.578125,462.45159912109375,266.578125,-1.0,-1.0,476.9677429199219,235.578125,463.4193420410156,263.671875,461.4838562011719,286.921875,465.3548278808594,189.078125,468.258056640625,188.109375,462.45159912109375,190.046875,472.1290283203125,189.078125
466.8241882324219,189.078125,469.72528076171875,204.578125,461.02197265625,204.578125,454.25274658203125,220.078125,454.25274658203125,222.015625,478.4285583496094,203.609375,485.19781494140625,221.046875,484.23077392578125,233.640625,464.8901062011719,236.546875,463.9230651855469,264.640625,461.02197265625,284.015625,478.4285583496094,235.578125,477.4615478515625,266.578125,475.5274658203125,289.828125,465.8571472167969,188.109375,468.75823974609375,187.140625,463.9230651855469,190.046875,472.6263732910156,189.078125
467.79119873046875,188.109375,471.6593322753906,204.578125,461.02197265625,204.578125,456.18682861328125,220.078125,454.25274658203125,221.046875,481.3296813964844,204.578125,485.19781494140625,221.046875,-1.0,-1.0,464.8901062011719,234.609375,463.9230651855469,265.609375,-1.0,-1.0,478.4285583496094,233.640625,477.4615478515625,265.609375,-1.0,-1.0,466.8241882324219,187.140625,470.69232177734375,187.140625,463.9230651855469,188.109375,474.5604248046875,189.078125
467.0543518066406,188.18359375,470.9674072265625,203.80859375,460.2065124511719,202.83203125,455.3152160644531,221.38671875,-1.0,-1.0,481.728271484375,202.83203125,486.61956787109375,220.41015625,490.5325927734375,217.48046875,465.09783935546875,237.98828125,466.0760803222656,265.33203125,-1.0,-1.0,478.7934875488281,237.01171875,477.8152160644531,266.30859375,-1.0,-1.0,466.0760803222656,186.23046875,469.9891357421875,186.23046875,463.14129638671875,187.20703125,473.90216064453125,188.18359375
467.0543518066406,188.18359375,470.9674072265625,203.80859375,460.2065124511719,202.83203125,454.3369445800781,221.38671875,-1.0,-1.0,481.728271484375,203.80859375,486.61956787109375,220.41015625,486.61956787109375,234.08203125,466.0760803222656,236.03515625,466.0760803222656,265.33203125,-1.0,-1.0,480.75,234.08203125,477.8152160644531,266.30859375,464.11956787109375,287.79296875,466.0760803222656,185.25390625,469.9891357421875,185.25390625,463.14129638671875,187.20703125,474.88043212890625,187.20703125
467.7742004394531,187.3046875,471.7311706542969,203.0546875,460.8494567871094,203.0546875,455.9032287597656,221.7578125,-1.0,-1.0,481.6236572265625,203.0546875,487.55914306640625,219.7890625,487.55914306640625,230.6171875,465.79571533203125,236.5234375,466.7849426269531,265.0703125,-1.0,-1.0,480.6343994140625,233.5703125,477.6666564941406,266.0546875,-1.0,-1.0,466.7849426269531,185.3359375,470.741943359375,185.3359375,463.81719970703125,188.2890625,475.68817138671875,187.3046875
467.7742004394531,187.3046875,472.7204284667969,203.0546875,460.8494567871094,202.0703125,456.8924865722656,220.7734375,458.8709716796875,219.7890625,482.6129150390625,202.0703125,486.56988525390625,222.7421875,-1.0,-1.0,479.6451721191406,237.5078125,477.6666564941406,269.0078125,476.67742919921875,291.6484375,480.6343994140625,235.5390625,476.67742919921875,266.0546875,-1.0,-1.0,466.7849426269531,185.3359375,470.741943359375,185.3359375,463.81719970703125,187.3046875,475.68817138671875,187.3046875
467.7742004394531,187.39453125,471.7311706542969,203.26953125,460.8494567871094,203.26953125,456.8924865722656,222.12109375,-1.0,-1.0,482.6129150390625,202.27734375,489.5376281738281,220.13671875,488.54840087890625,234.02734375,465.79571533203125,237.00390625,468.763427734375,265.77734375,-1.0,-1.0,480.6343994140625,236.01171875,477.6666564941406,266.76953125,-1.0,-1.0,466.7849426269531,185.41015625,470.741943359375,185.41015625,463.81719970703125,187.39453125,475.68817138671875,187.39453125
468.273681640625,187.39453125,472.2315673828125,204.26171875,461.3473815917969,203.26953125,457.38946533203125,221.12890625,-1.0,-1.0,483.11578369140625,202.27734375,489.0526428222656,220.13671875,-1.0,-1.0,480.1473693847656,236.01171875,477.178955078125,265.77734375,477.178955078125,289.58984375,482.1263122558594,236.01171875,-1.0,-1.0,-1.0,-1.0,466.29473876953125,185.41015625,471.2420959472656,185.41015625,464.3157958984375,188.38671875,476.1894836425781,187.39453125
468.273681640625,187.39453125,472.2315673828125,203.26953125,461.3473815917969,203.26953125,457.38946533203125,221.12890625,-1.0,-1.0,482.1263122558594,202.27734375,489.0526428222656,219.14453125,-1.0,-1.0,466.29473876953125,236.01171875,469.2631530761719,263.79296875,-1.0,-1.0,481.1368408203125,235.01953125,476.1894836425781,264.78515625,-1.0,-1.0,467.2842102050781,186.40234375,471.2420959472656,185.41015625,464.3157958984375,189.37890625,476.1894836425781,188.38671875
468.7742004394531,188.38671875,472.7311706542969,204.26171875,461.8494567871094,205.25390625,456.9032287597656,222.12109375,457.8924865722656,216.16796875,482.6236572265625,204.26171875,489.54840087890625,221.12890625,489.54840087890625,237.00390625,466.79571533203125,237.99609375,469.763427734375,263.79296875,-1.0,-1.0,481.6343994140625,237.00390625,474.7096862792969,265.77734375,-1.0,-1.0,467.7849426269531,187.39453125,471.741943359375,187.39453125,464.81719970703125,189.37890625,476.68817138671875,189.37890625
469.0,188.5,473.0,205.5,461.0,206.5,457.0,224.5,460.0,215.5,484.0,205.5,489.0,222.5,489.0,237.5,468.0,239.5,470.0,267.5,475.0,294.5,482.0,238.5,478.0,268.5,474.0,292.5,467.0,186.5,471.0,186.5,465.0,188.5,477.0,188.5
469.0,188.5,473.0,205.5,461.0,206.5,457.0,225.5,461.0,214.5,483.0,204.5,489.0,221.5,-1.0,-1.0,468.0,238.5,480.0,269.5,476.0,294.5,482.0,237.5,472.0,269.5,476.0,291.5,468.0,186.5,471.0,186.5,-1.0,-1.0,477.0,189.5
468.5,188.5,472.5,205.5,484.5,205.5,489.5,220.5,-1.0,-1.0,461.5,206.5,457.5,223.5,-1.0,-1.0,482.5,235.5,480.5,267.5,481.5,284.5,482.5,238.5,-1.0,-1.0,-1.0,-1.0,467.5,187.5,471.5,186.5,-1.0,-1.0,475.5,189.5
468.7157897949219,189.63671875,472.7579040527344,205.76171875,460.631591796875,206.76953125,457.6000061035156,226.92578125,455.5789489746094,245.06640625,483.8736877441406,204.75390625,489.93682861328125,221.88671875,-1.0,-1.0,468.7157897949219,241.03515625,472.7579040527344,268.24609375,475.7894592285156,294.44921875,482.8631591796875,239.01953125,480.84210205078125,268.24609375,476.79998779296875,292.43359375,466.6947326660156,186.61328125,470.7368469238281,186.61328125,-1.0,-1.0,476.79998779296875,189.63671875
467.70526123046875,188.62890625,472.7579040527344,204.75390625,460.631591796875,205.76171875,457.6000061035156,226.92578125,456.5894775390625,245.06640625,483.8736877441406,204.75390625,489.93682861328125,220.87890625,489.93682861328125,214.83203125,467.70526123046875,240.02734375,470.7368469238281,267.23828125,475.7894592285156,293.44140625,482.8631591796875,239.01953125,480.84210205078125,267.23828125,474.7789611816406,288.40234375,466.6947326660156,186.61328125,470.7368469238281,186.61328125,-1.0,-1.0,475.7894592285156,188.62890625
467.19586181640625,188.62890625,473.2577209472656,204.75390625,462.1443176269531,205.76171875,458.10308837890625,223.90234375,461.134033203125,211.80859375,484.3711242675781,204.75390625,490.4329833984375,220.87890625,490.4329833984375,235.99609375,467.19586181640625,239.01953125,471.23712158203125,268.24609375,478.30926513671875,292.43359375,482.35052490234375,239.01953125,481.3402099609375,267.23828125,476.2886657714844,290.41796875,467.19586181640625,186.61328125,470.226806640625,186.61328125,-1.0,-1.0,476.2886657714844,188.62890625
467.90625,187.7421875,471.9895935058594,203.9921875,460.7604064941406,205.0078125,457.6979064941406,224.3046875,461.78125,210.0859375,484.2395935058594,203.9921875,490.3645935058594,220.2421875,491.3854064941406,211.1015625,467.90625,239.5390625,471.9895935058594,268.9921875,478.1145935058594,290.3203125,483.21875,238.5234375,482.1979064941406,267.9765625,476.0729064941406,289.3046875,466.8854064941406,185.7109375,470.96875,185.7109375,463.8229064941406,188.7578125,476.0729064941406,187.7421875
466.8854064941406,187.88671875,473.0104064941406,204.26171875,460.7604064941406,204.26171875,457.6979064941406,222.68359375,461.78125,210.40234375,484.2395935058594,204.26171875,490.3645935058594,221.66015625,490.3645935058594,237.01171875,466.8854064941406,240.08203125,470.96875,268.73828125,-1.0,-1.0,482.1979064941406,239.05859375,481.1770935058594,268.73828125,475.0520935058594,293.30078125,466.8854064941406,185.83984375,469.9479064941406,185.83984375,-1.0,-1.0,475.0520935058594,187.88671875
466.8645935058594,186.86328125,471.96875,202.21484375,460.7395935058594,202.21484375,456.65625,222.68359375,-1.0,-1.0,484.21875,203.23828125,491.3645935058594,219.61328125,492.3854064941406,214.49609375,465.84375,239.05859375,471.96875,271.80859375,476.0520935058594,294.32421875,481.15625,239.05859375,481.15625,269.76171875,479.1145935058594,294.32421875,466.8645935058594,184.81640625,469.9270935058594,184.81640625,-1.0,-1.0,476.0520935058594,187.88671875
466.8645935058594,185.83984375,472.9895935058594,202.21484375,460.7395935058594,202.21484375,457.6770935058594,222.68359375,454.6145935058594,245.19921875,484.21875,202.21484375,491.3645935058594,221.66015625,-1.0,-1.0,465.84375,239.05859375,470.9479064941406,268.73828125,478.09375,290.23046875,482.1770935058594,240.08203125,481.15625,268.73828125,476.0520935058594,290.23046875,466.8645935058594,183.79296875,468.90625,183.79296875,-1.0,-1.0,475.03125,186.86328125
467.3673400878906,185.83984375,472.4693908691406,202.21484375,461.2449035644531,201.19140625,458.1836853027344,222.68359375,459.2040710449219,212.44921875,483.6938781738281,202.21484375,489.8163146972656,222.68359375,486.7550964355469,240.08203125,466.346923828125,241.10546875,470.4285583496094,270.78515625,476.551025390625,293.30078125,481.653076171875,241.10546875,480.6326599121094,269.76171875,478.5918273925781,293.30078125,466.346923828125,183.79296875,469.4081726074219,183.79296875,-1.0,-1.0,475.5306091308594,186.86328125
467.55670166015625,185.984375,471.680419921875,201.453125,460.3402099609375,200.421875,457.2474365234375,223.109375,458.2783508300781,210.734375,484.0515441894531,201.453125,489.2061767578125,220.015625,-1.0,-1.0,465.4948425292969,240.640625,470.64947509765625,270.546875,476.8350524902344,295.296875,480.9587707519531,240.640625,479.9278259277344,269.515625,477.865966796875,293.234375,467.55670166015625,182.890625,470.64947509765625,183.921875,-1.0,-1.0,475.80413818359375,187.015625
467.55670166015625,185.984375,471.680419921875,200.421875,460.3402099609375,199.390625,457.2474365234375,220.015625,458.2783508300781,210.734375,483.0206298828125,201.453125,485.08245849609375,217.953125,-1.0,-1.0,464.46392822265625,232.390625,466.5257568359375,269.515625,-1.0,-1.0,479.9278259277344,233.421875,477.865966796875,270.546875,-1.0,-1.0,467.55670166015625,182.890625,470.64947509765625,183.921875,-1.0,-1.0,475.80413818359375,185.984375
468.06060791015625,185.984375,472.18182373046875,201.453125,460.8484802246094,200.421875,456.7272644042969,222.078125,458.7878723144531,210.734375,483.51513671875,201.453125,488.6666564941406,221.046875,-1.0,-1.0,467.0303039550781,240.640625,471.1515197753906,268.484375,477.3333435058594,295.296875,481.45452880859375,239.609375,480.42425537109375,268.484375,477.3333435058594,293.234375,468.06060791015625,183.921875,471.1515197753906,183.921875,-1.0,-1.0,476.30303955078125,187.015625
469.0909118652344,185.984375,472.18182373046875,201.453125,460.8484802246094,200.421875,456.7272644042969,222.078125,457.757568359375,213.828125,483.51513671875,202.484375,487.6363525390625,221.046875,490.7272644042969,226.203125,468.06060791015625,240.640625,471.1515197753906,269.515625,478.3636474609375,295.296875,481.45452880859375,239.609375,480.42425537109375,268.484375,476.30303955078125,294.265625,468.06060791015625,184.953125,472.18182373046875,184.953125,464.9696960449219,185.984375,477.3333435058594,187.015625
467.7755126953125,186.14453125,471.93878173828125,201.73046875,460.48980712890625,201.73046875,457.3673400878906,221.47265625,460.48980712890625,213.16015625,484.4285583496094,202.76953125,488.5918273925781,221.47265625,-1.0,-1.0,465.6938781738281,239.13671875,469.8571472167969,268.23046875,480.26531982421875,287.97265625,481.3061218261719,240.17578125,480.26531982421875,267.19140625,477.1428527832031,292.12890625,467.7755126953125,184.06640625,470.89794921875,184.06640625,-1.0,-1.0,476.10205078125,187.18359375
468.8163146972656,187.18359375,471.93878173828125,202.76953125,459.448974609375,202.76953125,456.3265380859375,222.51171875,-1.0,-1.0,484.4285583496094,202.76953125,488.5918273925781,222.51171875,-1.0,-1.0,465.6938781738281,240.17578125,470.89794921875,267.19140625,477.1428527832031,292.12890625,481.3061218261719,239.13671875,480.26531982421875,266.15234375,475.06121826171875,290.05078125,467.7755126953125,185.10546875,471.93878173828125,185.10546875,466.73468017578125,187.18359375,477.1428527832031,187.18359375
469.0309143066406,189.4140625,473.23712158203125,204.0703125,459.5670166015625,203.0234375,453.2577209472656,219.7734375,-1.0,-1.0,484.80413818359375,204.0703125,487.9587707519531,221.8671875,-1.0,-1.0,464.8247375488281,238.6171875,470.08245849609375,268.9765625,478.4948425292969,290.9609375,481.64947509765625,239.6640625,479.54638671875,267.9296875,474.2886657714844,289.9140625,467.9793701171875,186.2734375,472.1855773925781,186.2734375,-1.0,-1.0,477.44329833984375,188.3671875
468.53533935546875,188.3671875,472.73736572265625,204.0703125,459.080810546875,203.0234375,453.8282775878906,221.8671875,461.18182373046875,214.5390625,485.34344482421875,204.0703125,491.6464538574219,220.8203125,492.69696044921875,218.7265625,465.38385009765625,242.8046875,470.6363525390625,272.1171875,476.93939208984375,293.0546875,481.14141845703125,242.8046875,479.0404052734375,270.0234375,476.93939208984375,294.1015625,467.48486328125,186.2734375,471.6868591308594,186.2734375,-1.0,-1.0,476.93939208984375,188.3671875
468.53533935546875,188.56640625,473.7878723144531,204.38671875,461.18182373046875,203.33203125,455.9292907714844,222.31640625,-1.0,-1.0,485.34344482421875,204.38671875,490.595947265625,221.26171875,-1.0,-1.0,465.38385009765625,241.30078125,469.5858459472656,273.99609375,471.6868591308594,285.59765625,481.14141845703125,241.30078125,479.0404052734375,271.88671875,473.7878723144531,291.92578125,467.48486328125,185.40234375,471.6868591308594,186.45703125,-1.0,-1.0,476.93939208984375,188.56640625
468.5858459472656,188.56640625,473.83837890625,203.33203125,461.2323303222656,203.33203125,454.9292907714844,222.31640625,-1.0,-1.0,485.3939514160156,204.38671875,490.6464538574219,222.31640625,-1.0,-1.0,465.4343566894531,242.35546875,469.6363525390625,272.94140625,475.93939208984375,297.19921875,481.1919250488281,242.35546875,479.0909118652344,271.88671875,478.0404052734375,295.08984375,467.53533935546875,186.45703125,471.73736572265625,186.45703125,-1.0,-1.0,476.9898986816406,188.56640625
468.5858459472656,187.51171875,474.8888854980469,203.33203125,463.3333435058594,202.27734375,461.2323303222656,221.26171875,-1.0,-1.0,486.4444580078125,204.38671875,490.6464538574219,221.26171875,-1.0,-1.0,465.4343566894531,241.30078125,470.6868591308594,272.94140625,-1.0,-1.0,480.14141845703125,241.30078125,478.0404052734375,270.83203125,-1.0,-1.0,467.53533935546875,185.40234375,470.6868591308594,185.40234375,-1.0,-1.0,476.9898986816406,187.51171875
468.5858459472656,187.51171875,474.8888854980469,204.38671875,486.4444580078125,204.38671875,489.595947265625,220.20703125,-1.0,-1.0,463.3333435058594,204.38671875,458.080810546875,220.20703125,-1.0,-1.0,480.14141845703125,242.35546875,478.0404052734375,271.88671875,479.0909118652344,297.19921875,464.38385009765625,239.19140625,470.6868591308594,275.05078125,474.8888854980469,298.25390625,468.5858459472656,185.40234375,471.73736572265625,185.40234375,-1.0,-1.0,476.9898986816406,186.45703125
469.13861083984375,186.45703125,475.4356384277344,202.27734375,485.9306945800781,202.27734375,490.12872314453125,219.15234375,-1.0,-1.0,464.9405822753906,202.27734375,460.7425842285156,221.26171875,-1.0,-1.0,481.732666015625,237.08203125,477.53466796875,270.83203125,-1.0,-1.0,465.9901123046875,236.02734375,-1.0,-1.0,-1.0,-1.0,469.13861083984375,184.34765625,471.23760986328125,184.34765625,-1.0,-1.0,475.4356384277344,186.45703125
468.8500061035156,186.65625,475.2099914550781,201.53125,485.80999755859375,201.53125,491.1099853515625,217.46875,-1.0,-1.0,464.6099853515625,202.59375,461.42999267578125,220.65625,-1.0,-1.0,481.57000732421875,238.71875,-1.0,-1.0,-1.0,-1.0,482.6300048828125,238.71875,479.45001220703125,268.46875,478.3900146484375,295.03125,468.8500061035156,183.46875,470.9700012207031,184.53125,-1.0,-1.0,475.2099914550781,185.59375
467.8500061035156,186.65625,475.2699890136719,201.53125,485.8699951171875,200.46875,491.16998291015625,217.46875,-1.0,-1.0,464.66998291015625,201.53125,460.42999267578125,220.65625,462.54998779296875,232.34375,481.6300048828125,237.65625,480.57000732421875,265.28125,477.3900146484375,288.65625,466.7900085449219,235.53125,466.7900085449219,259.96875,468.9100036621094,279.09375,467.8500061035156,183.46875,469.9700012207031,184.53125,-1.0,-1.0,475.2699890136719,185.59375
468.0909118652344,186.80078125,475.5858459472656,200.71484375,485.22222900390625,200.71484375,490.57574462890625,217.83984375,-1.0,-1.0,464.8787841796875,200.71484375,460.595947265625,218.91015625,-1.0,-1.0,482.0101013183594,238.17578125,480.93939208984375,263.86328125,473.4444580078125,303.46484375,467.02020263671875,239.24609375,469.16162109375,273.49609375,468.0909118652344,286.33984375,468.0909118652344,183.58984375,470.2323303222656,184.66015625,-1.0,-1.0,475.5858459472656,185.73046875
465.9494934082031,185.73046875,475.5858459472656,200.71484375,486.2929382324219,200.71484375,490.57574462890625,217.83984375,-1.0,-1.0,463.8080749511719,201.78515625,460.595947265625,221.05078125,-1.0,-1.0,482.0101013183594,237.10546875,477.7272644042969,269.21484375,473.4444580078125,303.46484375,467.02020263671875,234.96484375,469.16162109375,270.28515625,475.5858459472656,297.04296875,467.02020263671875,182.51953125,469.16162109375,183.58984375,-1.0,-1.0,473.4444580078125,185.73046875
466.2200012207031,185.9453125,474.8599853515625,199.9609375,485.6600036621094,201.0390625,491.05999755859375,217.2109375,-1.0,-1.0,462.9800109863281,201.0390625,460.82000732421875,218.2890625,-1.0,-1.0,481.3399963378906,235.5390625,480.260009765625,270.0390625,477.0199890136719,296.9921875,466.2200012207031,234.4609375,-1.0,-1.0,-1.0,-1.0,466.2200012207031,184.8671875,468.3800048828125,183.7890625,-1.0,-1.0,473.7799987792969,184.8671875
465.1400146484375,184.8671875,473.7799987792969,199.9609375,484.58001708984375,199.9609375,491.05999755859375,218.2890625,-1.0,-1.0,462.9800109863281,199.9609375,459.739990234375,217.2109375,-1.0,-1.0,481.3399963378906,235.5390625,479.17999267578125,264.6484375,477.0199890136719,292.6796875,466.2200012207031,232.3046875,466.2200012207031,265.7265625,468.3800048828125,291.6015625,-1.0,-1.0,467.29998779296875,182.7109375,-1.0,-1.0,472.70001220703125,184.8671875
465.2200012207031,185.9453125,473.8599853515625,201.0390625,485.739990234375,202.1171875,490.05999755859375,218.2890625,-1.0,-1.0,460.8999938964844,202.1171875,455.5,216.1328125,-1.0,-1.0,481.4200134277344,234.4609375,-1.0,-1.0,-1.0,-1.0,481.4200134277344,237.6953125,479.260009765625,263.5703125,-1.0,-1.0,-1.0,-1.0,466.29998779296875,183.7890625,-1.0,-1.0,471.70001220703125,185.9453125
463.05999755859375,185.9453125,472.7799987792969,201.0390625,484.6600036621094,201.0390625,491.1400146484375,218.2890625,494.3800048828125,215.0546875,460.8999938964844,202.1171875,455.5,217.2109375,465.2200012207031,221.5234375,481.4200134277344,235.5390625,479.260009765625,262.4921875,476.0199890136719,291.6015625,465.2200012207031,234.4609375,466.29998779296875,262.4921875,466.29998779296875,289.4453125,-1.0,-1.0,465.2200012207031,183.7890625,478.17999267578125,187.0234375,470.6199951171875,185.9453125
-1.0,-1.0,472.7799987792969,202.1171875,483.58001708984375,202.1171875,488.9800109863281,220.4453125,-1.0,-1.0,460.8999938964844,203.1953125,455.5,219.3671875,-1.0,-1.0,481.4200134277344,240.9296875,480.3399963378906,265.7265625,476.0199890136719,292.6796875,464.1400146484375,239.8515625,465.2200012207031,266.8046875,465.2200012207031,289.4453125,-1.0,-1.0,-1.0,-1.0,477.1000061035156,188.1015625,469.5400085449219,185.9453125
-1.0,-1.0,471.49505615234375,202.46484375,482.3861389160156,201.37890625,491.0989990234375,218.75390625,-1.0,-1.0,459.5148620605469,203.55078125,456.2475280761719,220.92578125,-1.0,-1.0,481.2970275878906,239.38671875,-1.0,-1.0,-1.0,-1.0,464.96038818359375,240.47265625,-1.0,-1.0,-1.0,-1.0,-1.0,-1.0,-1.0,-1.0,475.85150146484375,188.34765625,466.04949951171875,188.34765625
-1.0,-1.0,470.40594482421875,203.55078125,481.2970275878906,202.46484375,487.8316955566406,219.83984375,-1.0,-1.0,458.4257507324219,203.55078125,456.2475280761719,220.92578125,-1.0,-1.0,480.2079162597656,240.47265625,479.1188049316406,270.87890625,476.9405822753906,294.76953125,463.87127685546875,240.47265625,466.04949951171875,273.05078125,468.22772216796875,293.68359375,-1.0,-1.0,-1.0,-1.0,475.85150146484375,188.34765625,466.04949951171875,188.34765625
-1.0,-1.0,469.9090881347656,202.734375,479.7272644042969,202.734375,485.18182373046875,221.328125,-1.0,-1.0,460.0909118652344,202.734375,455.7272644042969,220.234375,-1.0,-1.0,478.6363525390625,238.828125,478.6363525390625,269.453125,476.4545593261719,292.421875,463.3636474609375,239.921875,465.54547119140625,269.453125,466.6363525390625,290.234375,-1.0,-1.0,-1.0,-1.0,475.3636474609375,187.421875,467.7272644042969,187.421875
-1.0,-1.0,470.49505615234375,201.640625,480.2970275878906,200.546875,486.8316955566406,221.328125,-1.0,-1.0,458.5148620605469,202.734375,455.2475280761719,222.421875,-1.0,-1.0,479.2079162597656,241.015625,478.1188049316406,271.640625,477.0296936035156,294.609375,462.87127685546875,242.109375,465.04949951171875,272.734375,-1.0,-1.0,-1.0,-1.0,-1.0,-1.0,474.85150146484375,186.328125,466.13861083984375,186.328125
-1.0,-1.0,469.1499938964844,200.90234375,480.1499938964844,199.80078125,485.6499938964844,221.83203125,-1.0,-1.0,457.04998779296875,202.00390625,452.6499938964844,220.73046875,-1.0,-1.0,477.95001220703125,240.55859375,475.75,269.19921875,473.54998779296875,290.12890625,461.45001220703125,240.55859375,463.6499938964844,268.09765625,463.6499938964844,289.02734375,-1.0,-1.0,-1.0,-1.0,474.6499938964844,185.48046875,464.75,186.58203125
458.76470947265625,185.48046875,468.6470642089844,200.90234375,479.62744140625,198.69921875,486.2156982421875,219.62890625,-1.0,-1.0,456.5686340332031,202.00390625,452.1764831542969,220.73046875,-1.0,-1.0,478.5294189453125,240.55859375,477.4313659667969,271.40234375,476.3333435058594,292.33203125,460.9607849121094,241.66015625,463.1568603515625,270.30078125,463.1568603515625,290.12890625,-1.0,-1.0,459.86273193359375,183.27734375,475.23529052734375,186.58203125,464.2549133300781,184.37890625
456.5686340332031,184.37890625,467.54901123046875,196.49609375,477.4313659667969,195.39453125,-1.0,-1.0,-1.0,-1.0,457.6666564941406,197.59765625,452.1764831542969,216.32421875,-1.0,-1.0,476.3333435058594,233.94921875,475.23529052734375,260.38671875,475.23529052734375,284.62109375,460.9607849121094,235.05078125,462.058837890625,261.48828125,464.2549133300781,285.72265625,-1.0,-1.0,458.76470947265625,182.17578125,-1.0,-1.0,464.2549133300781,184.37890625
456.04998779296875,184.37890625,468.1499938964844,197.59765625,476.95001220703125,196.49609375,484.6499938964844,216.32421875,-1.0,-1.0,457.1499938964844,198.69921875,450.54998779296875,217.42578125,-1.0,-1.0,475.8500061035156,235.05078125,474.75,260.38671875,473.6499938964844,287.92578125,460.45001220703125,236.15234375,461.54998779296875,263.69140625,462.6499938964844,287.92578125,-1.0,-1.0,458.25,182.17578125,-1.0,-1.0,463.75,184.37890625
454.4705810546875,183.27734375,465.45098876953125,196.49609375,474.23529052734375,194.29296875,-1.0,-1.0,-1.0,-1.0,455.5686340332031,198.69921875,450.07843017578125,217.42578125,-1.0,-1.0,473.13726806640625,230.64453125,473.13726806640625,255.98046875,464.3529357910156,289.02734375,472.0392150878906,230.64453125,-1.0,-1.0,-1.0,-1.0,-1.0,-1.0,457.76470947265625,181.07421875,-1.0,-1.0,463.2549133300781,184.37890625
454.7425842285156,183.5234375,464.7227783203125,197.9453125,474.7029724121094,197.9453125,-1.0,-1.0,-1.0,-1.0,454.7425842285156,199.0546875,450.30694580078125,217.9140625,-1.0,-1.0,472.4851379394531,231.2265625,472.4851379394531,256.7421875,464.7227783203125,297.7890625,471.3762512207031,232.3359375,-1.0,-1.0,-1.0,-1.0,-1.0,-1.0,458.0693054199219,181.3046875,-1.0,-1.0,463.6138610839844,183.5234375
454.85150146484375,182.4140625,464.8316955566406,196.8359375,473.7029724121094,195.7265625,481.46533203125,212.3671875,-1.0,-1.0,454.85150146484375,197.9453125,449.30694580078125,215.6953125,453.7425842285156,223.4609375,471.4851379394531,231.2265625,470.3762512207031,254.5234375,464.8316955566406,286.6953125,458.17822265625,232.3359375,460.3960266113281,254.5234375,-1.0,-1.0,-1.0,-1.0,457.0693054199219,180.1953125,-1.0,-1.0,462.6138610839844,182.4140625
455.4757385253906,182.4140625,464.3301086425781,196.8359375,473.1844787597656,196.8359375,477.6116638183594,211.2578125,-1.0,-1.0,453.26214599609375,199.0546875,448.8349609375,214.5859375,451.0485534667969,223.4609375,472.0776672363281,229.0078125,468.7572937011719,253.4140625,-1.0,-1.0,456.58251953125,231.2265625,462.11651611328125,253.4140625,-1.0,-1.0,-1.0,-1.0,457.6893310546875,180.1953125,-1.0,-1.0,462.11651611328125,182.4140625
453.85150146484375,182.4140625,464.9405822753906,199.0546875,476.0296936035156,199.0546875,481.5742492675781,214.5859375,483.7920837402344,219.0234375,452.7425842285156,200.1640625,449.41583251953125,217.9140625,-1.0,-1.0,472.7029724121094,231.2265625,470.4851379394531,266.7265625,472.7029724121094,285.5859375,456.0693054199219,232.3359375,459.3960266113281,262.2890625,472.7029724121094,292.2421875,-1.0,-1.0,457.17822265625,180.1953125,-1.0,-1.0,462.7227783203125,182.4140625
453.96038818359375,182.4140625,463.9405822753906,200.1640625,451.7425842285156,200.1640625,449.5247497558594,220.1328125,452.85150146484375,223.4609375,475.0296936035156,199.0546875,481.68316650390625,215.6953125,483.9010009765625,215.6953125,455.0693054199219,236.7734375,458.3960266113281,260.0703125,-1.0,-1.0,470.59405517578125,235.6640625,469.4851379394531,258.9609375,-1.0,-1.0,453.96038818359375,180.1953125,456.17822265625,180.1953125,-1.0,-1.0,462.8316955566406,182.4140625
454.0693054199219,182.4140625,462.9405822753906,200.1640625,450.7425842285156,200.1640625,449.6336669921875,220.1328125,451.85150146484375,223.4609375,475.13861083984375,199.0546875,480.68316650390625,217.9140625,484.0098876953125,220.1328125,455.17822265625,234.5546875,458.50494384765625,260.0703125,459.6138610839844,284.4765625,470.7029724121094,233.4453125,469.59405517578125,257.8515625,469.59405517578125,288.9140625,454.0693054199219,180.1953125,456.2871398925781,180.1953125,-1.0,-1.0,462.9405822753906,183.5234375
452.86273193359375,182.27734375,463.8431396484375,198.80078125,450.6666564941406,198.80078125,447.37255859375,216.42578125,-1.0,-1.0,473.7254943847656,197.69921875,478.1176452636719,217.52734375,-1.0,-1.0,457.2549133300781,234.05078125,458.3529357910156,258.28515625,459.45098876953125,282.51953125,470.4313659667969,230.74609375,468.23529052734375,257.18359375,468.23529052734375,285.82421875,452.86273193359375,180.07421875,455.058837890625,180.07421875,-1.0,-1.0,461.6470642089844,183.37890625
452.9607849121094,184.48046875,461.7450866699219,198.80078125,449.6666564941406,199.90234375,446.37255859375,218.62890625,452.9607849121094,223.03515625,472.7254943847656,197.69921875,478.2156982421875,215.32421875,-1.0,-1.0,456.2549133300781,232.94921875,456.2549133300781,259.38671875,459.54901123046875,284.72265625,469.4313659667969,230.74609375,467.23529052734375,258.28515625,468.3333435058594,288.02734375,-1.0,-1.0,455.1568603515625,182.27734375,-1.0,-1.0,461.7450866699219,183.37890625
453.058837890625,185.58203125,460.7450866699219,199.90234375,449.76470947265625,201.00390625,445.37255859375,219.73046875,450.86273193359375,223.03515625,471.7254943847656,198.80078125,480.5097961425781,218.62890625,479.4117736816406,210.91796875,453.058837890625,235.15234375,455.2549133300781,261.58984375,458.54901123046875,284.72265625,468.4313659667969,234.05078125,467.3333435058594,261.58984375,466.23529052734375,286.92578125,454.1568603515625,183.37890625,456.3529357910156,183.37890625,-1.0,-1.0,461.8431396484375,184.48046875
453.3960266113281,184.7421875,460.04949951171875,200.2734375,448.96038818359375,202.4921875,445.6336669921875,219.1328125,451.17822265625,224.6796875,471.13861083984375,199.1640625,478.9010009765625,219.1328125,-1.0,-1.0,452.2871398925781,236.8828125,455.6138610839844,262.3984375,458.9405822753906,285.6953125,468.9207763671875,233.5546875,466.7029724121094,261.2890625,465.59405517578125,286.8046875,453.3960266113281,182.5234375,455.6138610839844,182.5234375,-1.0,-1.0,462.267333984375,184.7421875
452.3960266113281,184.7421875,460.1584167480469,201.3828125,447.96038818359375,202.4921875,444.6336669921875,220.2421875,449.0693054199219,222.4609375,472.3564453125,200.2734375,479.0098876953125,221.3515625,479.0098876953125,212.4765625,451.2871398925781,240.2109375,454.6138610839844,263.5078125,457.9405822753906,281.2578125,466.8118896484375,241.3203125,465.7029724121094,262.3984375,463.4851379394531,284.5859375,453.50494384765625,182.5234375,454.6138610839844,182.5234375,-1.0,-1.0,461.267333984375,184.7421875
451.3960266113281,184.7421875,460.267333984375,201.3828125,448.0693054199219,201.3828125,444.7425842285156,219.1328125,-1.0,-1.0,472.46533203125,200.2734375,479.1188049316406,221.3515625,479.1188049316406,213.5859375,451.3960266113281,240.2109375,454.7227783203125,262.3984375,456.9405822753906,280.1484375,465.8118896484375,239.1015625,464.7029724121094,261.2890625,462.4851379394531,285.6953125,452.50494384765625,182.5234375,453.6138610839844,181.4140625,-1.0,-1.0,461.3762512207031,184.7421875
451.50494384765625,184.7421875,459.267333984375,200.2734375,448.17822265625,201.3828125,444.85150146484375,222.4609375,441.5247497558594,216.9140625,470.3564453125,200.2734375,478.1188049316406,222.4609375,478.1188049316406,214.6953125,451.50494384765625,237.9921875,453.7227783203125,261.2890625,457.04949951171875,280.1484375,465.9207763671875,236.8828125,464.8118896484375,260.1796875,462.59405517578125,284.5859375,451.50494384765625,182.5234375,453.7227783203125,182.5234375,-1.0,-1.0,460.3762512207031,184.7421875
451.00970458984375,183.6328125,460.97088623046875,200.2734375,470.9320373535156,199.1640625,477.57281494140625,216.9140625,-1.0,-1.0,449.9029235839844,201.3828125,444.3689270019531,221.3515625,441.0485534667969,215.8046875,466.5048522949219,232.4453125,462.0776672363281,257.9609375,454.3301086425781,281.2578125,451.00970458984375,232.4453125,452.11651611328125,255.7421875,454.3301086425781,280.1484375,451.00970458984375,181.4140625,453.2232971191406,181.4140625,-1.0,-1.0,459.86407470703125,183.6328125
449.3960266113281,182.5234375,461.59405517578125,199.1640625,471.5742492675781,198.0546875,473.7920837402344,213.5859375,-1.0,-1.0,450.50494384765625,200.2734375,444.96038818359375,220.2421875,440.5247497558594,215.8046875,466.0296936035156,232.4453125,462.7029724121094,259.0703125,462.7029724121094,281.2578125,451.6138610839844,232.4453125,451.6138610839844,254.6328125,452.7227783203125,281.2578125,-1.0,-1.0,451.6138610839844,180.3046875,-1.0,-1.0,458.267333984375,182.5234375
449.2549133300781,182.37890625,460.23529052734375,200.00390625,449.2549133300781,197.80078125,443.76470947265625,220.93359375,441.5686340332031,213.22265625,471.2156982421875,200.00390625,477.8039245605469,223.13671875,-1.0,-1.0,448.1568603515625,240.76171875,449.2549133300781,259.48828125,448.1568603515625,281.51953125,463.5294189453125,242.96484375,462.4313659667969,262.79296875,-1.0,-1.0,-1.0,-1.0,451.45098876953125,180.17578125,-1.0,-1.0,458.0392150878906,182.37890625
449.3529357910156,181.27734375,460.3333435058594,200.00390625,470.2156982421875,198.90234375,-1.0,-1.0,-1.0,-1.0,448.2549133300781,200.00390625,443.86273193359375,220.93359375,440.5686340332031,214.32421875,464.7254943847656,238.55859375,461.4313659667969,258.38671875,-1.0,-1.0,464.7254943847656,236.35546875,-1.0,-1.0,-1.0,-1.0,448.2549133300781,180.17578125,451.54901123046875,179.07421875,-1.0,-1.0,457.0392150878906,181.27734375
448.3529357910156,181.27734375,459.3333435058594,200.00390625,470.313720703125,198.90234375,-1.0,-1.0,-1.0,-1.0,448.3529357910156,200.00390625,442.86273193359375,218.73046875,-1.0,-1.0,464.82354736328125,238.55859375,463.7254943847656,263.89453125,461.5294189453125,291.43359375,448.3529357910156,236.35546875,448.3529357910156,260.58984375,446.1568603515625,284.82421875,-1.0,-1.0,451.6470642089844,179.07421875,-1.0,-1.0,456.0392150878906,181.27734375
447.6138610839844,181.5234375,457.59405517578125,199.2734375,445.3960266113281,198.1640625,439.85150146484375,215.9140625,-1.0,-1.0,468.68316650390625,199.2734375,475.3366394042969,220.3515625,-1.0,-1.0,447.6138610839844,236.9921875,446.50494384765625,266.9453125,443.17822265625,286.9140625,463.13861083984375,238.1015625,462.0296936035156,265.8359375,464.2475280761719,291.3515625,446.50494384765625,179.3046875,449.8316955566406,178.1953125,-1.0,-1.0,456.4851379394531,180.4140625
446.6138610839844,180.4140625,457.7029724121094,197.0546875,466.5742492675781,197.0546875,-1.0,-1.0,-1.0,-1.0,447.7227783203125,195.9453125,442.17822265625,214.8046875,442.17822265625,222.5703125,462.13861083984375,230.3359375,459.9207763671875,251.4140625,-1.0,-1.0,458.8118896484375,232.5546875,459.9207763671875,256.9609375,-1.0,-1.0,-1.0,-1.0,448.8316955566406,178.1953125,-1.0,-1.0,454.3762512207031,180.4140625
445.6138610839844,181.5234375,457.8118896484375,199.2734375,466.68316650390625,197.0546875,-1.0,-1.0,-1.0,-1.0,447.8316955566406,200.3828125,442.2871398925781,219.2421875,437.85150146484375,212.5859375,463.3564453125,231.4453125,458.9207763671875,248.0859375,457.8118896484375,264.7265625,447.8316955566406,230.3359375,450.04949951171875,248.0859375,-1.0,-1.0,-1.0,-1.0,447.8316955566406,178.1953125,-1.0,-1.0,453.3762512207031,180.4140625
445.7227783203125,180.4140625,457.9207763671875,195.9453125,466.7920837402344,194.8359375,-1.0,-1.0,-1.0,-1.0,449.04949951171875,197.0546875,444.6138610839844,218.1328125,-1.0,-1.0,464.5742492675781,227.0078125,463.46533203125,244.7578125,-1.0,-1.0,454.59405517578125,228.1171875,455.7029724121094,246.9765625,-1.0,-1.0,-1.0,-1.0,446.8316955566406,178.1953125,-1.0,-1.0,452.3762512207031,180.4140625
442.50494384765625,180.4140625,455.8118896484375,198.1640625,465.7920837402344,197.0546875,-1.0,-1.0,-1.0,-1.0,448.04949951171875,199.2734375,443.6138610839844,221.4609375,-1.0,-1.0,464.68316650390625,232.5546875,-1.0,-1.0,-1.0,-1.0,455.8118896484375,233.6640625,-1.0,-1.0,-1.0,-1.0,-1.0,-1.0,443.6138610839844,178.1953125,-1.0,-1.0,450.267333984375,181.5234375
444.8316955566406,181.5234375,455.9207763671875,194.8359375,464.7920837402344,194.8359375,-1.0,-1.0,-1.0,-1.0,448.1584167480469,195.9453125,440.3960266113281,210.3671875,-1.0,-1.0,465.9010009765625,225.8984375,-1.0,-1.0,-1.0,-1.0,454.8118896484375,227.0078125,-1.0,-1.0,-1.0,-1.0,-1.0,-1.0,445.9405822753906,179.3046875,-1.0,-1.0,450.3762512207031,180.4140625
443.2232971191406,181.37890625,454.291259765625,200.10546875,466.4660339355469,197.90234375,-1.0,-1.0,-1.0,-1.0,443.2232971191406,200.10546875,435.4757385253906,216.62890625,-1.0,-1.0,466.4660339355469,232.05078125,-1.0,-1.0,-1.0,-1.0,450.97088623046875,234.25390625,454.291259765625,252.98046875,-1.0,-1.0,-1.0,-1.0,444.3301086425781,179.17578125,458.71844482421875,183.58203125,448.7572937011719,181.37890625
440.2549133300781,182.48046875,452.3333435058594,201.20703125,439.1568603515625,199.00390625,434.76470947265625,219.93359375,-1.0,-1.0,463.313720703125,201.20703125,464.4117736816406,224.33984375,-1.0,-1.0,446.8431396484375,236.45703125,-1.0,-1.0,-1.0,-1.0,460.0196228027344,236.45703125,-1.0,-1.0,-1.0,-1.0,-1.0,-1.0,441.3529357910156,180.27734375,-1.0,-1.0,446.8431396484375,181.37890625
440.3529357910156,182.48046875,451.3333435058594,200.10546875,439.2549133300781,199.00390625,433.76470947265625,219.93359375,-1.0,-1.0,463.4117736816406,201.20703125,464.5097961425781,224.33984375,-1.0,-1.0,446.941162109375,237.55859375,-1.0,-1.0,-1.0,-1.0,460.1176452636719,237.55859375,-1.0,-1.0,-1.0,-1.0,-1.0,-1.0,442.54901123046875,179.17578125,-1.0,-1.0,448.0392150878906,181.37890625
438.50494384765625,183.8515625,449.59405517578125,200.4921875,462.9010009765625,200.4921875,-1.0,-1.0,-1.0,-1.0,437.3960266113281,200.4921875,434.0693054199219,221.5703125,-1.0,-1.0,458.46533203125,238.2109375,-1.0,-1.0,-1.0,-1.0,440.7227783203125,238.2109375,-1.0,-1.0,-1.0,-1.0,-1.0,-1.0,439.6138610839844,181.6328125,-1.0,-1.0,445.1584167480469,182.7421875
435.2871398925781,184.9609375,446.3762512207031,201.6015625,435.2871398925781,201.6015625,433.0693054199219,222.6796875,447.4851379394531,227.1171875,459.68316650390625,201.6015625,461.9010009765625,224.8984375,-1.0,-1.0,438.6138610839844,241.5390625,-1.0,-1.0,-1.0,-1.0,455.2475280761719,242.6484375,-1.0,-1.0,-1.0,-1.0,-1.0,-1.0,437.50494384765625,181.6328125,-1.0,-1.0,444.1584167480469,182.7421875
433.17822265625,182.7421875,445.3762512207031,201.6015625,433.17822265625,201.6015625,432.0693054199219,222.6796875,-1.0,-1.0,457.5742492675781,200.4921875,462.0098876953125,224.8984375,-1.0,-1.0,437.6138610839844,240.4296875,-1.0,-1.0,-1.0,-1.0,454.2475280761719,241.5390625,-1.0,-1.0,-1.0,-1.0,-1.0,-1.0,435.3960266113281,179.4140625,-1.0,-1.0,442.04949951171875,181.6328125
431.0693054199219,181.6328125,443.267333984375,201.6015625,432.17822265625,200.4921875,429.96038818359375,220.4609375,-1.0,-1.0,453.2475280761719,201.6015625,456.5742492675781,223.7890625,-1.0,-1.0,435.50494384765625,240.4296875,-1.0,-1.0,-1.0,-1.0,451.0296936035156,241.5390625,-1.0,-1.0,-1.0,-1.0,-1.0,-1.0,433.2871398925781,178.3046875,-1.0,-1.0,441.04949951171875,180.5234375
428.96038818359375,181.6328125,441.1584167480469,201.6015625,428.96038818359375,200.4921875,425.6336669921875,221.5703125,-1.0,-1.0,453.3564453125,201.6015625,458.9010009765625,224.8984375,-1.0,-1.0,431.17822265625,243.7578125,-1.0,-1.0,-1.0,-1.0,448.9207763671875,245.9765625,-1.0,-1.0,-1.0,-1.0,-1.0,-1.0,431.17822265625,178.3046875,-1.0,-1.0,438.9405822753906,180.5234375
426.85150146484375,180.5234375,440.1584167480469,201.6015625,427.96038818359375,200.4921875,422.41583251953125,221.5703125,-1.0,-1.0,451.2475280761719,202.7109375,457.9010009765625,229.3359375,-1.0,-1.0,426.85150146484375,247.0859375,-1.0,-1.0,-1.0,-1.0,445.7029724121094,251.5234375,-1.0,-1.0,-1.0,-1.0,-1.0,-1.0,430.17822265625,178.3046875,-1.0,-1.0,436.8316955566406,180.5234375
425.85150146484375,180.5234375,439.1584167480469,201.6015625,426.96038818359375,200.4921875,422.5247497558594,221.5703125,-1.0,-1.0,450.2475280761719,202.7109375,454.68316650390625,228.2265625,-1.0,-1.0,425.85150146484375,250.4140625,-1.0,-1.0,-1.0,-1.0,444.7029724121094,252.6328125,-1.0,-1.0,-1.0,-1.0,-1.0,-1.0,428.0693054199219,177.1953125,-1.0,-1.0,434.7227783203125,180.5234375
424.26214599609375,179.27734375,437.543701171875,200.20703125,425.3689270019531,198.00390625,423.15533447265625,221.13671875,-1.0,-1.0,447.5048522949219,201.30859375,454.1456298828125,226.64453125,-1.0,-1.0,425.3689270019531,247.57421875,-1.0,-1.0,-1.0,-1.0,440.86407470703125,251.98046875,-1.0,-1.0,-1.0,-1.0,-1.0,-1.0,426.4757385253906,175.97265625,-1.0,-1.0,433.11651611328125,179.27734375
423.26214599609375,178.17578125,436.543701171875,199.10546875,425.4757385253906,196.90234375,421.0485534667969,221.13671875,-1.0,-1.0,445.3980712890625,202.41015625,453.1456298828125,231.05078125,-1.0,-1.0,425.4757385253906,243.16796875,-1.0,-1.0,-1.0,-1.0,442.0776672363281,253.08203125,-1.0,-1.0,-1.0,-1.0,-1.0,-1.0,425.4757385253906,175.97265625,-1.0,-1.0,432.11651611328125,179.27734375
422.3689270019531,179.27734375,435.6504821777344,196.90234375,445.6116638183594,195.80078125,455.57281494140625,222.23828125,-1.0,-1.0,423.4757385253906,194.69921875,416.8349609375,217.83203125,410.1941833496094,216.73046875,443.3980712890625,243.16796875,-1.0,-1.0,-1.0,-1.0,429.00970458984375,238.76171875,-1.0,-1.0,-1.0,-1.0,-1.0,-1.0,424.58251953125,175.97265625,-1.0,-1.0,430.11651611328125,178.17578125
421.4757385253906,178.27734375,434.7572937011719,200.30859375,444.71844482421875,200.30859375,-1.0,-1.0,-1.0,-1.0,424.7961120605469,199.20703125,415.9417419433594,219.03515625,409.30096435546875,215.73046875,439.1844787597656,237.76171875,-1.0,-1.0,-1.0,-1.0,425.9029235839844,236.66015625,-1.0,-1.0,-1.0,-1.0,-1.0,-1.0,423.6893310546875,176.07421875,-1.0,-1.0,428.11651611328125,179.37890625
-1.0,-1.0,434.01885986328125,203.296875,441.67926025390625,203.296875,-1.0,-1.0,-1.0,-1.0,-1.0,-1.0,-1.0,-1.0,-1.0,-1.0,438.396240234375,227.359375,-1.0,-1.0,-1.0,-1.0,428.54718017578125,227.359375,-1.0,-1.0,-1.0,-1.0,-1.0,-1.0,-1.0,-1.0,-1.0,-1.0,-1.0,-1.0
418.39813232421875,177.046875,431.5092468261719,198.921875,440.25,200.015625,-1.0,-1.0,-1.0,-1.0,421.6759338378906,197.828125,416.21295166015625,220.796875,-1.0,-1.0,436.97222900390625,232.828125,-1.0,-1.0,-1.0,-1.0,424.9537048339844,232.828125,-1.0,-1.0,-1.0,-1.0,-1.0,-1.0,420.5833435058594,175.953125,-1.0,-1.0,426.0462951660156,178.140625
418.8990783691406,178.00390625,431.889892578125,198.63671875,440.5504455566406,196.46484375,-1.0,-1.0,-1.0,-1.0,422.14678955078125,197.55078125,413.4862365722656,219.26953125,-1.0,-1.0,-1.0,-1.0,-1.0,-1.0,-1.0,-1.0,423.2293701171875,233.38671875,-1.0,-1.0,-1.0,-1.0,-1.0,-1.0,419.9816589355469,175.83203125,-1.0,-1.0,424.3119201660156,178.00390625
415.2432556152344,178.00390625,433.6216125488281,199.72265625,439.02703857421875,196.46484375,-1.0,-1.0,-1.0,-1.0,433.6216125488281,201.89453125,439.02703857421875,229.04296875,-1.0,-1.0,419.56756591796875,239.90234375,-1.0,-1.0,-1.0,-1.0,430.3783874511719,239.90234375,-1.0,-1.0,-1.0,-1.0,-1.0,-1.0,417.4053955078125,175.83203125,-1.0,-1.0,423.8918762207031,178.00390625
-1.0,-1.0,428.9468994140625,198.3515625,436.5044250488281,197.2734375,-1.0,-1.0,-1.0,-1.0,417.07080078125,197.2734375,410.5929260253906,220.9921875,-1.0,-1.0,439.74334716796875,232.8515625,-1.0,-1.0,-1.0,-1.0,423.5486755371094,232.8515625,-1.0,-1.0,-1.0,-1.0,-1.0,-1.0,-1.0,-1.0,431.106201171875,178.9453125,-1.0,-1.0
411.0517272949219,178.80078125,427.0862121582031,200.20703125,435.637939453125,196.99609375,-1.0,-1.0,-1.0,-1.0,414.25860595703125,200.20703125,408.9137878417969,223.75390625,-1.0,-1.0,-1.0,-1.0,-1.0,-1.0,-1.0,-1.0,422.8103332519531,239.80859375,-1.0,-1.0,-1.0,-1.0,-1.0,-1.0,414.25860595703125,176.66015625,-1.0,-1.0,419.60345458984375,179.87109375
409.0517272949219,182.01171875,422.9482727050781,201.27734375,411.1896667480469,200.20703125,-1.0,-1.0,-1.0,-1.0,427.2241516113281,202.34765625,-1.0,-1.0,-1.0,-1.0,-1.0,-1.0,-1.0,-1.0,-1.0,-1.0,421.8793029785156,235.52734375,-1.0,-1.0,-1.0,-1.0,-1.0,-1.0,411.1896667480469,178.80078125,-1.0,-1.0,417.60345458984375,180.94140625
408.4359130859375,182.90625,423.27349853515625,202.03125,431.75213623046875,202.03125,-1.0,-1.0,-1.0,-1.0,424.3333435058594,202.03125,-1.0,-1.0,-1.0,-1.0,-1.0,-1.0,-1.0,-1.0,-1.0,-1.0,421.1538391113281,236.03125,-1.0,-1.0,-1.0,-1.0,-1.0,-1.0,410.5555419921875,179.71875,-1.0,-1.0,416.9145202636719,182.90625
406.1333312988281,180.84375,416.79998779296875,203.15625,426.3999938964844,204.21875,432.79998779296875,224.40625,-1.0,-1.0,406.1333312988281,202.09375,400.79998779296875,224.40625,-1.0,-1.0,-1.0,-1.0,-1.0,-1.0,-1.0,-1.0,-1.0,-1.0,-1.0,-1.0,-1.0,-1.0,-1.0,-1.0,408.26666259765625,178.71875,-1.0,-1.0,414.6666564941406,180.84375
404.1333312988281,179.78125,415.8666687011719,203.15625,424.3999938964844,204.21875,429.73333740234375,224.40625,-1.0,-1.0,404.1333312988281,202.09375,399.8666687011719,224.40625,-1.0,-1.0,422.26666259765625,236.09375,-1.0,-1.0,-1.0,-1.0,410.5333251953125,238.21875,-1.0,-1.0,-1.0,-1.0,-1.0,-1.0,406.26666259765625,177.65625,-1.0,-1.0,411.6000061035156,178.71875
403.5041198730469,178.56640625,416.1983337402344,199.66015625,426.77685546875,195.44140625,427.834716796875,223.91796875,-1.0,-1.0,404.5619812011719,200.71484375,397.1570129394531,221.80859375,-1.0,-1.0,419.37188720703125,236.57421875,-1.0,-1.0,-1.0,-1.0,403.5041198730469,236.57421875,-1.0,-1.0,-1.0,-1.0,-1.0,-1.0,405.6198425292969,176.45703125,-1.0,-1.0,409.8512268066406,178.56640625
400.95123291015625,177.51171875,411.52032470703125,200.71484375,419.9756164550781,201.76953125,425.2601623535156,222.86328125,-1.0,-1.0,402.00811767578125,200.71484375,394.6097412109375,222.86328125,-1.0,-1.0,418.918701171875,236.57421875,-1.0,-1.0,-1.0,-1.0,402.00811767578125,237.62890625,-1.0,-1.0,-1.0,-1.0,-1.0,-1.0,404.1219482421875,174.34765625,-1.0,-1.0,408.3495788574219,177.51171875
399.28570556640625,179.4609375,410.80950927734375,199.3515625,422.3333435058594,197.2578125,424.4285888671875,221.3359375,423.3809509277344,209.8203125,400.3333435058594,199.3515625,394.047607421875,222.3828125,386.71429443359375,218.1953125,416.047607421875,235.9921875,-1.0,-1.0,-1.0,-1.0,399.28570556640625,240.1796875,-1.0,-1.0,-1.0,-1.0,-1.0,-1.0,401.3809509277344,177.3671875,-1.0,-1.0,406.6190490722656,179.4609375
-1.0,-1.0,410.05511474609375,199.04296875,421.4881896972656,196.96484375,420.4488220214844,230.21484375,-1.0,-1.0,398.6220397949219,199.04296875,392.3858337402344,220.86328125,-1.0,-1.0,414.21258544921875,241.64453125,-1.0,-1.0,-1.0,-1.0,399.6614074707031,241.64453125,-1.0,-1.0,-1.0,-1.0,-1.0,-1.0,-1.0,-1.0,-1.0,-1.0,403.81890869140625,179.30078125
-1.0,-1.0,409.5891418457031,198.00390625,419.97674560546875,195.92578125,430.3643493652344,217.74609375,-1.0,-1.0,397.1240234375,199.04296875,392.968994140625,222.94140625,-1.0,-1.0,416.8604736328125,237.48828125,-1.0,-1.0,-1.0,-1.0,401.2790832519531,240.60546875,-1.0,-1.0,-1.0,-1.0,-1.0,-1.0,-1.0,-1.0,415.82171630859375,180.33984375,402.3178405761719,179.30078125
-1.0,-1.0,406.757568359375,197.703125,420.1515197753906,196.671875,417.06060791015625,222.453125,-1.0,-1.0,397.48486328125,198.734375,390.2727355957031,221.421875,-1.0,-1.0,411.9090881347656,243.078125,-1.0,-1.0,-1.0,-1.0,399.5454406738281,241.015625,-1.0,-1.0,-1.0,-1.0,-1.0,-1.0,-1.0,-1.0,-1.0,-1.0,400.57574462890625,179.140625
-1.0,-1.0,408.5111083984375,198.42578125,419.75555419921875,197.40234375,-1.0,-1.0,-1.0,-1.0,396.24444580078125,199.44921875,391.1333312988281,221.96484375,-1.0,-1.0,415.6666564941406,240.38671875,-1.0,-1.0,-1.0,-1.0,401.3555603027344,238.33984375,-1.0,-1.0,-1.0,-1.0,-1.0,-1.0,-1.0,-1.0,-1.0,-1.0,400.3333435058594,177.95703125
-1.0,-1.0,406.5111083984375,197.40234375,417.75555419921875,196.37890625,415.71112060546875,222.98828125,-1.0,-1.0,394.24444580078125,198.42578125,388.1111145019531,219.91796875,-1.0,-1.0,412.6444396972656,238.33984375,-1.0,-1.0,-1.0,-1.0,398.3333435058594,239.36328125,-1.0,-1.0,-1.0,-1.0,-1.0,-1.0,-1.0,-1.0,-1.0,-1.0,399.3555603027344,178.98046875
-1.0,-1.0,403.4888916015625,198.44921875,415.75555419921875,196.40234375,415.75555419921875,220.96484375,-1.0,-1.0,391.22222900390625,198.44921875,387.1333312988281,221.98828125,-1.0,-1.0,408.6000061035156,240.41015625,-1.0,-1.0,-1.0,-1.0,393.26666259765625,240.41015625,-1.0,-1.0,-1.0,-1.0,-1.0,-1.0,-1.0,-1.0,409.6222229003906,177.98046875,397.3555603027344,176.95703125
391.26617431640625,179.00390625,402.50360107421875,195.37890625,412.71942138671875,194.35546875,-1.0,-1.0,-1.0,-1.0,393.3093566894531,196.40234375,386.15826416015625,220.96484375,372.877685546875,212.77734375,410.67626953125,234.26953125,-1.0,-1.0,-1.0,-1.0,395.3525085449219,238.36328125,-1.0,-1.0,-1.0,-1.0,-1.0,-1.0,-1.0,-1.0,-1.0,-1.0,395.3525085449219,176.95703125
386.97857666015625,176.8046875,401.1785583496094,196.1015625,410.30712890625,195.0859375,-1.0,-1.0,-1.0,-1.0,392.04998779296875,197.1171875,383.9356994628906,220.4765625,370.75,209.3046875,405.2357177734375,238.7578125,-1.0,-1.0,-1.0,-1.0,392.04998779296875,237.7421875,-1.0,-1.0,-1.0,-1.0,-1.0,-1.0,-1.0,-1.0,405.2357177734375,175.7890625,393.06427001953125,176.8046875
384.2340393066406,176.65234375,399.3404235839844,195.80078125,409.4113464355469,195.80078125,409.4113464355469,219.98828125,-1.0,-1.0,389.2695007324219,197.81640625,383.2269592285156,219.98828125,370.134765625,210.91796875,406.39007568359375,231.07421875,-1.0,-1.0,-1.0,-1.0,392.290771484375,233.08984375,-1.0,-1.0,-1.0,-1.0,-1.0,-1.0,386.24822998046875,175.64453125,-1.0,-1.0,391.28369140625,177.66015625
-1.0,-1.0,398.3448181152344,195.80078125,407.4068908691406,194.79296875,-1.0,-1.0,-1.0,-1.0,390.2896423339844,196.80859375,382.2344970703125,219.98828125,366.1241455078125,208.90234375,403.3793029785156,239.13671875,-1.0,-1.0,-1.0,-1.0,389.2827453613281,237.12109375,-1.0,-1.0,-1.0,-1.0,-1.0,-1.0,-1.0,-1.0,400.3586120605469,175.64453125,387.2689514160156,177.66015625
380.0,180.5,393.0,197.5,403.0,195.5,405.0,222.5,-1.0,-1.0,388.0,198.5,379.0,221.5,365.0,209.5,399.0,230.5,-1.0,-1.0,-1.0,-1.0,385.0,233.5,-1.0,-1.0,-1.0,-1.0,-1.0,-1.0,382.0,178.5,-1.0,-1.0,387.0,178.5
-1.0,-1.0,391.6778564453125,197.18359375,402.6040344238281,197.18359375,-1.0,-1.0,-1.0,-1.0,381.7449645996094,198.17578125,375.7852478027344,221.98828125,362.87249755859375,210.08203125,-1.0,-1.0,-1.0,-1.0,-1.0,-1.0,-1.0,-1.0,-1.0,-1.0,-1.0,-1.0,-1.0,-1.0,-1.0,-1.0,-1.0,-1.0,382.7382507324219,178.33203125
-1.0,-1.0,394.644287109375,229.92578125,412.52349853515625,228.93359375,-1.0,-1.0,-1.0,-1.0,377.7583923339844,233.89453125,366.83221435546875,254.73046875,-1.0,-1.0,408.5503234863281,264.65234375,-1.0,-1.0,-1.0,-1.0,386.697998046875,275.56640625,-1.0,-1.0,-1.0,-1.0,-1.0,-1.0,-1.0,-1.0,400.6040344238281,213.05859375,379.7449645996094,213.05859375
371.0723571777344,177.1796875,386.8618469238281,197.8515625,397.71710205078125,196.8671875,397.71710205078125,220.4921875,-1.0,-1.0,375.0197448730469,198.8359375,372.0592041015625,224.4296875,-1.0,-1.0,387.84869384765625,242.1484375,-1.0,-1.0,-1.0,-1.0,376.993408203125,240.1796875,-1.0,-1.0,-1.0,-1.0,-1.0,-1.0,374.03289794921875,174.2265625,391.7960510253906,175.2109375,378.96710205078125,176.1953125
-1.0,-1.0,382.6993408203125,199.16015625,391.6405334472656,200.15234375,394.62091064453125,221.98046875,-1.0,-1.0,374.75164794921875,200.15234375,369.7843017578125,225.94921875,-1.0,-1.0,-1.0,-1.0,-1.0,-1.0,-1.0,-1.0,375.7450866699219,240.83203125,-1.0,-1.0,-1.0,-1.0,-1.0,-1.0,-1.0,-1.0,-1.0,-1.0,375.7450866699219,176.33984375
-1.0,-1.0,382.8618469238281,197.8359375,393.71710205078125,196.8515625,391.743408203125,223.4296875,-1.0,-1.0,372.006591796875,199.8046875,367.0723571777344,225.3984375,-1.0,-1.0,-1.0,-1.0,-1.0,-1.0,-1.0,-1.0,-1.0,-1.0,-1.0,-1.0,-1.0,-1.0,-1.0,-1.0,-1.0,-1.0,386.8092041015625,175.1953125,372.993408203125,176.1796875
-1.0,-1.0,374.9407958984375,198.8203125,380.8618469238281,199.8046875,-1.0,-1.0,-1.0,-1.0,367.0460510253906,198.8203125,-1.0,-1.0,-1.0,-1.0,-1.0,-1.0,-1.0,-1.0,-1.0,-1.0,-1.0,-1.0,-1.0,-1.0,-1.0,-1.0,-1.0,-1.0,-1.0,-1.0,384.8092041015625,175.1953125,369.0197448730469,176.1796875
-1.0,-1.0,376.27630615234375,197.50390625,387.96051025390625,196.52734375,386.0131530761719,220.94140625,-1.0,-1.0,365.5657958984375,198.48046875,359.72369384765625,226.80078125,-1.0,-1.0,-1.0,-1.0,-1.0,-1.0,-1.0,-1.0,363.618408203125,241.44921875,-1.0,-1.0,-1.0,-1.0,-1.0,-1.0,-1.0,-1.0,381.1447448730469,174.06640625,365.5657958984375,176.01953125
-1.0,-1.0,374.27630615234375,195.55078125,384.0131530761719,194.57421875,-1.0,-1.0,-1.0,-1.0,364.53948974609375,196.52734375,358.6973571777344,221.91796875,-1.0,-1.0,-1.0,-1.0,-1.0,-1.0,-1.0,-1.0,364.53948974609375,236.56640625,-1.0,-1.0,-1.0,-1.0,-1.0,-1.0,-1.0,-1.0,-1.0,-1.0,365.5131530761719,175.04296875
353.58941650390625,176.828125,370.9933776855469,195.234375,379.69537353515625,194.265625,-1.0,-1.0,-1.0,-1.0,364.22515869140625,198.140625,368.09271240234375,229.140625,-1.0,-1.0,-1.0,-1.0,-1.0,-1.0,-1.0,-1.0,-1.0,-1.0,-1.0,-1.0,-1.0,-1.0,-1.0,-1.0,355.523193359375,172.953125,-1.0,-1.0,362.2913818359375,174.890625
-1.0,-1.0,375.28857421875,229.140625,391.7181091308594,228.171875,-1.0,-1.0,-1.0,-1.0,359.82550048828125,230.109375,-1.0,-1.0,-1.0,-1.0,-1.0,-1.0,-1.0,-1.0,-1.0,-1.0,-1.0,-1.0,-1.0,-1.0,-1.0,-1.0,-1.0,-1.0,-1.0,-1.0,-1.0,-1.0,-1.0,-1.0
352.49658203125,177.765625,363.1224365234375,196.171875,366.0204162597656,197.140625,-1.0,-1.0,-1.0,-1.0,360.2244873046875,197.140625,358.2925109863281,221.359375,-1.0,-1.0,-1.0,-1.0,-1.0,-1.0,-1.0,-1.0,-1.0,-1.0,-1.0,-1.0,-1.0,-1.0,-1.0,-1.0,355.3945617675781,174.859375,-1.0,-1.0,360.2244873046875,178.734375
351.46258544921875,171.953125,365.952392578125,197.140625,374.646240234375,195.203125,-1.0,-1.0,-1.0,-1.0,358.2244873046875,197.140625,354.36053466796875,223.296875,-1.0,-1.0,-1.0,-1.0,-1.0,-1.0,-1.0,-1.0,356.2925109863281,240.734375,-1.0,-1.0,-1.0,-1.0,-1.0,-1.0,-1.0,-1.0,-1.0,-1.0,356.2925109863281,171.953125
-1.0,-1.0,363.6553955078125,196.80078125,373.25,197.76171875,371.3310852050781,221.78515625,-1.0,-1.0,355.020263671875,196.80078125,-1.0,-1.0,-1.0,-1.0,-1.0,-1.0,-1.0,-1.0,-1.0,-1.0,355.020263671875,240.04296875,-1.0,-1.0,-1.0,-1.0,-1.0,-1.0,-1.0,-1.0,-1.0,-1.0,354.0608215332031,172.77734375
372.65753173828125,168.93359375,360.1917724609375,196.80078125,370.7397155761719,195.83984375,-1.0,-1.0,-1.0,-1.0,352.5205383300781,196.80078125,343.8904113769531,220.82421875,-1.0,-1.0,-1.0,-1.0,-1.0,-1.0,-1.0,-1.0,-1.0,-1.0,-1.0,-1.0,-1.0,-1.0,368.8219299316406,166.05078125,-1.0,-1.0,365.9451904296875,165.08984375,-1.0,-1.0
342.19049072265625,176.4453125,359.3333435058594,195.5078125,367.9047546386719,194.5546875,-1.0,-1.0,-1.0,-1.0,350.76190185546875,196.4609375,343.1428527832031,221.2421875,333.6190490722656,226.0078125,-1.0,-1.0,-1.0,-1.0,-1.0,-1.0,355.5238037109375,240.3046875,-1.0,-1.0,-1.0,-1.0,-1.0,-1.0,345.047607421875,174.5390625,361.23809814453125,174.5390625,348.8571472167969,175.4921875
-1.0,-1.0,357.779296875,195.5078125,366.3448181152344,194.5546875,363.4896545410156,223.1484375,-1.0,-1.0,350.16552734375,196.4609375,341.6000061035156,220.2890625,332.082763671875,226.0078125,359.6827697753906,239.3515625,-1.0,-1.0,-1.0,-1.0,346.3586120605469,238.3984375,-1.0,-1.0,-1.0,-1.0,-1.0,-1.0,-1.0,-1.0,358.73101806640625,175.4921875,345.4068908691406,177.3984375
-1.0,-1.0,355.6041564941406,196.76171875,364.2291564941406,195.80078125,361.3541564941406,227.51171875,-1.0,-1.0,346.9791564941406,197.72265625,-1.0,-1.0,-1.0,-1.0,-1.0,-1.0,-1.0,-1.0,-1.0,-1.0,343.1458435058594,240.00390625,-1.0,-1.0,-1.0,-1.0,-1.0,-1.0,-1.0,-1.0,357.5208435058594,174.66015625,343.1458435058594,176.58203125
-1.0,-1.0,353.2727355957031,196.4140625,362.783203125,196.4140625,358.0279846191406,223.1015625,-1.0,-1.0,343.7622375488281,197.3671875,335.2027893066406,222.1484375,-1.0,-1.0,354.2237854003906,239.3046875,-1.0,-1.0,-1.0,-1.0,340.9090881347656,238.3515625,-1.0,-1.0,-1.0,-1.0,-1.0,-1.0,-1.0,-1.0,356.1258850097656,174.4921875,340.9090881347656,176.3984375
-1.0,-1.0,349.3706359863281,197.3671875,358.881103515625,196.4140625,354.1258850097656,225.9609375,-1.0,-1.0,340.8111877441406,197.3671875,334.1538391113281,223.1015625,325.59442138671875,226.9140625,349.3706359863281,240.2578125,-1.0,-1.0,-1.0,-1.0,337.9580383300781,237.3984375,-1.0,-1.0,-1.0,-1.0,-1.0,-1.0,-1.0,-1.0,353.1748352050781,175.4453125,337.9580383300781,177.3515625
-1.0,-1.0,348.46478271484375,197.01171875,356.01409912109375,197.01171875,352.23944091796875,224.42578125,-1.0,-1.0,340.9154968261719,197.01171875,347.5211181640625,224.42578125,-1.0,-1.0,346.57745361328125,237.66015625,-1.0,-1.0,-1.0,-1.0,335.2535095214844,236.71484375,-1.0,-1.0,-1.0,-1.0,-1.0,-1.0,-1.0,-1.0,-1.0,-1.0,335.2535095214844,177.16015625
-1.0,-1.0,344.1285705566406,197.95703125,354.5,197.95703125,348.8428649902344,224.42578125,-1.0,-1.0,337.528564453125,197.01171875,331.8714294433594,223.48046875,-1.0,-1.0,345.0714416503906,238.60546875,-1.0,-1.0,-1.0,-1.0,333.75714111328125,236.71484375,-1.0,-1.0,-1.0,-1.0,-1.0,-1.0,-1.0,-1.0,346.9571533203125,175.26953125,332.81427001953125,177.16015625
-1.0,-1.0,343.6834411621094,198.53125,353.0359802246094,198.53125,-1.0,-1.0,-1.0,-1.0,334.3309326171875,197.59375,328.71942138671875,222.90625,315.6258850097656,212.59375,345.553955078125,237.90625,-1.0,-1.0,-1.0,-1.0,331.5251770019531,236.96875,-1.0,-1.0,-1.0,-1.0,-1.0,-1.0,-1.0,-1.0,346.48919677734375,176.03125,330.5899353027344,176.96875
-1.0,-1.0,340.7481994628906,197.59375,349.16546630859375,198.53125,342.61871337890625,226.65625,-1.0,-1.0,332.3309326171875,197.59375,337.0072021484375,223.84375,-1.0,-1.0,339.8129577636719,239.78125,-1.0,-1.0,-1.0,-1.0,328.5899353027344,239.78125,-1.0,-1.0,-1.0,-1.0,-1.0,-1.0,-1.0,-1.0,-1.0,-1.0,328.5899353027344,176.96875
-1.0,-1.0,337.8129577636719,195.65625,346.230224609375,197.53125,-1.0,-1.0,-1.0,-1.0,330.3309326171875,197.53125,336.877685546875,225.65625,-1.0,-1.0,-1.0,-1.0,-1.0,-1.0,-1.0,-1.0,-1.0,-1.0,-1.0,-1.0,-1.0,-1.0,-1.0,-1.0,-1.0,-1.0,-1.0,-1.0,326.5899353027344,178.78125
-1.0,-1.0,332.6785583496094,195.30078125,340.1071472167969,194.37109375,335.46429443359375,223.19140625,-1.0,-1.0,324.3214416503906,195.30078125,333.6071472167969,222.26171875,-1.0,-1.0,337.3214111328125,235.27734375,-1.0,-1.0,-1.0,-1.0,325.25,233.41796875,-1.0,-1.0,-1.0,-1.0,-1.0,-1.0,-1.0,-1.0,335.46429443359375,174.84765625,320.6071472167969,175.77734375
-1.0,-1.0,332.46429443359375,193.37109375,338.96429443359375,193.37109375,-1.0,-1.0,-1.0,-1.0,325.03570556640625,195.23046875,334.3214111328125,222.19140625,322.25,206.38671875,-1.0,-1.0,-1.0,-1.0,-1.0,-1.0,325.96429443359375,233.34765625,-1.0,-1.0,-1.0,-1.0,-1.0,-1.0,-1.0,-1.0,-1.0,-1.0,321.3214416503906,172.91796875
-1.0,-1.0,325.95745849609375,194.8671875,335.17730712890625,194.8671875,331.4893493652344,219.7578125,-1.0,-1.0,317.6595764160156,194.8671875,327.8014221191406,219.7578125,-1.0,-1.0,333.3333435058594,239.1171875,-1.0,-1.0,-1.0,-1.0,321.3475036621094,236.3515625,-1.0,-1.0,-1.0,-1.0,-1.0,-1.0,-1.0,-1.0,330.5673828125,173.6640625,313.0496520996094,178.2734375
307.1408386230469,176.13671875,323.6197204589844,192.58984375,331.8591613769531,194.41796875,325.4507141113281,221.83984375,-1.0,-1.0,315.3802795410156,192.58984375,-1.0,-1.0,-1.0,-1.0,-1.0,-1.0,-1.0,-1.0,-1.0,-1.0,318.12677001953125,232.80859375,-1.0,-1.0,-1.0,-1.0,-1.0,-1.0,-1.0,-1.0,328.1971740722656,172.48046875,311.71832275390625,174.30859375
305.3636474609375,176.828125,320.81817626953125,192.234375,310.81817626953125,192.234375,-1.0,-1.0,-1.0,-1.0,327.18182373046875,194.046875,321.7272644042969,221.234375,314.4545593261719,203.109375,-1.0,-1.0,-1.0,-1.0,-1.0,-1.0,-1.0,-1.0,-1.0,-1.0,-1.0,-1.0,-1.0,-1.0,-1.0,-1.0,-1.0,-1.0,311.7272644042969,173.203125
302.6986389160156,175.828125,318.97259521484375,192.140625,327.1095886230469,193.046875,-1.0,-1.0,-1.0,-1.0,308.123291015625,192.140625,-1.0,-1.0,-1.0,-1.0,-1.0,-1.0,-1.0,-1.0,-1.0,-1.0,312.6438293457031,233.828125,-1.0,-1.0,-1.0,-1.0,-1.0,-1.0,303.6027526855469,171.296875,-1.0,-1.0,309.02740478515625,172.203125
303.2069091796875,175.60546875,318.4482727050781,191.77734375,307.6896667480469,189.98046875,-1.0,-1.0,-1.0,-1.0,324.72412109375,193.57421875,319.3448181152344,220.52734375,312.17242431640625,202.55859375,306.7930908203125,232.20703125,-1.0,-1.0,-1.0,-1.0,316.6551818847656,232.20703125,-1.0,-1.0,-1.0,-1.0,-1.0,-1.0,305.0,172.91015625,-1.0,-1.0,311.27587890625,172.91015625
300.2069091796875,174.60546875,315.4482727050781,192.57421875,305.5862121582031,192.57421875,-1.0,-1.0,-1.0,-1.0,320.82757568359375,193.47265625,316.3448181152344,219.52734375,306.4827575683594,200.66015625,-1.0,-1.0,-1.0,-1.0,-1.0,-1.0,-1.0,-1.0,-1.0,-1.0,-1.0,-1.0,-1.0,-1.0,302.0,171.91015625,-1.0,-1.0,308.27587890625,171.01171875
298.2040710449219,171.51171875,313.23809814453125,191.81640625,306.16326904296875,189.16796875,-1.0,-1.0,-1.0,-1.0,318.5442199707031,193.58203125,313.23809814453125,220.94921875,302.6258544921875,198.87890625,-1.0,-1.0,-1.0,-1.0,-1.0,-1.0,-1.0,-1.0,-1.0,-1.0,-1.0,-1.0,-1.0,-1.0,299.9727783203125,168.86328125,-1.0,-1.0,305.2789001464844,170.62890625
295.2040710449219,173.16015625,312.89117431640625,190.81640625,310.23809814453125,188.16796875,-1.0,-1.0,-1.0,-1.0,315.5442199707031,193.46484375,310.23809814453125,221.71484375,300.51019287109375,200.52734375,-1.0,-1.0,-1.0,-1.0,-1.0,-1.0,-1.0,-1.0,-1.0,-1.0,-1.0,-1.0,-1.0,-1.0,296.9727783203125,170.51171875,-1.0,-1.0,305.8163146972656,170.51171875
292.302001953125,173.8125,309.7516784667969,190.4375,308.0067138671875,187.8125,-1.0,-1.0,-1.0,-1.0,311.49664306640625,193.0625,306.2617492675781,221.9375,-1.0,-1.0,-1.0,-1.0,-1.0,-1.0,-1.0,-1.0,-1.0,-1.0,-1.0,-1.0,-1.0,-1.0,-1.0,-1.0,294.0469665527344,171.1875,-1.0,-1.0,302.7718200683594,172.0625
290.5570373535156,172.9375,307.13421630859375,191.3125,301.8993225097656,190.4375,-1.0,-1.0,-1.0,-1.0,308.8791809082031,193.9375,303.644287109375,221.0625,293.17449951171875,203.5625,-1.0,-1.0,-1.0,-1.0,-1.0,-1.0,-1.0,-1.0,-1.0,-1.0,-1.0,-1.0,-1.0,-1.0,291.4295349121094,170.3125,-1.0,-1.0,298.4093933105469,171.1875
