315.23077392578125,180.1796875,310.28570556640625,194.9453125,300.3955993652344,194.9453125,298.4175720214844,212.6640625,305.3406677246094,226.4453125,319.18682861328125,193.9609375,323.1428527832031,209.7109375,323.1428527832031,222.5078125,305.3406677246094,227.4296875,300.3955993652344,251.0546875,293.4725341796875,264.8359375,317.20880126953125,227.4296875,321.1648254394531,251.0546875,326.1098937988281,266.8046875,312.26373291015625,177.2265625,315.23077392578125,176.2421875,305.3406677246094,180.1796875,-1.0,-1.0
316.24176025390625,182.1484375,313.27471923828125,194.9453125,303.3846130371094,195.9296875,301.4065856933594,213.6484375,307.3406677246094,226.4453125,322.1758117675781,194.9453125,326.1318664550781,209.7109375,328.1098937988281,221.5234375,308.3296813964844,229.3984375,303.3846130371094,252.0390625,-1.0,-1.0,321.18682861328125,228.4140625,324.1538391113281,254.0078125,329.0989074707031,270.7421875,313.27471923828125,180.1796875,317.23077392578125,179.1953125,309.3186950683594,181.1640625,320.19781494140625,180.1796875
315.7742004394531,182.1484375,315.7742004394531,193.9609375,306.8709716796875,193.9609375,303.9032287597656,212.6640625,308.8494567871094,225.4609375,324.67742919921875,193.9609375,328.6343994140625,208.7265625,328.6343994140625,220.5390625,310.82794189453125,227.4296875,307.8602294921875,252.0390625,299.94622802734375,269.7578125,323.68817138671875,226.4453125,327.6451721191406,253.0234375,329.6236572265625,267.7890625,313.79571533203125,180.1796875,318.741943359375,179.1953125,311.81719970703125,181.1640625,320.7204284667969,181.1640625
314.80645751953125,180.1796875,318.763427734375,192.9765625,309.8602294921875,192.9765625,305.9032287597656,211.6796875,309.8602294921875,225.4609375,328.6559143066406,192.9765625,330.6343994140625,209.7109375,331.6236572265625,221.5234375,314.80645751953125,227.4296875,310.8494567871094,253.0234375,303.92474365234375,266.8046875,326.67742919921875,226.4453125,329.6451721191406,253.0234375,329.6451721191406,266.8046875,314.80645751953125,178.2109375,316.7849426269531,178.2109375,315.79571533203125,180.1796875,322.7204284667969,178.2109375
324.7204284667969,177.2265625,320.763427734375,192.9765625,310.8709716796875,192.9765625,307.9032287597656,210.6953125,310.8709716796875,225.4609375,329.6666564941406,192.9765625,332.6343994140625,209.7109375,331.6451721191406,221.5234375,317.79571533203125,226.4453125,315.81719970703125,254.0078125,306.9139709472656,270.7421875,329.6666564941406,225.4609375,332.6343994140625,254.0078125,330.6559143066406,276.6484375,322.741943359375,176.2421875,325.7096862792969,176.2421875,317.79571533203125,178.2109375,-1.0,-1.0
325.46807861328125,178.08984375,322.53192138671875,191.76171875,313.723388671875,192.73828125,310.7872314453125,209.33984375,313.723388671875,223.01171875,332.31915283203125,191.76171875,334.276611328125,208.36328125,335.25531005859375,222.03515625,321.5531921386719,224.96484375,320.574462890625,246.44921875,318.6170349121094,260.12109375,332.31915283203125,223.98828125,333.2978820800781,246.44921875,333.2978820800781,262.07421875,323.5106506347656,176.13671875,327.425537109375,176.13671875,319.5957336425781,178.08984375,329.3829650878906,177.11328125
329.425537109375,176.13671875,325.5106506347656,190.78515625,316.7021179199219,190.78515625,312.7872314453125,209.33984375,315.723388671875,224.96484375,335.2978820800781,191.76171875,342.14892578125,209.33984375,339.2127685546875,221.05859375,322.574462890625,224.96484375,323.5531921386719,253.28515625,313.7659606933594,266.95703125,334.31915283203125,224.96484375,334.31915283203125,253.28515625,333.3404235839844,268.91015625,327.46807861328125,174.18359375,330.4042663574219,174.18359375,321.5957336425781,176.13671875,331.3829650878906,177.11328125
330.9479064941406,174.18359375,327.03125,191.76171875,317.2395935058594,190.78515625,314.3020935058594,209.33984375,318.21875,223.98828125,336.8229064941406,191.76171875,340.7395935058594,209.33984375,340.7395935058594,222.03515625,324.09375,224.96484375,327.03125,251.33203125,319.1979064941406,267.93359375,334.8645935058594,224.96484375,335.84375,252.30859375,332.90625,267.93359375,328.9895935058594,172.23046875,332.90625,173.20703125,324.09375,175.16015625,333.8854064941406,176.13671875
331.96875,176.13671875,329.03125,190.78515625,321.1979064941406,189.80859375,316.3020935058594,207.38671875,318.2604064941406,224.96484375,338.8229064941406,190.78515625,341.7604064941406,208.36328125,342.7395935058594,223.01171875,326.09375,224.96484375,330.9895935058594,250.35546875,322.1770935058594,266.95703125,336.8645935058594,223.98828125,336.8645935058594,251.33203125,332.9479064941406,266.95703125,329.03125,174.18359375,333.9270935058594,174.18359375,326.09375,176.13671875,335.8854064941406,177.11328125
334.9479064941406,177.11328125,331.03125,190.78515625,322.21875,190.78515625,316.34375,210.31640625,317.3229064941406,225.94140625,340.8229064941406,190.78515625,344.7395935058594,208.36328125,346.6979064941406,223.98828125,329.0729064941406,224.96484375,333.96875,249.37890625,326.1354064941406,271.83984375,339.84375,223.98828125,338.8645935058594,250.35546875,334.9479064941406,268.91015625,332.9895935058594,175.16015625,336.90625,174.18359375,327.1145935058594,177.11328125,338.8645935058594,177.11328125
337.4285583496094,178.08984375,333.51019287109375,189.80859375,324.6938781738281,189.80859375,321.7550964355469,207.38671875,321.7550964355469,225.94140625,343.3061218261719,190.78515625,346.2449035644531,209.33984375,350.16326904296875,224.96484375,330.5714416503906,224.96484375,336.448974609375,249.37890625,331.551025390625,274.76953125,342.3265380859375,223.98828125,340.3673400878906,250.35546875,335.4693908691406,268.91015625,335.4693908691406,175.16015625,339.38775634765625,175.16015625,330.5714416503906,177.11328125,340.3673400878906,177.11328125
339.92999267578125,176.13671875,335.0299987792969,190.78515625,325.2300109863281,190.78515625,321.30999755859375,209.33984375,323.2699890136719,224.96484375,345.80999755859375,191.76171875,349.7300109863281,208.36328125,352.6700134277344,223.01171875,332.0899963378906,225.94140625,337.9700012207031,249.37890625,335.0299987792969,275.74609375,343.8500061035156,224.96484375,341.8900146484375,250.35546875,338.95001220703125,268.91015625,336.989990234375,174.18359375,340.9100036621094,174.18359375,333.07000732421875,176.13671875,342.8699951171875,177.11328125
341.92999267578125,177.11328125,338.010009765625,191.76171875,328.2099914550781,191.76171875,324.2900085449219,210.31640625,325.2699890136719,226.91796875,347.80999755859375,191.76171875,352.7099914550781,208.36328125,355.6499938964844,222.03515625,336.04998779296875,225.94140625,342.9100036621094,250.35546875,341.92999267578125,272.81640625,346.83001708984375,225.94140625,338.010009765625,250.35546875,334.0899963378906,270.86328125,339.9700012207031,175.16015625,343.8900146484375,175.16015625,335.07000732421875,177.11328125,-1.0,-1.0
344.9100036621094,178.08984375,339.0299987792969,191.76171875,330.2099914550781,191.76171875,326.2900085449219,210.31640625,326.2900085449219,227.89453125,348.83001708984375,192.73828125,353.7300109863281,208.36328125,355.69000244140625,222.03515625,336.0899963378906,226.91796875,344.9100036621094,249.37890625,344.9100036621094,267.93359375,347.8500061035156,225.94140625,339.0299987792969,249.37890625,334.1300048828125,266.95703125,341.9700012207031,176.13671875,345.8900146484375,176.13671875,337.07000732421875,178.08984375,-1.0,-1.0
344.95001220703125,180.04296875,342.010009765625,192.73828125,331.2300109863281,192.73828125,326.3299865722656,212.26953125,326.3299865722656,227.89453125,352.7900085449219,192.73828125,356.7099914550781,208.36328125,361.6099853515625,221.05859375,338.0899963378906,226.91796875,345.92999267578125,249.37890625,347.8900146484375,270.86328125,349.8500061035156,225.94140625,340.04998779296875,250.35546875,334.1700134277344,269.88671875,342.010009765625,178.08984375,345.92999267578125,178.08984375,337.1099853515625,180.04296875,348.8699951171875,178.08984375
346.95001220703125,180.04296875,344.010009765625,193.71484375,334.2099914550781,193.71484375,329.30999755859375,213.24609375,329.30999755859375,225.94140625,354.7900085449219,192.73828125,359.69000244140625,210.31640625,364.5899963378906,221.05859375,341.07000732421875,227.89453125,348.9100036621094,250.35546875,352.83001708984375,269.88671875,351.8500061035156,226.91796875,342.04998779296875,252.30859375,335.19000244140625,269.88671875,344.989990234375,178.08984375,348.9100036621094,177.11328125,341.07000732421875,179.06640625,350.8699951171875,179.06640625
346.5097961425781,181.01953125,346.5097961425781,193.71484375,336.70587158203125,194.69140625,331.8039245605469,212.26953125,330.8235168457031,228.87109375,356.313720703125,193.71484375,361.2156982421875,210.31640625,367.0980224609375,220.08203125,342.5882263183594,229.84765625,352.39215087890625,253.28515625,355.3333435058594,269.88671875,354.3529357910156,228.87109375,343.5686340332031,253.28515625,337.686279296875,269.88671875,344.54901123046875,179.06640625,348.4705810546875,179.06640625,341.60784912109375,181.01953125,352.39215087890625,180.04296875
355.37255859375,177.11328125,349.4902038574219,193.71484375,339.686279296875,193.71484375,334.7843017578125,212.26953125,332.8235168457031,229.84765625,359.29412841796875,193.71484375,364.1960754394531,210.31640625,371.058837890625,222.03515625,345.5686340332031,228.87109375,355.37255859375,254.26171875,356.3529357910156,275.74609375,356.3529357910156,227.89453125,347.5294189453125,254.26171875,338.70587158203125,269.88671875,353.4117736816406,176.13671875,354.39215087890625,175.16015625,348.5097961425781,178.08984375,-1.0,-1.0
354.4313659667969,179.06640625,350.5097961425781,193.71484375,341.686279296875,193.71484375,335.8039245605469,215.19921875,334.8235168457031,231.80078125,361.29412841796875,193.71484375,365.2156982421875,209.33984375,371.0980224609375,220.08203125,348.54901123046875,229.84765625,358.3529357910156,256.21484375,358.3529357910156,277.69921875,359.3333435058594,227.89453125,349.5294189453125,255.23828125,339.7254943847656,270.86328125,352.4705810546875,177.11328125,356.39215087890625,177.11328125,347.5686340332031,179.06640625,359.3333435058594,177.11328125
354.4705810546875,179.06640625,353.4902038574219,192.73828125,343.686279296875,193.71484375,338.7843017578125,212.26953125,338.7843017578125,228.87109375,363.29412841796875,191.76171875,368.1960754394531,208.36328125,373.0980224609375,221.05859375,351.5294189453125,228.87109375,358.39215087890625,256.21484375,358.39215087890625,279.65234375,363.29412841796875,226.91796875,359.37255859375,255.23828125,361.3333435058594,272.81640625,351.5294189453125,178.08984375,356.4313659667969,176.13671875,348.5882263183594,179.06640625,358.39215087890625,178.08984375
357.45098876953125,180.04296875,355.4902038574219,192.73828125,345.686279296875,192.73828125,341.76470947265625,213.24609375,341.76470947265625,229.84765625,366.2745056152344,191.76171875,372.1568603515625,208.36328125,374.1176452636719,222.03515625,354.5097961425781,227.89453125,360.39215087890625,255.23828125,359.4117736816406,279.65234375,366.2745056152344,225.94140625,362.3529357910156,255.23828125,358.4313659667969,278.67578125,354.5097961425781,178.08984375,359.4117736816406,177.11328125,351.5686340332031,178.08984375,360.39215087890625,178.08984375
358.9711608886719,178.08984375,358.9711608886719,190.78515625,349.1634521484375,190.78515625,344.2596130371094,210.31640625,346.2211608886719,226.91796875,367.7980651855469,190.78515625,374.6634521484375,205.43359375,375.64422607421875,221.05859375,356.0288391113281,225.94140625,361.9134521484375,259.14453125,-1.0,-1.0,368.7788391113281,224.96484375,369.7596130371094,256.21484375,366.81732177734375,268.91015625,357.9903869628906,177.11328125,360.93267822265625,176.13671875,354.06732177734375,177.11328125,362.89422607421875,177.11328125
359.9903869628906,178.08984375,360.9711608886719,190.78515625,351.1634521484375,190.78515625,347.2403869628906,213.24609375,348.2211608886719,229.84765625,371.7596130371094,190.78515625,375.68267822265625,209.33984375,377.64422607421875,223.98828125,358.0288391113281,227.89453125,362.93267822265625,257.19140625,362.93267822265625,280.62890625,370.7788391113281,226.91796875,373.7211608886719,255.23828125,370.7788391113281,277.69921875,358.0288391113281,175.16015625,361.9519348144531,175.16015625,356.06732177734375,176.13671875,364.89422607421875,176.13671875
362.9711608886719,175.16015625,362.9711608886719,188.83203125,352.18267822265625,190.78515625,349.2403869628906,210.31640625,350.2211608886719,227.89453125,372.7788391113281,186.87890625,378.6634521484375,207.38671875,378.6634521484375,223.01171875,361.0096130371094,225.94140625,363.9519348144531,255.23828125,361.0096130371094,275.74609375,373.7596130371094,224.96484375,376.7019348144531,253.28515625,369.8365478515625,274.76953125,361.0096130371094,173.20703125,364.93267822265625,172.23046875,358.06732177734375,174.18359375,366.89422607421875,174.18359375
365.9519348144531,175.16015625,363.9903869628906,188.83203125,354.18267822265625,190.78515625,353.2019348144531,212.26953125,355.1634521484375,227.89453125,374.7788391113281,187.85546875,379.68267822265625,206.41015625,379.68267822265625,221.05859375,363.9903869628906,225.94140625,364.9711608886719,254.26171875,363.0096130371094,274.76953125,375.7596130371094,224.96484375,380.6634521484375,252.30859375,369.875,273.79296875,363.9903869628906,174.18359375,368.89422607421875,173.20703125,361.0480651855469,174.18359375,369.875,174.18359375
369.4339599609375,175.16015625,366.4905700683594,188.83203125,357.6603698730469,190.78515625,355.6981201171875,211.29296875,359.6226501464844,227.89453125,377.28302001953125,187.85546875,381.2075500488281,207.38671875,382.1886901855469,223.01171875,366.4905700683594,225.94140625,365.5094299316406,254.26171875,362.5660400390625,275.74609375,378.26416015625,224.96484375,385.132080078125,251.33203125,372.3773498535156,273.79296875,366.4905700683594,174.18359375,370.41510009765625,173.20703125,363.54718017578125,175.16015625,372.3773498535156,174.18359375
371.4339599609375,177.11328125,370.45281982421875,189.80859375,360.6415100097656,190.78515625,357.6981201171875,211.29296875,362.603759765625,227.89453125,380.26416015625,188.83203125,382.2264099121094,207.38671875,384.1886901855469,223.01171875,368.4905700683594,227.89453125,365.54718017578125,257.19140625,363.58489990234375,277.69921875,380.26416015625,225.94140625,388.11322021484375,251.33203125,380.26416015625,272.81640625,369.4717102050781,175.16015625,373.396240234375,175.16015625,366.5282897949219,175.16015625,375.3584899902344,176.13671875
370.4905700683594,176.13671875,369.5094299316406,189.80859375,360.67926025390625,190.78515625,357.73583984375,211.29296875,361.6603698730469,226.91796875,380.3018798828125,188.83203125,384.2264099121094,207.38671875,385.2075500488281,223.98828125,368.5282897949219,226.91796875,365.58489990234375,257.19140625,364.603759765625,277.69921875,380.3018798828125,225.94140625,388.15093994140625,251.33203125,380.3018798828125,272.81640625,368.5282897949219,174.18359375,372.45281982421875,174.18359375,366.5660400390625,175.16015625,375.396240234375,176.13671875
375.4339599609375,175.16015625,372.4905700683594,190.78515625,363.6603698730469,191.76171875,360.71697998046875,213.24609375,365.6226501464844,227.89453125,382.3018798828125,188.83203125,387.2075500488281,209.33984375,387.2075500488281,226.91796875,370.5282897949219,228.87109375,366.603759765625,259.14453125,365.6226501464844,278.67578125,382.3018798828125,227.89453125,391.132080078125,252.30859375,387.2075500488281,273.79296875,373.4717102050781,174.18359375,377.396240234375,173.20703125,369.54718017578125,175.16015625,-1.0,-1.0
379.09173583984375,174.18359375,375.20184326171875,190.78515625,365.47705078125,192.73828125,362.55963134765625,213.24609375,369.3669738769531,227.89453125,385.8990783691406,189.80859375,-1.0,-1.0,-1.0,-1.0,371.3119201660156,229.84765625,367.4220275878906,259.14453125,366.4495544433594,280.62890625,383.9541320800781,228.87109375,392.7064208984375,254.26171875,393.67889404296875,271.83984375,376.17431640625,173.20703125,380.064208984375,171.25390625,372.2843933105469,175.16015625,-1.0,-1.0
380.6216125488281,178.08984375,377.70269775390625,191.76171875,367.97296142578125,192.73828125,366.02703857421875,214.22265625,372.83782958984375,227.89453125,388.4053955078125,190.78515625,-1.0,-1.0,-1.0,-1.0,372.83782958984375,230.82421875,368.9459533691406,257.19140625,365.0540466308594,279.65234375,386.45947265625,229.84765625,394.2432556152344,259.14453125,397.16217041015625,273.79296875,377.70269775390625,175.16015625,381.5946044921875,175.16015625,372.83782958984375,177.11328125,384.5135192871094,177.11328125
382.6216125488281,177.11328125,380.6756896972656,191.76171875,371.9189147949219,191.76171875,368.02703857421875,213.24609375,375.8108215332031,228.87109375,390.4053955078125,190.78515625,389.43243408203125,213.24609375,-1.0,-1.0,372.89190673828125,230.82421875,369.0,260.12109375,366.0810852050781,280.62890625,388.45947265625,229.84765625,395.270263671875,261.09765625,-1.0,-1.0,379.70269775390625,175.16015625,384.56756591796875,174.18359375,375.8108215332031,177.11328125,387.4864807128906,177.11328125
390.30908203125,177.2421875,383.4363708496094,192.9921875,373.6181945800781,193.9765625,370.6727294921875,213.6640625,378.52728271484375,228.4296875,393.2545471191406,192.9921875,-1.0,-1.0,-1.0,-1.0,376.5636291503906,231.3828125,372.6363525390625,257.9609375,366.7454528808594,280.6015625,391.2908935546875,230.3984375,398.16363525390625,259.9296875,403.0727233886719,270.7578125,387.3636474609375,174.2890625,-1.0,-1.0,380.49090576171875,176.2578125,-1.0,-1.0
392.9816589355469,176.13671875,387.14678955078125,193.71484375,377.4220275878906,194.69140625,373.5321044921875,214.22265625,381.3119201660156,228.87109375,396.8715515136719,192.73828125,-1.0,-1.0,-1.0,-1.0,379.3669738769531,230.82421875,374.50457763671875,256.21484375,366.7247619628906,277.69921875,393.9541320800781,230.82421875,400.761474609375,261.09765625,-1.0,-1.0,390.064208984375,174.18359375,392.9816589355469,172.23046875,384.2293701171875,177.11328125,-1.0,-1.0
396.9541320800781,177.11328125,390.14678955078125,192.73828125,381.3945007324219,192.73828125,377.50457763671875,214.22265625,383.3394470214844,228.87109375,399.8715515136719,191.76171875,-1.0,-1.0,-1.0,-1.0,384.3119201660156,229.84765625,379.4495544433594,255.23828125,367.7798156738281,273.79296875,397.9266052246094,230.82421875,403.761474609375,260.12109375,407.6513671875,272.81640625,395.0091857910156,175.16015625,-1.0,-1.0,390.14678955078125,177.11328125,-1.0,-1.0
398.3396301269531,177.11328125,393.4339599609375,192.73828125,384.603759765625,192.73828125,379.6981201171875,214.22265625,387.54718017578125,228.87109375,403.24530029296875,191.76171875,406.1886901855469,211.29296875,-1.0,-1.0,387.54718017578125,229.84765625,383.6226501464844,259.14453125,369.88677978515625,276.72265625,402.26416015625,229.84765625,407.1697998046875,256.21484375,410.11322021484375,271.83984375,396.3773498535156,175.16015625,399.32073974609375,173.20703125,391.4717102050781,177.11328125,-1.0,-1.0
399.875,175.13671875,396.93267822265625,191.73828125,387.125,191.73828125,383.2019348144531,214.19921875,389.0865478515625,230.80078125,407.7211608886719,191.73828125,-1.0,-1.0,-1.0,-1.0,393.0096130371094,231.77734375,389.0865478515625,260.09765625,377.31732177734375,274.74609375,406.7403869628906,230.80078125,409.68267822265625,257.16796875,410.6634521484375,271.81640625,396.93267822265625,173.18359375,401.8365478515625,172.20703125,392.0288391113281,176.11328125,-1.0,-1.0
405.81732177734375,167.32421875,400.9134521484375,190.76171875,392.0865478515625,189.78515625,386.2019348144531,213.22265625,391.10577392578125,229.82421875,410.7211608886719,191.73828125,413.6634521484375,212.24609375,413.6634521484375,225.91796875,396.9903869628906,230.80078125,394.0480651855469,260.09765625,379.3365478515625,274.74609375,409.7403869628906,229.82421875,412.68267822265625,260.09765625,412.68267822265625,272.79296875,401.89422607421875,166.34765625,405.81732177734375,165.37109375,395.0288391113281,171.23046875,-1.0,-1.0
406.37255859375,173.18359375,403.4313659667969,189.78515625,394.60784912109375,188.80859375,389.70587158203125,211.26953125,392.6470642089844,228.84765625,413.23529052734375,190.76171875,418.13726806640625,209.31640625,-1.0,-1.0,400.4902038574219,229.82421875,398.5294189453125,259.12109375,386.76470947265625,273.76953125,412.2549133300781,229.82421875,413.23529052734375,261.07421875,412.2549133300781,272.79296875,403.4313659667969,171.23046875,408.3333435058594,170.25390625,399.5097961425781,172.20703125,411.2745056152344,173.18359375
410.5242614746094,173.078125,405.6698913574219,188.578125,395.9611511230469,187.609375,392.0776672363281,209.890625,395.9611511230469,225.390625,415.3786315917969,189.546875,420.2330017089844,208.921875,421.2038879394531,225.390625,402.7572937011719,227.328125,404.69903564453125,257.359375,391.1068115234375,270.921875,415.3786315917969,226.359375,415.3786315917969,256.390625,412.46600341796875,272.859375,407.6116638183594,170.171875,412.46600341796875,169.203125,402.7572937011719,171.140625,-1.0,-1.0
414.0198059082031,169.203125,407.22772216796875,188.578125,396.554443359375,187.609375,392.67327880859375,208.921875,395.58416748046875,224.421875,418.87127685546875,189.546875,423.7227783203125,208.921875,424.69305419921875,225.390625,405.2871398925781,226.359375,410.13861083984375,256.390625,402.3762512207031,273.828125,417.9010009765625,225.390625,416.9306945800781,256.390625,414.9901123046875,269.953125,412.0792236328125,166.296875,414.9901123046875,167.265625,404.31683349609375,169.203125,-1.0,-1.0
416.8500061035156,173.16015625,410.9700012207031,186.83203125,401.1700134277344,186.83203125,397.25,208.31640625,399.2099914550781,225.89453125,419.7900085449219,187.80859375,425.6700134277344,206.36328125,427.6300048828125,222.96484375,407.04998779296875,223.94140625,412.92999267578125,253.23828125,411.95001220703125,265.93359375,418.80999755859375,222.96484375,418.80999755859375,253.23828125,415.8699951171875,266.91015625,412.92999267578125,171.20703125,417.83001708984375,170.23046875,409.989990234375,172.18359375,-1.0,-1.0
418.38775634765625,171.20703125,413.48980712890625,186.83203125,403.6938781738281,185.85546875,399.7755126953125,210.26953125,401.73468017578125,226.87109375,423.28570556640625,187.80859375,427.2040710449219,206.36328125,431.1224365234375,221.01171875,409.5714416503906,224.91796875,417.4081726074219,254.21484375,412.51019287109375,273.74609375,422.3061218261719,223.94140625,418.38775634765625,254.21484375,418.38775634765625,270.81640625,415.448974609375,168.27734375,419.3673400878906,168.27734375,409.5714416503906,169.25390625,422.3061218261719,171.20703125
419.6363525390625,172.078125,416.7272644042969,187.578125,407.0303039550781,187.578125,401.2121276855469,208.890625,402.18182373046875,227.296875,426.42425537109375,188.546875,430.30303955078125,206.953125,433.2121276855469,220.515625,411.8787841796875,225.359375,419.6363525390625,250.546875,413.81817626953125,272.828125,423.51513671875,224.390625,424.48486328125,252.484375,421.57574462890625,269.921875,417.69696044921875,169.171875,421.57574462890625,169.171875,413.81817626953125,171.109375,424.48486328125,172.078125
422.1649475097656,171.109375,418.2886657714844,187.578125,407.6288757324219,187.578125,402.78350830078125,208.890625,403.7525634765625,228.265625,428.9484558105469,188.546875,432.8247375488281,205.984375,436.7010192871094,220.515625,414.4123840332031,226.328125,425.0721740722656,251.515625,423.134033203125,270.890625,426.0412292480469,224.390625,419.2577209472656,251.515625,415.3814392089844,270.890625,420.226806640625,168.203125,424.10308837890625,168.203125,416.35052490234375,169.171875,427.01031494140625,171.109375
424.19586181640625,172.078125,422.2577209472656,188.546875,411.5979309082031,188.546875,404.8144226074219,209.859375,406.7525634765625,228.265625,431.9484558105469,188.546875,435.8247375488281,205.984375,440.67010498046875,220.515625,417.4123840332031,226.328125,429.0412292480469,254.421875,428.0721740722656,276.703125,428.0721740722656,225.359375,422.2577209472656,253.453125,413.53607177734375,271.859375,422.2577209472656,169.171875,427.10308837890625,169.171875,418.3814392089844,171.109375,430.01031494140625,172.078125
433.5052490234375,174.953125,427.6947326660156,189.484375,417.0421142578125,190.453125,411.2315673828125,210.796875,413.1684265136719,230.171875,438.34735107421875,189.484375,442.2210693359375,207.890625,447.06317138671875,220.484375,422.8526306152344,229.203125,432.5368347167969,256.328125,439.3157958984375,281.515625,434.47369384765625,228.234375,424.7894592285156,254.390625,414.1368408203125,271.828125,430.6000061035156,173.015625,434.47369384765625,172.046875,424.7894592285156,173.984375,-1.0,-1.0
435.06451416015625,174.953125,430.2257995605469,190.453125,419.5806579589844,190.453125,413.7742004394531,212.734375,415.7096862792969,231.140625,440.8709716796875,190.453125,445.7096862792969,207.890625,451.51611328125,219.515625,425.3870849609375,229.203125,436.0322570800781,258.265625,443.7742004394531,281.515625,436.0322570800781,228.234375,424.4193420410156,257.296875,416.67742919921875,272.796875,432.1612854003906,173.015625,436.0322570800781,172.046875,426.3548278808594,174.953125,-1.0,-1.0
439.4945068359375,174.953125,433.69232177734375,190.453125,424.02197265625,190.453125,418.21978759765625,212.734375,420.1538391113281,229.203125,443.3626403808594,190.453125,446.26373291015625,208.859375,444.3296813964844,226.296875,427.8901062011719,229.203125,439.4945068359375,255.359375,443.3626403808594,272.796875,439.4945068359375,227.265625,427.8901062011719,259.234375,-1.0,-1.0,435.6263732910156,173.015625,440.4615478515625,170.109375,428.8571472167969,174.953125,-1.0,-1.0
444.8500061035156,171.2734375,440.92999267578125,188.9921875,432.1099853515625,188.0078125,423.2900085449219,212.6171875,423.2900085449219,230.3359375,450.7300109863281,188.9921875,454.6499938964844,208.6796875,460.5299987792969,221.4765625,437.010009765625,229.3515625,448.7699890136719,262.8203125,-1.0,-1.0,447.7900085449219,228.3671875,436.0299987792969,264.7890625,-1.0,-1.0,441.9100036621094,169.3046875,445.83001708984375,168.3203125,435.04998779296875,172.2578125,-1.0,-1.0
449.0,171.5,443.0,188.5,432.0,188.5,427.0,212.5,428.0,233.5,454.0,189.5,458.0,208.5,464.0,223.5,440.0,230.5,449.0,262.5,-1.0,-1.0,451.0,229.5,446.0,262.5,-1.0,-1.0,446.0,169.5,450.0,168.5,439.0,171.5,-1.0,-1.0
452.5,169.5,446.5,188.5,435.5,188.5,430.5,211.5,431.5,232.5,456.5,188.5,460.5,208.5,467.5,222.5,443.5,229.5,451.5,258.5,-1.0,-1.0,454.5,227.5,452.5,259.5,-1.0,-1.0,449.5,167.5,453.5,166.5,442.5,170.5,-1.0,-1.0
455.653076171875,168.7109375,449.5306091308594,188.0078125,439.3265380859375,188.0078125,434.2244873046875,212.3828125,436.26531982421875,230.6640625,460.7550964355469,188.0078125,463.8163146972656,210.3515625,466.8775634765625,225.5859375,447.48980712890625,229.6484375,453.61224365234375,260.1171875,453.61224365234375,284.4921875,459.73468017578125,227.6171875,457.6938781738281,259.1015625,448.51019287109375,284.4921875,453.61224365234375,165.6640625,456.6734619140625,165.6640625,445.448974609375,169.7265625,-1.0,-1.0
456.89691162109375,169.984375,452.773193359375,188.546875,442.46392822265625,188.546875,438.3402099609375,212.265625,440.4020690917969,230.828125,464.1134033203125,187.515625,468.23712158203125,211.234375,470.2989501953125,226.703125,451.7422790527344,228.765625,453.80413818359375,258.671875,452.773193359375,285.484375,465.1443176269531,226.703125,463.08245849609375,261.765625,458.9587707519531,280.328125,453.80413818359375,167.921875,458.9587707519531,166.890625,448.64947509765625,171.015625,-1.0,-1.0
462.8125,167.1328125,457.6041564941406,185.9765625,447.1875,185.9765625,441.9791564941406,210.0546875,443.0208435058594,228.8984375,468.0208435058594,185.9765625,473.2291564941406,210.0546875,474.2708435058594,227.8515625,454.4791564941406,227.8515625,456.5625,260.3046875,454.4791564941406,282.2890625,469.0625,226.8046875,471.1458435058594,260.3046875,-1.0,-1.0,459.6875,165.0390625,462.8125,163.9921875,452.3958435058594,168.1796875,-1.0,-1.0
463.28125,166.34375,456.90625,185.46875,447.34375,186.53125,442.03125,210.96875,443.09375,227.96875,466.46875,185.46875,-1.0,-1.0,-1.0,-1.0,454.78125,227.96875,455.84375,260.90625,454.78125,283.21875,468.59375,226.90625,472.84375,260.90625,474.96875,284.28125,460.09375,165.28125,463.28125,163.15625,452.65625,167.40625,-1.0,-1.0
464.3789367675781,168.7890625,461.15789794921875,186.0390625,450.4210510253906,187.1171875,445.0526428222656,210.8359375,448.273681640625,231.3203125,472.9684143066406,184.9609375,478.33685302734375,208.6796875,477.2631530761719,227.0078125,459.0105285644531,229.1640625,456.8631591796875,259.3515625,455.78948974609375,288.4609375,472.9684143066406,227.0078125,474.0421142578125,257.1953125,462.2315673828125,283.0703125,462.2315673828125,166.6328125,465.45263671875,166.6328125,455.78948974609375,168.7890625,-1.0,-1.0
468.2127685546875,166.83203125,462.7872314453125,185.29296875,454.10638427734375,185.29296875,448.68084716796875,210.26953125,454.10638427734375,229.81640625,472.5531921386719,186.37890625,476.89361572265625,207.01171875,479.0638427734375,223.30078125,459.53192138671875,228.73046875,457.3616943359375,260.22265625,456.276611328125,285.19921875,472.5531921386719,227.64453125,480.14892578125,254.79296875,467.1276550292969,283.02734375,466.04254150390625,164.66015625,469.2978820800781,162.48828125,458.4468078613281,166.83203125,-1.0,-1.0
473.1052551269531,166.953125,465.4421081542969,186.640625,455.5894775390625,186.640625,452.3052673339844,210.703125,457.7789611816406,229.296875,475.29473876953125,186.640625,478.5789489746094,208.515625,480.7684326171875,224.921875,463.25262451171875,230.390625,457.7789611816406,266.484375,-1.0,-1.0,476.38946533203125,230.390625,482.9578857421875,256.640625,479.6736755371094,277.421875,469.821044921875,164.765625,473.1052551269531,162.578125,462.15789794921875,166.953125,-1.0,-1.0
478.0851135253906,168.4140625,469.2340393066406,186.1640625,459.276611328125,187.2734375,455.95745849609375,211.6796875,461.4893493652344,227.2109375,479.1914978027344,186.1640625,482.5106506347656,208.3515625,485.82977294921875,223.8828125,464.8085021972656,230.5390625,459.276611328125,264.9296875,-1.0,-1.0,479.1914978027344,230.5390625,485.82977294921875,258.2734375,483.61700439453125,282.6796875,474.7659606933594,166.1953125,478.0851135253906,165.0859375,467.0212707519531,168.4140625,-1.0,-1.0
481.0869445800781,168.8125,472.0434875488281,186.8125,461.86956787109375,187.9375,459.60870361328125,212.6875,468.65216064453125,229.5625,482.2174072265625,185.6875,484.478271484375,209.3125,486.7391357421875,226.1875,466.39129638671875,232.9375,460.7391357421875,265.5625,459.60870361328125,291.4375,483.34783935546875,231.8125,490.13043212890625,261.0625,492.39129638671875,277.9375,478.8260803222656,166.5625,481.0869445800781,163.1875,469.7825927734375,168.8125,-1.0,-1.0
485.5368347167969,170.08984375,475.3052673339844,187.08203125,467.3473815917969,188.21484375,462.79998779296875,212.00390625,474.1684265136719,230.12890625,484.3999938964844,187.08203125,486.6736755371094,209.73828125,487.8105163574219,227.86328125,471.8947448730469,231.26171875,463.93682861328125,262.98046875,459.38946533203125,279.97265625,484.3999938964844,230.12890625,479.8526306152344,260.71484375,485.5368347167969,279.97265625,483.2631530761719,168.95703125,-1.0,-1.0,476.4421081542969,170.08984375,-1.0,-1.0
488.9100036621094,170.3828125,478.6499938964844,188.6328125,470.6700134277344,188.6328125,467.25,213.7265625,478.6499938964844,231.9765625,487.7699890136719,187.4921875,490.04998779296875,212.5859375,491.19000244140625,228.5546875,475.2300109863281,234.2578125,462.69000244140625,267.3359375,-1.0,-1.0,487.7699890136719,233.1171875,494.6099853515625,270.7578125,-1.0,-1.0,486.6300048828125,168.1015625,-1.0,-1.0,477.510009765625,170.3828125,-1.0,-1.0
491.0873718261719,171.69140625,481.9223327636719,188.91796875,472.7572937011719,190.06640625,471.6116638183594,213.03515625,481.9223327636719,231.41015625,492.2330017089844,187.76953125,494.5242614746094,213.03515625,494.5242614746094,229.11328125,477.3398132324219,234.85546875,467.02911376953125,267.01171875,-1.0,-1.0,491.0873718261719,233.70703125,497.961181640625,271.60546875,-1.0,-1.0,489.9417419433594,170.54296875,491.0873718261719,170.54296875,484.2135925292969,171.69140625,-1.0,-1.0
493.8302001953125,171.859375,485.7735900878906,189.203125,477.71697998046875,188.046875,474.26416015625,213.484375,485.7735900878906,233.140625,496.132080078125,189.203125,497.28302001953125,212.328125,496.132080078125,230.828125,481.1697998046875,235.453125,470.8113098144531,266.671875,461.603759765625,294.421875,496.132080078125,234.296875,503.0377197265625,271.296875,-1.0,-1.0,491.5282897949219,169.546875,494.98114013671875,169.546875,486.9245300292969,170.703125,-1.0,-1.0
502.2181701660156,171.02734375,490.5818176269531,188.48828125,482.4363708496094,188.48828125,478.9454650878906,212.93359375,489.4181823730469,232.72265625,499.8908996582031,189.65234375,501.0545349121094,212.93359375,502.2181701660156,229.23046875,483.6000061035156,232.72265625,477.7818298339844,265.31640625,463.81817626953125,285.10546875,499.8908996582031,233.88671875,504.5454406738281,271.13671875,-1.0,-1.0,498.7272644042969,168.69921875,502.2181701660156,168.69921875,491.7454528808594,171.02734375,-1.0,-1.0
505.5575256347656,170.0234375,496.21240234375,187.6015625,486.86724853515625,187.6015625,482.1947021484375,213.3828125,491.5398254394531,233.3046875,504.3893737792969,187.6015625,505.5575256347656,211.0390625,509.06195068359375,226.2734375,490.3716735839844,234.4765625,483.3628234863281,264.9453125,464.6725769042969,284.8671875,504.3893737792969,233.3046875,510.2301025390625,268.4609375,-1.0,-1.0,503.22125244140625,167.6796875,505.5575256347656,167.6796875,496.21240234375,168.8515625,-1.0,-1.0
509.8956604003906,169.00390625,498.069580078125,186.69921875,489.79132080078125,186.69921875,483.8782653808594,212.65234375,493.3391418457031,232.70703125,507.5304260253906,187.87890625,-1.0,-1.0,-1.0,-1.0,495.704345703125,235.06640625,490.9739074707031,265.73828125,469.68695068359375,285.79296875,508.7130432128906,232.70703125,514.6260986328125,268.09765625,-1.0,-1.0,507.5304260253906,166.64453125,508.7130432128906,166.64453125,499.2521667480469,169.00390625,-1.0,-1.0
511.5304260253906,169.00390625,503.2521667480469,185.51953125,494.9739074707031,185.51953125,489.0608825683594,211.47265625,496.1565246582031,231.52734375,512.7130126953125,186.69921875,516.2608642578125,210.29296875,519.8087158203125,227.98828125,500.886962890625,231.52734375,498.521728515625,266.91796875,487.8782653808594,284.61328125,512.7130126953125,231.52734375,516.2608642578125,266.91796875,516.2608642578125,281.07421875,507.98260498046875,166.64453125,512.7130126953125,166.64453125,502.069580078125,167.82421875,-1.0,-1.0
516.5263061523438,165.91796875,505.78948974609375,185.04296875,497.4385986328125,183.84765625,492.6666564941406,210.14453125,497.4385986328125,231.66015625,514.140380859375,186.23828125,516.5263061523438,208.94921875,-1.0,-1.0,503.40350341796875,231.66015625,504.59649658203125,265.12890625,483.122802734375,283.05859375,516.5263061523438,230.46484375,518.9122924804688,265.12890625,-1.0,-1.0,514.140380859375,163.52734375,515.3333129882812,162.33203125,505.78948974609375,165.91796875,-1.0,-1.0
518.531005859375,166.0546875,508.90264892578125,184.1015625,500.4778747558594,184.1015625,496.86724853515625,209.3671875,500.4778747558594,231.0234375,518.531005859375,185.3046875,520.9380493164062,206.9609375,-1.0,-1.0,508.90264892578125,229.8203125,512.5133056640625,262.3046875,492.0531005859375,283.9609375,520.9380493164062,227.4140625,520.9380493164062,262.3046875,518.531005859375,282.7578125,514.9203491210938,164.8515625,519.7344970703125,163.6484375,508.90264892578125,166.0546875,-1.0,-1.0
524.4000244140625,163.6484375,512.4000244140625,182.8984375,504.0,182.8984375,500.3999938964844,208.1640625,502.79998779296875,229.8203125,520.7999877929688,184.1015625,524.4000244140625,206.9609375,529.2000122070312,228.6171875,513.5999755859375,228.6171875,518.4000244140625,262.3046875,502.79998779296875,280.3515625,523.2000122070312,227.4140625,523.2000122070312,262.3046875,517.2000122070312,283.9609375,520.7999877929688,161.2421875,523.2000122070312,160.0390625,513.5999755859375,163.6484375,-1.0,-1.0
528.6282958984375,164.109375,516.4159545898438,183.609375,507.86724853515625,182.390625,502.9822998046875,209.203125,505.4247741699219,232.359375,523.7433471679688,183.609375,529.8495483398438,207.984375,533.5133056640625,229.921875,516.4159545898438,228.703125,522.5220947265625,261.609375,507.86724853515625,288.421875,524.964599609375,227.484375,520.0796508789062,261.609375,517.6371459960938,285.984375,524.964599609375,161.671875,527.4071044921875,160.453125,517.6371459960938,164.109375,-1.0,-1.0
531.4071044921875,164.23828125,520.4159545898438,183.86328125,510.6460266113281,182.63671875,505.76104736328125,209.62109375,506.9822998046875,232.92578125,530.1858520507812,185.08984375,533.8495483398438,209.62109375,539.9557495117188,226.79296875,517.9734497070312,229.24609375,528.964599609375,259.91015625,520.4159545898438,286.89453125,527.7433471679688,229.24609375,521.6371459960938,261.13671875,521.6371459960938,281.98828125,527.7433471679688,161.78515625,531.4071044921875,161.78515625,520.4159545898438,164.23828125,-1.0,-1.0
535.4071044921875,164.23828125,523.1947021484375,183.86328125,513.4248046875,183.86328125,507.3185729980469,210.84765625,509.76104736328125,234.15234375,534.1858520507812,185.08984375,537.8495483398438,207.16796875,545.177001953125,225.56640625,521.9734497070312,230.47265625,532.964599609375,261.13671875,525.6371459960938,286.89453125,531.7433471679688,230.47265625,523.1947021484375,262.36328125,-1.0,-1.0,531.7433471679688,161.78515625,535.4071044921875,160.55859375,523.1947021484375,163.01171875,-1.0,-1.0
539.6216430664062,164.73828125,525.9459228515625,184.61328125,516.0,184.61328125,511.02703857421875,210.69921875,511.02703857421875,233.05859375,537.1351318359375,184.61328125,542.1080932617188,205.73046875,550.810791015625,221.87890625,524.7026977539062,229.33203125,538.3783569335938,260.38671875,534.6486206054688,286.47265625,534.6486206054688,229.33203125,522.2161865234375,262.87109375,516.0,283.98828125,535.8919067382812,162.25390625,539.6216430664062,161.01171875,528.4324340820312,163.49609375,-1.0,-1.0
540.9091186523438,167.375,530.8727416992188,186.125,520.8363647460938,187.375,514.5636596679688,212.375,513.30908203125,234.875,540.9091186523438,186.125,543.418212890625,208.625,553.4545288085938,219.875,528.3636474609375,232.375,542.1636352539062,264.875,542.1636352539062,283.625,537.1454467773438,232.375,524.5999755859375,267.375,519.581787109375,287.375,538.4000244140625,163.625,542.1636352539062,162.375,530.8727416992188,166.125,-1.0,-1.0
544.9091186523438,168.625,534.8727416992188,187.375,524.8363647460938,187.375,517.30908203125,212.375,517.30908203125,234.875,544.9091186523438,188.625,546.1636352539062,211.125,556.2000122070312,217.375,531.1090698242188,232.375,544.9091186523438,263.625,547.418212890625,282.375,539.8909301757812,232.375,526.0908813476562,266.125,-1.0,-1.0,542.4000244140625,164.875,546.1636352539062,164.875,534.8727416992188,166.125,-1.0,-1.0
549.7747802734375,167.52734375,539.6846923828125,186.39453125,529.5946044921875,186.39453125,522.0270385742188,211.55078125,520.7657470703125,234.19140625,549.7747802734375,187.65234375,554.81982421875,209.03515625,563.6486206054688,221.61328125,534.6396484375,232.93359375,548.5134887695312,264.37890625,553.5585327148438,283.24609375,547.2522583007812,232.93359375,528.3333129882812,268.15234375,520.7657470703125,283.24609375,547.2522583007812,165.01171875,551.0360107421875,163.75390625,540.9459228515625,167.52734375,-1.0,-1.0
552.272705078125,168.10546875,544.6363525390625,188.48046875,534.4545288085938,187.20703125,526.8181762695312,212.67578125,524.272705078125,234.32421875,554.8181762695312,188.48046875,557.3636474609375,210.12890625,567.5454711914062,220.31640625,538.272705078125,233.05078125,552.272705078125,264.88671875,556.0908813476562,283.98828125,549.727294921875,233.05078125,533.1818237304688,264.88671875,523.0,282.71484375,549.727294921875,165.55859375,552.272705078125,165.55859375,543.3636474609375,168.10546875,-1.0,-1.0
557.5454711914062,165.55859375,549.9091186523438,188.48046875,539.727294921875,187.20703125,530.8181762695312,213.94921875,528.272705078125,235.59765625,560.0908813476562,189.75390625,563.9090576171875,213.94921875,577.9090576171875,226.68359375,543.5454711914062,233.05078125,558.8181762695312,268.70703125,565.1818237304688,289.08203125,553.727294921875,234.32421875,537.1818237304688,266.16015625,524.4545288085938,285.26171875,555.0,163.01171875,557.5454711914062,160.46484375,546.0908813476562,166.83203125,-1.0,-1.0
560.6697387695312,165.703125,552.9633178710938,188.765625,542.6880493164062,190.046875,536.2660522460938,214.390625,532.412841796875,234.890625,564.52294921875,187.484375,569.6605224609375,210.546875,581.22021484375,225.921875,549.110107421875,233.609375,563.238525390625,266.921875,569.6605224609375,293.828125,559.3853149414062,233.609375,543.9724731445312,265.640625,528.5596313476562,284.859375,558.1008911132812,164.421875,560.6697387695312,163.140625,550.3944702148438,166.984375,-1.0,-1.0
565.7222290039062,163.6953125,556.6481323242188,188.3359375,546.2777709960938,188.3359375,538.5,212.9765625,541.0925903320312,236.3203125,568.3148193359375,188.3359375,573.5,210.3828125,583.870361328125,228.5390625,554.0555419921875,233.7265625,568.3148193359375,273.9296875,570.9074096679688,297.2734375,563.129638671875,235.0234375,551.4629516601562,267.4453125,534.611083984375,283.0078125,561.8333129882812,162.3984375,563.129638671875,161.1015625,554.0555419921875,166.2890625,-1.0,-1.0
565.8333129882812,166.2890625,556.75927734375,188.3359375,546.388916015625,188.3359375,539.9074096679688,214.2734375,539.9074096679688,236.3203125,568.4259033203125,188.3359375,573.611083984375,209.0859375,585.2777709960938,227.2421875,554.1666870117188,233.7265625,568.4259033203125,272.6328125,571.0184936523438,297.2734375,564.5370483398438,233.7265625,551.5740966796875,267.4453125,534.7222290039062,283.0078125,563.24072265625,163.6953125,565.8333129882812,161.1015625,555.4629516601562,166.2890625,-1.0,-1.0
568.9065551757812,165.13671875,561.0560913085938,186.01171875,551.897216796875,186.01171875,545.3551635742188,214.71484375,544.0467529296875,236.89453125,570.2149658203125,187.31640625,578.0654296875,210.80078125,587.2243041992188,230.37109375,558.4392700195312,232.98046875,570.2149658203125,269.51171875,572.831787109375,298.21484375,570.2149658203125,232.98046875,561.0560913085938,266.90234375,541.429931640625,286.47265625,566.2897338867188,162.52734375,568.9065551757812,161.22265625,558.4392700195312,165.13671875,-1.0,-1.0
573.9434204101562,165.74609375,564.6981201171875,185.55078125,555.4528198242188,185.55078125,548.8490600585938,214.59765625,548.8490600585938,237.04296875,575.26416015625,184.23046875,580.5471801757812,207.99609375,589.79248046875,230.44140625,563.3773803710938,233.08203125,573.9434204101562,270.05078125,569.9811401367188,300.41796875,575.26416015625,233.08203125,569.9811401367188,267.41015625,546.20751953125,291.17578125,571.3018798828125,163.10546875,572.6226196289062,161.78515625,563.3773803710938,165.74609375,-1.0,-1.0
576.6226196289062,165.74609375,570.0188598632812,184.23046875,559.4528198242188,185.55078125,552.8490600585938,210.63671875,554.1697998046875,235.72265625,580.5848999023438,184.23046875,584.5471801757812,207.99609375,591.1509399414062,230.44140625,568.6981201171875,233.08203125,573.9811401367188,271.37109375,572.660400390625,300.41796875,580.5848999023438,233.08203125,575.3018798828125,272.69140625,570.0188598632812,297.77734375,573.9811401367188,163.10546875,577.9434204101562,160.46484375,567.3773803710938,164.42578125,-1.0,-1.0
582.3333129882812,163.2421875,573.0,183.1640625,562.3333129882812,184.4921875,558.3333129882812,211.0546875,561.0,234.9609375,585.0,183.1640625,590.3333129882812,208.3984375,594.3333129882812,230.9765625,574.3333129882812,230.9765625,577.0,268.1640625,573.0,296.0546875,586.3333129882812,230.9765625,589.0,265.5078125,582.3333129882812,286.7578125,579.6666870117188,160.5859375,583.6666870117188,160.5859375,571.6666870117188,163.2421875,585.0,164.5703125
582.8490600585938,162.04296875,577.4905395507812,182.08203125,566.7735595703125,183.41796875,562.7546997070312,208.80078125,564.0943603515625,231.51171875,588.20751953125,182.08203125,592.2264404296875,207.46484375,596.2453002929688,228.83984375,578.8302001953125,230.17578125,578.8302001953125,264.91015625,572.132080078125,294.30078125,590.8867797851562,228.83984375,593.5660400390625,263.57421875,584.1886596679688,287.62109375,578.8302001953125,160.70703125,585.5283203125,159.37109375,573.4716796875,162.04296875,588.20751953125,162.04296875
590.867919921875,159.828125,581.4905395507812,182.671875,570.7735595703125,182.671875,569.4339599609375,209.546875,573.4528198242188,233.734375,592.20751953125,181.328125,594.8867797851562,209.546875,597.5660400390625,231.046875,580.1509399414062,233.734375,578.8113403320312,268.671875,573.4528198242188,295.546875,594.8867797851562,232.390625,601.5848999023438,265.984375,582.8302001953125,294.203125,588.1886596679688,158.484375,589.5283203125,157.140625,580.1509399414062,161.171875,-1.0,-1.0
591.2190551757812,161.30078125,585.8095092773438,182.92578125,574.990478515625,182.92578125,573.6381225585938,211.30859375,580.4000244140625,232.93359375,596.6286010742188,182.92578125,597.98095703125,209.95703125,600.6857299804688,230.23046875,583.104736328125,234.28515625,580.4000244140625,268.07421875,574.990478515625,300.51171875,597.98095703125,232.93359375,607.4476318359375,265.37109375,589.86669921875,296.45703125,588.5142822265625,158.59765625,593.923828125,158.59765625,580.4000244140625,162.65234375,596.6286010742188,162.65234375
600.375,160.0703125,589.451904296875,181.8203125,578.5288696289062,181.8203125,577.1634521484375,210.3671875,586.7211303710938,232.1171875,600.375,181.8203125,604.4711303710938,210.3671875,605.8365478515625,230.7578125,583.9903564453125,233.4765625,582.625,268.8203125,574.4326782226562,296.0078125,600.375,230.7578125,615.3942260742188,262.0234375,607.201904296875,294.6484375,597.6442260742188,157.3515625,599.0096435546875,158.7109375,585.3557739257812,160.0703125,-1.0,-1.0
605.7403564453125,161.92578125,593.451904296875,183.80078125,585.2596435546875,182.43359375,581.1634521484375,211.14453125,594.8173217773438,234.38671875,604.375,182.43359375,608.4711303710938,211.14453125,611.201904296875,230.28515625,587.9903564453125,234.38671875,582.5288696289062,271.30078125,572.9711303710938,298.64453125,605.7403564453125,234.38671875,619.3942260742188,263.09765625,613.9326782226562,301.37890625,603.0096435546875,157.82421875,605.7403564453125,159.19140625,593.451904296875,160.55859375,-1.0,-1.0
608.8058471679688,162.0625,599.1553344726562,184.0625,589.5048828125,184.0625,586.74755859375,212.9375,601.91259765625,234.9375,610.1844482421875,184.0625,612.9417724609375,211.5625,614.3203735351562,232.1875,592.2621459960938,234.9375,585.3689575195312,272.0625,572.961181640625,299.5625,610.1844482421875,234.9375,622.5922241210938,272.0625,626.7281494140625,299.5625,606.0485229492188,157.9375,608.8058471679688,159.3125,597.7766723632812,162.0625,-1.0,-1.0
614.1844482421875,164.96484375,604.5339965820312,184.32421875,593.5048828125,185.70703125,592.126220703125,214.74609375,607.291259765625,234.10546875,615.5631103515625,184.32421875,616.9417724609375,209.21484375,626.5922241210938,205.06640625,596.2621459960938,235.48828125,587.9902954101562,270.05859375,576.961181640625,299.09765625,614.1844482421875,236.87109375,625.213623046875,274.20703125,627.9708862304688,296.33203125,610.0485229492188,162.19921875,-1.0,-1.0,601.7766723632812,164.96484375,-1.0,-1.0
619.1881103515625,166.02734375,608.2574462890625,183.80078125,600.0593872070312,185.16796875,597.3267211914062,213.87890625,613.7227783203125,235.75390625,619.1881103515625,183.80078125,619.1881103515625,208.41015625,627.3861083984375,205.67578125,601.4257202148438,238.48828125,589.1287231445312,272.66796875,576.8316650390625,298.64453125,619.1881103515625,238.48828125,630.1188354492188,276.76953125,-1.0,-1.0,616.4554443359375,163.29296875,619.1881103515625,160.55859375,608.2574462890625,164.66015625,-1.0,-1.0
624.5148315429688,163.35546875,615.089111328125,184.98046875,605.6633911132812,184.98046875,602.9702758789062,214.71484375,617.7821655273438,236.33984375,625.8613891601562,184.98046875,625.8613891601562,214.71484375,628.554443359375,236.33984375,605.6633911132812,239.04296875,594.89111328125,272.83203125,582.7722778320312,295.80859375,624.5148315429688,239.04296875,636.6336669921875,282.29296875,-1.0,-1.0,623.1683349609375,160.65234375,624.5148315429688,160.65234375,615.089111328125,163.35546875,-1.0,-1.0
629.3333129882812,164.38671875,620.0,184.42578125,610.6666870117188,184.42578125,606.6666870117188,213.81640625,621.3333129882812,236.52734375,630.6666870117188,184.42578125,633.3333129882812,217.82421875,-1.0,-1.0,612.0,239.19921875,600.0,272.59765625,585.3333129882812,295.30859375,630.6666870117188,239.19921875,638.6666870117188,277.94140625,-1.0,-1.0,625.3333129882812,161.71484375,630.6666870117188,160.37890625,618.6666870117188,164.38671875,-1.0,-1.0
634.6666870117188,163.05078125,625.3333129882812,183.08984375,617.3333129882812,183.08984375,612.0,212.48046875,625.3333129882812,236.52734375,633.3333129882812,184.42578125,-1.0,-1.0,-1.0,-1.0,617.3333129882812,239.19921875,608.0,272.59765625,588.0,296.64453125,630.6666870117188,237.86328125,610.6666870117188,273.93359375,600.0,299.31640625,632.0,160.37890625,634.6666870117188,159.04296875,625.3333129882812,163.05078125,-1.0,-1.0
