-1.0,-1.0,520.2535400390625,94.08203125,533.267578125,94.08203125,-1.0,-1.0,-1.0,-1.0,507.23944091796875,94.08203125,502.5070495605469,112.95703125,-1.0,-1.0,529.7183227539062,131.83203125,524.9859008789062,167.22265625,524.9859008789062,195.53515625,513.1549072265625,133.01171875,513.1549072265625,167.22265625,516.7042236328125,195.53515625,-1.0,-1.0,-1.0,-1.0,524.9859008789062,79.92578125,514.3380126953125,79.92578125
-1.0,-1.0,520.2535400390625,94.08203125,533.267578125,94.08203125,-1.0,-1.0,-1.0,-1.0,508.42254638671875,94.08203125,503.6901550292969,110.59765625,-1.0,-1.0,529.7183227539062,133.01171875,526.1690063476562,167.22265625,524.9859008789062,195.53515625,513.1549072265625,133.01171875,513.1549072265625,166.04296875,516.7042236328125,195.53515625,-1.0,-1.0,-1.0,-1.0,526.1690063476562,79.92578125,514.3380126953125,79.92578125
-1.0,-1.0,520.2535400390625,94.08203125,533.267578125,94.08203125,-1.0,-1.0,-1.0,-1.0,508.42254638671875,94.08203125,502.5070495605469,111.77734375,-1.0,-1.0,529.7183227539062,133.01171875,526.1690063476562,167.22265625,524.9859008789062,195.53515625,513.1549072265625,133.01171875,513.1549072265625,166.04296875,516.7042236328125,195.53515625,-1.0,-1.0,-1.0,-1.0,526.1690063476562,78.74609375,514.3380126953125,79.92578125
-1.0,-1.0,520.2535400390625,94.08203125,533.267578125,92.90234375,-1.0,-1.0,-1.0,-1.0,508.42254638671875,94.08203125,503.6901550292969,111.77734375,-1.0,-1.0,529.7183227539062,133.01171875,526.1690063476562,166.04296875,526.1690063476562,195.53515625,513.1549072265625,133.01171875,514.3380126953125,167.22265625,517.8873291015625,195.53515625,-1.0,-1.0,-1.0,-1.0,526.1690063476562,78.74609375,514.3380126953125,79.92578125
-1.0,-1.0,521.4366455078125,92.90234375,533.267578125,92.90234375,-1.0,-1.0,-1.0,-1.0,509.6056213378906,92.90234375,502.5070495605469,111.77734375,-1.0,-1.0,529.7183227539062,133.01171875,526.1690063476562,167.22265625,526.1690063476562,196.71484375,513.1549072265625,133.01171875,513.1549072265625,167.22265625,514.3380126953125,196.71484375,-1.0,-1.0,-1.0,-1.0,527.3521118164062,79.92578125,515.5211181640625,79.92578125
-1.0,-1.0,522.6196899414062,94.08203125,534.45068359375,94.08203125,-1.0,-1.0,-1.0,-1.0,509.6056213378906,92.90234375,502.5070495605469,111.77734375,-1.0,-1.0,529.7183227539062,133.01171875,524.9859008789062,167.22265625,524.9859008789062,196.71484375,513.1549072265625,133.01171875,513.1549072265625,168.40234375,516.7042236328125,196.71484375,-1.0,-1.0,-1.0,-1.0,528.5352172851562,79.92578125,516.7042236328125,79.92578125
-1.0,-1.0,522.6196899414062,94.08203125,534.45068359375,94.08203125,-1.0,-1.0,-1.0,-1.0,509.6056213378906,94.08203125,502.5070495605469,111.77734375,-1.0,-1.0,529.7183227539062,133.01171875,524.9859008789062,168.40234375,524.9859008789062,197.89453125,513.1549072265625,133.01171875,514.3380126953125,168.40234375,516.7042236328125,197.89453125,-1.0,-1.0,-1.0,-1.0,528.5352172851562,79.92578125,516.7042236328125,79.92578125
-1.0,-1.0,522.6196899414062,94.08203125,534.45068359375,94.08203125,-1.0,-1.0,-1.0,-1.0,509.6056213378906,94.08203125,502.5070495605469,111.77734375,-1.0,-1.0,529.7183227539062,133.01171875,524.9859008789062,169.58203125,523.8027954101562,199.07421875,511.9718322753906,133.01171875,514.3380126953125,168.40234375,517.8873291015625,199.07421875,-1.0,-1.0,-1.0,-1.0,528.5352172851562,79.92578125,516.7042236328125,79.92578125
-1.0,-1.0,522.6196899414062,94.08203125,534.45068359375,94.08203125,-1.0,-1.0,-1.0,-1.0,510.7887268066406,92.90234375,502.5070495605469,111.77734375,-1.0,-1.0,529.7183227539062,133.01171875,524.9859008789062,168.40234375,523.8027954101562,197.89453125,513.1549072265625,133.01171875,514.3380126953125,168.40234375,517.8873291015625,197.89453125,-1.0,-1.0,-1.0,-1.0,528.5352172851562,79.92578125,517.8873291015625,79.92578125
-1.0,-1.0,522.6196899414062,94.08203125,535.6337890625,94.08203125,-1.0,-1.0,-1.0,-1.0,510.7887268066406,94.08203125,502.5070495605469,111.77734375,-1.0,-1.0,529.7183227539062,133.01171875,524.9859008789062,168.40234375,523.8027954101562,197.89453125,513.1549072265625,133.01171875,514.3380126953125,168.40234375,517.8873291015625,197.89453125,-1.0,-1.0,-1.0,-1.0,528.5352172851562,79.92578125,517.8873291015625,79.92578125
-1.0,-1.0,523.8027954101562,94.08203125,535.6337890625,94.08203125,-1.0,-1.0,-1.0,-1.0,511.9718322753906,92.90234375,502.5070495605469,111.77734375,-1.0,-1.0,529.7183227539062,133.01171875,524.9859008789062,168.40234375,523.8027954101562,197.89453125,513.1549072265625,133.01171875,514.3380126953125,168.40234375,519.0704345703125,199.07421875,-1.0,-1.0,-1.0,-1.0,528.5352172851562,79.92578125,517.8873291015625,79.92578125
-1.0,-1.0,523.8027954101562,92.90234375,535.6337890625,94.08203125,-1.0,-1.0,-1.0,-1.0,511.9718322753906,92.90234375,502.5070495605469,111.77734375,501.3239440917969,103.51953125,529.7183227539062,133.01171875,524.9859008789062,168.40234375,523.8027954101562,197.89453125,513.1549072265625,133.01171875,514.3380126953125,168.40234375,519.0704345703125,199.07421875,-1.0,-1.0,-1.0,-1.0,528.5352172851562,79.92578125,517.8873291015625,79.92578125
-1.0,-1.0,523.8027954101562,92.90234375,535.6337890625,92.90234375,-1.0,-1.0,-1.0,-1.0,511.9718322753906,92.90234375,502.5070495605469,111.77734375,501.3239440917969,102.33984375,529.7183227539062,134.19140625,524.9859008789062,168.40234375,523.8027954101562,199.07421875,511.9718322753906,133.01171875,514.3380126953125,168.40234375,519.0704345703125,199.07421875,-1.0,-1.0,-1.0,-1.0,529.7183227539062,79.92578125,517.8873291015625,79.92578125
-1.0,-1.0,523.8027954101562,92.90234375,536.81689453125,94.08203125,-1.0,-1.0,-1.0,-1.0,513.1549072265625,91.72265625,502.5070495605469,110.59765625,500.1408386230469,101.16015625,529.7183227539062,134.19140625,523.8027954101562,167.22265625,523.8027954101562,197.89453125,511.9718322753906,133.01171875,514.3380126953125,168.40234375,519.0704345703125,199.07421875,-1.0,-1.0,-1.0,-1.0,528.5352172851562,79.92578125,517.8873291015625,79.92578125
-1.0,-1.0,524.9859008789062,92.90234375,536.81689453125,92.90234375,-1.0,-1.0,-1.0,-1.0,513.1549072265625,91.72265625,503.6901550292969,110.59765625,500.1408386230469,101.16015625,529.7183227539062,133.01171875,523.8027954101562,168.40234375,523.8027954101562,199.07421875,511.9718322753906,131.83203125,513.1549072265625,168.40234375,517.8873291015625,199.07421875,-1.0,-1.0,-1.0,-1.0,528.5352172851562,79.92578125,517.8873291015625,79.92578125
-1.0,-1.0,526.1690063476562,92.90234375,535.6337890625,94.08203125,-1.0,-1.0,-1.0,-1.0,514.3380126953125,91.72265625,504.87322998046875,110.59765625,-1.0,-1.0,530.9014282226562,133.01171875,522.6196899414062,168.40234375,522.6196899414062,197.89453125,513.1549072265625,131.83203125,511.9718322753906,168.40234375,511.9718322753906,197.89453125,-1.0,-1.0,-1.0,-1.0,-1.0,-1.0,511.9718322753906,82.28515625
-1.0,-1.0,524.9859008789062,92.90234375,535.6337890625,95.26171875,-1.0,-1.0,-1.0,-1.0,513.1549072265625,92.90234375,504.87322998046875,110.59765625,-1.0,-1.0,530.9014282226562,133.01171875,522.6196899414062,168.40234375,521.4366455078125,199.07421875,513.1549072265625,131.83203125,511.9718322753906,168.40234375,510.7887268066406,197.89453125,-1.0,-1.0,-1.0,-1.0,-1.0,-1.0,508.42254638671875,83.46484375
-1.0,-1.0,524.9859008789062,92.90234375,535.6337890625,94.08203125,-1.0,-1.0,-1.0,-1.0,511.9718322753906,92.90234375,504.87322998046875,110.59765625,496.591552734375,99.98046875,530.9014282226562,134.19140625,522.6196899414062,168.40234375,520.2535400390625,200.25390625,513.1549072265625,131.83203125,510.7887268066406,168.40234375,509.6056213378906,199.07421875,-1.0,-1.0,-1.0,-1.0,533.267578125,77.56640625,510.7887268066406,82.28515625
-1.0,-1.0,524.9859008789062,92.90234375,535.6337890625,94.08203125,-1.0,-1.0,-1.0,-1.0,511.9718322753906,92.90234375,506.05633544921875,110.59765625,496.591552734375,99.98046875,530.9014282226562,134.19140625,522.6196899414062,168.40234375,520.2535400390625,200.25390625,514.3380126953125,131.83203125,511.9718322753906,168.40234375,509.6056213378906,199.07421875,-1.0,-1.0,-1.0,-1.0,532.0845336914062,77.56640625,513.1549072265625,81.10546875
-1.0,-1.0,524.9859008789062,92.90234375,536.81689453125,94.08203125,-1.0,-1.0,-1.0,-1.0,511.9718322753906,92.90234375,506.05633544921875,110.59765625,496.591552734375,99.98046875,530.9014282226562,134.19140625,522.6196899414062,167.22265625,520.2535400390625,200.25390625,514.3380126953125,131.83203125,511.9718322753906,168.40234375,509.6056213378906,199.07421875,-1.0,-1.0,-1.0,-1.0,532.0845336914062,77.56640625,513.1549072265625,81.10546875
-1.0,-1.0,524.9859008789062,92.90234375,536.81689453125,94.08203125,-1.0,-1.0,-1.0,-1.0,511.9718322753906,92.90234375,506.05633544921875,110.59765625,497.774658203125,101.16015625,532.0845336914062,133.01171875,523.8027954101562,167.22265625,520.2535400390625,200.25390625,514.3380126953125,131.83203125,511.9718322753906,167.22265625,508.42254638671875,199.07421875,-1.0,-1.0,-1.0,-1.0,529.7183227539062,79.92578125,514.3380126953125,81.10546875
-1.0,-1.0,523.8027954101562,92.90234375,536.81689453125,94.08203125,-1.0,-1.0,-1.0,-1.0,511.9718322753906,92.90234375,506.05633544921875,110.59765625,498.9577331542969,102.33984375,530.9014282226562,133.01171875,523.8027954101562,167.22265625,520.2535400390625,200.25390625,513.1549072265625,131.83203125,511.9718322753906,166.04296875,509.6056213378906,199.07421875,-1.0,-1.0,-1.0,-1.0,529.7183227539062,79.92578125,515.5211181640625,81.10546875
-1.0,-1.0,523.8027954101562,92.90234375,535.6337890625,94.08203125,-1.0,-1.0,-1.0,-1.0,511.9718322753906,92.90234375,506.05633544921875,110.59765625,497.774658203125,101.16015625,530.9014282226562,133.01171875,523.8027954101562,167.22265625,520.2535400390625,199.07421875,513.1549072265625,131.83203125,511.9718322753906,166.04296875,508.42254638671875,197.89453125,-1.0,-1.0,-1.0,-1.0,528.5352172851562,79.92578125,515.5211181640625,81.10546875
-1.0,-1.0,523.8027954101562,92.90234375,535.6337890625,92.90234375,-1.0,-1.0,-1.0,-1.0,511.9718322753906,92.90234375,506.05633544921875,110.59765625,-1.0,-1.0,529.7183227539062,133.01171875,523.8027954101562,167.22265625,520.2535400390625,199.07421875,511.9718322753906,131.83203125,511.9718322753906,167.22265625,509.6056213378906,197.89453125,-1.0,-1.0,-1.0,-1.0,528.5352172851562,79.92578125,515.5211181640625,81.10546875
-1.0,-1.0,522.6196899414062,92.90234375,535.6337890625,92.90234375,-1.0,-1.0,-1.0,-1.0,510.7887268066406,92.90234375,506.05633544921875,110.59765625,-1.0,-1.0,529.7183227539062,133.01171875,523.8027954101562,167.22265625,520.2535400390625,199.07421875,511.9718322753906,131.83203125,511.9718322753906,167.22265625,509.6056213378906,197.89453125,-1.0,-1.0,-1.0,-1.0,529.7183227539062,79.92578125,515.5211181640625,79.92578125
-1.0,-1.0,522.6196899414062,92.90234375,534.45068359375,92.90234375,-1.0,-1.0,-1.0,-1.0,510.7887268066406,92.90234375,506.05633544921875,110.59765625,-1.0,-1.0,529.7183227539062,133.01171875,523.8027954101562,167.22265625,520.2535400390625,200.25390625,511.9718322753906,131.83203125,511.9718322753906,167.22265625,509.6056213378906,197.89453125,-1.0,-1.0,-1.0,-1.0,527.3521118164062,78.74609375,515.5211181640625,79.92578125
-1.0,-1.0,522.6196899414062,92.90234375,534.45068359375,92.90234375,-1.0,-1.0,-1.0,-1.0,510.7887268066406,92.90234375,504.87322998046875,109.41796875,497.774658203125,98.80078125,529.7183227539062,133.01171875,523.8027954101562,167.22265625,520.2535400390625,200.25390625,511.9718322753906,131.83203125,511.9718322753906,167.22265625,509.6056213378906,197.89453125,-1.0,-1.0,-1.0,-1.0,527.3521118164062,78.74609375,515.5211181640625,79.92578125
-1.0,-1.0,522.6196899414062,92.90234375,534.45068359375,92.90234375,-1.0,-1.0,-1.0,-1.0,510.7887268066406,92.90234375,503.6901550292969,109.41796875,497.774658203125,98.80078125,529.7183227539062,133.01171875,523.8027954101562,167.22265625,520.2535400390625,200.25390625,513.1549072265625,131.83203125,510.7887268066406,167.22265625,508.42254638671875,197.89453125,-1.0,-1.0,-1.0,-1.0,527.3521118164062,78.74609375,515.5211181640625,79.92578125
-1.0,-1.0,522.6196899414062,92.90234375,534.45068359375,92.90234375,-1.0,-1.0,-1.0,-1.0,511.9718322753906,91.72265625,503.6901550292969,109.41796875,496.591552734375,99.98046875,528.5352172851562,133.01171875,523.8027954101562,167.22265625,520.2535400390625,200.25390625,511.9718322753906,131.83203125,510.7887268066406,167.22265625,508.42254638671875,199.07421875,-1.0,-1.0,-1.0,-1.0,527.3521118164062,78.74609375,515.5211181640625,78.74609375
-1.0,-1.0,522.6196899414062,91.72265625,534.45068359375,91.72265625,-1.0,-1.0,-1.0,-1.0,510.7887268066406,91.72265625,503.6901550292969,109.41796875,-1.0,-1.0,528.5352172851562,133.01171875,523.8027954101562,167.22265625,521.4366455078125,200.25390625,511.9718322753906,130.65234375,510.7887268066406,168.40234375,509.6056213378906,199.07421875,-1.0,-1.0,-1.0,-1.0,527.3521118164062,78.74609375,515.5211181640625,78.74609375
-1.0,-1.0,522.6196899414062,92.90234375,534.45068359375,92.90234375,-1.0,-1.0,-1.0,-1.0,509.6056213378906,92.90234375,503.6901550292969,109.41796875,-1.0,-1.0,529.7183227539062,133.01171875,523.8027954101562,168.40234375,521.4366455078125,201.43359375,513.1549072265625,131.83203125,510.7887268066406,168.40234375,509.6056213378906,199.07421875,-1.0,-1.0,-1.0,-1.0,527.3521118164062,78.74609375,515.5211181640625,78.74609375
-1.0,-1.0,521.4366455078125,92.90234375,533.267578125,92.90234375,-1.0,-1.0,-1.0,-1.0,509.6056213378906,91.72265625,502.5070495605469,109.41796875,-1.0,-1.0,528.5352172851562,133.01171875,523.8027954101562,167.22265625,521.4366455078125,200.25390625,513.1549072265625,131.83203125,510.7887268066406,168.40234375,509.6056213378906,197.89453125,-1.0,-1.0,-1.0,-1.0,526.1690063476562,78.74609375,515.5211181640625,79.92578125
-1.0,-1.0,521.4366455078125,92.90234375,533.267578125,92.90234375,-1.0,-1.0,-1.0,-1.0,508.42254638671875,92.90234375,501.3239440917969,110.59765625,496.591552734375,99.98046875,527.3521118164062,133.01171875,521.4366455078125,167.22265625,521.4366455078125,200.25390625,511.9718322753906,131.83203125,510.7887268066406,168.40234375,508.42254638671875,199.07421875,-1.0,-1.0,-1.0,-1.0,526.1690063476562,79.92578125,514.3380126953125,81.10546875
-1.0,-1.0,521.4366455078125,92.90234375,533.267578125,92.90234375,-1.0,-1.0,-1.0,-1.0,508.42254638671875,92.90234375,501.3239440917969,111.77734375,497.774658203125,98.80078125,527.3521118164062,131.83203125,521.4366455078125,167.22265625,521.4366455078125,199.07421875,510.7887268066406,131.83203125,509.6056213378906,168.40234375,508.42254638671875,197.89453125,-1.0,-1.0,-1.0,-1.0,526.1690063476562,79.92578125,513.1549072265625,81.10546875
-1.0,-1.0,520.2535400390625,92.90234375,533.267578125,92.90234375,-1.0,-1.0,-1.0,-1.0,508.42254638671875,92.90234375,501.3239440917969,111.77734375,-1.0,-1.0,526.1690063476562,133.01171875,520.2535400390625,168.40234375,521.4366455078125,200.25390625,509.6056213378906,131.83203125,509.6056213378906,169.58203125,508.42254638671875,199.07421875,-1.0,-1.0,-1.0,-1.0,526.1690063476562,79.92578125,513.1549072265625,81.10546875
-1.0,-1.0,520.2535400390625,92.90234375,532.0845336914062,94.08203125,-1.0,-1.0,-1.0,-1.0,508.42254638671875,92.90234375,501.3239440917969,111.77734375,-1.0,-1.0,526.1690063476562,133.01171875,520.2535400390625,168.40234375,521.4366455078125,200.25390625,508.42254638671875,131.83203125,509.6056213378906,169.58203125,508.42254638671875,199.07421875,-1.0,-1.0,-1.0,-1.0,526.1690063476562,79.92578125,513.1549072265625,81.10546875
-1.0,-1.0,520.2535400390625,92.90234375,532.0845336914062,94.08203125,-1.0,-1.0,-1.0,-1.0,507.23944091796875,92.90234375,501.3239440917969,111.77734375,-1.0,-1.0,524.9859008789062,133.01171875,520.2535400390625,169.58203125,521.4366455078125,200.25390625,508.42254638671875,131.83203125,509.6056213378906,169.58203125,508.42254638671875,200.25390625,-1.0,-1.0,-1.0,-1.0,526.1690063476562,79.92578125,513.1549072265625,81.10546875
-1.0,-1.0,520.2535400390625,94.08203125,532.0845336914062,94.08203125,535.6337890625,114.13671875,-1.0,-1.0,507.23944091796875,92.90234375,501.3239440917969,112.95703125,-1.0,-1.0,526.1690063476562,133.01171875,519.0704345703125,168.40234375,520.2535400390625,200.25390625,509.6056213378906,133.01171875,509.6056213378906,169.58203125,509.6056213378906,200.25390625,-1.0,-1.0,-1.0,-1.0,524.9859008789062,79.92578125,513.1549072265625,79.92578125
-1.0,-1.0,519.0704345703125,94.08203125,532.0845336914062,94.08203125,534.45068359375,112.95703125,-1.0,-1.0,507.23944091796875,92.90234375,501.3239440917969,112.95703125,-1.0,-1.0,526.1690063476562,133.01171875,519.0704345703125,167.22265625,520.2535400390625,199.07421875,508.42254638671875,133.01171875,509.6056213378906,168.40234375,508.42254638671875,199.07421875,-1.0,-1.0,-1.0,-1.0,524.9859008789062,79.92578125,513.1549072265625,79.92578125
-1.0,-1.0,519.0704345703125,94.08203125,530.9014282226562,94.08203125,534.45068359375,114.13671875,-1.0,-1.0,506.05633544921875,94.08203125,501.3239440917969,112.95703125,-1.0,-1.0,524.9859008789062,133.01171875,519.0704345703125,167.22265625,519.0704345703125,199.07421875,508.42254638671875,133.01171875,509.6056213378906,167.22265625,508.42254638671875,197.89453125,-1.0,-1.0,-1.0,-1.0,524.9859008789062,79.92578125,513.1549072265625,79.92578125
-1.0,-1.0,519.0704345703125,94.08203125,530.9014282226562,94.08203125,534.45068359375,114.13671875,-1.0,-1.0,506.05633544921875,92.90234375,501.3239440917969,112.95703125,-1.0,-1.0,523.8027954101562,133.01171875,519.0704345703125,167.22265625,520.2535400390625,200.25390625,508.42254638671875,131.83203125,508.42254638671875,168.40234375,508.42254638671875,199.07421875,-1.0,-1.0,-1.0,-1.0,524.9859008789062,79.92578125,513.1549072265625,79.92578125
-1.0,-1.0,517.8873291015625,94.08203125,529.7183227539062,94.08203125,534.45068359375,115.31640625,-1.0,-1.0,506.05633544921875,92.90234375,500.1408386230469,111.77734375,500.1408386230469,99.98046875,523.8027954101562,133.01171875,519.0704345703125,168.40234375,519.0704345703125,199.07421875,507.23944091796875,133.01171875,507.23944091796875,168.40234375,507.23944091796875,197.89453125,-1.0,-1.0,-1.0,-1.0,524.9859008789062,79.92578125,513.1549072265625,81.10546875
-1.0,-1.0,517.8873291015625,94.08203125,529.7183227539062,94.08203125,534.45068359375,115.31640625,-1.0,-1.0,506.05633544921875,92.90234375,500.1408386230469,111.77734375,-1.0,-1.0,523.8027954101562,133.01171875,517.8873291015625,167.22265625,519.0704345703125,197.89453125,507.23944091796875,131.83203125,507.23944091796875,167.22265625,507.23944091796875,197.89453125,-1.0,-1.0,-1.0,-1.0,523.8027954101562,79.92578125,511.9718322753906,81.10546875
-1.0,-1.0,517.8873291015625,94.08203125,529.7183227539062,95.26171875,534.45068359375,115.31640625,-1.0,-1.0,504.87322998046875,92.90234375,500.1408386230469,111.77734375,500.1408386230469,98.80078125,522.6196899414062,134.19140625,517.8873291015625,168.40234375,519.0704345703125,199.07421875,507.23944091796875,133.01171875,507.23944091796875,168.40234375,508.42254638671875,197.89453125,-1.0,-1.0,-1.0,-1.0,523.8027954101562,79.92578125,511.9718322753906,81.10546875
-1.0,-1.0,516.7042236328125,94.08203125,529.7183227539062,95.26171875,533.267578125,114.13671875,-1.0,-1.0,504.87322998046875,92.90234375,498.9577331542969,110.59765625,-1.0,-1.0,522.6196899414062,133.01171875,517.8873291015625,168.40234375,517.8873291015625,197.89453125,506.05633544921875,133.01171875,507.23944091796875,168.40234375,507.23944091796875,196.71484375,-1.0,-1.0,-1.0,-1.0,523.8027954101562,79.92578125,511.9718322753906,79.92578125
-1.0,-1.0,516.7042236328125,94.08203125,528.5352172851562,95.26171875,533.267578125,115.31640625,-1.0,-1.0,503.6901550292969,94.08203125,498.9577331542969,110.59765625,-1.0,-1.0,521.4366455078125,133.01171875,517.8873291015625,167.22265625,517.8873291015625,197.89453125,506.05633544921875,131.83203125,507.23944091796875,167.22265625,508.42254638671875,196.71484375,-1.0,-1.0,-1.0,-1.0,522.6196899414062,79.92578125,510.7887268066406,81.10546875
-1.0,-1.0,515.5211181640625,94.08203125,528.5352172851562,95.26171875,533.267578125,115.31640625,-1.0,-1.0,503.6901550292969,94.08203125,498.9577331542969,111.77734375,-1.0,-1.0,520.2535400390625,134.19140625,517.8873291015625,167.22265625,517.8873291015625,197.89453125,504.87322998046875,131.83203125,506.05633544921875,167.22265625,507.23944091796875,196.71484375,-1.0,-1.0,-1.0,-1.0,522.6196899414062,79.92578125,510.7887268066406,81.10546875
-1.0,-1.0,515.5211181640625,95.26171875,527.3521118164062,95.26171875,533.267578125,116.49609375,-1.0,-1.0,502.5070495605469,94.08203125,498.9577331542969,111.77734375,-1.0,-1.0,520.2535400390625,134.19140625,517.8873291015625,168.40234375,517.8873291015625,197.89453125,504.87322998046875,133.01171875,506.05633544921875,167.22265625,507.23944091796875,196.71484375,-1.0,-1.0,-1.0,-1.0,522.6196899414062,79.92578125,509.6056213378906,81.10546875
-1.0,-1.0,514.3380126953125,95.26171875,527.3521118164062,95.26171875,532.0845336914062,116.49609375,-1.0,-1.0,502.5070495605469,94.08203125,498.9577331542969,111.77734375,-1.0,-1.0,520.2535400390625,134.19140625,517.8873291015625,168.40234375,516.7042236328125,197.89453125,504.87322998046875,133.01171875,504.87322998046875,168.40234375,506.05633544921875,196.71484375,-1.0,-1.0,-1.0,-1.0,522.6196899414062,79.92578125,510.7887268066406,79.92578125
-1.0,-1.0,514.3380126953125,95.26171875,526.1690063476562,95.26171875,530.9014282226562,116.49609375,-1.0,-1.0,502.5070495605469,94.08203125,498.9577331542969,112.95703125,-1.0,-1.0,520.2535400390625,134.19140625,517.8873291015625,167.22265625,516.7042236328125,196.71484375,504.87322998046875,131.83203125,504.87322998046875,167.22265625,506.05633544921875,196.71484375,-1.0,-1.0,-1.0,-1.0,521.4366455078125,79.92578125,509.6056213378906,81.10546875
-1.0,-1.0,514.3380126953125,95.26171875,526.1690063476562,96.44140625,530.9014282226562,116.49609375,-1.0,-1.0,502.5070495605469,94.08203125,498.9577331542969,112.95703125,-1.0,-1.0,519.0704345703125,133.01171875,516.7042236328125,168.40234375,517.8873291015625,199.07421875,503.6901550292969,131.83203125,503.6901550292969,167.22265625,504.87322998046875,197.89453125,-1.0,-1.0,-1.0,-1.0,521.4366455078125,79.92578125,509.6056213378906,81.10546875
-1.0,-1.0,514.3380126953125,95.26171875,526.1690063476562,96.44140625,530.9014282226562,116.49609375,-1.0,-1.0,502.5070495605469,94.08203125,498.9577331542969,114.13671875,-1.0,-1.0,519.0704345703125,134.19140625,517.8873291015625,168.40234375,519.0704345703125,200.25390625,503.6901550292969,131.83203125,503.6901550292969,168.40234375,506.05633544921875,200.25390625,-1.0,-1.0,-1.0,-1.0,521.4366455078125,81.10546875,509.6056213378906,81.10546875
-1.0,-1.0,514.3380126953125,95.26171875,524.9859008789062,95.26171875,530.9014282226562,116.49609375,-1.0,-1.0,502.5070495605469,94.08203125,500.1408386230469,114.13671875,-1.0,-1.0,519.0704345703125,133.01171875,516.7042236328125,168.40234375,519.0704345703125,199.07421875,503.6901550292969,131.83203125,504.87322998046875,168.40234375,507.23944091796875,200.25390625,-1.0,-1.0,-1.0,-1.0,520.2535400390625,81.10546875,508.42254638671875,81.10546875
-1.0,-1.0,513.1549072265625,95.26171875,524.9859008789062,96.44140625,530.9014282226562,116.49609375,-1.0,-1.0,502.5070495605469,94.08203125,498.9577331542969,114.13671875,-1.0,-1.0,519.0704345703125,134.19140625,517.8873291015625,168.40234375,519.0704345703125,199.07421875,503.6901550292969,131.83203125,504.87322998046875,168.40234375,506.05633544921875,197.89453125,-1.0,-1.0,-1.0,-1.0,520.2535400390625,81.10546875,508.42254638671875,81.10546875
-1.0,-1.0,513.1549072265625,95.26171875,524.9859008789062,96.44140625,529.7183227539062,115.31640625,-1.0,-1.0,502.5070495605469,94.08203125,498.9577331542969,114.13671875,-1.0,-1.0,519.0704345703125,133.01171875,516.7042236328125,168.40234375,517.8873291015625,196.71484375,503.6901550292969,131.83203125,504.87322998046875,168.40234375,507.23944091796875,196.71484375,-1.0,-1.0,-1.0,-1.0,520.2535400390625,81.10546875,508.42254638671875,81.10546875
-1.0,-1.0,513.1549072265625,95.26171875,524.9859008789062,95.26171875,529.7183227539062,115.31640625,-1.0,-1.0,502.5070495605469,94.08203125,500.1408386230469,112.95703125,-1.0,-1.0,519.0704345703125,133.01171875,516.7042236328125,167.22265625,517.8873291015625,196.71484375,503.6901550292969,130.65234375,506.05633544921875,167.22265625,507.23944091796875,196.71484375,-1.0,-1.0,-1.0,-1.0,520.2535400390625,81.10546875,508.42254638671875,81.10546875
-1.0,-1.0,513.1549072265625,95.26171875,524.9859008789062,95.26171875,529.7183227539062,115.31640625,-1.0,-1.0,502.5070495605469,94.08203125,500.1408386230469,112.95703125,-1.0,-1.0,519.0704345703125,133.01171875,517.8873291015625,166.04296875,519.0704345703125,195.53515625,503.6901550292969,130.65234375,506.05633544921875,167.22265625,508.42254638671875,194.35546875,-1.0,-1.0,-1.0,-1.0,520.2535400390625,81.10546875,508.42254638671875,81.10546875
-1.0,-1.0,513.1549072265625,95.26171875,524.9859008789062,95.26171875,530.9014282226562,115.31640625,-1.0,-1.0,502.5070495605469,94.08203125,500.1408386230469,114.13671875,-1.0,-1.0,519.0704345703125,133.01171875,517.8873291015625,167.22265625,520.2535400390625,194.35546875,503.6901550292969,131.83203125,506.05633544921875,167.22265625,509.6056213378906,195.53515625,-1.0,-1.0,-1.0,-1.0,520.2535400390625,81.10546875,508.42254638671875,81.10546875
-1.0,-1.0,513.1549072265625,95.26171875,524.9859008789062,95.26171875,530.9014282226562,115.31640625,-1.0,-1.0,502.5070495605469,94.08203125,500.1408386230469,114.13671875,-1.0,-1.0,520.2535400390625,133.01171875,517.8873291015625,167.22265625,521.4366455078125,194.35546875,504.87322998046875,131.83203125,506.05633544921875,167.22265625,509.6056213378906,195.53515625,-1.0,-1.0,-1.0,-1.0,520.2535400390625,81.10546875,508.42254638671875,79.92578125
-1.0,-1.0,513.1549072265625,95.26171875,524.9859008789062,95.26171875,530.9014282226562,115.31640625,-1.0,-1.0,502.5070495605469,94.08203125,500.1408386230469,114.13671875,-1.0,-1.0,520.2535400390625,133.01171875,519.0704345703125,167.22265625,521.4366455078125,195.53515625,504.87322998046875,131.83203125,507.23944091796875,167.22265625,508.42254638671875,196.71484375,-1.0,-1.0,-1.0,-1.0,520.2535400390625,81.10546875,508.42254638671875,79.92578125
-1.0,-1.0,514.3380126953125,95.26171875,524.9859008789062,95.26171875,529.7183227539062,114.13671875,-1.0,-1.0,502.5070495605469,94.08203125,500.1408386230469,112.95703125,-1.0,-1.0,520.2535400390625,134.19140625,519.0704345703125,167.22265625,521.4366455078125,195.53515625,504.87322998046875,133.01171875,507.23944091796875,168.40234375,508.42254638671875,196.71484375,-1.0,-1.0,-1.0,-1.0,520.2535400390625,79.92578125,509.6056213378906,79.92578125
-1.0,-1.0,514.3380126953125,94.08203125,526.1690063476562,95.26171875,530.9014282226562,114.13671875,-1.0,-1.0,502.5070495605469,94.08203125,500.1408386230469,112.95703125,-1.0,-1.0,520.2535400390625,134.19140625,517.8873291015625,168.40234375,521.4366455078125,196.71484375,504.87322998046875,133.01171875,507.23944091796875,168.40234375,508.42254638671875,199.07421875,-1.0,-1.0,-1.0,-1.0,520.2535400390625,79.92578125,509.6056213378906,79.92578125
-1.0,-1.0,514.3380126953125,94.08203125,526.1690063476562,95.26171875,530.9014282226562,114.13671875,-1.0,-1.0,502.5070495605469,94.08203125,500.1408386230469,114.13671875,-1.0,-1.0,520.2535400390625,134.19140625,519.0704345703125,167.22265625,521.4366455078125,196.71484375,504.87322998046875,133.01171875,507.23944091796875,168.40234375,508.42254638671875,199.07421875,-1.0,-1.0,-1.0,-1.0,521.4366455078125,79.92578125,509.6056213378906,79.92578125
-1.0,-1.0,514.3380126953125,94.08203125,526.1690063476562,95.26171875,532.0845336914062,114.13671875,-1.0,-1.0,502.5070495605469,94.08203125,500.1408386230469,112.95703125,-1.0,-1.0,521.4366455078125,133.01171875,519.0704345703125,167.22265625,521.4366455078125,195.53515625,504.87322998046875,131.83203125,507.23944091796875,167.22265625,508.42254638671875,197.89453125,-1.0,-1.0,-1.0,-1.0,521.4366455078125,79.92578125,509.6056213378906,79.92578125
-1.0,-1.0,514.3380126953125,94.08203125,526.1690063476562,94.08203125,532.0845336914062,114.13671875,-1.0,-1.0,503.6901550292969,94.08203125,500.1408386230469,112.95703125,-1.0,-1.0,521.4366455078125,133.01171875,519.0704345703125,166.04296875,521.4366455078125,196.71484375,504.87322998046875,131.83203125,507.23944091796875,167.22265625,508.42254638671875,196.71484375,-1.0,-1.0,-1.0,-1.0,521.4366455078125,79.92578125,509.6056213378906,79.92578125
-1.0,-1.0,515.5211181640625,94.08203125,526.1690063476562,94.08203125,533.267578125,114.13671875,-1.0,-1.0,503.6901550292969,92.90234375,500.1408386230469,112.95703125,-1.0,-1.0,521.4366455078125,133.01171875,520.2535400390625,167.22265625,520.2535400390625,196.71484375,506.05633544921875,131.83203125,507.23944091796875,168.40234375,508.42254638671875,196.71484375,-1.0,-1.0,-1.0,-1.0,521.4366455078125,79.92578125,509.6056213378906,79.92578125
-1.0,-1.0,515.5211181640625,94.08203125,526.1690063476562,94.08203125,533.267578125,114.13671875,-1.0,-1.0,503.6901550292969,92.90234375,500.1408386230469,111.77734375,-1.0,-1.0,521.4366455078125,133.01171875,520.2535400390625,167.22265625,520.2535400390625,196.71484375,506.05633544921875,131.83203125,507.23944091796875,168.40234375,507.23944091796875,196.71484375,-1.0,-1.0,-1.0,-1.0,521.4366455078125,79.92578125,509.6056213378906,79.92578125
-1.0,-1.0,515.5211181640625,94.08203125,527.3521118164062,94.08203125,533.267578125,114.13671875,-1.0,-1.0,504.87322998046875,92.90234375,502.5070495605469,112.95703125,-1.0,-1.0,522.6196899414062,133.01171875,520.2535400390625,168.40234375,519.0704345703125,199.07421875,506.05633544921875,131.83203125,507.23944091796875,168.40234375,506.05633544921875,197.89453125,-1.0,-1.0,-1.0,-1.0,522.6196899414062,79.92578125,510.7887268066406,79.92578125
-1.0,-1.0,516.7042236328125,94.08203125,527.3521118164062,94.08203125,533.267578125,114.13671875,-1.0,-1.0,504.87322998046875,92.90234375,502.5070495605469,112.95703125,-1.0,-1.0,522.6196899414062,133.01171875,520.2535400390625,169.58203125,519.0704345703125,199.07421875,507.23944091796875,133.01171875,508.42254638671875,169.58203125,507.23944091796875,199.07421875,-1.0,-1.0,-1.0,-1.0,522.6196899414062,79.92578125,510.7887268066406,79.92578125
-1.0,-1.0,516.7042236328125,94.08203125,527.3521118164062,94.08203125,534.45068359375,112.95703125,-1.0,-1.0,506.05633544921875,92.90234375,501.3239440917969,110.59765625,-1.0,-1.0,522.6196899414062,134.19140625,520.2535400390625,168.40234375,517.8873291015625,196.71484375,507.23944091796875,133.01171875,508.42254638671875,168.40234375,508.42254638671875,197.89453125,-1.0,-1.0,-1.0,-1.0,522.6196899414062,79.92578125,510.7887268066406,79.92578125
-1.0,-1.0,516.7042236328125,94.08203125,527.3521118164062,94.08203125,534.45068359375,112.95703125,-1.0,-1.0,506.05633544921875,92.90234375,501.3239440917969,110.59765625,-1.0,-1.0,522.6196899414062,134.19140625,520.2535400390625,168.40234375,517.8873291015625,196.71484375,507.23944091796875,133.01171875,508.42254638671875,168.40234375,508.42254638671875,197.89453125,-1.0,-1.0,-1.0,-1.0,522.6196899414062,79.92578125,510.7887268066406,79.92578125
-1.0,-1.0,517.8873291015625,94.08203125,528.5352172851562,94.08203125,534.45068359375,114.13671875,-1.0,-1.0,506.05633544921875,92.90234375,501.3239440917969,110.59765625,-1.0,-1.0,522.6196899414062,134.19140625,521.4366455078125,168.40234375,519.0704345703125,197.89453125,506.05633544921875,133.01171875,508.42254638671875,168.40234375,507.23944091796875,197.89453125,-1.0,-1.0,-1.0,-1.0,523.8027954101562,79.92578125,511.9718322753906,79.92578125
-1.0,-1.0,517.8873291015625,94.08203125,529.7183227539062,95.26171875,534.45068359375,115.31640625,-1.0,-1.0,506.05633544921875,92.90234375,500.1408386230469,110.59765625,-1.0,-1.0,523.8027954101562,134.19140625,520.2535400390625,168.40234375,519.0704345703125,199.07421875,507.23944091796875,133.01171875,508.42254638671875,168.40234375,507.23944091796875,197.89453125,-1.0,-1.0,-1.0,-1.0,523.8027954101562,79.92578125,511.9718322753906,81.10546875
-1.0,-1.0,517.8873291015625,94.08203125,529.7183227539062,95.26171875,534.45068359375,115.31640625,-1.0,-1.0,506.05633544921875,92.90234375,498.9577331542969,110.59765625,-1.0,-1.0,523.8027954101562,135.37109375,520.2535400390625,169.58203125,519.0704345703125,199.07421875,507.23944091796875,133.01171875,509.6056213378906,168.40234375,507.23944091796875,197.89453125,-1.0,-1.0,-1.0,-1.0,523.8027954101562,79.92578125,511.9718322753906,81.10546875
-1.0,-1.0,517.8873291015625,94.08203125,530.9014282226562,95.26171875,534.45068359375,115.31640625,-1.0,-1.0,506.05633544921875,94.08203125,498.9577331542969,110.59765625,-1.0,-1.0,523.8027954101562,134.19140625,520.2535400390625,169.58203125,520.2535400390625,199.07421875,507.23944091796875,133.01171875,509.6056213378906,168.40234375,508.42254638671875,197.89453125,-1.0,-1.0,-1.0,-1.0,523.8027954101562,79.92578125,511.9718322753906,81.10546875
-1.0,-1.0,519.0704345703125,94.08203125,530.9014282226562,95.26171875,534.45068359375,115.31640625,-1.0,-1.0,507.23944091796875,94.08203125,498.9577331542969,110.59765625,-1.0,-1.0,523.8027954101562,135.37109375,521.4366455078125,169.58203125,520.2535400390625,199.07421875,507.23944091796875,133.01171875,510.7887268066406,169.58203125,508.42254638671875,199.07421875,-1.0,-1.0,-1.0,-1.0,524.9859008789062,79.92578125,513.1549072265625,81.10546875
-1.0,-1.0,519.0704345703125,94.08203125,530.9014282226562,95.26171875,534.45068359375,115.31640625,-1.0,-1.0,507.23944091796875,94.08203125,498.9577331542969,110.59765625,-1.0,-1.0,523.8027954101562,135.37109375,521.4366455078125,169.58203125,520.2535400390625,199.07421875,507.23944091796875,133.01171875,510.7887268066406,169.58203125,508.42254638671875,199.07421875,-1.0,-1.0,-1.0,-1.0,524.9859008789062,79.92578125,513.1549072265625,81.10546875
-1.0,-1.0,519.0704345703125,94.08203125,530.9014282226562,94.08203125,534.45068359375,115.31640625,-1.0,-1.0,507.23944091796875,92.90234375,500.1408386230469,110.59765625,-1.0,-1.0,523.8027954101562,135.37109375,521.4366455078125,168.40234375,520.2535400390625,199.07421875,508.42254638671875,133.01171875,510.7887268066406,168.40234375,508.42254638671875,199.07421875,-1.0,-1.0,-1.0,-1.0,524.9859008789062,79.92578125,513.1549072265625,81.10546875
-1.0,-1.0,519.0704345703125,94.08203125,530.9014282226562,94.08203125,534.45068359375,115.31640625,-1.0,-1.0,507.23944091796875,94.08203125,500.1408386230469,110.59765625,-1.0,-1.0,524.9859008789062,135.37109375,521.4366455078125,168.40234375,520.2535400390625,199.07421875,508.42254638671875,134.19140625,510.7887268066406,169.58203125,508.42254638671875,199.07421875,-1.0,-1.0,-1.0,-1.0,524.9859008789062,79.92578125,513.1549072265625,79.92578125
-1.0,-1.0,520.2535400390625,94.08203125,532.0845336914062,95.26171875,534.45068359375,114.13671875,-1.0,-1.0,508.42254638671875,94.08203125,500.1408386230469,111.77734375,-1.0,-1.0,524.9859008789062,134.19140625,521.4366455078125,168.40234375,520.2535400390625,200.25390625,509.6056213378906,134.19140625,510.7887268066406,169.58203125,508.42254638671875,200.25390625,-1.0,-1.0,-1.0,-1.0,524.9859008789062,79.92578125,514.3380126953125,79.92578125
-1.0,-1.0,520.2535400390625,94.08203125,532.0845336914062,95.26171875,534.45068359375,114.13671875,-1.0,-1.0,508.42254638671875,94.08203125,500.1408386230469,110.59765625,-1.0,-1.0,524.9859008789062,135.37109375,520.2535400390625,169.58203125,520.2535400390625,201.43359375,509.6056213378906,134.19140625,510.7887268066406,169.58203125,508.42254638671875,200.25390625,-1.0,-1.0,-1.0,-1.0,526.1690063476562,79.92578125,514.3380126953125,81.10546875
-1.0,-1.0,520.2535400390625,94.08203125,532.0845336914062,95.26171875,534.45068359375,114.13671875,-1.0,-1.0,508.42254638671875,94.08203125,501.3239440917969,111.77734375,-1.0,-1.0,524.9859008789062,135.37109375,520.2535400390625,169.58203125,520.2535400390625,200.25390625,509.6056213378906,134.19140625,510.7887268066406,169.58203125,508.42254638671875,200.25390625,-1.0,-1.0,-1.0,-1.0,526.1690063476562,79.92578125,514.3380126953125,81.10546875
-1.0,-1.0,520.2535400390625,94.08203125,532.0845336914062,95.26171875,534.45068359375,114.13671875,-1.0,-1.0,508.42254638671875,94.08203125,501.3239440917969,111.77734375,-1.0,-1.0,526.1690063476562,135.37109375,520.2535400390625,169.58203125,520.2535400390625,200.25390625,509.6056213378906,134.19140625,510.7887268066406,169.58203125,508.42254638671875,200.25390625,-1.0,-1.0,-1.0,-1.0,526.1690063476562,79.92578125,514.3380126953125,81.10546875
-1.0,-1.0,520.2535400390625,94.08203125,532.0845336914062,95.26171875,534.45068359375,114.13671875,-1.0,-1.0,508.42254638671875,94.08203125,502.5070495605469,111.77734375,-1.0,-1.0,526.1690063476562,134.19140625,520.2535400390625,169.58203125,520.2535400390625,200.25390625,509.6056213378906,134.19140625,510.7887268066406,169.58203125,508.42254638671875,200.25390625,-1.0,-1.0,-1.0,-1.0,526.1690063476562,79.92578125,514.3380126953125,81.10546875
-1.0,-1.0,520.2535400390625,94.08203125,532.0845336914062,95.26171875,534.45068359375,114.13671875,-1.0,-1.0,508.42254638671875,94.08203125,502.5070495605469,110.59765625,-1.0,-1.0,526.1690063476562,134.19140625,521.4366455078125,169.58203125,520.2535400390625,201.43359375,509.6056213378906,134.19140625,510.7887268066406,169.58203125,508.42254638671875,200.25390625,-1.0,-1.0,-1.0,-1.0,526.1690063476562,81.10546875,515.5211181640625,81.10546875
-1.0,-1.0,520.2535400390625,94.08203125,532.0845336914062,95.26171875,535.6337890625,114.13671875,-1.0,-1.0,508.42254638671875,94.08203125,501.3239440917969,110.59765625,-1.0,-1.0,526.1690063476562,135.37109375,521.4366455078125,169.58203125,520.2535400390625,201.43359375,509.6056213378906,134.19140625,510.7887268066406,169.58203125,508.42254638671875,200.25390625,-1.0,-1.0,-1.0,-1.0,526.1690063476562,81.10546875,515.5211181640625,81.10546875
-1.0,-1.0,520.2535400390625,94.08203125,533.267578125,95.26171875,535.6337890625,114.13671875,-1.0,-1.0,508.42254638671875,94.08203125,501.3239440917969,110.59765625,-1.0,-1.0,524.9859008789062,135.37109375,520.2535400390625,169.58203125,520.2535400390625,200.25390625,509.6056213378906,134.19140625,510.7887268066406,169.58203125,508.42254638671875,200.25390625,-1.0,-1.0,-1.0,-1.0,526.1690063476562,79.92578125,515.5211181640625,79.92578125
-1.0,-1.0,520.2535400390625,94.08203125,533.267578125,95.26171875,535.6337890625,114.13671875,-1.0,-1.0,508.42254638671875,94.08203125,501.3239440917969,110.59765625,-1.0,-1.0,526.1690063476562,134.19140625,520.2535400390625,169.58203125,520.2535400390625,200.25390625,509.6056213378906,134.19140625,509.6056213378906,169.58203125,508.42254638671875,200.25390625,-1.0,-1.0,-1.0,-1.0,527.3521118164062,79.92578125,515.5211181640625,79.92578125
-1.0,-1.0,520.2535400390625,94.08203125,533.267578125,95.26171875,535.6337890625,114.13671875,-1.0,-1.0,508.42254638671875,94.08203125,501.3239440917969,109.41796875,-1.0,-1.0,526.1690063476562,134.19140625,520.2535400390625,169.58203125,519.0704345703125,200.25390625,509.6056213378906,134.19140625,509.6056213378906,169.58203125,507.23944091796875,200.25390625,-1.0,-1.0,-1.0,-1.0,527.3521118164062,81.10546875,515.5211181640625,79.92578125
-1.0,-1.0,520.2535400390625,94.08203125,533.267578125,95.26171875,535.6337890625,114.13671875,-1.0,-1.0,508.42254638671875,94.08203125,501.3239440917969,109.41796875,-1.0,-1.0,526.1690063476562,134.19140625,520.2535400390625,169.58203125,519.0704345703125,200.25390625,509.6056213378906,134.19140625,509.6056213378906,169.58203125,508.42254638671875,199.07421875,-1.0,-1.0,-1.0,-1.0,527.3521118164062,79.92578125,515.5211181640625,79.92578125
-1.0,-1.0,520.2535400390625,94.08203125,533.267578125,95.26171875,535.6337890625,114.13671875,-1.0,-1.0,509.6056213378906,94.08203125,501.3239440917969,109.41796875,-1.0,-1.0,526.1690063476562,134.19140625,520.2535400390625,169.58203125,519.0704345703125,200.25390625,509.6056213378906,134.19140625,510.7887268066406,169.58203125,507.23944091796875,199.07421875,-1.0,-1.0,-1.0,-1.0,527.3521118164062,79.92578125,515.5211181640625,79.92578125
-1.0,-1.0,520.2535400390625,94.08203125,533.267578125,95.26171875,535.6337890625,114.13671875,-1.0,-1.0,509.6056213378906,94.08203125,500.1408386230469,109.41796875,-1.0,-1.0,526.1690063476562,134.19140625,520.2535400390625,170.76171875,519.0704345703125,200.25390625,509.6056213378906,134.19140625,509.6056213378906,169.58203125,507.23944091796875,200.25390625,-1.0,-1.0,-1.0,-1.0,527.3521118164062,79.92578125,515.5211181640625,79.92578125
-1.0,-1.0,521.4366455078125,94.08203125,533.267578125,95.26171875,535.6337890625,114.13671875,-1.0,-1.0,508.42254638671875,94.08203125,500.1408386230469,110.59765625,-1.0,-1.0,526.1690063476562,134.19140625,519.0704345703125,169.58203125,519.0704345703125,200.25390625,509.6056213378906,133.01171875,509.6056213378906,169.58203125,508.42254638671875,199.07421875,-1.0,-1.0,-1.0,-1.0,528.5352172851562,81.10546875,516.7042236328125,79.92578125
-1.0,-1.0,521.4366455078125,94.08203125,533.267578125,95.26171875,535.6337890625,114.13671875,-1.0,-1.0,508.42254638671875,94.08203125,501.3239440917969,110.59765625,-1.0,-1.0,526.1690063476562,134.19140625,519.0704345703125,169.58203125,517.8873291015625,200.25390625,509.6056213378906,134.19140625,509.6056213378906,169.58203125,507.23944091796875,199.07421875,-1.0,-1.0,-1.0,-1.0,528.5352172851562,81.10546875,516.7042236328125,79.92578125
-1.0,-1.0,521.4366455078125,94.08203125,533.267578125,95.26171875,535.6337890625,114.13671875,-1.0,-1.0,508.42254638671875,94.08203125,501.3239440917969,110.59765625,-1.0,-1.0,526.1690063476562,134.19140625,519.0704345703125,169.58203125,516.7042236328125,200.25390625,509.6056213378906,133.01171875,509.6056213378906,169.58203125,507.23944091796875,199.07421875,-1.0,-1.0,-1.0,-1.0,528.5352172851562,81.10546875,516.7042236328125,79.92578125
-1.0,-1.0,521.4366455078125,94.08203125,533.267578125,95.26171875,535.6337890625,112.95703125,-1.0,-1.0,508.42254638671875,94.08203125,500.1408386230469,110.59765625,-1.0,-1.0,526.1690063476562,134.19140625,519.0704345703125,169.58203125,516.7042236328125,199.07421875,509.6056213378906,133.01171875,509.6056213378906,169.58203125,507.23944091796875,199.07421875,-1.0,-1.0,-1.0,-1.0,528.5352172851562,81.10546875,516.7042236328125,79.92578125
-1.0,-1.0,521.4366455078125,94.08203125,533.267578125,95.26171875,535.6337890625,112.95703125,-1.0,-1.0,508.42254638671875,94.08203125,500.1408386230469,110.59765625,-1.0,-1.0,526.1690063476562,134.19140625,519.0704345703125,169.58203125,515.5211181640625,199.07421875,509.6056213378906,133.01171875,509.6056213378906,168.40234375,507.23944091796875,199.07421875,-1.0,-1.0,-1.0,-1.0,528.5352172851562,81.10546875,516.7042236328125,79.92578125
-1.0,-1.0,521.4366455078125,94.08203125,534.45068359375,95.26171875,535.6337890625,112.95703125,-1.0,-1.0,508.42254638671875,94.08203125,500.1408386230469,110.59765625,-1.0,-1.0,526.1690063476562,134.19140625,519.0704345703125,169.58203125,514.3380126953125,199.07421875,509.6056213378906,133.01171875,509.6056213378906,169.58203125,507.23944091796875,199.07421875,-1.0,-1.0,-1.0,-1.0,528.5352172851562,81.10546875,516.7042236328125,79.92578125
-1.0,-1.0,521.4366455078125,94.08203125,533.267578125,95.26171875,534.45068359375,111.77734375,-1.0,-1.0,509.6056213378906,92.90234375,500.1408386230469,110.59765625,-1.0,-1.0,526.1690063476562,134.19140625,519.0704345703125,170.76171875,514.3380126953125,199.07421875,509.6056213378906,133.01171875,509.6056213378906,169.58203125,506.05633544921875,199.07421875,-1.0,-1.0,-1.0,-1.0,528.5352172851562,81.10546875,516.7042236328125,79.92578125
-1.0,-1.0,521.4366455078125,94.08203125,534.45068359375,95.26171875,-1.0,-1.0,-1.0,-1.0,509.6056213378906,92.90234375,500.1408386230469,110.59765625,-1.0,-1.0,526.1690063476562,134.19140625,519.0704345703125,170.76171875,515.5211181640625,200.25390625,510.7887268066406,133.01171875,509.6056213378906,169.58203125,506.05633544921875,199.07421875,-1.0,-1.0,-1.0,-1.0,528.5352172851562,81.10546875,516.7042236328125,79.92578125
-1.0,-1.0,521.4366455078125,94.08203125,534.45068359375,95.26171875,-1.0,-1.0,-1.0,-1.0,509.6056213378906,92.90234375,501.3239440917969,109.41796875,-1.0,-1.0,526.1690063476562,134.19140625,519.0704345703125,170.76171875,514.3380126953125,200.25390625,509.6056213378906,133.01171875,509.6056213378906,169.58203125,504.87322998046875,199.07421875,-1.0,-1.0,-1.0,-1.0,528.5352172851562,81.10546875,517.8873291015625,79.92578125
-1.0,-1.0,521.4366455078125,94.08203125,534.45068359375,95.26171875,-1.0,-1.0,-1.0,-1.0,509.6056213378906,92.90234375,500.1408386230469,110.59765625,-1.0,-1.0,526.1690063476562,134.19140625,519.0704345703125,170.76171875,515.5211181640625,200.25390625,510.7887268066406,133.01171875,509.6056213378906,169.58203125,504.87322998046875,199.07421875,-1.0,-1.0,-1.0,-1.0,529.7183227539062,81.10546875,517.8873291015625,81.10546875
-1.0,-1.0,522.6196899414062,94.08203125,534.45068359375,95.26171875,-1.0,-1.0,-1.0,-1.0,509.6056213378906,92.90234375,501.3239440917969,109.41796875,-1.0,-1.0,527.3521118164062,133.01171875,519.0704345703125,170.76171875,514.3380126953125,200.25390625,510.7887268066406,133.01171875,509.6056213378906,169.58203125,504.87322998046875,199.07421875,-1.0,-1.0,-1.0,-1.0,529.7183227539062,81.10546875,517.8873291015625,81.10546875
-1.0,-1.0,522.6196899414062,94.08203125,534.45068359375,95.26171875,-1.0,-1.0,-1.0,-1.0,509.6056213378906,92.90234375,501.3239440917969,109.41796875,-1.0,-1.0,526.1690063476562,134.19140625,519.0704345703125,170.76171875,514.3380126953125,200.25390625,510.7887268066406,133.01171875,509.6056213378906,169.58203125,504.87322998046875,199.07421875,-1.0,-1.0,-1.0,-1.0,529.7183227539062,81.10546875,517.8873291015625,81.10546875
-1.0,-1.0,522.6196899414062,94.08203125,534.45068359375,95.26171875,-1.0,-1.0,-1.0,-1.0,509.6056213378906,92.90234375,500.1408386230469,109.41796875,-1.0,-1.0,526.1690063476562,134.19140625,519.0704345703125,170.76171875,514.3380126953125,200.25390625,509.6056213378906,133.01171875,509.6056213378906,168.40234375,504.87322998046875,199.07421875,-1.0,-1.0,-1.0,-1.0,529.7183227539062,81.10546875,519.0704345703125,81.10546875
-1.0,-1.0,522.6196899414062,94.08203125,534.45068359375,95.26171875,-1.0,-1.0,-1.0,-1.0,509.6056213378906,92.90234375,500.1408386230469,109.41796875,-1.0,-1.0,526.1690063476562,134.19140625,519.0704345703125,170.76171875,515.5211181640625,200.25390625,509.6056213378906,133.01171875,509.6056213378906,168.40234375,504.87322998046875,199.07421875,-1.0,-1.0,-1.0,-1.0,529.7183227539062,81.10546875,519.0704345703125,79.92578125
-1.0,-1.0,522.6196899414062,94.08203125,534.45068359375,95.26171875,-1.0,-1.0,-1.0,-1.0,509.6056213378906,92.90234375,500.1408386230469,109.41796875,-1.0,-1.0,526.1690063476562,133.01171875,519.0704345703125,170.76171875,515.5211181640625,200.25390625,509.6056213378906,133.01171875,509.6056213378906,169.58203125,503.6901550292969,199.07421875,-1.0,-1.0,-1.0,-1.0,529.7183227539062,81.10546875,519.0704345703125,79.92578125
-1.0,-1.0,522.6196899414062,94.08203125,534.45068359375,95.26171875,-1.0,-1.0,-1.0,-1.0,509.6056213378906,92.90234375,500.1408386230469,109.41796875,-1.0,-1.0,526.1690063476562,133.01171875,519.0704345703125,170.76171875,515.5211181640625,200.25390625,509.6056213378906,133.01171875,510.7887268066406,169.58203125,503.6901550292969,197.89453125,-1.0,-1.0,-1.0,-1.0,529.7183227539062,81.10546875,519.0704345703125,81.10546875
-1.0,-1.0,522.6196899414062,94.08203125,534.45068359375,95.26171875,-1.0,-1.0,-1.0,-1.0,509.6056213378906,92.90234375,500.1408386230469,109.41796875,-1.0,-1.0,526.1690063476562,133.01171875,519.0704345703125,170.76171875,515.5211181640625,200.25390625,510.7887268066406,131.83203125,510.7887268066406,169.58203125,503.6901550292969,199.07421875,-1.0,-1.0,-1.0,-1.0,529.7183227539062,81.10546875,519.0704345703125,81.10546875
-1.0,-1.0,522.6196899414062,94.08203125,534.45068359375,95.26171875,-1.0,-1.0,-1.0,-1.0,509.6056213378906,92.90234375,500.1408386230469,109.41796875,-1.0,-1.0,526.1690063476562,133.01171875,519.0704345703125,170.76171875,515.5211181640625,200.25390625,510.7887268066406,131.83203125,510.7887268066406,168.40234375,503.6901550292969,197.89453125,-1.0,-1.0,-1.0,-1.0,529.7183227539062,81.10546875,519.0704345703125,81.10546875
-1.0,-1.0,522.6196899414062,94.08203125,534.45068359375,95.26171875,-1.0,-1.0,-1.0,-1.0,509.6056213378906,92.90234375,500.1408386230469,109.41796875,-1.0,-1.0,527.3521118164062,133.01171875,519.0704345703125,170.76171875,515.5211181640625,200.25390625,510.7887268066406,131.83203125,510.7887268066406,168.40234375,503.6901550292969,197.89453125,-1.0,-1.0,-1.0,-1.0,530.9014282226562,82.28515625,519.0704345703125,81.10546875
-1.0,-1.0,522.6196899414062,94.08203125,534.45068359375,95.26171875,-1.0,-1.0,-1.0,-1.0,509.6056213378906,92.90234375,500.1408386230469,109.41796875,-1.0,-1.0,526.1690063476562,134.19140625,519.0704345703125,170.76171875,516.7042236328125,200.25390625,510.7887268066406,131.83203125,510.7887268066406,168.40234375,503.6901550292969,199.07421875,-1.0,-1.0,-1.0,-1.0,530.9014282226562,82.28515625,519.0704345703125,81.10546875
-1.0,-1.0,522.6196899414062,94.08203125,534.45068359375,95.26171875,-1.0,-1.0,-1.0,-1.0,509.6056213378906,92.90234375,500.1408386230469,109.41796875,-1.0,-1.0,526.1690063476562,134.19140625,519.0704345703125,170.76171875,516.7042236328125,200.25390625,510.7887268066406,131.83203125,510.7887268066406,168.40234375,503.6901550292969,199.07421875,-1.0,-1.0,-1.0,-1.0,530.9014282226562,82.28515625,519.0704345703125,81.10546875
-1.0,-1.0,522.6196899414062,94.08203125,534.45068359375,95.26171875,-1.0,-1.0,-1.0,-1.0,509.6056213378906,92.90234375,501.3239440917969,109.41796875,-1.0,-1.0,526.1690063476562,133.01171875,519.0704345703125,169.58203125,516.7042236328125,200.25390625,510.7887268066406,133.01171875,510.7887268066406,168.40234375,503.6901550292969,197.89453125,-1.0,-1.0,-1.0,-1.0,530.9014282226562,82.28515625,519.0704345703125,79.92578125
-1.0,-1.0,522.6196899414062,94.08203125,534.45068359375,95.26171875,-1.0,-1.0,-1.0,-1.0,509.6056213378906,92.90234375,501.3239440917969,109.41796875,-1.0,-1.0,526.1690063476562,134.19140625,519.0704345703125,170.76171875,516.7042236328125,200.25390625,510.7887268066406,131.83203125,510.7887268066406,168.40234375,503.6901550292969,197.89453125,-1.0,-1.0,-1.0,-1.0,530.9014282226562,81.10546875,519.0704345703125,79.92578125
-1.0,-1.0,522.6196899414062,94.08203125,534.45068359375,95.26171875,-1.0,-1.0,-1.0,-1.0,-1.0,-1.0,-1.0,-1.0,-1.0,-1.0,526.1690063476562,134.19140625,519.0704345703125,170.76171875,516.7042236328125,200.25390625,510.7887268066406,133.01171875,510.7887268066406,168.40234375,503.6901550292969,197.89453125,-1.0,-1.0,-1.0,-1.0,529.7183227539062,81.10546875,-1.0,-1.0
-1.0,-1.0,522.6196899414062,94.08203125,534.45068359375,95.26171875,-1.0,-1.0,-1.0,-1.0,-1.0,-1.0,-1.0,-1.0,-1.0,-1.0,527.3521118164062,133.01171875,517.8873291015625,169.58203125,515.5211181640625,200.25390625,511.9718322753906,133.01171875,510.7887268066406,168.40234375,503.6901550292969,197.89453125,-1.0,-1.0,-1.0,-1.0,529.7183227539062,81.10546875,-1.0,-1.0
-1.0,-1.0,522.6196899414062,94.08203125,534.45068359375,95.26171875,-1.0,-1.0,-1.0,-1.0,-1.0,-1.0,-1.0,-1.0,-1.0,-1.0,527.3521118164062,134.19140625,517.8873291015625,169.58203125,515.5211181640625,199.07421875,511.9718322753906,133.01171875,510.7887268066406,169.58203125,503.6901550292969,197.89453125,-1.0,-1.0,-1.0,-1.0,530.9014282226562,81.10546875,-1.0,-1.0
-1.0,-1.0,522.6196899414062,94.08203125,534.45068359375,95.26171875,-1.0,-1.0,-1.0,-1.0,-1.0,-1.0,-1.0,-1.0,-1.0,-1.0,527.3521118164062,133.01171875,517.8873291015625,169.58203125,515.5211181640625,200.25390625,511.9718322753906,133.01171875,511.9718322753906,169.58203125,503.6901550292969,197.89453125,-1.0,-1.0,-1.0,-1.0,529.7183227539062,81.10546875,-1.0,-1.0
-1.0,-1.0,522.6196899414062,95.26171875,534.45068359375,95.26171875,-1.0,-1.0,-1.0,-1.0,509.6056213378906,94.08203125,500.1408386230469,109.41796875,-1.0,-1.0,527.3521118164062,134.19140625,517.8873291015625,169.58203125,515.5211181640625,199.07421875,511.9718322753906,133.01171875,510.7887268066406,168.40234375,503.6901550292969,197.89453125,-1.0,-1.0,-1.0,-1.0,530.9014282226562,82.28515625,519.0704345703125,81.10546875
-1.0,-1.0,522.6196899414062,95.26171875,534.45068359375,95.26171875,-1.0,-1.0,-1.0,-1.0,509.6056213378906,94.08203125,500.1408386230469,109.41796875,-1.0,-1.0,527.3521118164062,134.19140625,517.8873291015625,169.58203125,515.5211181640625,200.25390625,511.9718322753906,133.01171875,510.7887268066406,169.58203125,502.5070495605469,197.89453125,-1.0,-1.0,-1.0,-1.0,530.9014282226562,82.28515625,519.0704345703125,81.10546875
-1.0,-1.0,522.6196899414062,95.26171875,534.45068359375,95.26171875,-1.0,-1.0,-1.0,-1.0,510.7887268066406,94.08203125,500.1408386230469,109.41796875,-1.0,-1.0,527.3521118164062,134.19140625,517.8873291015625,169.58203125,515.5211181640625,200.25390625,511.9718322753906,133.01171875,510.7887268066406,169.58203125,502.5070495605469,197.89453125,-1.0,-1.0,-1.0,-1.0,529.7183227539062,81.10546875,519.0704345703125,81.10546875
-1.0,-1.0,522.6196899414062,95.26171875,534.45068359375,95.26171875,-1.0,-1.0,-1.0,-1.0,510.7887268066406,94.08203125,500.1408386230469,109.41796875,-1.0,-1.0,527.3521118164062,134.19140625,519.0704345703125,170.76171875,515.5211181640625,200.25390625,511.9718322753906,133.01171875,510.7887268066406,169.58203125,503.6901550292969,197.89453125,-1.0,-1.0,-1.0,-1.0,529.7183227539062,81.10546875,519.0704345703125,81.10546875
-1.0,-1.0,522.6196899414062,95.26171875,534.45068359375,95.26171875,-1.0,-1.0,-1.0,-1.0,509.6056213378906,94.08203125,500.1408386230469,109.41796875,-1.0,-1.0,527.3521118164062,134.19140625,519.0704345703125,170.76171875,516.7042236328125,200.25390625,511.9718322753906,133.01171875,510.7887268066406,169.58203125,503.6901550292969,199.07421875,-1.0,-1.0,-1.0,-1.0,529.7183227539062,81.10546875,519.0704345703125,81.10546875
-1.0,-1.0,522.6196899414062,95.26171875,534.45068359375,95.26171875,-1.0,-1.0,-1.0,-1.0,509.6056213378906,94.08203125,500.1408386230469,110.59765625,503.6901550292969,98.80078125,527.3521118164062,134.19140625,520.2535400390625,170.76171875,517.8873291015625,201.43359375,511.9718322753906,133.01171875,510.7887268066406,169.58203125,503.6901550292969,199.07421875,-1.0,-1.0,-1.0,-1.0,529.7183227539062,81.10546875,519.0704345703125,79.92578125
-1.0,-1.0,522.6196899414062,95.26171875,534.45068359375,95.26171875,-1.0,-1.0,-1.0,-1.0,509.6056213378906,94.08203125,500.1408386230469,110.59765625,503.6901550292969,98.80078125,527.3521118164062,134.19140625,521.4366455078125,169.58203125,517.8873291015625,200.25390625,510.7887268066406,134.19140625,510.7887268066406,169.58203125,507.23944091796875,200.25390625,-1.0,-1.0,-1.0,-1.0,529.7183227539062,81.10546875,517.8873291015625,79.92578125
-1.0,-1.0,522.6196899414062,95.26171875,534.45068359375,95.26171875,-1.0,-1.0,-1.0,-1.0,509.6056213378906,94.08203125,500.1408386230469,110.59765625,503.6901550292969,98.80078125,528.5352172851562,134.19140625,521.4366455078125,168.40234375,517.8873291015625,200.25390625,510.7887268066406,134.19140625,510.7887268066406,169.58203125,507.23944091796875,199.07421875,-1.0,-1.0,-1.0,-1.0,529.7183227539062,81.10546875,517.8873291015625,79.92578125
-1.0,-1.0,522.6196899414062,95.26171875,534.45068359375,95.26171875,-1.0,-1.0,-1.0,-1.0,509.6056213378906,94.08203125,500.1408386230469,110.59765625,-1.0,-1.0,528.5352172851562,134.19140625,521.4366455078125,168.40234375,517.8873291015625,200.25390625,510.7887268066406,134.19140625,510.7887268066406,169.58203125,507.23944091796875,199.07421875,-1.0,-1.0,-1.0,-1.0,529.7183227539062,81.10546875,517.8873291015625,81.10546875
-1.0,-1.0,522.6196899414062,94.08203125,534.45068359375,95.26171875,-1.0,-1.0,-1.0,-1.0,509.6056213378906,94.08203125,500.1408386230469,110.59765625,-1.0,-1.0,528.5352172851562,134.19140625,523.8027954101562,168.40234375,519.0704345703125,200.25390625,510.7887268066406,134.19140625,511.9718322753906,168.40234375,508.42254638671875,199.07421875,-1.0,-1.0,-1.0,-1.0,529.7183227539062,81.10546875,517.8873291015625,81.10546875
-1.0,-1.0,522.6196899414062,94.08203125,534.45068359375,95.26171875,-1.0,-1.0,-1.0,-1.0,-1.0,-1.0,-1.0,-1.0,-1.0,-1.0,528.5352172851562,135.37109375,523.8027954101562,168.40234375,520.2535400390625,200.25390625,510.7887268066406,134.19140625,511.9718322753906,169.58203125,509.6056213378906,199.07421875,-1.0,-1.0,-1.0,-1.0,529.7183227539062,81.10546875,-1.0,-1.0
-1.0,-1.0,522.6196899414062,94.08203125,534.45068359375,95.26171875,-1.0,-1.0,-1.0,-1.0,-1.0,-1.0,-1.0,-1.0,-1.0,-1.0,528.5352172851562,134.19140625,523.8027954101562,168.40234375,520.2535400390625,200.25390625,510.7887268066406,134.19140625,511.9718322753906,169.58203125,508.42254638671875,200.25390625,-1.0,-1.0,-1.0,-1.0,529.7183227539062,81.10546875,-1.0,-1.0
-1.0,-1.0,522.6196899414062,94.08203125,534.45068359375,95.26171875,-1.0,-1.0,-1.0,-1.0,-1.0,-1.0,-1.0,-1.0,-1.0,-1.0,528.5352172851562,134.19140625,524.9859008789062,168.40234375,522.6196899414062,200.25390625,510.7887268066406,134.19140625,511.9718322753906,169.58203125,509.6056213378906,199.07421875,-1.0,-1.0,-1.0,-1.0,529.7183227539062,81.10546875,-1.0,-1.0
-1.0,-1.0,522.6196899414062,94.08203125,534.45068359375,95.26171875,-1.0,-1.0,-1.0,-1.0,510.7887268066406,94.08203125,500.1408386230469,109.41796875,-1.0,-1.0,527.3521118164062,135.37109375,523.8027954101562,168.40234375,522.6196899414062,199.07421875,510.7887268066406,134.19140625,511.9718322753906,169.58203125,510.7887268066406,199.07421875,-1.0,-1.0,-1.0,-1.0,529.7183227539062,81.10546875,519.0704345703125,81.10546875
-1.0,-1.0,522.6196899414062,94.08203125,534.45068359375,95.26171875,-1.0,-1.0,-1.0,-1.0,510.7887268066406,94.08203125,500.1408386230469,109.41796875,-1.0,-1.0,528.5352172851562,134.19140625,524.9859008789062,167.22265625,523.8027954101562,199.07421875,510.7887268066406,134.19140625,511.9718322753906,168.40234375,510.7887268066406,199.07421875,-1.0,-1.0,-1.0,-1.0,529.7183227539062,81.10546875,519.0704345703125,81.10546875
-1.0,-1.0,522.6196899414062,94.08203125,534.45068359375,95.26171875,-1.0,-1.0,-1.0,-1.0,510.7887268066406,94.08203125,500.1408386230469,109.41796875,-1.0,-1.0,528.5352172851562,134.19140625,524.9859008789062,168.40234375,524.9859008789062,199.07421875,510.7887268066406,134.19140625,511.9718322753906,169.58203125,511.9718322753906,199.07421875,-1.0,-1.0,-1.0,-1.0,529.7183227539062,81.10546875,517.8873291015625,81.10546875
-1.0,-1.0,522.6196899414062,94.08203125,534.45068359375,95.26171875,-1.0,-1.0,-1.0,-1.0,510.7887268066406,94.08203125,500.1408386230469,109.41796875,-1.0,-1.0,527.3521118164062,134.19140625,524.9859008789062,167.22265625,524.9859008789062,199.07421875,510.7887268066406,134.19140625,511.9718322753906,169.58203125,511.9718322753906,199.07421875,-1.0,-1.0,-1.0,-1.0,529.7183227539062,81.10546875,517.8873291015625,81.10546875
-1.0,-1.0,522.6196899414062,94.08203125,534.45068359375,95.26171875,-1.0,-1.0,-1.0,-1.0,510.7887268066406,94.08203125,500.1408386230469,109.41796875,-1.0,-1.0,528.5352172851562,134.19140625,524.9859008789062,167.22265625,524.9859008789062,199.07421875,510.7887268066406,134.19140625,511.9718322753906,169.58203125,511.9718322753906,199.07421875,-1.0,-1.0,-1.0,-1.0,529.7183227539062,81.10546875,517.8873291015625,81.10546875
-1.0,-1.0,522.6196899414062,94.08203125,534.45068359375,95.26171875,-1.0,-1.0,-1.0,-1.0,510.7887268066406,94.08203125,500.1408386230469,109.41796875,-1.0,-1.0,528.5352172851562,134.19140625,524.9859008789062,168.40234375,524.9859008789062,199.07421875,510.7887268066406,134.19140625,511.9718322753906,169.58203125,511.9718322753906,199.07421875,-1.0,-1.0,-1.0,-1.0,529.7183227539062,81.10546875,517.8873291015625,81.10546875
-1.0,-1.0,522.6196899414062,94.08203125,534.45068359375,95.26171875,-1.0,-1.0,-1.0,-1.0,510.7887268066406,94.08203125,500.1408386230469,109.41796875,-1.0,-1.0,528.5352172851562,134.19140625,524.9859008789062,167.22265625,526.1690063476562,199.07421875,510.7887268066406,134.19140625,511.9718322753906,169.58203125,511.9718322753906,199.07421875,-1.0,-1.0,-1.0,-1.0,529.7183227539062,81.10546875,517.8873291015625,81.10546875
-1.0,-1.0,522.6196899414062,94.08203125,534.45068359375,95.26171875,-1.0,-1.0,-1.0,-1.0,510.7887268066406,94.08203125,500.1408386230469,109.41796875,-1.0,-1.0,528.5352172851562,135.37109375,524.9859008789062,167.22265625,526.1690063476562,199.07421875,510.7887268066406,135.37109375,511.9718322753906,169.58203125,511.9718322753906,199.07421875,-1.0,-1.0,-1.0,-1.0,529.7183227539062,81.10546875,517.8873291015625,81.10546875
-1.0,-1.0,522.6196899414062,94.08203125,534.45068359375,95.26171875,-1.0,-1.0,-1.0,-1.0,510.7887268066406,94.08203125,500.1408386230469,109.41796875,-1.0,-1.0,528.5352172851562,135.37109375,524.9859008789062,167.22265625,526.1690063476562,199.07421875,510.7887268066406,135.37109375,511.9718322753906,169.58203125,511.9718322753906,199.07421875,-1.0,-1.0,-1.0,-1.0,529.7183227539062,81.10546875,517.8873291015625,81.10546875
-1.0,-1.0,522.6196899414062,94.08203125,534.45068359375,95.26171875,-1.0,-1.0,-1.0,-1.0,509.6056213378906,94.08203125,500.1408386230469,109.41796875,-1.0,-1.0,527.3521118164062,135.37109375,524.9859008789062,167.22265625,524.9859008789062,199.07421875,509.6056213378906,135.37109375,511.9718322753906,169.58203125,511.9718322753906,199.07421875,-1.0,-1.0,-1.0,-1.0,529.7183227539062,81.10546875,516.7042236328125,81.10546875
-1.0,-1.0,521.4366455078125,94.08203125,534.45068359375,95.26171875,-1.0,-1.0,-1.0,-1.0,509.6056213378906,94.08203125,500.1408386230469,109.41796875,-1.0,-1.0,527.3521118164062,135.37109375,524.9859008789062,167.22265625,524.9859008789062,197.89453125,509.6056213378906,135.37109375,511.9718322753906,169.58203125,511.9718322753906,199.07421875,-1.0,-1.0,-1.0,-1.0,529.7183227539062,81.10546875,516.7042236328125,81.10546875
-1.0,-1.0,521.4366455078125,94.08203125,534.45068359375,95.26171875,-1.0,-1.0,-1.0,-1.0,509.6056213378906,92.90234375,500.1408386230469,109.41796875,-1.0,-1.0,527.3521118164062,135.37109375,524.9859008789062,167.22265625,523.8027954101562,199.07421875,509.6056213378906,135.37109375,511.9718322753906,169.58203125,511.9718322753906,199.07421875,-1.0,-1.0,-1.0,-1.0,529.7183227539062,81.10546875,515.5211181640625,81.10546875
-1.0,-1.0,521.4366455078125,94.08203125,534.45068359375,95.26171875,-1.0,-1.0,-1.0,-1.0,509.6056213378906,92.90234375,500.1408386230469,109.41796875,-1.0,-1.0,527.3521118164062,135.37109375,524.9859008789062,167.22265625,523.8027954101562,199.07421875,509.6056213378906,135.37109375,511.9718322753906,169.58203125,511.9718322753906,199.07421875,-1.0,-1.0,-1.0,-1.0,529.7183227539062,81.10546875,515.5211181640625,81.10546875
-1.0,-1.0,521.4366455078125,94.08203125,534.45068359375,95.26171875,-1.0,-1.0,-1.0,-1.0,509.6056213378906,92.90234375,500.1408386230469,109.41796875,-1.0,-1.0,527.3521118164062,135.37109375,524.9859008789062,167.22265625,523.8027954101562,199.07421875,509.6056213378906,135.37109375,511.9718322753906,169.58203125,511.9718322753906,199.07421875,-1.0,-1.0,-1.0,-1.0,529.7183227539062,81.10546875,515.5211181640625,81.10546875
-1.0,-1.0,521.4366455078125,94.08203125,534.45068359375,95.26171875,-1.0,-1.0,-1.0,-1.0,509.6056213378906,92.90234375,498.9577331542969,109.41796875,-1.0,-1.0,527.3521118164062,135.37109375,524.9859008789062,167.22265625,523.8027954101562,199.07421875,509.6056213378906,135.37109375,511.9718322753906,169.58203125,511.9718322753906,199.07421875,-1.0,-1.0,-1.0,-1.0,528.5352172851562,81.10546875,515.5211181640625,81.10546875
-1.0,-1.0,521.4366455078125,94.08203125,534.45068359375,95.26171875,-1.0,-1.0,-1.0,-1.0,509.6056213378906,92.90234375,498.9577331542969,109.41796875,-1.0,-1.0,527.3521118164062,135.37109375,523.8027954101562,167.22265625,523.8027954101562,199.07421875,509.6056213378906,135.37109375,511.9718322753906,169.58203125,510.7887268066406,199.07421875,-1.0,-1.0,-1.0,-1.0,528.5352172851562,81.10546875,515.5211181640625,81.10546875
-1.0,-1.0,521.4366455078125,94.08203125,534.45068359375,95.26171875,-1.0,-1.0,-1.0,-1.0,509.6056213378906,92.90234375,498.9577331542969,109.41796875,-1.0,-1.0,527.3521118164062,135.37109375,523.8027954101562,167.22265625,522.6196899414062,200.25390625,509.6056213378906,135.37109375,511.9718322753906,169.58203125,509.6056213378906,199.07421875,-1.0,-1.0,-1.0,-1.0,528.5352172851562,81.10546875,515.5211181640625,81.10546875
-1.0,-1.0,521.4366455078125,94.08203125,534.45068359375,95.26171875,-1.0,-1.0,-1.0,-1.0,509.6056213378906,94.08203125,500.1408386230469,109.41796875,-1.0,-1.0,527.3521118164062,135.37109375,523.8027954101562,167.22265625,522.6196899414062,200.25390625,509.6056213378906,135.37109375,510.7887268066406,170.76171875,509.6056213378906,199.07421875,-1.0,-1.0,-1.0,-1.0,528.5352172851562,81.10546875,515.5211181640625,81.10546875
-1.0,-1.0,521.4366455078125,94.08203125,534.45068359375,95.26171875,-1.0,-1.0,-1.0,-1.0,508.42254638671875,94.08203125,500.1408386230469,109.41796875,-1.0,-1.0,527.3521118164062,135.37109375,523.8027954101562,167.22265625,522.6196899414062,200.25390625,509.6056213378906,135.37109375,510.7887268066406,170.76171875,509.6056213378906,200.25390625,-1.0,-1.0,-1.0,-1.0,528.5352172851562,81.10546875,515.5211181640625,81.10546875
-1.0,-1.0,521.4366455078125,94.08203125,534.45068359375,95.26171875,-1.0,-1.0,-1.0,-1.0,508.42254638671875,94.08203125,500.1408386230469,109.41796875,-1.0,-1.0,527.3521118164062,135.37109375,523.8027954101562,167.22265625,522.6196899414062,200.25390625,509.6056213378906,134.19140625,510.7887268066406,170.76171875,509.6056213378906,200.25390625,-1.0,-1.0,-1.0,-1.0,528.5352172851562,81.10546875,515.5211181640625,81.10546875
-1.0,-1.0,521.4366455078125,94.08203125,534.45068359375,95.26171875,-1.0,-1.0,-1.0,-1.0,508.42254638671875,94.08203125,500.1408386230469,109.41796875,-1.0,-1.0,527.3521118164062,135.37109375,523.8027954101562,168.40234375,522.6196899414062,200.25390625,509.6056213378906,134.19140625,510.7887268066406,170.76171875,509.6056213378906,200.25390625,-1.0,-1.0,-1.0,-1.0,528.5352172851562,81.10546875,515.5211181640625,81.10546875
-1.0,-1.0,521.4366455078125,94.08203125,534.45068359375,95.26171875,-1.0,-1.0,-1.0,-1.0,508.42254638671875,94.08203125,500.1408386230469,109.41796875,-1.0,-1.0,527.3521118164062,135.37109375,523.8027954101562,168.40234375,521.4366455078125,200.25390625,509.6056213378906,134.19140625,510.7887268066406,170.76171875,509.6056213378906,200.25390625,-1.0,-1.0,-1.0,-1.0,528.5352172851562,81.10546875,515.5211181640625,81.10546875
-1.0,-1.0,521.4366455078125,94.08203125,534.45068359375,95.26171875,-1.0,-1.0,-1.0,-1.0,508.42254638671875,94.08203125,500.1408386230469,108.23828125,-1.0,-1.0,527.3521118164062,135.37109375,523.8027954101562,168.40234375,521.4366455078125,200.25390625,509.6056213378906,134.19140625,510.7887268066406,169.58203125,508.42254638671875,200.25390625,-1.0,-1.0,-1.0,-1.0,528.5352172851562,81.10546875,515.5211181640625,81.10546875
-1.0,-1.0,521.4366455078125,94.08203125,534.45068359375,95.26171875,-1.0,-1.0,-1.0,-1.0,508.42254638671875,94.08203125,500.1408386230469,108.23828125,-1.0,-1.0,527.3521118164062,134.19140625,523.8027954101562,167.22265625,522.6196899414062,200.25390625,509.6056213378906,134.19140625,510.7887268066406,169.58203125,508.42254638671875,197.89453125,-1.0,-1.0,-1.0,-1.0,528.5352172851562,81.10546875,515.5211181640625,81.10546875
-1.0,-1.0,521.4366455078125,94.08203125,534.45068359375,95.26171875,-1.0,-1.0,-1.0,-1.0,508.42254638671875,94.08203125,498.9577331542969,109.41796875,-1.0,-1.0,527.3521118164062,134.19140625,523.8027954101562,167.22265625,522.6196899414062,200.25390625,509.6056213378906,133.01171875,510.7887268066406,169.58203125,507.23944091796875,197.89453125,-1.0,-1.0,-1.0,-1.0,528.5352172851562,81.10546875,515.5211181640625,79.92578125
-1.0,-1.0,521.4366455078125,94.08203125,534.45068359375,95.26171875,-1.0,-1.0,-1.0,-1.0,508.42254638671875,94.08203125,498.9577331542969,109.41796875,-1.0,-1.0,527.3521118164062,135.37109375,523.8027954101562,169.58203125,522.6196899414062,200.25390625,509.6056213378906,134.19140625,510.7887268066406,169.58203125,507.23944091796875,199.07421875,-1.0,-1.0,-1.0,-1.0,528.5352172851562,81.10546875,515.5211181640625,81.10546875
-1.0,-1.0,521.4366455078125,94.08203125,534.45068359375,95.26171875,-1.0,-1.0,-1.0,-1.0,509.6056213378906,92.90234375,498.9577331542969,109.41796875,-1.0,-1.0,527.3521118164062,134.19140625,522.6196899414062,168.40234375,522.6196899414062,200.25390625,509.6056213378906,134.19140625,510.7887268066406,169.58203125,507.23944091796875,199.07421875,-1.0,-1.0,-1.0,-1.0,528.5352172851562,81.10546875,515.5211181640625,81.10546875
-1.0,-1.0,521.4366455078125,94.08203125,534.45068359375,95.26171875,-1.0,-1.0,-1.0,-1.0,509.6056213378906,92.90234375,500.1408386230469,108.23828125,-1.0,-1.0,527.3521118164062,134.19140625,522.6196899414062,168.40234375,522.6196899414062,200.25390625,509.6056213378906,134.19140625,510.7887268066406,170.76171875,507.23944091796875,199.07421875,-1.0,-1.0,-1.0,-1.0,528.5352172851562,81.10546875,516.7042236328125,79.92578125
-1.0,-1.0,521.4366455078125,94.08203125,534.45068359375,95.26171875,-1.0,-1.0,-1.0,-1.0,509.6056213378906,92.90234375,500.1408386230469,108.23828125,-1.0,-1.0,527.3521118164062,134.19140625,522.6196899414062,168.40234375,522.6196899414062,199.07421875,509.6056213378906,134.19140625,510.7887268066406,170.76171875,507.23944091796875,199.07421875,-1.0,-1.0,-1.0,-1.0,528.5352172851562,81.10546875,516.7042236328125,79.92578125
-1.0,-1.0,521.4366455078125,94.08203125,534.45068359375,95.26171875,-1.0,-1.0,-1.0,-1.0,509.6056213378906,92.90234375,500.1408386230469,109.41796875,-1.0,-1.0,527.3521118164062,134.19140625,522.6196899414062,169.58203125,522.6196899414062,200.25390625,509.6056213378906,133.01171875,510.7887268066406,170.76171875,507.23944091796875,199.07421875,-1.0,-1.0,-1.0,-1.0,528.5352172851562,81.10546875,517.8873291015625,79.92578125
-1.0,-1.0,521.4366455078125,94.08203125,534.45068359375,95.26171875,-1.0,-1.0,-1.0,-1.0,509.6056213378906,92.90234375,500.1408386230469,109.41796875,-1.0,-1.0,527.3521118164062,134.19140625,522.6196899414062,169.58203125,522.6196899414062,200.25390625,509.6056213378906,133.01171875,510.7887268066406,170.76171875,507.23944091796875,199.07421875,-1.0,-1.0,-1.0,-1.0,528.5352172851562,81.10546875,517.8873291015625,79.92578125
-1.0,-1.0,522.6196899414062,94.08203125,534.45068359375,95.26171875,-1.0,-1.0,-1.0,-1.0,509.6056213378906,92.90234375,500.1408386230469,109.41796875,-1.0,-1.0,527.3521118164062,134.19140625,522.6196899414062,169.58203125,523.8027954101562,200.25390625,509.6056213378906,134.19140625,510.7887268066406,170.76171875,507.23944091796875,199.07421875,-1.0,-1.0,-1.0,-1.0,529.7183227539062,81.10546875,517.8873291015625,79.92578125
-1.0,-1.0,522.6196899414062,94.08203125,534.45068359375,95.26171875,-1.0,-1.0,-1.0,-1.0,509.6056213378906,92.90234375,500.1408386230469,109.41796875,-1.0,-1.0,527.3521118164062,134.19140625,522.6196899414062,168.40234375,523.8027954101562,199.07421875,509.6056213378906,133.01171875,510.7887268066406,170.76171875,507.23944091796875,199.07421875,-1.0,-1.0,-1.0,-1.0,529.7183227539062,81.10546875,517.8873291015625,79.92578125
-1.0,-1.0,522.6196899414062,94.08203125,534.45068359375,95.26171875,-1.0,-1.0,-1.0,-1.0,509.6056213378906,92.90234375,500.1408386230469,109.41796875,-1.0,-1.0,527.3521118164062,134.19140625,523.8027954101562,168.40234375,523.8027954101562,199.07421875,509.6056213378906,134.19140625,510.7887268066406,170.76171875,507.23944091796875,199.07421875,-1.0,-1.0,-1.0,-1.0,529.7183227539062,81.10546875,517.8873291015625,79.92578125
-1.0,-1.0,522.6196899414062,94.08203125,534.45068359375,95.26171875,-1.0,-1.0,-1.0,-1.0,509.6056213378906,92.90234375,500.1408386230469,109.41796875,-1.0,-1.0,527.3521118164062,135.37109375,523.8027954101562,168.40234375,523.8027954101562,199.07421875,509.6056213378906,134.19140625,510.7887268066406,170.76171875,508.42254638671875,200.25390625,-1.0,-1.0,-1.0,-1.0,529.7183227539062,81.10546875,517.8873291015625,81.10546875
-1.0,-1.0,522.6196899414062,94.08203125,534.45068359375,95.26171875,-1.0,-1.0,-1.0,-1.0,509.6056213378906,92.90234375,500.1408386230469,109.41796875,-1.0,-1.0,527.3521118164062,135.37109375,523.8027954101562,168.40234375,523.8027954101562,200.25390625,509.6056213378906,134.19140625,510.7887268066406,170.76171875,508.42254638671875,200.25390625,-1.0,-1.0,-1.0,-1.0,529.7183227539062,81.10546875,517.8873291015625,81.10546875
-1.0,-1.0,522.6196899414062,94.08203125,534.45068359375,95.26171875,-1.0,-1.0,-1.0,-1.0,510.7887268066406,92.90234375,500.1408386230469,109.41796875,-1.0,-1.0,527.3521118164062,135.37109375,523.8027954101562,168.40234375,523.8027954101562,200.25390625,509.6056213378906,134.19140625,510.7887268066406,170.76171875,508.42254638671875,200.25390625,-1.0,-1.0,-1.0,-1.0,529.7183227539062,81.10546875,517.8873291015625,81.10546875
-1.0,-1.0,522.6196899414062,94.08203125,534.45068359375,95.26171875,-1.0,-1.0,-1.0,-1.0,509.6056213378906,92.90234375,500.1408386230469,109.41796875,-1.0,-1.0,527.3521118164062,134.19140625,522.6196899414062,168.40234375,523.8027954101562,199.07421875,509.6056213378906,134.19140625,510.7887268066406,169.58203125,508.42254638671875,199.07421875,-1.0,-1.0,-1.0,-1.0,529.7183227539062,81.10546875,517.8873291015625,81.10546875
-1.0,-1.0,522.6196899414062,94.08203125,534.45068359375,95.26171875,-1.0,-1.0,-1.0,-1.0,509.6056213378906,92.90234375,500.1408386230469,109.41796875,-1.0,-1.0,527.3521118164062,134.19140625,522.6196899414062,168.40234375,523.8027954101562,200.25390625,509.6056213378906,133.01171875,510.7887268066406,169.58203125,508.42254638671875,199.07421875,-1.0,-1.0,-1.0,-1.0,529.7183227539062,81.10546875,517.8873291015625,79.92578125
-1.0,-1.0,522.6196899414062,94.08203125,534.45068359375,95.26171875,-1.0,-1.0,-1.0,-1.0,509.6056213378906,92.90234375,500.1408386230469,109.41796875,-1.0,-1.0,527.3521118164062,134.19140625,522.6196899414062,168.40234375,523.8027954101562,200.25390625,509.6056213378906,133.01171875,510.7887268066406,169.58203125,508.42254638671875,199.07421875,-1.0,-1.0,-1.0,-1.0,529.7183227539062,81.10546875,517.8873291015625,79.92578125
-1.0,-1.0,522.6196899414062,94.08203125,534.45068359375,95.26171875,-1.0,-1.0,-1.0,-1.0,509.6056213378906,92.90234375,500.1408386230469,109.41796875,-1.0,-1.0,527.3521118164062,134.19140625,523.8027954101562,167.22265625,523.8027954101562,200.25390625,509.6056213378906,133.01171875,510.7887268066406,169.58203125,507.23944091796875,197.89453125,-1.0,-1.0,-1.0,-1.0,529.7183227539062,81.10546875,517.8873291015625,79.92578125
-1.0,-1.0,522.6196899414062,94.08203125,534.45068359375,95.26171875,-1.0,-1.0,-1.0,-1.0,509.6056213378906,92.90234375,500.1408386230469,109.41796875,-1.0,-1.0,528.5352172851562,134.19140625,522.6196899414062,168.40234375,523.8027954101562,199.07421875,509.6056213378906,133.01171875,510.7887268066406,169.58203125,508.42254638671875,197.89453125,-1.0,-1.0,-1.0,-1.0,529.7183227539062,81.10546875,517.8873291015625,79.92578125
-1.0,-1.0,522.6196899414062,94.08203125,534.45068359375,95.26171875,-1.0,-1.0,-1.0,-1.0,509.6056213378906,92.90234375,500.1408386230469,109.41796875,-1.0,-1.0,527.3521118164062,134.19140625,523.8027954101562,167.22265625,523.8027954101562,199.07421875,509.6056213378906,134.19140625,510.7887268066406,169.58203125,508.42254638671875,197.89453125,-1.0,-1.0,-1.0,-1.0,529.7183227539062,81.10546875,517.8873291015625,81.10546875
-1.0,-1.0,522.6196899414062,94.08203125,534.45068359375,95.26171875,-1.0,-1.0,-1.0,-1.0,509.6056213378906,92.90234375,500.1408386230469,109.41796875,-1.0,-1.0,527.3521118164062,135.37109375,522.6196899414062,167.22265625,523.8027954101562,199.07421875,509.6056213378906,134.19140625,510.7887268066406,169.58203125,508.42254638671875,197.89453125,-1.0,-1.0,-1.0,-1.0,529.7183227539062,81.10546875,517.8873291015625,81.10546875
-1.0,-1.0,522.6196899414062,94.08203125,534.45068359375,95.26171875,535.6337890625,111.77734375,-1.0,-1.0,509.6056213378906,92.90234375,500.1408386230469,109.41796875,-1.0,-1.0,528.5352172851562,134.19140625,523.8027954101562,167.22265625,523.8027954101562,199.07421875,509.6056213378906,133.01171875,510.7887268066406,169.58203125,508.42254638671875,197.89453125,-1.0,-1.0,-1.0,-1.0,529.7183227539062,81.10546875,517.8873291015625,81.10546875
-1.0,-1.0,522.6196899414062,94.08203125,534.45068359375,95.26171875,-1.0,-1.0,-1.0,-1.0,509.6056213378906,92.90234375,500.1408386230469,109.41796875,-1.0,-1.0,527.3521118164062,135.37109375,522.6196899414062,168.40234375,523.8027954101562,199.07421875,509.6056213378906,134.19140625,510.7887268066406,169.58203125,508.42254638671875,197.89453125,-1.0,-1.0,-1.0,-1.0,529.7183227539062,81.10546875,517.8873291015625,81.10546875
-1.0,-1.0,522.6196899414062,94.08203125,534.45068359375,95.26171875,-1.0,-1.0,-1.0,-1.0,509.6056213378906,92.90234375,500.1408386230469,109.41796875,-1.0,-1.0,528.5352172851562,134.19140625,523.8027954101562,167.22265625,522.6196899414062,197.89453125,509.6056213378906,133.01171875,510.7887268066406,168.40234375,510.7887268066406,197.89453125,-1.0,-1.0,-1.0,-1.0,529.7183227539062,81.10546875,517.8873291015625,81.10546875
-1.0,-1.0,522.6196899414062,94.08203125,534.45068359375,95.26171875,-1.0,-1.0,-1.0,-1.0,509.6056213378906,92.90234375,500.1408386230469,109.41796875,-1.0,-1.0,527.3521118164062,134.19140625,523.8027954101562,167.22265625,523.8027954101562,199.07421875,509.6056213378906,134.19140625,510.7887268066406,169.58203125,511.9718322753906,199.07421875,-1.0,-1.0,-1.0,-1.0,529.7183227539062,81.10546875,517.8873291015625,81.10546875
-1.0,-1.0,522.6196899414062,94.08203125,534.45068359375,95.26171875,-1.0,-1.0,-1.0,-1.0,509.6056213378906,92.90234375,501.3239440917969,110.59765625,-1.0,-1.0,528.5352172851562,134.19140625,523.8027954101562,168.40234375,523.8027954101562,199.07421875,510.7887268066406,134.19140625,510.7887268066406,169.58203125,513.1549072265625,200.25390625,-1.0,-1.0,-1.0,-1.0,529.7183227539062,81.10546875,517.8873291015625,81.10546875
-1.0,-1.0,522.6196899414062,94.08203125,534.45068359375,95.26171875,-1.0,-1.0,-1.0,-1.0,510.7887268066406,94.08203125,506.05633544921875,114.13671875,-1.0,-1.0,528.5352172851562,133.01171875,523.8027954101562,168.40234375,522.6196899414062,200.25390625,510.7887268066406,135.37109375,514.3380126953125,168.40234375,515.5211181640625,199.07421875,-1.0,-1.0,-1.0,-1.0,529.7183227539062,81.10546875,517.8873291015625,81.10546875
-1.0,-1.0,522.6196899414062,94.08203125,534.45068359375,94.08203125,-1.0,-1.0,-1.0,-1.0,510.7887268066406,94.08203125,504.87322998046875,112.95703125,-1.0,-1.0,528.5352172851562,133.01171875,524.9859008789062,168.40234375,523.8027954101562,200.25390625,511.9718322753906,133.01171875,515.5211181640625,169.58203125,516.7042236328125,197.89453125,-1.0,-1.0,-1.0,-1.0,528.5352172851562,81.10546875,517.8873291015625,79.92578125
