437.9230651855469,113.01171875,451.76922607421875,125.32421875,450.23077392578125,125.32421875,-1.0,-1.0,-1.0,-1.0,453.30767822265625,123.78515625,468.69232177734375,149.94921875,470.23077392578125,180.73046875,459.4615478515625,180.73046875,464.0769348144531,216.12890625,467.1538391113281,256.14453125,462.5384521484375,180.73046875,467.1538391113281,217.66796875,467.1538391113281,254.60546875,-1.0,-1.0,437.9230651855469,109.93359375,-1.0,-1.0,442.5384521484375,108.39453125
435.5882263183594,113.859375,449.3529357910156,126.109375,447.8235168457031,126.109375,453.941162109375,153.671875,-1.0,-1.0,450.8823547363281,124.578125,467.70587158203125,149.078125,467.70587158203125,181.234375,457.0,181.234375,461.5882263183594,217.984375,466.1764831542969,251.671875,463.1176452636719,181.234375,466.1764831542969,219.515625,467.70587158203125,254.734375,-1.0,-1.0,437.1176452636719,110.796875,-1.0,-1.0,441.70587158203125,109.265625
433.98345947265625,113.859375,447.81817626953125,126.109375,444.7438049316406,127.640625,449.3553771972656,156.734375,447.81817626953125,178.171875,449.3553771972656,126.109375,466.26446533203125,149.078125,464.7272644042969,179.703125,455.5041198730469,182.765625,455.5041198730469,219.515625,475.48760986328125,251.671875,461.65289306640625,182.765625,463.1900939941406,221.046875,467.8016357421875,256.265625,-1.0,-1.0,435.5206604003906,110.796875,-1.0,-1.0,440.1322326660156,110.796875
432.5737609863281,114.01171875,446.442626953125,127.86328125,443.36065673828125,127.86328125,447.9836120605469,155.56640625,-1.0,-1.0,447.9836120605469,126.32421875,463.3934326171875,150.94921875,461.8524475097656,180.19140625,452.6065673828125,183.26953125,444.9016418457031,217.12890625,463.3934326171875,247.91015625,458.7704772949219,183.26953125,463.3934326171875,218.66796875,469.557373046875,250.98828125,-1.0,-1.0,434.11474609375,110.93359375,-1.0,-1.0,438.7377014160156,110.93359375
430.75,113.328125,446.07257080078125,127.109375,443.008056640625,128.640625,447.6048278808594,154.671875,436.8790283203125,166.921875,446.07257080078125,125.578125,-1.0,-1.0,-1.0,-1.0,449.1370849609375,182.234375,438.4112854003906,212.859375,-1.0,-1.0,456.79840087890625,182.234375,462.92742919921875,218.984375,467.5242004394531,252.671875,-1.0,-1.0,432.2822570800781,111.796875,446.07257080078125,110.265625,436.8790283203125,111.796875
-1.0,-1.0,-1.0,-1.0,-1.0,-1.0,-1.0,-1.0,-1.0,-1.0,443.9360046386719,125.578125,460.8320007324219,150.078125,453.1520080566406,180.703125,-1.0,-1.0,-1.0,-1.0,-1.0,-1.0,-1.0,-1.0,-1.0,-1.0,-1.0,-1.0,-1.0,-1.0,-1.0,-1.0,-1.0,-1.0,434.7200012207031,111.796875
428.328125,114.328125,443.640625,126.578125,445.171875,125.046875,445.171875,151.078125,-1.0,-1.0,442.109375,126.578125,457.421875,149.546875,448.234375,178.640625,455.890625,183.234375,460.484375,216.921875,462.015625,247.546875,449.765625,181.703125,426.796875,210.796875,-1.0,-1.0,-1.0,-1.0,429.859375,111.265625,-1.0,-1.0,434.453125,111.265625
426.16278076171875,114.328125,439.97674560546875,126.578125,443.0465087890625,125.046875,443.0465087890625,152.609375,-1.0,-1.0,438.4418640136719,126.578125,453.79071044921875,151.078125,438.4418640136719,184.765625,453.79071044921875,183.234375,461.4651184082031,215.390625,-1.0,-1.0,447.6511535644531,183.234375,421.5581359863281,207.734375,449.18603515625,218.453125,-1.0,-1.0,427.6976623535156,111.265625,-1.0,-1.0,430.7674560546875,111.265625
423.16278076171875,114.328125,438.5116271972656,128.109375,440.0465087890625,126.578125,-1.0,-1.0,-1.0,-1.0,433.906982421875,128.109375,450.79071044921875,149.546875,436.97674560546875,181.703125,452.3255920410156,183.234375,456.93023681640625,216.921875,466.1395263671875,255.203125,443.11627197265625,181.703125,417.02325439453125,206.203125,440.0465087890625,223.046875,-1.0,-1.0,-1.0,-1.0,440.0465087890625,108.203125,427.7674560546875,111.265625
419.8409118652344,115.328125,435.1439514160156,127.578125,439.73486328125,126.046875,-1.0,-1.0,-1.0,-1.0,430.55303955078125,129.109375,445.8560485839844,152.078125,432.0833435058594,181.171875,448.9166564941406,181.171875,456.56817626953125,220.984375,462.68939208984375,257.734375,439.73486328125,181.171875,412.18939208984375,207.203125,435.1439514160156,231.703125,-1.0,-1.0,421.3712158203125,112.265625,436.67425537109375,109.203125,424.43182373046875,112.265625
417.67669677734375,113.796875,431.481201171875,127.578125,433.0150451660156,127.578125,429.9473571777344,152.078125,-1.0,-1.0,428.4135437011719,129.109375,442.2180480957031,150.546875,428.4135437011719,176.578125,434.5488586425781,182.703125,410.00750732421875,205.671875,425.3458557128906,240.890625,442.2180480957031,181.171875,454.48870849609375,216.390625,465.2255554199219,254.671875,-1.0,-1.0,419.21051025390625,112.265625,-1.0,-1.0,423.8120422363281,113.796875
413.04443359375,115.47265625,429.9925842285156,129.32421875,433.0740661621094,129.32421875,445.3999938964844,152.41015625,-1.0,-1.0,423.8296203613281,129.32421875,436.1555480957031,152.41015625,425.370361328125,175.49609375,433.0740661621094,181.65234375,408.4222106933594,207.81640625,416.12591552734375,244.75390625,437.6962890625,180.11328125,451.5629577636719,217.05078125,465.42962646484375,255.52734375,-1.0,-1.0,414.5851745605469,112.39453125,-1.0,-1.0,419.2073974609375,113.93359375
408.29412841796875,119.390625,425.1176452636719,131.640625,431.23529052734375,131.640625,438.8823547363281,150.015625,-1.0,-1.0,417.4705810546875,131.640625,429.70587158203125,150.015625,420.5294189453125,174.515625,438.8823547363281,180.640625,446.5294189453125,217.390625,463.3529357910156,255.671875,429.70587158203125,182.171875,405.23529052734375,208.203125,408.29412841796875,246.484375,-1.0,-1.0,409.8235168457031,116.328125,-1.0,-1.0,415.941162109375,116.328125
402.1159362792969,120.921875,420.55072021484375,133.171875,426.6956481933594,134.703125,432.840576171875,153.078125,-1.0,-1.0,411.3333435058594,133.171875,423.6231994628906,151.546875,414.4057922363281,172.984375,435.9130554199219,180.640625,445.13043212890625,217.390625,463.5652160644531,257.203125,420.55072021484375,182.171875,402.1159362792969,211.265625,400.5797119140625,249.546875,-1.0,-1.0,405.18841552734375,117.859375,-1.0,-1.0,409.7970886230469,119.390625
396.69287109375,123.453125,415.03570556640625,135.703125,421.1499938964844,137.234375,422.6785888671875,149.484375,-1.0,-1.0,405.8642883300781,135.703125,416.5643005371094,151.015625,407.3928527832031,173.984375,430.3214416503906,181.640625,441.02142333984375,215.328125,462.42144775390625,253.609375,418.0928649902344,183.171875,398.221435546875,210.734375,393.6357116699219,247.484375,-1.0,-1.0,398.221435546875,120.390625,-1.0,-1.0,405.8642883300781,121.921875
383.7872314453125,128.046875,399.10638427734375,140.296875,406.7659606933594,140.296875,-1.0,-1.0,-1.0,-1.0,389.9148864746094,138.765625,402.17022705078125,152.546875,397.574462890625,170.921875,422.0851135253906,184.703125,431.276611328125,213.796875,446.59576416015625,235.234375,406.7659606933594,186.234375,389.9148864746094,212.265625,391.4468078613281,250.546875,-1.0,-1.0,385.31915283203125,124.984375,402.17022705078125,126.515625,389.9148864746094,126.515625
382.8873291015625,128.046875,399.774658203125,140.296875,405.9154968261719,138.765625,424.3380432128906,158.671875,-1.0,-1.0,390.5633850097656,140.296875,402.8450622558594,152.546875,396.7042236328125,170.921875,422.8028259277344,184.703125,430.4788818359375,213.796875,447.3662109375,236.765625,407.4507141113281,186.234375,390.5633850097656,212.265625,392.0986022949219,250.546875,-1.0,-1.0,385.9577331542969,124.984375,-1.0,-1.0,390.5633850097656,126.515625
374.4583435058594,130.578125,391.2638854980469,141.296875,400.4305419921875,139.765625,405.0138854980469,148.953125,-1.0,-1.0,380.5694580078125,141.296875,397.375,153.546875,392.7916564941406,170.390625,415.7083435058594,182.640625,423.34722900390625,214.796875,447.7916564941406,237.765625,400.4305419921875,185.703125,385.15277099609375,213.265625,391.2638854980469,251.546875,-1.0,-1.0,377.5138854980469,125.984375,-1.0,-1.0,383.625,127.515625
366.7397155761719,129.78515625,385.15069580078125,140.55859375,391.28765869140625,139.01953125,400.4931640625,152.87109375,-1.0,-1.0,375.9451904296875,140.55859375,392.8219299316406,154.41015625,386.6849365234375,175.95703125,408.16436767578125,183.65234375,418.90411376953125,217.51171875,441.9178161621094,237.51953125,394.3561706542969,185.19140625,380.5479431152344,215.97265625,389.75341796875,252.91015625,-1.0,-1.0,369.8082275390625,126.70703125,-1.0,-1.0,377.4794616699219,126.70703125
360.7397155761719,129.578125,379.15069580078125,140.296875,383.75341796875,138.765625,-1.0,-1.0,-1.0,-1.0,371.4794616699219,140.296875,386.8219299316406,157.140625,380.6849365234375,177.046875,402.16436767578125,183.171875,412.90411376953125,219.921875,438.9862976074219,238.296875,389.8904113769531,183.171875,376.0821838378906,216.859375,389.8904113769531,253.609375,-1.0,-1.0,362.27398681640625,124.984375,-1.0,-1.0,366.876708984375,126.515625
353.7113952636719,129.578125,372.0738220214844,140.296875,378.19464111328125,138.765625,387.3758544921875,154.078125,-1.0,-1.0,364.4228210449219,140.296875,382.78521728515625,158.671875,372.0738220214844,180.109375,396.5570373535156,186.234375,402.6778564453125,222.984375,430.2214660644531,235.234375,382.78521728515625,187.765625,372.0738220214844,218.390625,390.4362487792969,255.140625,-1.0,-1.0,355.2416076660156,126.515625,-1.0,-1.0,359.83221435546875,126.515625
352.3333435058594,129.578125,372.26666259765625,140.296875,378.3999938964844,138.765625,387.6000061035156,154.078125,-1.0,-1.0,364.6000061035156,140.296875,381.4666748046875,158.671875,372.26666259765625,180.109375,396.79998779296875,186.234375,402.933349609375,222.984375,429.0,236.765625,384.5333251953125,186.234375,372.26666259765625,218.390625,389.1333312988281,253.609375,-1.0,-1.0,353.8666687011719,126.515625,-1.0,-1.0,360.0,126.515625
347.66888427734375,130.32421875,367.64239501953125,139.55859375,373.7880859375,138.01953125,386.0794677734375,161.10546875,-1.0,-1.0,359.96026611328125,139.55859375,376.8609313964844,159.56640625,366.10595703125,184.19140625,390.6887512207031,185.73046875,392.22515869140625,224.20703125,421.4172058105469,236.51953125,378.3973388671875,187.26953125,367.64239501953125,219.58984375,387.61590576171875,253.44921875,-1.0,-1.0,349.2052917480469,127.24609375,-1.0,-1.0,353.8145751953125,125.70703125
343.8823547363281,130.109375,362.23529052734375,139.296875,366.82354736328125,137.765625,379.058837890625,157.671875,-1.0,-1.0,354.5882263183594,140.828125,368.3529357910156,159.203125,360.70587158203125,182.171875,382.1176452636719,185.234375,368.3529357910156,221.984375,388.23529052734375,252.609375,372.941162109375,186.765625,379.058837890625,225.046875,406.5882263183594,228.109375,-1.0,-1.0,345.4117736816406,125.515625,-1.0,-1.0,350.0,123.984375
336.19354248046875,128.578125,356.15484619140625,139.296875,362.2967834472656,136.234375,379.1871032714844,153.078125,-1.0,-1.0,346.9419250488281,139.296875,359.2257995605469,157.671875,356.15484619140625,182.171875,376.1161193847656,182.171875,374.58062744140625,218.921875,397.6129150390625,226.578125,365.36773681640625,185.234375,363.8322448730469,220.453125,383.7935485839844,251.078125,-1.0,-1.0,337.7290344238281,123.984375,-1.0,-1.0,343.8709716796875,123.984375
330.19354248046875,125.515625,348.6193542480469,137.765625,356.2967834472656,136.234375,373.1871032714844,151.546875,-1.0,-1.0,339.4064636230469,137.765625,350.15484619140625,156.140625,348.6193542480469,180.640625,370.1161193847656,180.640625,367.045166015625,217.390625,383.93548583984375,228.109375,359.36773681640625,183.703125,357.8322448730469,218.921875,383.93548583984375,249.546875,-1.0,-1.0,331.7290344238281,122.453125,-1.0,-1.0,337.8709716796875,122.453125
324.0382080078125,124.70703125,342.5350341796875,135.48046875,351.783447265625,133.94140625,367.19744873046875,146.25390625,374.9044494628906,146.25390625,331.7452087402344,135.48046875,340.9936218261719,152.41015625,344.076416015625,181.65234375,361.0318603515625,178.57421875,359.4904479980469,213.97265625,376.44586181640625,247.83203125,350.2420349121094,180.11328125,356.40765380859375,215.51171875,382.6114501953125,247.83203125,-1.0,-1.0,325.5796203613281,120.08984375,-1.0,-1.0,330.2038269042969,120.08984375
318.39129638671875,122.984375,335.1987609863281,133.703125,344.366455078125,132.171875,362.70184326171875,139.828125,374.92547607421875,145.953125,326.03106689453125,132.171875,333.6708068847656,149.015625,336.7267150878906,179.640625,350.478271484375,176.578125,330.6148986816406,208.734375,355.0621032714844,236.296875,339.7825927734375,179.640625,352.0062255859375,211.796875,379.5093078613281,243.953125,-1.0,-1.0,318.39129638671875,118.390625,-1.0,-1.0,322.97515869140625,118.390625
310.91925048828125,119.921875,327.7267150878906,130.640625,336.8944091796875,130.640625,353.70184326171875,135.234375,359.81365966796875,136.765625,317.03106689453125,130.640625,327.7267150878906,147.484375,330.7825927734375,178.109375,344.5341491699219,175.046875,352.1739196777344,207.203125,-1.0,-1.0,332.310546875,178.109375,349.1180114746094,208.734375,376.6211242675781,242.421875,309.39129638671875,119.921875,312.44720458984375,116.859375,-1.0,-1.0,317.03106689453125,115.328125
302.6459655761719,117.55078125,321.13043212890625,129.86328125,331.9130554199219,129.86328125,350.39752197265625,137.55859375,-1.0,-1.0,310.34783935546875,129.86328125,321.13043212890625,148.33203125,324.211181640625,179.11328125,336.5341796875,176.03515625,318.0496826171875,206.81640625,330.3726806640625,239.13671875,327.29193115234375,179.11328125,341.1552734375,211.43359375,367.34161376953125,234.51953125,-1.0,-1.0,305.7267150878906,114.47265625,-1.0,-1.0,311.88818359375,114.47265625
296.3742370605469,118.921875,314.7791442871094,129.640625,323.9815979003906,129.640625,340.8527526855469,138.828125,351.5889587402344,141.890625,304.0429382324219,129.640625,316.3128662109375,151.078125,316.3128662109375,180.171875,330.1165771484375,175.578125,316.3128662109375,209.265625,325.51531982421875,241.421875,320.91412353515625,178.640625,310.17791748046875,209.265625,322.4478454589844,242.953125,-1.0,-1.0,297.907958984375,115.859375,-1.0,-1.0,302.50921630859375,115.859375
288.6024169921875,120.453125,306.9638671875,131.171875,314.6144714355469,132.703125,336.0361328125,144.953125,346.7469787597656,152.609375,296.2530212402344,129.640625,306.9638671875,146.484375,308.4939880371094,180.171875,320.73492431640625,177.109375,308.4939880371094,212.328125,322.26507568359375,242.953125,313.0843505859375,180.171875,308.4939880371094,210.796875,346.7469787597656,223.046875,-1.0,-1.0,290.1325378417969,117.390625,306.9638671875,117.390625,294.722900390625,115.859375
282.49102783203125,122.515625,299.3533020019531,133.234375,305.48504638671875,133.234375,319.28143310546875,148.546875,330.011962890625,160.796875,290.15570068359375,131.703125,302.4191589355469,153.140625,300.88623046875,179.171875,313.14971923828125,177.640625,311.61676025390625,212.859375,320.81439208984375,241.953125,305.48504638671875,180.703125,308.5509033203125,214.390625,322.3472900390625,241.953125,-1.0,-1.0,284.0239562988281,119.453125,-1.0,-1.0,290.15570068359375,119.453125
272.5535583496094,122.515625,290.9821472167969,134.765625,295.58929443359375,133.234375,306.33929443359375,151.609375,-1.0,-1.0,284.83929443359375,133.234375,297.125,154.671875,292.5178527832031,182.234375,306.33929443359375,180.703125,306.33929443359375,209.796875,318.625,234.296875,298.66070556640625,182.234375,283.3035583496094,215.921875,318.625,240.421875,-1.0,-1.0,275.625,119.453125,-1.0,-1.0,280.2321472167969,119.453125
264.9230651855469,123.24609375,281.8461608886719,134.01953125,284.9230651855469,132.48046875,297.23077392578125,149.41015625,-1.0,-1.0,277.23077392578125,134.01953125,291.0769348144531,154.02734375,284.9230651855469,181.73046875,294.1538391113281,181.73046875,283.3846130371094,207.89453125,298.76922607421875,232.51953125,292.6153869628906,183.26953125,304.923095703125,214.05078125,321.8461608886719,246.37109375,-1.0,-1.0,266.4615478515625,120.16796875,-1.0,-1.0,272.6153869628906,121.70703125
257.1395263671875,123.046875,272.4883728027344,135.296875,275.5581359863281,133.765625,274.02325439453125,158.265625,263.2790832519531,170.515625,269.4186096191406,135.296875,283.2325439453125,153.671875,277.093017578125,179.703125,284.7674560546875,181.234375,257.1395263671875,204.203125,278.6278991699219,234.828125,283.2325439453125,181.234375,258.6744079589844,207.265625,280.16278076171875,234.828125,-1.0,-1.0,260.20928955078125,119.984375,-1.0,-1.0,266.3488464355469,121.515625
247.74713134765625,123.046875,261.5057373046875,135.296875,258.4482727050781,135.296875,261.5057373046875,159.796875,238.57470703125,167.453125,261.5057373046875,133.765625,276.7930908203125,150.609375,269.1494140625,173.578125,269.1494140625,181.234375,249.27586364746094,202.671875,256.9195556640625,237.890625,278.32183837890625,179.703125,290.5517272949219,211.859375,315.0115051269531,239.421875,247.74713134765625,118.453125,249.27586364746094,119.984375,-1.0,-1.0,256.9195556640625,121.515625
238.0459747314453,122.24609375,251.90805053710938,134.55859375,248.8275909423828,136.09765625,254.98851013183594,156.10546875,-1.0,-1.0,253.44827270507812,133.01953125,268.8505859375,151.48828125,256.52874755859375,177.65234375,258.0689697265625,180.73046875,241.12643432617188,205.35546875,241.12643432617188,242.29296875,268.8505859375,180.73046875,282.712646484375,206.89453125,307.3563232421875,233.05859375,236.50575256347656,119.16796875,241.12643432617188,119.16796875,-1.0,-1.0,247.287353515625,120.70703125
227.34681701660156,122.6484375,242.4913330078125,136.2890625,240.9768829345703,136.2890625,236.43353271484375,154.4765625,224.3179168701172,152.9609375,244.0057830810547,134.7734375,260.66473388671875,151.4453125,250.06358337402344,175.6953125,250.06358337402344,183.2734375,233.40463256835938,209.0390625,230.375732421875,243.8984375,257.6358337402344,181.7578125,233.40463256835938,210.5546875,233.40463256835938,242.3828125,-1.0,-1.0,228.86126708984375,119.6171875,-1.0,-1.0,237.94798278808594,119.6171875
217.12940979003906,125.46484375,235.1999969482422,136.01953125,232.188232421875,137.52734375,230.68235778808594,158.63671875,220.14117431640625,151.09765625,235.1999969482422,136.01953125,-1.0,-1.0,-1.0,-1.0,241.22352600097656,182.76171875,224.65882873535156,208.39453125,232.188232421875,237.04296875,242.7294158935547,182.76171875,224.65882873535156,208.39453125,230.68235778808594,244.58203125,-1.0,-1.0,218.6352996826172,122.44921875,-1.0,-1.0,227.67059326171875,120.94140625
207.31361389160156,127.52734375,226.69822692871094,137.97265625,223.71597290039062,139.46484375,228.18934631347656,160.35546875,216.26036071777344,158.86328125,226.69822692871094,137.97265625,-1.0,-1.0,-1.0,-1.0,237.13609313964844,184.23046875,240.11834716796875,217.05859375,266.9585876464844,223.02734375,231.17160034179688,184.23046875,216.26036071777344,211.08984375,229.68048095703125,243.91796875,-1.0,-1.0,208.8047332763672,123.05078125,-1.0,-1.0,216.26036071777344,123.05078125
197.72454833984375,126.60546875,215.4011993408203,138.41796875,210.98204040527344,138.41796875,215.4011993408203,164.99609375,210.98204040527344,172.37890625,216.87425231933594,136.94140625,231.60479736328125,159.08984375,219.8203582763672,181.23828125,224.23951721191406,184.19140625,225.71258544921875,213.72265625,228.65869140625,241.77734375,224.23951721191406,185.66796875,210.98204040527344,212.24609375,227.18563842773438,241.77734375,-1.0,-1.0,199.19760131835938,123.65234375,-1.0,-1.0,206.5628662109375,123.65234375
188.69879150390625,126.17578125,204.7349395751953,139.32421875,201.81927490234375,139.32421875,-1.0,-1.0,-1.0,-1.0,206.19277954101562,137.86328125,222.22891235351562,158.31640625,210.56626892089844,180.23046875,214.93975830078125,183.15234375,217.8554229736328,212.37109375,226.6024169921875,238.66796875,214.93975830078125,183.15234375,206.19277954101562,215.29296875,228.06024169921875,244.51171875,-1.0,-1.0,190.15663146972656,123.25390625,-1.0,-1.0,197.44578552246094,123.25390625
180.7852783203125,125.30078125,195.2637939453125,136.86328125,193.81594848632812,136.86328125,199.60736083984375,159.98828125,198.15951538085938,171.55078125,196.71165466308594,136.86328125,212.63803100585938,154.20703125,199.60736083984375,175.88671875,206.84661865234375,180.22265625,215.5337371826172,210.57421875,224.22085571289062,238.03515625,208.2944793701172,180.22265625,205.39877319335938,213.46484375,225.668701171875,240.92578125,-1.0,-1.0,182.23312377929688,122.41015625,-1.0,-1.0,188.0245361328125,123.85546875
170.66036987304688,123.65625,185.0,136.59375,183.5660400390625,136.59375,189.3018798828125,158.15625,180.6981201171875,171.09375,185.0,135.15625,-1.0,-1.0,-1.0,-1.0,193.60377502441406,179.71875,177.83018493652344,204.15625,199.33963012695312,228.59375,200.77359008789062,178.28125,202.20755004882812,214.21875,223.71697998046875,238.65625,-1.0,-1.0,172.09434509277344,122.21875,-1.0,-1.0,177.83018493652344,123.65625
161.6835479736328,122.8359375,175.8607635498047,132.7890625,174.4430389404297,132.7890625,202.79747009277344,141.3203125,199.96202087402344,151.2734375,175.8607635498047,132.7890625,-1.0,-1.0,-1.0,-1.0,182.94937133789062,179.7109375,165.93670654296875,202.4609375,180.11392211914062,233.7421875,187.20252990722656,179.7109375,197.1265869140625,212.4140625,221.22784423828125,236.5859375,-1.0,-1.0,163.10125732421875,119.9921875,-1.0,-1.0,170.18988037109375,119.9921875
152.3935546875,119.640625,166.45806884765625,130.890625,163.64515686035156,130.890625,195.99354553222656,139.328125,190.36773681640625,150.578125,165.05160522460938,130.890625,-1.0,-1.0,-1.0,-1.0,174.8967742919922,180.109375,190.36773681640625,208.234375,215.68386840820312,232.140625,177.7096710205078,180.109375,156.61289978027344,201.203125,162.23870849609375,234.953125,-1.0,-1.0,153.8000030517578,116.828125,-1.0,-1.0,160.83226013183594,118.234375
143.4545440673828,118.8984375,158.74026489257812,130.0234375,164.2987060546875,128.6328125,186.532470703125,139.7578125,179.58441162109375,152.2734375,154.57142639160156,130.0234375,168.467529296875,146.7109375,161.5194854736328,152.2734375,168.467529296875,174.5234375,179.58441162109375,206.5078125,208.7662353515625,227.3671875,165.6883087158203,173.1328125,146.2337646484375,202.3359375,146.2337646484375,232.9296875,-1.0,-1.0,144.8441619873047,117.5078125,-1.0,-1.0,150.40260314941406,117.5078125
132.8656768798828,118.1875,145.223876953125,130.5625,156.20895385742188,130.5625,175.43283081054688,141.5625,167.19403076171875,153.9375,134.23880004882812,133.3125,131.49253845214844,153.9375,141.10447692871094,167.6875,161.7014923095703,170.4375,163.0746307373047,204.8125,185.04476928710938,222.6875,147.97015380859375,171.8125,141.10447692871094,203.4375,136.98507690429688,235.0625,-1.0,-1.0,-1.0,-1.0,149.34329223632812,116.8125,139.73133850097656,116.8125
115.37398529052734,121.41015625,130.21951293945312,132.22265625,119.42276763916016,133.57421875,-1.0,-1.0,-1.0,-1.0,130.21951293945312,132.22265625,-1.0,-1.0,-1.0,-1.0,131.56910705566406,176.82421875,131.56910705566406,210.61328125,139.6666717529297,226.83203125,134.26829528808594,178.17578125,122.1219482421875,206.55859375,130.21951293945312,238.99609375,-1.0,-1.0,116.72357940673828,118.70703125,-1.0,-1.0,123.47154235839844,118.70703125
109.0,123.2109375,121.0,129.8515625,109.0,132.5078125,105.0,152.4296875,-1.0,-1.0,131.6666717529297,127.1953125,141.0,149.7734375,142.33334350585938,164.3828125,110.33333587646484,173.6796875,115.66667175292969,208.2109375,114.33333587646484,225.4765625,122.33333587646484,176.3359375,117.0,210.8671875,130.3333282470703,238.7578125,110.33333587646484,120.5546875,111.66666412353516,120.5546875,-1.0,-1.0,117.0,120.5546875
117.74336242675781,109.40625,120.36283111572266,126.46875,109.88495635986328,130.40625,-1.0,-1.0,-1.0,-1.0,130.8406982421875,126.46875,138.69911193847656,148.78125,138.69911193847656,168.46875,112.50442504882812,180.28125,111.19468688964844,210.46875,111.19468688964844,226.21875,132.1504364013672,168.46875,130.8406982421875,198.65625,132.1504364013672,223.59375,115.12389373779297,106.78125,120.36283111572266,106.78125,112.50442504882812,109.40625,122.9822998046875,110.71875
107.56034851074219,111.40234375,119.19827270507812,128.16015625,110.14655303955078,130.73828125,98.50862121582031,155.23046875,86.87068939208984,152.65234375,129.54310607910156,126.87109375,137.30172729492188,148.78515625,137.30172729492188,168.12109375,111.43965148925781,171.98828125,116.61206817626953,202.92578125,112.73275756835938,228.70703125,125.66378784179688,169.41015625,123.07759094238281,196.48046875,126.95689392089844,235.15234375,107.56034851074219,110.11328125,110.14655303955078,108.82421875,-1.0,-1.0,119.19827270507812,110.11328125
105.56097412109375,110.91796875,114.43902587890625,127.47265625,103.0243911743164,127.47265625,100.48780822753906,149.12109375,-1.0,-1.0,127.1219482421875,127.47265625,134.73170471191406,147.84765625,130.92681884765625,168.22265625,105.56097412109375,168.22265625,111.90243530273438,200.05859375,106.82926940917969,225.52734375,120.78048706054688,168.22265625,116.9756088256836,194.96484375,-1.0,-1.0,105.56097412109375,108.37109375,109.36585235595703,108.37109375,-1.0,-1.0,118.243896484375,109.64453125
73.84127044677734,120.375,82.61904907226562,131.625,77.6031723022461,132.875,81.36508178710938,152.875,-1.0,-1.0,86.38095092773438,130.375,98.92063903808594,147.875,-1.0,-1.0,78.85714721679688,175.375,61.30158615112305,195.375,72.5873031616211,219.125,90.14285278320312,176.625,98.92063903808594,210.375,121.4920654296875,234.125,72.5873031616211,116.625,76.34920501708984,116.625,-1.0,-1.0,83.87301635742188,117.875
62.53434753417969,119.8359375,76.13740539550781,130.9453125,69.95419311523438,133.4140625,-1.0,-1.0,-1.0,-1.0,76.13740539550781,130.9453125,-1.0,-1.0,-1.0,-1.0,67.48091125488281,176.6171875,48.931297302246094,196.3671875,55.114501953125,232.1640625,81.08396911621094,177.8515625,89.7404556274414,205.0078125,-1.0,-1.0,-1.0,-1.0,63.770992279052734,116.1328125,-1.0,-1.0,69.95419311523438,117.3671875
-1.0,-1.0,69.94630432128906,143.41015625,75.98657989501953,145.83203125,-1.0,-1.0,-1.0,-1.0,-1.0,-1.0,-1.0,-1.0,-1.0,-1.0,71.15435791015625,177.31640625,72.36241149902344,203.95703125,71.15435791015625,217.27734375,56.657718658447266,177.31640625,42.16107177734375,202.74609375,38.53691101074219,233.01953125,-1.0,-1.0,-1.0,-1.0,-1.0,-1.0,-1.0,-1.0
65.83132934570312,123.50390625,74.18072509765625,136.65234375,68.21686553955078,136.65234375,-1.0,-1.0,-1.0,-1.0,81.33734893798828,136.65234375,84.91566467285156,154.58203125,84.91566467285156,172.51171875,49.132530212402344,178.48828125,36.012046813964844,201.19921875,28.85542106628418,234.66796875,77.759033203125,171.31640625,78.9518051147461,195.22265625,74.18072509765625,229.88671875,-1.0,-1.0,69.40963745117188,121.11328125,-1.0,-1.0,72.98795318603516,121.11328125
65.89332580566406,122.15625,70.63999938964844,134.03125,61.146663665771484,134.03125,56.39999771118164,151.84375,-1.0,-1.0,80.13333129882812,135.21875,84.87999725341797,153.03125,83.69332885742188,170.84375,63.519996643066406,167.28125,63.519996643066406,198.15625,63.519996643066406,212.40625,74.19999694824219,168.46875,74.19999694824219,198.15625,70.63999938964844,213.59375,67.07999420166016,119.78125,68.26666259765625,119.78125,-1.0,-1.0,73.0133285522461,120.96875
64.78461456298828,122.15625,69.52307891845703,132.84375,60.0461540222168,132.84375,-1.0,-1.0,-1.0,-1.0,76.63076782226562,134.03125,-1.0,-1.0,-1.0,-1.0,63.599998474121094,163.71875,63.599998474121094,192.21875,-1.0,-1.0,74.26153564453125,164.90625,74.26153564453125,187.46875,-1.0,-1.0,-1.0,-1.0,67.15384674072266,119.78125,-1.0,-1.0,69.52307891845703,120.96875
27.400001525878906,120.11328125,41.80000305175781,135.65234375,45.400001525878906,135.65234375,-1.0,-1.0,-1.0,-1.0,38.20000076293945,135.65234375,38.20000076293945,158.36328125,28.600000381469727,178.68359375,43.0,179.87890625,39.400001525878906,208.56640625,41.80000305175781,227.69140625,28.600000381469727,179.87890625,15.40000057220459,207.37109375,23.80000114440918,231.27734375,-1.0,-1.0,29.80000114440918,118.91796875,-1.0,-1.0,35.80000305175781,120.11328125
19.200000762939453,121.30859375,34.80000305175781,136.84765625,40.80000305175781,136.84765625,45.60000228881836,159.55859375,43.20000076293945,167.92578125,27.600000381469727,136.84765625,22.80000114440918,160.75390625,14.40000057220459,177.48828125,32.400001525878906,181.07421875,24.0,210.95703125,25.200000762939453,231.27734375,21.600000381469727,179.87890625,9.600000381469727,208.56640625,22.80000114440918,232.47265625,-1.0,-1.0,20.400001525878906,118.91796875,-1.0,-1.0,27.600000381469727,120.11328125
12.0,121.30859375,26.400001525878906,135.65234375,33.60000228881836,136.84765625,36.0,158.36328125,-1.0,-1.0,19.200000762939453,134.45703125,10.800000190734863,155.97265625,2.4000000953674316,165.53515625,25.200000762939453,178.68359375,12.0,209.76171875,30.000001907348633,216.93359375,14.40000057220459,178.68359375,4.800000190734863,212.15234375,20.400001525878906,232.47265625,-1.0,-1.0,14.40000057220459,118.91796875,-1.0,-1.0,19.200000762939453,120.11328125
