-1.0,-1.0,-1.0,-1.0,-1.0,-1.0,-1.0,-1.0,-1.0,-1.0,-1.0,-1.0,-1.0,-1.0,-1.0,-1.0,60.94852828979492,49.16796875,84.91911315917969,183.48046875,34.58088302612305,219.45703125,-1.0,-1.0,-1.0,-1.0,-1.0,-1.0,-1.0,-1.0,-1.0,-1.0,-1.0,-1.0,-1.0,-1.0
-1.0,-1.0,-1.0,-1.0,-1.0,-1.0,-1.0,-1.0,-1.0,-1.0,123.65216827392578,1.19921875,128.43478393554688,32.37890625,97.34782409667969,27.58203125,-1.0,-1.0,-1.0,-1.0,-1.0,-1.0,-1.0,-1.0,-1.0,-1.0,-1.0,-1.0,-1.0,-1.0,-1.0,-1.0,-1.0,-1.0,-1.0,-1.0
-1.0,-1.0,-1.0,-1.0,-1.0,-1.0,-1.0,-1.0,-1.0,-1.0,-1.0,-1.0,-1.0,-1.0,-1.0,-1.0,82.71014404296875,63.55859375,116.39130401611328,171.48828125,109.17391204833984,272.22265625,-1.0,-1.0,-1.0,-1.0,-1.0,-1.0,-1.0,-1.0,-1.0,-1.0,-1.0,-1.0,-1.0,-1.0
-1.0,-1.0,-1.0,-1.0,-1.0,-1.0,-1.0,-1.0,-1.0,-1.0,-1.0,-1.0,-1.0,-1.0,-1.0,-1.0,93.85611724853516,61.16015625,129.8992919921875,161.89453125,108.27338409423828,274.62109375,-1.0,-1.0,-1.0,-1.0,-1.0,-1.0,-1.0,-1.0,-1.0,-1.0,-1.0,-1.0,-1.0,-1.0
-1.0,-1.0,119.60000610351562,13.19140625,102.80000305175781,22.78515625,-1.0,-1.0,-1.0,-1.0,148.39999389648438,1.19921875,160.39999389648438,17.98828125,-1.0,-1.0,112.4000015258789,77.94921875,-1.0,-1.0,-1.0,-1.0,143.60000610351562,75.55078125,160.39999389648438,161.89453125,124.4000015258789,257.83203125,-1.0,-1.0,-1.0,-1.0,98.0,1.19921875,-1.0,-1.0
-1.0,-1.0,140.3120574951172,1.19921875,113.94326782226562,5.99609375,-1.0,-1.0,-1.0,-1.0,164.28369140625,1.19921875,169.07801818847656,29.98046875,140.3120574951172,13.19140625,121.13475036621094,87.54296875,133.12057495117188,173.88671875,109.14894104003906,272.22265625,159.48936462402344,87.54296875,169.07801818847656,164.29296875,149.9007110595703,257.83203125,-1.0,-1.0,-1.0,-1.0,-1.0,-1.0,-1.0,-1.0
-1.0,-1.0,151.61972045898438,1.19921875,132.46478271484375,1.19921875,-1.0,-1.0,-1.0,-1.0,175.56338500976562,1.19921875,177.95774841308594,32.37890625,154.0140838623047,13.19140625,127.67605590820312,92.33984375,134.85916137695312,178.68359375,108.52112579345703,272.22265625,168.38027954101562,94.73828125,182.74649047851562,164.29296875,180.35211181640625,262.62890625,-1.0,-1.0,-1.0,-1.0,-1.0,-1.0,-1.0,-1.0
-1.0,-1.0,164.58740234375,1.19921875,-1.0,-1.0,-1.0,-1.0,-1.0,-1.0,188.6433563232422,1.19921875,191.0489501953125,39.57421875,164.58740234375,17.98828125,140.53146362304688,89.94140625,138.12586975097656,181.08203125,109.25874328613281,272.22265625,179.02096557617188,94.73828125,191.0489501953125,173.88671875,210.293701171875,265.02734375,-1.0,-1.0,-1.0,-1.0,-1.0,-1.0,-1.0,-1.0
-1.0,-1.0,164.96502685546875,15.58984375,148.12586975097656,29.98046875,-1.0,-1.0,-1.0,-1.0,193.83216857910156,1.19921875,201.0489501953125,44.37109375,181.80419921875,25.18359375,148.12586975097656,92.33984375,145.72027587890625,178.68359375,112.04196166992188,269.82421875,184.20977783203125,101.93359375,201.0489501953125,176.28515625,229.91607666015625,262.62890625,-1.0,-1.0,-1.0,-1.0,140.90908813476562,1.19921875,-1.0,-1.0
-1.0,-1.0,-1.0,-1.0,-1.0,-1.0,-1.0,-1.0,-1.0,-1.0,-1.0,-1.0,-1.0,-1.0,-1.0,-1.0,158.1999969482422,80.34765625,153.39999389648438,178.68359375,115.0,267.42578125,-1.0,-1.0,-1.0,-1.0,-1.0,-1.0,-1.0,-1.0,-1.0,-1.0,-1.0,-1.0,-1.0,-1.0
-1.0,-1.0,-1.0,-1.0,-1.0,-1.0,-1.0,-1.0,-1.0,-1.0,-1.0,-1.0,-1.0,-1.0,-1.0,-1.0,169.53424072265625,77.6953125,159.94520568847656,182.8828125,116.79451751708984,266.5546875,-1.0,-1.0,-1.0,-1.0,-1.0,-1.0,-1.0,-1.0,-1.0,-1.0,-1.0,-1.0,-1.0,-1.0
-1.0,-1.0,-1.0,-1.0,-1.0,-1.0,-1.0,-1.0,-1.0,-1.0,-1.0,-1.0,-1.0,-1.0,-1.0,-1.0,187.850341796875,72.9140625,173.4829864501953,185.2734375,123.19728088378906,256.9921875,-1.0,-1.0,-1.0,-1.0,-1.0,-1.0,-1.0,-1.0,-1.0,-1.0,-1.0,-1.0,-1.0,-1.0
-1.0,-1.0,-1.0,-1.0,-1.0,-1.0,-1.0,-1.0,-1.0,-1.0,-1.0,-1.0,-1.0,-1.0,-1.0,-1.0,201.56082153320312,75.3046875,191.9932403564453,185.2734375,139.3716278076172,242.6484375,-1.0,-1.0,-1.0,-1.0,-1.0,-1.0,-1.0,-1.0,-1.0,-1.0,-1.0,-1.0,-1.0,-1.0
-1.0,-1.0,-1.0,-1.0,-1.0,-1.0,-1.0,-1.0,-1.0,-1.0,-1.0,-1.0,-1.0,-1.0,-1.0,-1.0,212.6778564453125,75.3046875,212.6778564453125,185.2734375,155.3355712890625,240.2578125,-1.0,-1.0,-1.0,-1.0,-1.0,-1.0,-1.0,-1.0,-1.0,-1.0,-1.0,-1.0,-1.0,-1.0
-1.0,-1.0,-1.0,-1.0,-1.0,-1.0,-1.0,-1.0,-1.0,-1.0,-1.0,-1.0,-1.0,-1.0,-1.0,-1.0,219.2133331298828,80.0859375,240.69332885742188,182.8828125,166.7066650390625,237.8671875,-1.0,-1.0,-1.0,-1.0,-1.0,-1.0,-1.0,-1.0,-1.0,-1.0,-1.0,-1.0,-1.0,-1.0
-1.0,-1.0,-1.0,-1.0,241.7086181640625,1.1953125,265.68212890625,39.4453125,275.2715148925781,44.2265625,-1.0,-1.0,-1.0,-1.0,-1.0,-1.0,-1.0,-1.0,-1.0,-1.0,-1.0,-1.0,-1.0,-1.0,-1.0,-1.0,-1.0,-1.0,-1.0,-1.0,-1.0,-1.0,-1.0,-1.0,-1.0,-1.0
-1.0,-1.0,-1.0,-1.0,-1.0,-1.0,-1.0,-1.0,-1.0,-1.0,-1.0,-1.0,-1.0,-1.0,-1.0,-1.0,232.52980041503906,80.0859375,268.49005126953125,178.1015625,201.36424255371094,242.6484375,-1.0,-1.0,-1.0,-1.0,-1.0,-1.0,-1.0,-1.0,-1.0,-1.0,-1.0,-1.0,-1.0,-1.0
-1.0,-1.0,266.5097961425781,1.1953125,-1.0,-1.0,-1.0,-1.0,-1.0,-1.0,-1.0,-1.0,-1.0,-1.0,-1.0,-1.0,244.9803924560547,77.6953125,273.686279296875,178.1015625,223.45098876953125,247.4296875,264.1176452636719,80.0859375,292.82354736328125,168.5390625,-1.0,-1.0,-1.0,-1.0,-1.0,-1.0,-1.0,-1.0,-1.0,-1.0
-1.0,-1.0,275.41558837890625,1.1953125,-1.0,-1.0,-1.0,-1.0,-1.0,-1.0,-1.0,-1.0,-1.0,-1.0,-1.0,-1.0,253.90908813476562,77.6953125,294.532470703125,175.7109375,261.0779113769531,264.1640625,275.41558837890625,77.6953125,-1.0,-1.0,-1.0,-1.0,-1.0,-1.0,-1.0,-1.0,-1.0,-1.0,-1.0,-1.0
-1.0,-1.0,-1.0,-1.0,-1.0,-1.0,-1.0,-1.0,-1.0,-1.0,-1.0,-1.0,-1.0,-1.0,-1.0,-1.0,260.258056640625,80.0859375,276.9677429199219,180.4921875,262.6451721191406,268.9453125,-1.0,-1.0,-1.0,-1.0,-1.0,-1.0,-1.0,-1.0,-1.0,-1.0,-1.0,-1.0,-1.0,-1.0
-1.0,-1.0,304.9615478515625,1.1953125,-1.0,-1.0,-1.0,-1.0,-1.0,-1.0,324.0384521484375,1.1953125,-1.0,-1.0,-1.0,-1.0,269.19232177734375,80.0859375,281.1153869628906,182.8828125,264.4230651855469,268.9453125,309.73077392578125,80.0859375,324.0384521484375,175.7109375,309.73077392578125,261.7734375,-1.0,-1.0,-1.0,-1.0,-1.0,-1.0,-1.0,-1.0
-1.0,-1.0,-1.0,-1.0,-1.0,-1.0,-1.0,-1.0,-1.0,-1.0,-1.0,-1.0,-1.0,-1.0,-1.0,-1.0,277.9363098144531,79.82421875,285.0827941894531,179.90234375,266.0254821777344,270.44921875,-1.0,-1.0,-1.0,-1.0,-1.0,-1.0,-1.0,-1.0,-1.0,-1.0,-1.0,-1.0,-1.0,-1.0
-1.0,-1.0,-1.0,-1.0,408.2405090332031,108.41796875,401.10125732421875,120.33203125,384.44305419921875,132.24609375,-1.0,-1.0,-1.0,-1.0,-1.0,-1.0,-1.0,-1.0,-1.0,-1.0,-1.0,-1.0,-1.0,-1.0,-1.0,-1.0,-1.0,-1.0,-1.0,-1.0,-1.0,-1.0,-1.0,-1.0,-1.0,-1.0
412.0503234863281,108.41796875,412.0503234863281,122.71484375,409.660400390625,122.71484375,402.4905700683594,139.39453125,407.27044677734375,141.77734375,424.0,120.33203125,-1.0,-1.0,-1.0,-1.0,409.660400390625,141.77734375,402.4905700683594,146.54296875,402.4905700683594,179.90234375,-1.0,-1.0,-1.0,-1.0,-1.0,-1.0,409.660400390625,103.65234375,414.44024658203125,103.65234375,-1.0,-1.0,419.2201232910156,106.03515625
-1.0,-1.0,328.8427734375,1.19140625,-1.0,-1.0,-1.0,-1.0,-1.0,-1.0,-1.0,-1.0,-1.0,-1.0,-1.0,-1.0,321.6729736328125,82.20703125,352.74212646484375,172.75390625,-1.0,-1.0,290.603759765625,79.82421875,292.99371337890625,179.90234375,266.70440673828125,270.44921875,-1.0,-1.0,-1.0,-1.0,-1.0,-1.0,-1.0,-1.0
-1.0,-1.0,430.10125732421875,96.50390625,432.48101806640625,98.88671875,434.86077880859375,110.80078125,-1.0,-1.0,-1.0,-1.0,-1.0,-1.0,-1.0,-1.0,430.10125732421875,141.77734375,430.10125732421875,170.37109375,427.7215270996094,198.96484375,-1.0,-1.0,-1.0,-1.0,-1.0,-1.0,-1.0,-1.0,-1.0,-1.0,437.2405090332031,79.82421875,-1.0,-1.0
448.8089294433594,86.97265625,434.51593017578125,96.50390625,434.51593017578125,98.88671875,436.8980712890625,115.56640625,446.4267578125,113.18359375,-1.0,-1.0,-1.0,-1.0,-1.0,-1.0,436.8980712890625,134.62890625,439.2802734375,163.22265625,436.8980712890625,196.58203125,436.8980712890625,132.24609375,439.2802734375,160.83984375,-1.0,-1.0,446.4267578125,82.20703125,-1.0,-1.0,439.2802734375,82.20703125,-1.0,-1.0
-1.0,-1.0,292.11688232421875,144.16015625,299.28570556640625,146.54296875,294.5065002441406,163.22265625,-1.0,-1.0,282.5584411621094,141.77734375,282.5584411621094,156.07421875,-1.0,-1.0,289.7272644042969,175.13671875,-1.0,-1.0,-1.0,-1.0,280.1688232421875,170.37109375,-1.0,-1.0,-1.0,-1.0,-1.0,-1.0,-1.0,-1.0,299.28570556640625,132.24609375,287.337646484375,129.86328125
-1.0,-1.0,-1.0,-1.0,373.4052429199219,1.19140625,378.16339111328125,29.78515625,401.9542541503906,65.52734375,-1.0,-1.0,-1.0,-1.0,-1.0,-1.0,-1.0,-1.0,-1.0,-1.0,-1.0,-1.0,-1.0,-1.0,-1.0,-1.0,-1.0,-1.0,-1.0,-1.0,-1.0,-1.0,-1.0,-1.0,-1.0,-1.0
-1.0,-1.0,-1.0,-1.0,386.64898681640625,1.1875,389.0198669433594,29.6875,415.0993347167969,62.9375,-1.0,-1.0,-1.0,-1.0,-1.0,-1.0,-1.0,-1.0,-1.0,-1.0,-1.0,-1.0,-1.0,-1.0,-1.0,-1.0,-1.0,-1.0,-1.0,-1.0,-1.0,-1.0,-1.0,-1.0,-1.0,-1.0
331.51007080078125,155.5625,329.13421630859375,157.9375,326.7583923339844,157.9375,324.3825378417969,165.0625,326.7583923339844,167.4375,331.51007080078125,157.9375,329.13421630859375,165.0625,-1.0,-1.0,326.7583923339844,169.8125,324.3825378417969,174.5625,-1.0,-1.0,329.13421630859375,172.1875,329.13421630859375,174.5625,-1.0,-1.0,331.51007080078125,153.1875,-1.0,-1.0,329.13421630859375,153.1875,-1.0,-1.0
-1.0,-1.0,-1.0,-1.0,408.3243408203125,1.1875,410.70269775390625,24.9375,436.8648681640625,53.4375,-1.0,-1.0,-1.0,-1.0,-1.0,-1.0,-1.0,-1.0,-1.0,-1.0,-1.0,-1.0,-1.0,-1.0,-1.0,-1.0,-1.0,-1.0,-1.0,-1.0,-1.0,-1.0,-1.0,-1.0,-1.0,-1.0
-1.0,-1.0,-1.0,-1.0,419.16436767578125,1.1875,419.16436767578125,20.1875,442.8630065917969,48.6875,-1.0,-1.0,-1.0,-1.0,-1.0,-1.0,-1.0,-1.0,-1.0,-1.0,-1.0,-1.0,-1.0,-1.0,-1.0,-1.0,-1.0,-1.0,-1.0,-1.0,-1.0,-1.0,-1.0,-1.0,-1.0,-1.0
368.8125,112.8125,366.4375,117.5625,364.0625,117.5625,361.6875,129.4375,361.6875,134.1875,371.1875,117.5625,373.5625,134.1875,-1.0,-1.0,364.0625,138.9375,366.4375,155.5625,364.0625,181.6875,366.4375,138.9375,371.1875,153.1875,368.8125,179.3125,366.4375,110.4375,-1.0,-1.0,364.0625,110.4375,-1.0,-1.0
365.6619873046875,112.44140625,365.6619873046875,119.54296875,360.9295654296875,119.54296875,358.5633850097656,133.74609375,360.9295654296875,136.11328125,370.3943786621094,117.17578125,372.76055908203125,131.37890625,375.12677001953125,136.11328125,363.2957763671875,143.21484375,365.6619873046875,159.78515625,365.6619873046875,181.08984375,368.0281677246094,140.84765625,370.3943786621094,157.41796875,370.3943786621094,181.08984375,365.6619873046875,110.07421875,365.6619873046875,110.07421875,365.6619873046875,110.07421875,370.3943786621094,107.70703125
-1.0,-1.0,365.0428466796875,117.17578125,-1.0,-1.0,-1.0,-1.0,-1.0,-1.0,367.4142761230469,114.80859375,372.1571350097656,119.54296875,-1.0,-1.0,365.0428466796875,138.48046875,365.0428466796875,157.41796875,365.0428466796875,181.08984375,367.4142761230469,138.48046875,369.78570556640625,157.41796875,369.78570556640625,178.72265625,-1.0,-1.0,-1.0,-1.0,-1.0,-1.0,-1.0,-1.0
390.67626953125,110.07421875,390.67626953125,117.17578125,381.17987060546875,121.91015625,385.9280700683594,136.11328125,397.7985534667969,131.37890625,397.7985534667969,117.17578125,404.9208679199219,129.01171875,407.2949523925781,133.74609375,393.05035400390625,145.58203125,397.7985534667969,157.41796875,395.4244689941406,185.82421875,402.5467529296875,143.21484375,407.2949523925781,155.05078125,400.17266845703125,178.72265625,388.3021545410156,107.70703125,393.05035400390625,107.70703125,383.553955078125,107.70703125,395.4244689941406,105.33984375
392.28466796875,110.07421875,392.28466796875,119.54296875,380.4598388671875,121.91015625,385.1897888183594,136.11328125,394.6496276855469,129.01171875,404.1094970703125,117.17578125,413.5693359375,133.74609375,-1.0,-1.0,392.28466796875,145.58203125,397.01458740234375,157.41796875,397.01458740234375,185.82421875,404.1094970703125,143.21484375,401.7445373535156,157.41796875,394.6496276855469,183.45703125,389.9197082519531,107.70703125,394.6496276855469,107.70703125,385.1897888183594,107.70703125,397.01458740234375,107.70703125
391.6666564941406,110.07421875,396.40740966796875,119.54296875,382.1851806640625,121.91015625,-1.0,-1.0,-1.0,-1.0,408.2592468261719,119.54296875,413.0,136.11328125,405.8888854980469,131.37890625,384.5555419921875,147.94921875,391.6666564941406,155.05078125,391.6666564941406,176.35546875,398.77777099609375,150.31640625,398.77777099609375,155.05078125,396.40740966796875,185.82421875,391.6666564941406,107.70703125,396.40740966796875,107.70703125,384.5555419921875,107.70703125,398.77777099609375,107.70703125
412.3834533691406,102.97265625,414.7593994140625,117.17578125,402.87969970703125,117.17578125,402.87969970703125,133.74609375,407.631591796875,133.74609375,424.2631530761719,117.17578125,421.88720703125,133.74609375,410.00750732421875,136.11328125,405.2556457519531,145.58203125,400.5037536621094,155.05078125,398.1278076171875,181.08984375,417.1353454589844,145.58203125,419.51129150390625,150.31640625,421.88720703125,176.35546875,410.00750732421875,100.60546875,414.7593994140625,100.60546875,407.631591796875,102.97265625,417.1353454589844,102.97265625
409.2824401855469,102.6328125,418.7480773925781,116.7890625,411.64886474609375,116.7890625,409.2824401855469,130.9453125,-1.0,-1.0,425.8473205566406,116.7890625,418.7480773925781,135.6640625,409.2824401855469,133.3046875,409.2824401855469,145.1015625,428.2137451171875,180.4921875,-1.0,-1.0,416.3816833496094,147.4609375,-1.0,-1.0,-1.0,-1.0,406.916015625,100.2734375,411.64886474609375,100.2734375,-1.0,-1.0,416.3816833496094,100.2734375
-1.0,-1.0,441.7404479980469,95.5546875,-1.0,-1.0,-1.0,-1.0,-1.0,-1.0,429.9847412109375,93.1953125,-1.0,-1.0,-1.0,-1.0,429.9847412109375,140.3828125,427.6335754394531,171.0546875,425.2824401855469,201.7265625,439.3893127441406,140.3828125,429.9847412109375,171.0546875,432.33587646484375,197.0078125,-1.0,-1.0,-1.0,-1.0,-1.0,-1.0,-1.0,-1.0
444.7734375,86.1171875,440.0546875,97.9140625,428.2578125,97.9140625,425.8984375,116.7890625,435.3359375,116.7890625,449.4921875,97.9140625,447.1328125,121.5078125,442.4140625,121.5078125,430.6171875,135.6640625,430.6171875,166.3359375,428.2578125,197.0078125,442.4140625,135.6640625,440.0546875,166.3359375,435.3359375,194.6484375,442.4140625,83.7578125,444.7734375,83.7578125,435.3359375,86.1171875,449.4921875,83.7578125
444.19049072265625,86.1171875,460.74603271484375,97.9140625,467.8412780761719,97.9140625,453.6507873535156,119.1484375,-1.0,-1.0,451.28570556640625,95.5546875,444.19049072265625,116.7890625,-1.0,-1.0,460.74603271484375,138.0234375,463.1111145019531,182.8515625,-1.0,-1.0,448.9206237792969,135.6640625,444.19049072265625,180.4921875,-1.0,-1.0,-1.0,-1.0,441.8254089355469,81.3984375,456.015869140625,83.7578125,446.5555419921875,83.7578125
-1.0,-1.0,461.1679992675781,97.9140625,470.57598876953125,97.9140625,-1.0,-1.0,-1.0,-1.0,451.760009765625,97.9140625,444.7040100097656,119.1484375,-1.0,-1.0,463.5199890136719,135.6640625,-1.0,-1.0,-1.0,-1.0,451.760009765625,133.3046875,-1.0,-1.0,-1.0,-1.0,-1.0,-1.0,-1.0,-1.0,-1.0,-1.0,456.4639892578125,83.7578125
-1.0,-1.0,525.541015625,1.1796875,537.34423828125,1.1796875,544.4262084960938,10.6171875,556.2294921875,62.5234375,509.0163879394531,1.1796875,-1.0,-1.0,-1.0,-1.0,516.098388671875,93.1953125,532.6229248046875,192.2890625,466.52459716796875,237.1171875,497.2131042480469,90.8359375,-1.0,-1.0,-1.0,-1.0,-1.0,-1.0,-1.0,-1.0,-1.0,-1.0,-1.0,-1.0
-1.0,-1.0,531.672119140625,1.17578125,545.7377319335938,1.17578125,552.7705078125,15.28515625,564.4918212890625,62.31640625,515.2623291015625,1.17578125,-1.0,-1.0,-1.0,-1.0,517.6065673828125,97.58984375,538.7048950195312,189.30078125,482.442626953125,236.33203125,503.5409851074219,95.23828125,543.3934326171875,189.30078125,536.3606567382812,269.25390625,-1.0,-1.0,-1.0,-1.0,-1.0,-1.0,-1.0,-1.0
-1.0,-1.0,543.0250244140625,1.17578125,554.7750244140625,1.17578125,561.8250122070312,19.98828125,575.9249877929688,62.31640625,526.5750122070312,1.17578125,-1.0,-1.0,-1.0,-1.0,521.875,90.53515625,557.125,184.59765625,496.0249938964844,241.03515625,533.625,90.53515625,561.8250122070312,182.24609375,538.3250122070312,264.55078125,-1.0,-1.0,-1.0,-1.0,-1.0,-1.0,-1.0,-1.0
-1.0,-1.0,554.4871826171875,1.17578125,-1.0,-1.0,-1.0,-1.0,-1.0,-1.0,-1.0,-1.0,-1.0,-1.0,-1.0,-1.0,533.2564086914062,83.48046875,573.3590087890625,182.24609375,516.7435913085938,250.44140625,540.3333129882812,83.48046875,573.3590087890625,175.19140625,-1.0,-1.0,-1.0,-1.0,-1.0,-1.0,-1.0,-1.0,-1.0,-1.0
-1.0,-1.0,562.862060546875,1.17578125,572.2413940429688,1.17578125,576.9310302734375,19.98828125,591.0,59.96484375,-1.0,-1.0,-1.0,-1.0,-1.0,-1.0,544.1034545898438,81.12890625,576.9310302734375,182.24609375,541.7586059570312,255.14453125,530.0344848632812,76.42578125,544.1034545898438,177.54296875,539.413818359375,252.79296875,-1.0,-1.0,-1.0,-1.0,-1.0,-1.0,-1.0,-1.0
-1.0,-1.0,567.2655029296875,1.17578125,581.389404296875,1.17578125,586.0973510742188,22.33984375,597.8672485351562,62.31640625,550.78759765625,1.17578125,-1.0,-1.0,-1.0,-1.0,553.1416015625,83.48046875,553.1416015625,175.19140625,536.6636962890625,262.19921875,534.3097534179688,78.77734375,595.5132446289062,172.83984375,569.6194458007812,257.49609375,-1.0,-1.0,-1.0,-1.0,-1.0,-1.0,-1.0,-1.0
-1.0,-1.0,586.9642944335938,1.17578125,598.75,1.17578125,605.8214111328125,24.69140625,617.607177734375,67.01953125,568.1071166992188,1.17578125,-1.0,-1.0,-1.0,-1.0,575.1785888671875,90.53515625,615.25,179.89453125,615.25,264.55078125,549.25,88.18359375,558.6785888671875,184.59765625,537.4642944335938,262.19921875,-1.0,-1.0,-1.0,-1.0,-1.0,-1.0,-1.0,-1.0
-1.0,-1.0,595.4954833984375,1.171875,607.2072143554688,1.171875,614.2342529296875,26.953125,628.2882690429688,69.140625,579.09912109375,1.171875,-1.0,-1.0,-1.0,-1.0,581.4414672851562,94.921875,621.26123046875,183.984375,632.9729614257812,256.640625,555.6756591796875,92.578125,560.3603515625,186.328125,536.9369506835938,258.984375,-1.0,-1.0,-1.0,-1.0,-1.0,-1.0,-1.0,-1.0
-1.0,-1.0,602.7636108398438,1.16796875,614.4000244140625,1.16796875,623.7091064453125,29.19921875,633.0181884765625,73.58203125,586.4727172851562,1.16796875,-1.0,-1.0,-1.0,-1.0,586.4727172851562,101.61328125,628.3636474609375,178.69921875,-1.0,-1.0,565.5272827148438,96.94140625,567.8545532226562,185.70703125,537.5999755859375,262.79296875,-1.0,-1.0,-1.0,-1.0,-1.0,-1.0,-1.0,-1.0
-1.0,-1.0,613.1666870117188,1.16796875,624.8333129882812,1.16796875,634.1666870117188,31.53515625,-1.0,-1.0,596.8333129882812,1.16796875,-1.0,-1.0,-1.0,-1.0,596.8333129882812,96.94140625,571.1666870117188,190.37890625,540.8333129882812,262.79296875,575.8333129882812,92.26953125,573.5,190.37890625,540.8333129882812,262.79296875,-1.0,-1.0,-1.0,-1.0,-1.0,-1.0,-1.0,-1.0
-1.0,-1.0,617.8333129882812,1.16796875,624.8333129882812,1.16796875,-1.0,-1.0,-1.0,-1.0,608.5,1.16796875,-1.0,-1.0,-1.0,-1.0,608.5,101.61328125,587.5,185.70703125,540.8333129882812,260.45703125,587.5,96.94140625,624.8333129882812,164.68359375,629.5,202.05859375,-1.0,-1.0,-1.0,-1.0,-1.0,-1.0,-1.0,-1.0
