169.3333282470703,161.72265625,162.38595581054688,171.00390625,167.7894744873047,171.00390625,168.5614013671875,183.37890625,166.24560546875,197.30078125,157.75437927246094,171.00390625,156.98245239257812,185.69921875,157.75437927246094,198.07421875,167.01754760742188,194.98046875,167.7894744873047,214.31640625,170.10525512695312,227.46484375,160.07017517089844,196.52734375,159.29824829101562,213.54296875,162.38595581054688,227.46484375,167.7894744873047,159.40234375,-1.0,-1.0,163.92982482910156,160.94921875,-1.0,-1.0
171.70909118652344,161.140625,164.6727294921875,171.296875,169.36363220214844,171.296875,170.1454620361328,183.015625,168.58181762695312,194.734375,159.9818115234375,171.296875,160.76364135742188,185.359375,160.76364135742188,197.859375,167.8000030517578,193.953125,173.27273559570312,212.703125,176.39999389648438,227.546875,160.76364135742188,194.734375,158.41818237304688,214.265625,156.85455322265625,228.328125,170.1454620361328,159.578125,-1.0,-1.0,167.0181884765625,161.140625,-1.0,-1.0
173.98165893554688,162.12109375,166.09173583984375,171.58984375,171.61468505859375,172.37890625,172.40367126464844,183.42578125,173.19265747070312,193.68359375,161.35780334472656,171.58984375,-1.0,-1.0,-1.0,-1.0,169.24771118164062,194.47265625,159.77981567382812,213.41015625,156.6238555908203,227.61328125,162.14678955078125,194.47265625,159.77981567382812,212.62109375,-1.0,-1.0,171.61468505859375,159.75390625,-1.0,-1.0,167.6697235107422,162.12109375,-1.0,-1.0
175.0648193359375,162.3203125,168.69444274902344,171.8828125,171.87962341308594,172.6796875,169.49073791503906,184.6328125,174.26852416992188,194.1953125,164.7129669189453,171.8828125,-1.0,-1.0,-1.0,-1.0,167.1018524169922,195.7890625,161.52777099609375,213.3203125,155.95370483398438,227.6640625,171.87962341308594,194.9921875,175.86111450195312,214.9140625,177.45370483398438,229.2578125,172.67593383789062,160.7265625,175.0648193359375,159.1328125,167.8981475830078,162.3203125,-1.0,-1.0
177.55555725097656,162.71875,171.0370330810547,172.46875,175.92593383789062,172.46875,176.74073791503906,184.65625,175.11111450195312,193.59375,166.1481475830078,172.46875,166.9629669189453,186.28125,166.9629669189453,199.28125,175.11111450195312,194.40625,178.37037658691406,214.71875,180.8148193359375,230.15625,166.9629669189453,195.21875,163.70370483398438,213.90625,156.37037658691406,226.09375,175.11111450195312,160.28125,-1.0,-1.0,171.8518524169922,162.71875,-1.0,-1.0
179.01869201660156,162.91796875,173.26168823242188,172.76171875,174.9065399169922,172.76171875,175.72897338867188,184.24609375,181.48597717285156,196.55078125,168.3271026611328,172.76171875,-1.0,-1.0,-1.0,-1.0,174.9065399169922,195.73046875,167.50466918945312,213.77734375,158.45794677734375,226.08203125,174.9065399169922,195.73046875,179.84112548828125,214.59765625,182.30841064453125,229.36328125,176.55140686035156,161.27734375,179.01869201660156,159.63671875,172.4392547607422,162.91796875,-1.0,-1.0
180.74073791503906,162.09375,175.0370330810547,172.65625,173.40740966796875,173.46875,-1.0,-1.0,-1.0,-1.0,179.11111450195312,172.65625,180.74073791503906,184.84375,184.0,193.78125,177.48147583007812,197.84375,181.55555725097656,214.90625,183.1851806640625,231.96875,179.92593383789062,197.03125,181.55555725097656,214.90625,181.55555725097656,229.53125,179.11111450195312,160.46875,-1.0,-1.0,175.8518524169922,162.09375,-1.0,-1.0
186.35513305664062,162.71484375,178.3177490234375,172.37109375,183.1401824951172,172.37109375,184.74766540527344,185.24609375,187.15887451171875,197.31640625,173.49533081054688,173.17578125,175.10279846191406,187.66015625,175.10279846191406,199.73046875,183.1401824951172,197.31640625,183.1401824951172,215.01953125,182.33645629882812,230.30859375,177.51402282714844,197.31640625,181.53271484375,215.01953125,179.92523193359375,228.69921875,184.74766540527344,161.10546875,-1.0,-1.0,181.53271484375,162.71484375,-1.0,-1.0
185.9439239501953,161.91015625,177.9065399169922,172.37109375,183.53271484375,171.56640625,184.33645629882812,185.24609375,188.35513305664062,196.51171875,173.0841064453125,173.17578125,174.69158935546875,187.66015625,175.49533081054688,199.73046875,182.72897338867188,198.12109375,183.53271484375,214.21484375,181.92523193359375,230.30859375,177.10279846191406,197.31640625,181.12149047851562,214.21484375,179.51402282714844,228.69921875,184.33645629882812,160.30078125,-1.0,-1.0,181.12149047851562,161.91015625,-1.0,-1.0
188.74766540527344,162.71484375,180.7102813720703,173.17578125,187.1401824951172,172.37109375,189.5513916015625,185.24609375,193.57009887695312,194.90234375,174.28036499023438,173.17578125,175.88784790039062,186.85546875,175.88784790039062,199.73046875,186.33645629882812,197.31640625,183.92523193359375,212.60546875,182.3177490234375,229.50390625,178.299072265625,196.51171875,181.51402282714844,212.60546875,171.86915588378906,223.87109375,186.33645629882812,160.30078125,-1.0,-1.0,184.72897338867188,161.91015625,176.69158935546875,162.71484375
190.1999969482422,161.9296875,182.1999969482422,172.2890625,187.8000030517578,171.4921875,187.8000030517578,185.8359375,-1.0,-1.0,177.39999389648438,172.2890625,176.60000610351562,187.4296875,176.60000610351562,199.3828125,187.8000030517578,197.7890625,186.1999969482422,209.7421875,184.60000610351562,215.3203125,180.60000610351562,196.9921875,180.60000610351562,208.1484375,-1.0,-1.0,188.60000610351562,160.3359375,-1.0,-1.0,185.39999389648438,161.1328125,-1.0,-1.0
193.49057006835938,162.54296875,186.35848999023438,172.80078125,191.90565490722656,172.01171875,194.28302001953125,184.63671875,199.83018493652344,193.31640625,180.01885986328125,173.58984375,179.22640991210938,186.21484375,178.4339599609375,196.47265625,191.1132049560547,197.26171875,186.35848999023438,213.04296875,183.1886749267578,228.03515625,183.98114013671875,196.47265625,187.15093994140625,213.04296875,184.77359008789062,227.24609375,191.90565490722656,160.96484375,-1.0,-1.0,189.52830505371094,162.54296875,-1.0,-1.0
193.1132049560547,162.54296875,185.98114013671875,172.80078125,192.3207550048828,172.01171875,195.49057006835938,184.63671875,201.83018493652344,194.10546875,179.64151000976562,173.58984375,178.84906005859375,186.21484375,178.05661010742188,196.47265625,191.52830505371094,197.26171875,187.5660400390625,213.04296875,185.1886749267578,226.45703125,184.39622497558594,196.47265625,185.1886749267578,213.04296875,182.8113250732422,227.24609375,191.52830505371094,160.96484375,-1.0,-1.0,189.15093994140625,162.54296875,-1.0,-1.0
192.99038696289062,162.54296875,185.89422607421875,172.80078125,191.41346740722656,172.01171875,195.35577392578125,184.63671875,202.45191955566406,194.10546875,179.58653259277344,173.58984375,178.79808044433594,187.00390625,177.22116088867188,196.47265625,191.41346740722656,197.26171875,186.6826934814453,213.04296875,182.74038696289062,228.03515625,184.3173065185547,197.26171875,185.10577392578125,213.83203125,184.3173065185547,228.03515625,192.20191955566406,160.96484375,-1.0,-1.0,189.8365478515625,162.54296875,-1.0,-1.0
197.94338989257812,164.72265625,189.4339599609375,174.00390625,195.6226348876953,174.00390625,200.26416015625,184.05859375,-1.0,-1.0,183.2452850341797,174.77734375,180.92453002929688,185.60546875,178.60377502441406,197.20703125,193.3018798828125,197.98046875,194.07546997070312,214.22265625,197.16981506347656,227.37109375,189.4339599609375,199.52734375,187.1132049560547,213.44921875,183.2452850341797,226.59765625,196.39622497558594,162.40234375,-1.0,-1.0,191.7547149658203,162.40234375,-1.0,-1.0
200.36697387695312,163.17578125,191.1192626953125,174.77734375,197.28440856933594,174.00390625,201.90826416015625,184.83203125,208.8440399169922,190.24609375,186.4954071044922,174.77734375,182.64219665527344,186.37890625,179.55963134765625,195.66015625,194.97247314453125,197.98046875,192.66055297851562,211.12890625,182.64219665527344,228.14453125,189.57798767089844,197.98046875,196.51376342773438,212.67578125,198.0550537109375,227.37109375,198.0550537109375,161.62890625,-1.0,-1.0,193.4311981201172,163.17578125,-1.0,-1.0
200.94338989257812,163.94921875,193.20755004882812,175.55078125,198.6226348876953,174.00390625,203.26416015625,184.83203125,208.6792449951172,187.15234375,188.5660400390625,176.32421875,184.6981201171875,186.37890625,180.83018493652344,194.88671875,195.52830505371094,197.98046875,190.8867950439453,212.67578125,183.15093994140625,225.82421875,190.8867950439453,197.98046875,197.84906005859375,212.67578125,199.39622497558594,228.14453125,199.39622497558594,162.40234375,-1.0,-1.0,194.7547149658203,163.94921875,-1.0,-1.0
202.94338989257812,163.94921875,194.4339599609375,176.32421875,200.6226348876953,174.00390625,204.49057006835938,184.83203125,209.132080078125,187.15234375,189.79244995117188,177.09765625,186.6981201171875,186.37890625,182.83018493652344,194.11328125,198.3018798828125,200.30078125,199.07546997070312,213.44921875,201.39622497558594,227.37109375,193.66036987304688,200.30078125,194.4339599609375,213.44921875,185.92453002929688,225.05078125,201.39622497558594,162.40234375,-1.0,-1.0,196.7547149658203,163.94921875,-1.0,-1.0
204.27102661132812,164.5234375,197.37384033203125,175.2421875,201.9719696044922,174.4765625,204.27102661132812,185.1953125,201.9719696044922,199.7421875,192.77569580078125,176.0078125,188.9439239501953,185.1953125,185.11215209960938,193.6171875,199.6728973388672,197.4453125,199.6728973388672,211.9921875,186.64486694335938,223.4765625,197.37384033203125,197.4453125,200.4392547607422,211.9921875,201.2056121826172,228.8359375,202.73831176757812,162.2265625,-1.0,-1.0,198.9065399169922,163.7578125,-1.0,-1.0
205.23147583007812,162.29296875,199.9166717529297,174.41796875,204.47222900390625,173.66015625,208.26852416992188,186.54296875,213.58334350585938,191.84765625,194.6018524169922,175.17578125,193.0833282470703,187.30078125,-1.0,-1.0,202.95370483398438,198.66796875,202.19444274902344,212.30859375,191.5648193359375,222.91796875,198.3981475830078,197.91015625,201.4351806640625,212.30859375,201.4351806640625,226.70703125,204.47222900390625,161.53515625,-1.0,-1.0,202.19444274902344,163.05078125,-1.0,-1.0
209.6981201171875,162.29296875,202.90565490722656,172.90234375,208.94338989257812,172.14453125,210.4528350830078,184.26953125,214.22640991210938,194.87890625,197.62265014648438,173.66015625,195.35848999023438,185.02734375,193.84906005859375,195.63671875,206.6792449951172,194.87890625,207.4339599609375,211.55078125,197.62265014648438,224.43359375,199.8867950439453,194.87890625,201.39622497558594,210.03515625,199.132080078125,225.19140625,208.1886749267578,161.53515625,-1.0,-1.0,205.92453002929688,162.29296875,-1.0,-1.0
210.94338989257812,163.05078125,204.15093994140625,172.90234375,210.94338989257812,172.14453125,211.6981201171875,184.26953125,211.6981201171875,194.12109375,198.1132049560547,173.66015625,197.35848999023438,185.78515625,196.60377502441406,194.12109375,207.92453002929688,195.63671875,211.6981201171875,211.55078125,202.64151000976562,221.40234375,201.132080078125,195.63671875,202.64151000976562,212.30859375,200.3773651123047,222.91796875,210.1886749267578,161.53515625,-1.0,-1.0,206.41510009765625,162.29296875,-1.0,-1.0
-1.0,-1.0,206.299072265625,172.625,211.53271484375,171.875,210.78504943847656,184.625,213.02804565429688,195.125,200.3177490234375,173.375,201.06541442871094,186.125,-1.0,-1.0,210.03738403320312,195.875,214.5233612060547,210.875,207.04672241210938,225.125,202.5607452392578,196.625,204.0560760498047,212.375,203.30841064453125,226.625,-1.0,-1.0,-1.0,-1.0,209.2897186279297,162.875,204.0560760498047,163.625
215.1999969482422,162.95703125,207.77142333984375,172.60546875,213.71429443359375,172.60546875,214.45713806152344,185.22265625,215.1999969482422,196.35546875,202.57142639160156,173.34765625,202.57142639160156,186.70703125,205.54286193847656,194.12890625,211.4857177734375,195.61328125,210.74285888671875,211.94140625,206.2857208251953,225.30078125,204.05714416503906,195.61328125,204.05714416503906,211.94140625,202.57142639160156,225.30078125,213.71429443359375,161.47265625,-1.0,-1.0,210.74285888671875,162.21484375,205.54286193847656,163.69921875
-1.0,-1.0,209.77142333984375,173.34765625,214.971435546875,172.60546875,215.71429443359375,185.96484375,215.71429443359375,196.35546875,204.57142639160156,174.08984375,206.8000030517578,188.19140625,-1.0,-1.0,213.4857177734375,196.35546875,217.94285583496094,211.94140625,215.71429443359375,226.78515625,206.05714416503906,197.09765625,203.8285675048828,213.42578125,202.34286499023438,226.78515625,-1.0,-1.0,-1.0,-1.0,212.74285888671875,163.69921875,-1.0,-1.0
217.71429443359375,163.69921875,211.77142333984375,174.08984375,217.71429443359375,173.34765625,219.1999969482422,185.96484375,219.1999969482422,197.09765625,206.57142639160156,174.08984375,205.08570861816406,188.19140625,-1.0,-1.0,215.4857177734375,197.09765625,220.6857147216797,213.42578125,222.1714324951172,228.26953125,206.57142639160156,196.35546875,205.08570861816406,213.42578125,202.85714721679688,227.52734375,216.971435546875,162.95703125,-1.0,-1.0,213.25714111328125,163.69921875,-1.0,-1.0
219.8834991455078,164.9921875,213.2427215576172,173.8046875,218.4077606201172,173.8046875,219.1456298828125,184.8203125,219.1456298828125,195.1015625,208.07766723632812,174.5390625,-1.0,-1.0,-1.0,-1.0,216.1941680908203,197.3046875,221.35922241210938,213.4609375,224.31068420410156,227.4140625,208.07766723632812,197.3046875,207.33981323242188,212.7265625,203.65048217773438,225.9453125,218.4077606201172,162.7890625,-1.0,-1.0,214.71844482421875,164.2578125,-1.0,-1.0
221.16981506347656,164.9921875,215.28302001953125,174.5390625,220.4339599609375,173.8046875,-1.0,-1.0,-1.0,-1.0,210.132080078125,174.5390625,-1.0,-1.0,-1.0,-1.0,212.33963012695312,198.7734375,208.66036987304688,213.4609375,203.50942993164062,225.2109375,219.6981201171875,198.0390625,222.64151000976562,214.1953125,226.3207550048828,228.8828125,219.6981201171875,163.5234375,-1.0,-1.0,216.7547149658203,164.9921875,-1.0,-1.0
220.33645629882812,165.07421875,215.233642578125,174.51953125,219.60748291015625,173.79296875,222.5233612060547,186.87109375,221.7943878173828,197.76953125,210.8598175048828,173.79296875,-1.0,-1.0,-1.0,-1.0,218.1495361328125,197.04296875,222.5233612060547,215.20703125,226.16822814941406,228.28515625,218.87850952148438,197.76953125,-1.0,-1.0,-1.0,-1.0,219.60748291015625,163.62109375,-1.0,-1.0,217.42056274414062,164.34765625,-1.0,-1.0
222.5047607421875,165.07421875,218.1619110107422,173.79296875,221.78094482421875,174.51953125,221.05714416503906,186.14453125,223.95237731933594,197.76953125,213.8190460205078,173.79296875,-1.0,-1.0,-1.0,-1.0,220.3333282470703,197.04296875,223.95237731933594,214.48046875,226.84762573242188,227.55859375,213.8190460205078,196.31640625,213.8190460205078,212.30078125,205.13333129882812,223.19921875,221.78094482421875,163.62109375,-1.0,-1.0,219.60952758789062,164.34765625,-1.0,-1.0
223.78094482421875,164.34765625,220.1619110107422,173.79296875,223.05714416503906,173.79296875,229.57142639160156,179.60546875,-1.0,-1.0,215.8190460205078,173.79296875,-1.0,-1.0,-1.0,-1.0,218.71429443359375,197.04296875,216.54286193847656,213.02734375,204.96189880371094,223.92578125,223.05714416503906,197.04296875,225.22857666015625,213.02734375,226.6761932373047,231.19140625,222.3333282470703,163.62109375,-1.0,-1.0,220.1619110107422,164.34765625,-1.0,-1.0
227.39622497558594,164.171875,220.94338989257812,174.234375,225.96226501464844,174.234375,225.96226501464844,187.890625,229.5471649169922,197.953125,216.64151000976562,174.234375,-1.0,-1.0,-1.0,-1.0,225.96226501464844,197.953125,226.6792449951172,214.484375,227.39622497558594,228.859375,218.79244995117188,197.953125,219.50942993164062,213.046875,210.1886749267578,222.390625,226.6792449951172,163.453125,-1.0,-1.0,224.52830505371094,164.171875,-1.0,-1.0
228.39622497558594,163.453125,222.66036987304688,174.234375,227.6792449951172,173.515625,228.39622497558594,186.453125,231.26414489746094,195.796875,218.35848999023438,174.953125,-1.0,-1.0,-1.0,-1.0,226.96226501464844,197.234375,227.6792449951172,212.328125,226.96226501464844,228.859375,220.50942993164062,197.234375,223.37734985351562,211.609375,214.77359008789062,220.953125,226.96226501464844,162.734375,-1.0,-1.0,224.8113250732422,164.171875,-1.0,-1.0
230.81553649902344,164.171875,224.34951782226562,174.234375,229.37864685058594,173.515625,230.81553649902344,186.453125,232.25242614746094,199.390625,219.3203887939453,174.953125,220.03883361816406,188.609375,220.7572784423828,200.828125,229.37864685058594,197.234375,227.94174194335938,214.484375,227.22329711914062,227.421875,222.91262817382812,197.234375,222.91262817382812,213.046875,216.44659423828125,222.390625,229.37864685058594,162.734375,-1.0,-1.0,225.78640747070312,164.171875,-1.0,-1.0
232.83018493652344,164.890625,225.66036987304688,174.234375,230.6792449951172,173.515625,232.83018493652344,185.015625,236.41510009765625,192.921875,220.64151000976562,174.234375,220.64151000976562,187.171875,220.64151000976562,197.953125,229.96226501464844,195.796875,229.96226501464844,213.046875,227.09434509277344,227.421875,224.22640991210938,195.796875,224.22640991210938,213.046875,221.35848999023438,226.703125,231.39622497558594,163.453125,-1.0,-1.0,228.52830505371094,164.171875,-1.0,-1.0
235.26414489746094,164.171875,228.09434509277344,174.234375,233.83018493652344,173.515625,235.98114013671875,186.453125,-1.0,-1.0,222.35848999023438,174.234375,223.07546997070312,187.890625,-1.0,-1.0,231.6792449951172,198.671875,232.39622497558594,210.890625,224.50942993164062,223.109375,225.94338989257812,197.953125,225.22640991210938,211.609375,223.79244995117188,223.109375,234.5471649169922,163.453125,-1.0,-1.0,230.96226501464844,163.453125,-1.0,-1.0
-1.0,-1.0,229.78640747070312,174.234375,234.81553649902344,173.515625,237.68931579589844,185.734375,-1.0,-1.0,224.03883361816406,174.953125,222.60194396972656,187.890625,221.16505432128906,197.234375,233.37864685058594,198.671875,232.66018676757812,213.046875,229.06796264648438,227.421875,226.91262817382812,197.234375,226.91262817382812,213.765625,226.19418334960938,228.140625,-1.0,-1.0,-1.0,-1.0,232.66018676757812,164.171875,-1.0,-1.0
-1.0,-1.0,231.21495056152344,174.23828125,236.89720153808594,174.23828125,238.3177490234375,185.61328125,-1.0,-1.0,225.53271484375,174.94921875,223.40187072753906,186.32421875,222.69158935546875,196.98828125,234.0560760498047,195.56640625,234.0560760498047,211.20703125,227.66354370117188,226.84765625,227.66354370117188,194.14453125,229.7943878173828,211.91796875,231.21495056152344,226.84765625,-1.0,-1.0,-1.0,-1.0,234.0560760498047,164.28515625,229.0841064453125,165.70703125
-1.0,-1.0,231.83653259277344,175.66015625,238.24038696289062,174.94921875,242.50961303710938,186.32421875,-1.0,-1.0,225.4326934814453,176.37109375,224.00961303710938,188.45703125,220.45191955566406,196.27734375,236.8173065185547,196.27734375,236.8173065185547,209.78515625,-1.0,-1.0,228.99038696289062,196.98828125,228.99038696289062,212.62890625,227.5673065185547,226.84765625,-1.0,-1.0,-1.0,-1.0,234.6826934814453,164.28515625,227.5673065185547,166.41796875
239.95191955566406,164.99609375,234.25961303710938,175.66015625,239.95191955566406,174.94921875,-1.0,-1.0,-1.0,-1.0,227.85577392578125,176.37109375,225.00961303710938,187.74609375,222.16346740722656,196.27734375,232.125,196.98828125,236.39422607421875,211.20703125,239.95191955566406,226.84765625,237.10577392578125,194.85546875,232.83653259277344,211.91796875,227.14422607421875,225.42578125,238.52883911132812,164.28515625,-1.0,-1.0,235.6826934814453,165.70703125,-1.0,-1.0
-1.0,-1.0,235.25961303710938,175.66015625,241.6634521484375,175.66015625,244.50961303710938,186.32421875,-1.0,-1.0,229.5673065185547,176.37109375,227.4326934814453,187.03515625,224.58653259277344,195.56640625,238.8173065185547,196.98828125,238.10577392578125,212.62890625,-1.0,-1.0,231.70191955566406,196.27734375,233.125,213.33984375,-1.0,-1.0,-1.0,-1.0,-1.0,-1.0,238.8173065185547,166.41796875,232.4134521484375,167.83984375
-1.0,-1.0,237.25961303710938,175.66015625,243.6634521484375,175.66015625,245.08653259277344,186.32421875,-1.0,-1.0,231.5673065185547,175.66015625,229.4326934814453,186.32421875,225.875,194.85546875,240.8173065185547,195.56640625,239.39422607421875,211.91796875,230.14422607421875,225.42578125,234.4134521484375,194.85546875,238.6826934814453,211.20703125,242.24038696289062,228.26953125,-1.0,-1.0,-1.0,-1.0,240.10577392578125,166.41796875,235.125,167.12890625
-1.0,-1.0,238.25961303710938,176.37109375,244.6634521484375,176.37109375,246.79808044433594,187.03515625,-1.0,-1.0,232.5673065185547,177.08203125,229.72116088867188,187.74609375,226.875,196.27734375,242.52883911132812,196.98828125,240.39422607421875,211.91796875,231.14422607421875,224.00390625,235.4134521484375,196.27734375,238.97116088867188,210.49609375,243.24038696289062,227.55859375,-1.0,-1.0,-1.0,-1.0,241.10577392578125,167.12890625,236.125,167.83984375
244.95191955566406,166.41796875,239.25961303710938,176.37109375,245.6634521484375,175.66015625,248.50961303710938,188.45703125,-1.0,-1.0,234.27883911132812,177.79296875,231.4326934814453,188.45703125,229.29808044433594,196.27734375,244.24038696289062,198.41015625,242.8173065185547,212.62890625,235.70191955566406,222.58203125,237.125,198.41015625,239.25961303710938,211.91796875,236.4134521484375,223.29296875,243.52883911132812,164.99609375,-1.0,-1.0,241.39422607421875,167.12890625,234.99038696289062,168.55078125
246.65347290039062,166.41796875,240.95050048828125,176.37109375,245.9405975341797,175.66015625,249.50494384765625,187.74609375,-1.0,-1.0,235.96038818359375,177.79296875,232.3960418701172,189.16796875,231.68316650390625,198.41015625,244.5148468017578,199.83203125,245.9405975341797,212.62890625,239.52474975585938,221.87109375,238.09901428222656,199.83203125,238.8118896484375,213.33984375,236.6732635498047,221.87109375,245.22772216796875,164.99609375,-1.0,-1.0,242.37623596191406,167.12890625,-1.0,-1.0
247.95191955566406,166.41796875,242.97116088867188,176.37109375,245.8173065185547,175.66015625,242.97116088867188,187.74609375,247.95191955566406,199.12109375,239.4134521484375,176.37109375,237.27883911132812,189.87890625,235.85577392578125,200.54296875,245.10577392578125,199.12109375,-1.0,-1.0,-1.0,-1.0,240.125,199.12109375,-1.0,-1.0,-1.0,-1.0,245.8173065185547,164.99609375,-1.0,-1.0,242.97116088867188,167.12890625,-1.0,-1.0
249.71429443359375,166.9296875,243.37142944335938,175.3671875,247.60000610351562,174.6640625,248.3047637939453,187.3203125,249.71429443359375,197.1640625,239.84762573242188,176.0703125,238.43809509277344,189.4296875,237.028564453125,198.5703125,246.1904754638672,197.1640625,248.3047637939453,211.9296875,246.1904754638672,225.2890625,240.55238342285156,196.4609375,241.96189880371094,212.6328125,241.96189880371094,224.5859375,248.3047637939453,164.8203125,-1.0,-1.0,245.4857177734375,166.2265625,-1.0,-1.0
251.05882263183594,166.9296875,244.7058868408203,175.3671875,249.64706420898438,174.6640625,251.05882263183594,185.2109375,251.76470947265625,194.3515625,239.76470947265625,176.0703125,239.05882263183594,188.7265625,237.64706420898438,199.2734375,248.23529052734375,195.7578125,248.23529052734375,211.9296875,246.11764526367188,223.8828125,241.1764678955078,195.7578125,242.58824157714844,211.9296875,241.88235473632812,225.2890625,250.35293579101562,164.8203125,-1.0,-1.0,245.41177368164062,165.5234375,-1.0,-1.0
252.009521484375,167.6328125,245.6666717529297,175.3671875,250.60000610351562,174.6640625,252.71429443359375,185.9140625,252.71429443359375,195.0546875,240.73333740234375,176.0703125,239.3238067626953,188.7265625,-1.0,-1.0,249.1904754638672,194.3515625,252.009521484375,211.2265625,252.009521484375,225.9921875,242.14285278320312,195.7578125,244.25714111328125,211.2265625,242.14285278320312,225.9921875,251.3047637939453,166.2265625,-1.0,-1.0,247.78094482421875,165.5234375,-1.0,-1.0
253.009521484375,167.6328125,245.25714111328125,176.0703125,250.89523315429688,174.6640625,252.3047637939453,187.3203125,-1.0,-1.0,240.3238067626953,176.7734375,238.2095184326172,190.1328125,236.8000030517578,201.3828125,249.4857177734375,196.4609375,252.3047637939453,211.2265625,253.009521484375,226.6953125,242.43809509277344,197.1640625,242.43809509277344,211.9296875,242.43809509277344,226.6953125,250.89523315429688,165.5234375,-1.0,-1.0,248.07618713378906,165.5234375,-1.0,-1.0
252.73077392578125,166.33984375,247.88461303710938,176.07421875,252.03846740722656,175.37890625,249.26922607421875,187.89453125,252.03846740722656,196.93359375,243.03846740722656,176.07421875,242.34616088867188,187.89453125,242.34616088867188,198.32421875,250.65383911132812,196.23828125,253.42308044433594,210.83984375,-1.0,-1.0,244.42308044433594,196.23828125,243.03846740722656,211.53515625,-1.0,-1.0,250.65383911132812,164.94921875,-1.0,-1.0,248.57691955566406,166.33984375,-1.0,-1.0
252.34616088867188,166.33984375,248.1923065185547,176.76953125,253.03846740722656,176.07421875,251.65383911132812,186.50390625,253.73077392578125,195.54296875,244.03846740722656,176.76953125,244.03846740722656,189.28515625,-1.0,-1.0,250.96153259277344,195.54296875,255.11538696289062,210.83984375,-1.0,-1.0,245.42308044433594,196.23828125,244.03846740722656,211.53515625,-1.0,-1.0,250.96153259277344,165.64453125,-1.0,-1.0,249.57691955566406,167.03515625,-1.0,-1.0
255.73077392578125,167.03515625,249.5,176.76953125,255.03846740722656,176.76953125,254.34616088867188,187.89453125,255.03846740722656,196.93359375,245.34616088867188,177.46484375,245.34616088867188,188.58984375,246.03846740722656,198.32421875,252.26922607421875,196.93359375,255.03846740722656,212.23046875,256.4230651855469,226.83203125,246.73077392578125,196.93359375,245.34616088867188,211.53515625,242.57691955566406,224.05078125,254.34616088867188,165.64453125,-1.0,-1.0,251.57691955566406,167.03515625,-1.0,-1.0
256.73077392578125,167.73046875,250.5,177.46484375,255.34616088867188,176.76953125,255.34616088867188,188.58984375,256.0384521484375,197.62890625,246.34616088867188,178.16015625,247.03846740722656,189.28515625,247.03846740722656,199.71484375,253.26922607421875,198.32421875,255.34616088867188,214.31640625,247.03846740722656,228.22265625,248.42308044433594,198.32421875,247.73077392578125,214.31640625,-1.0,-1.0,255.34616088867188,166.33984375,-1.0,-1.0,253.26922607421875,167.73046875,-1.0,-1.0
258.4230651855469,168.42578125,252.1923065185547,177.46484375,257.0384521484375,176.76953125,257.0384521484375,188.58984375,259.1153869628906,197.62890625,248.03846740722656,178.16015625,248.03846740722656,189.28515625,248.03846740722656,199.71484375,254.96153259277344,198.32421875,257.0384521484375,213.62109375,258.4230651855469,226.83203125,249.42308044433594,198.32421875,248.73077392578125,213.62109375,243.88461303710938,224.05078125,257.0384521484375,167.03515625,-1.0,-1.0,253.57691955566406,168.42578125,-1.0,-1.0
260.1089172363281,169.12109375,253.8712921142578,177.46484375,258.0296936035156,176.76953125,258.7227783203125,188.58984375,262.1881103515625,197.62890625,249.71287536621094,177.46484375,249.01980590820312,189.98046875,247.6336669921875,200.41015625,255.25743103027344,199.71484375,251.79208374023438,215.01171875,250.40594482421875,226.13671875,251.79208374023438,199.01953125,253.17822265625,213.62109375,-1.0,-1.0,259.41583251953125,167.73046875,-1.0,-1.0,255.25743103027344,168.42578125,-1.0,-1.0
261.4230651855469,168.42578125,254.5,177.46484375,257.9615478515625,176.76953125,260.73077392578125,189.28515625,263.5,199.01953125,251.73077392578125,177.46484375,251.03846740722656,189.98046875,249.65383911132812,200.41015625,257.26922607421875,200.41015625,259.3461608886719,214.31640625,256.5769348144531,228.22265625,253.8076934814453,199.71484375,253.8076934814453,213.62109375,253.11538696289062,228.22265625,260.0384521484375,166.33984375,-1.0,-1.0,256.5769348144531,167.03515625,-1.0,-1.0
262.4230651855469,168.42578125,256.19232177734375,177.46484375,260.3461608886719,176.76953125,261.0384521484375,190.67578125,259.6538391113281,201.10546875,252.03846740722656,177.46484375,251.34616088867188,190.67578125,252.03846740722656,200.41015625,258.9615478515625,200.41015625,257.5769348144531,213.62109375,255.5,228.22265625,254.11538696289062,199.71484375,254.11538696289062,212.92578125,-1.0,-1.0,261.0384521484375,166.33984375,-1.0,-1.0,257.5769348144531,167.03515625,-1.0,-1.0
264.1089172363281,167.73046875,257.17822265625,176.76953125,262.7227783203125,176.07421875,262.7227783203125,189.28515625,262.7227783203125,200.41015625,253.01980590820312,177.46484375,252.3267364501953,189.98046875,253.01980590820312,199.01953125,260.6435546875,199.71484375,257.17822265625,212.23046875,251.6336669921875,224.74609375,255.09901428222656,199.01953125,255.09901428222656,211.53515625,249.55445861816406,225.44140625,262.0296936035156,165.64453125,-1.0,-1.0,258.5643615722656,167.03515625,-1.0,-1.0
264.0384521484375,167.03515625,258.5,176.76953125,263.3461608886719,176.07421875,264.73077392578125,187.19921875,267.5,196.23828125,253.65383911132812,177.46484375,252.96153259277344,188.58984375,252.96153259277344,197.62890625,261.26922607421875,199.01953125,258.5,211.53515625,254.34616088867188,225.44140625,256.4230651855469,197.62890625,257.80767822265625,210.83984375,254.34616088867188,224.05078125,262.6538391113281,165.64453125,-1.0,-1.0,259.8846130371094,167.03515625,-1.0,-1.0
265.73077392578125,167.73046875,260.19232177734375,176.76953125,265.0384521484375,176.76953125,266.4230651855469,186.50390625,269.19232177734375,194.15234375,254.65383911132812,177.46484375,253.26922607421875,187.89453125,253.26922607421875,197.62890625,262.26922607421875,197.62890625,259.5,210.83984375,256.73077392578125,224.74609375,256.73077392578125,196.93359375,257.4230651855469,210.83984375,256.73077392578125,223.35546875,264.3461608886719,166.33984375,-1.0,-1.0,261.5769348144531,167.73046875,-1.0,-1.0
266.45098876953125,168.21875,260.9607849121094,177.15625,266.45098876953125,176.46875,267.8235168457031,186.78125,264.39215087890625,197.78125,256.1568603515625,177.84375,254.78431701660156,188.15625,254.09803771972656,198.46875,263.01959228515625,196.40625,260.2745056152344,212.21875,257.5294189453125,225.96875,258.2156982421875,196.40625,258.9019775390625,211.53125,258.2156982421875,223.90625,265.07843017578125,166.84375,-1.0,-1.0,263.01959228515625,168.21875,-1.0,-1.0
268.13726806640625,168.90625,264.01959228515625,178.53125,269.5097961425781,177.84375,271.5686340332031,186.09375,-1.0,-1.0,259.2156982421875,178.53125,257.1568603515625,189.53125,255.09803771972656,198.46875,266.07843017578125,197.09375,261.2745056152344,212.90625,256.4705810546875,226.65625,260.5882263183594,197.09375,261.9607849121094,212.21875,262.6470642089844,226.65625,266.76470947265625,167.53125,-1.0,-1.0,264.70587158203125,169.59375,-1.0,-1.0
-1.0,-1.0,265.44659423828125,178.52734375,270.2038879394531,177.84765625,273.6019287109375,187.36328125,-1.0,-1.0,260.00970458984375,178.52734375,257.97088623046875,188.72265625,255.93203735351562,198.91796875,266.8058166503906,196.87890625,262.7281494140625,213.19140625,257.97088623046875,224.06640625,261.3689270019531,196.87890625,265.44659423828125,213.19140625,264.7669982910156,226.10546875,-1.0,-1.0,-1.0,-1.0,266.8058166503906,169.69140625,263.40777587890625,169.69140625
-1.0,-1.0,265.7669982910156,179.20703125,270.5242614746094,178.52734375,273.2427062988281,187.36328125,-1.0,-1.0,261.00970458984375,179.20703125,258.97088623046875,189.40234375,256.9320373535156,198.91796875,267.126220703125,198.23828125,265.0873718261719,213.19140625,258.291259765625,223.38671875,262.3689270019531,198.23828125,266.44659423828125,213.19140625,265.7669982910156,227.46484375,-1.0,-1.0,-1.0,-1.0,267.8058166503906,169.69140625,265.0873718261719,169.69140625
-1.0,-1.0,267.44659423828125,179.20703125,271.5242614746094,179.20703125,271.5242614746094,190.08203125,270.84466552734375,198.91796875,262.6893310546875,179.20703125,260.6504821777344,190.08203125,257.9320373535156,198.91796875,268.126220703125,198.23828125,267.44659423828125,212.51171875,260.6504821777344,222.70703125,263.3689270019531,198.23828125,267.44659423828125,211.15234375,265.40777587890625,224.06640625,-1.0,-1.0,-1.0,-1.0,269.4854431152344,169.69140625,-1.0,-1.0
-1.0,-1.0,267.4200134277344,179.88671875,272.17999267578125,179.20703125,274.8999938964844,189.40234375,-1.0,-1.0,263.3399963378906,179.88671875,261.9800109863281,190.76171875,261.29998779296875,200.27734375,270.82000732421875,199.59765625,270.82000732421875,211.83203125,263.3399963378906,221.34765625,264.70001220703125,198.91796875,268.7799987792969,210.47265625,265.3800048828125,222.02734375,-1.0,-1.0,-1.0,-1.0,270.82000732421875,171.05078125,-1.0,-1.0
-1.0,-1.0,269.7669982910156,179.20703125,273.84466552734375,179.20703125,275.2038879394531,188.72265625,272.4854431152344,200.27734375,265.6893310546875,179.20703125,265.00970458984375,188.04296875,-1.0,-1.0,271.8058166503906,199.59765625,271.8058166503906,212.51171875,-1.0,-1.0,265.6893310546875,198.91796875,268.40777587890625,212.51171875,-1.0,-1.0,-1.0,-1.0,-1.0,-1.0,272.4854431152344,170.37109375,-1.0,-1.0
-1.0,-1.0,270.7669982910156,179.20703125,274.1650390625,179.20703125,276.2038879394531,188.72265625,275.5242614746094,199.59765625,267.3689270019531,179.20703125,264.6504821777344,189.40234375,263.97088623046875,199.59765625,272.8058166503906,198.91796875,274.1650390625,211.83203125,268.0485534667969,222.70703125,266.6893310546875,198.23828125,268.7281494140625,212.51171875,267.3689270019531,224.06640625,-1.0,-1.0,-1.0,-1.0,272.8058166503906,171.05078125,-1.0,-1.0
-1.0,-1.0,270.05999755859375,179.20703125,274.1400146484375,179.20703125,276.8599853515625,188.72265625,275.5,199.59765625,266.6600036621094,179.88671875,264.6199951171875,190.76171875,263.260009765625,199.59765625,272.7799987792969,198.91796875,274.82000732421875,211.15234375,268.70001220703125,222.70703125,267.3399963378906,198.91796875,268.70001220703125,212.51171875,267.3399963378906,223.38671875,-1.0,-1.0,-1.0,-1.0,272.1000061035156,171.05078125,-1.0,-1.0
-1.0,-1.0,272.40777587890625,179.20703125,276.4854431152344,179.20703125,279.88348388671875,188.04296875,281.9223327636719,196.87890625,268.3301086425781,179.20703125,266.291259765625,190.08203125,264.25244140625,200.27734375,275.126220703125,199.59765625,276.4854431152344,212.51171875,271.0485534667969,223.38671875,268.3301086425781,199.59765625,269.6893310546875,212.51171875,268.3301086425781,224.06640625,-1.0,-1.0,-1.0,-1.0,275.8058166503906,171.73046875,-1.0,-1.0
-1.0,-1.0,272.7281494140625,179.20703125,277.4854431152344,178.52734375,280.88348388671875,188.04296875,277.4854431152344,199.59765625,268.6504821777344,179.20703125,-1.0,-1.0,-1.0,-1.0,274.7669982910156,198.91796875,278.84466552734375,211.83203125,269.3301086425781,226.78515625,268.6504821777344,198.91796875,270.6893310546875,212.51171875,268.6504821777344,224.74609375,-1.0,-1.0,-1.0,-1.0,277.4854431152344,171.05078125,-1.0,-1.0
278.1400146484375,168.33203125,274.05999755859375,178.52734375,278.1400146484375,178.52734375,282.2200012207031,187.36328125,284.260009765625,194.83984375,269.29998779296875,179.20703125,-1.0,-1.0,-1.0,-1.0,277.4599914550781,198.23828125,280.17999267578125,211.83203125,279.5,224.74609375,269.9800109863281,197.55859375,269.29998779296875,211.83203125,267.94000244140625,224.74609375,276.1000061035156,166.97265625,-1.0,-1.0,274.739990234375,169.69140625,-1.0,-1.0
279.82000732421875,167.65234375,275.05999755859375,178.52734375,277.7799987792969,178.52734375,278.4599914550781,188.04296875,283.8999938964844,194.16015625,272.3399963378906,178.52734375,-1.0,-1.0,-1.0,-1.0,277.1000061035156,197.55859375,281.17999267578125,211.83203125,-1.0,-1.0,270.9800109863281,198.23828125,269.6199951171875,211.15234375,-1.0,-1.0,277.1000061035156,166.29296875,280.5,165.61328125,275.739990234375,169.01171875,-1.0,-1.0
281.1400146484375,168.33203125,276.3800048828125,179.20703125,279.7799987792969,179.20703125,279.7799987792969,190.08203125,284.5400085449219,195.51953125,272.9800109863281,178.52734375,-1.0,-1.0,-1.0,-1.0,279.1000061035156,197.55859375,282.5,213.19140625,284.5400085449219,226.10546875,272.29998779296875,198.23828125,270.260009765625,212.51171875,268.8999938964844,224.06640625,279.1000061035156,167.65234375,281.1400146484375,165.61328125,276.3800048828125,169.01171875,-1.0,-1.0
282.82000732421875,168.33203125,278.739990234375,179.20703125,282.82000732421875,179.88671875,284.8599853515625,189.40234375,286.2200012207031,196.19921875,273.9800109863281,179.20703125,-1.0,-1.0,-1.0,-1.0,281.4599914550781,199.59765625,283.5,214.55078125,285.5400085449219,225.42578125,273.9800109863281,198.91796875,271.94000244140625,212.51171875,268.5400085449219,224.06640625,280.7799987792969,167.65234375,283.5,166.97265625,279.4200134277344,170.37109375,-1.0,-1.0
284.3333435058594,169.59765625,280.3333435058594,179.55859375,284.3333435058594,179.55859375,284.3333435058594,188.85546875,285.6666564941406,195.49609375,275.6666564941406,179.55859375,-1.0,-1.0,-1.0,-1.0,282.3333435058594,198.15234375,284.3333435058594,213.42578125,285.6666564941406,225.37890625,276.3333435058594,198.81640625,273.6666564941406,212.76171875,268.3333435058594,223.38671875,282.3333435058594,168.93359375,284.3333435058594,168.26953125,281.0,171.58984375,-1.0,-1.0
-1.0,-1.0,281.3333435058594,179.55859375,284.0,179.55859375,285.3333435058594,190.18359375,-1.0,-1.0,278.0,179.55859375,-1.0,-1.0,-1.0,-1.0,284.0,200.14453125,-1.0,-1.0,-1.0,-1.0,278.0,200.80859375,276.0,214.08984375,-1.0,-1.0,-1.0,-1.0,-1.0,-1.0,283.3333435058594,170.92578125,-1.0,-1.0
287.3333435058594,169.59765625,282.6666564941406,179.55859375,282.0,180.22265625,-1.0,-1.0,-1.0,-1.0,279.3333435058594,180.22265625,-1.0,-1.0,-1.0,-1.0,285.3333435058594,200.14453125,288.6666564941406,204.79296875,286.0,224.05078125,280.6666564941406,201.47265625,280.6666564941406,213.42578125,284.6666564941406,222.72265625,285.3333435058594,168.93359375,-1.0,-1.0,284.0,170.92578125,-1.0,-1.0
289.6666564941406,170.26171875,283.6666564941406,179.55859375,285.0,179.55859375,284.3333435058594,191.51171875,287.6666564941406,204.12890625,280.3333435058594,180.22265625,-1.0,-1.0,-1.0,-1.0,285.6666564941406,201.47265625,289.0,206.78515625,-1.0,-1.0,283.0,200.80859375,283.6666564941406,212.09765625,281.6666564941406,222.72265625,288.3333435058594,168.93359375,-1.0,-1.0,285.0,170.92578125,-1.0,-1.0
291.3333435058594,170.26171875,284.6666564941406,179.55859375,288.6666564941406,179.55859375,288.6666564941406,189.51953125,293.3333435058594,196.82421875,280.6666564941406,180.22265625,280.0,192.83984375,-1.0,-1.0,288.6666564941406,200.14453125,288.0,214.08984375,286.0,226.04296875,282.6666564941406,199.48046875,285.3333435058594,212.09765625,278.6666564941406,222.05859375,290.0,168.93359375,-1.0,-1.0,287.3333435058594,170.92578125,-1.0,-1.0
292.0,169.59765625,287.3333435058594,178.89453125,292.0,178.23046875,293.3333435058594,188.19140625,295.3333435058594,200.14453125,283.3333435058594,179.55859375,282.0,190.18359375,281.3333435058594,200.80859375,291.3333435058594,199.48046875,290.0,211.43359375,-1.0,-1.0,286.0,198.81640625,286.6666564941406,210.10546875,-1.0,-1.0,290.6666564941406,168.93359375,-1.0,-1.0,288.0,170.26171875,-1.0,-1.0
295.0,169.59765625,290.3333435058594,179.55859375,295.0,179.55859375,295.6666564941406,190.18359375,296.3333435058594,199.48046875,285.6666564941406,180.22265625,283.6666564941406,191.51171875,283.0,201.47265625,293.0,199.48046875,290.3333435058594,213.42578125,292.3333435058594,227.37109375,287.6666564941406,199.48046875,289.0,213.42578125,293.0,225.37890625,293.0,168.26953125,-1.0,-1.0,291.6666564941406,170.92578125,-1.0,-1.0
295.3333435058594,169.59765625,290.0,179.55859375,294.6666564941406,178.89453125,296.0,188.85546875,297.3333435058594,200.14453125,285.3333435058594,180.22265625,283.3333435058594,191.51171875,282.6666564941406,201.47265625,293.3333435058594,198.15234375,290.0,212.76171875,285.3333435058594,224.05078125,288.0,198.81640625,291.3333435058594,212.76171875,292.6666564941406,225.37890625,294.6666564941406,168.93359375,-1.0,-1.0,292.0,170.92578125,-1.0,-1.0
295.0,169.59765625,290.3333435058594,179.55859375,294.3333435058594,178.89453125,295.0,188.85546875,295.0,200.14453125,285.6666564941406,180.22265625,283.6666564941406,190.84765625,283.0,201.47265625,293.0,199.48046875,292.3333435058594,213.42578125,292.3333435058594,226.70703125,288.3333435058594,199.48046875,288.3333435058594,214.08984375,286.3333435058594,226.04296875,293.6666564941406,168.93359375,-1.0,-1.0,291.6666564941406,170.26171875,-1.0,-1.0
298.3333435058594,170.92578125,293.0,180.22265625,297.6666564941406,179.55859375,299.0,186.86328125,-1.0,-1.0,289.0,180.88671875,286.3333435058594,191.51171875,284.3333435058594,198.81640625,295.6666564941406,196.82421875,293.6666564941406,210.76953125,297.6666564941406,225.37890625,291.0,196.82421875,291.6666564941406,212.76171875,286.3333435058594,225.37890625,297.0,170.26171875,-1.0,-1.0,294.3333435058594,171.58984375,291.6666564941406,172.91796875
297.3333435058594,171.58984375,294.6666564941406,180.88671875,290.6666564941406,181.55078125,287.3333435058594,191.51171875,285.3333435058594,198.81640625,299.3333435058594,179.55859375,300.0,188.19140625,302.6666564941406,194.16796875,293.3333435058594,198.81640625,296.0,213.42578125,298.6666564941406,225.37890625,298.0,198.15234375,292.6666564941406,213.42578125,287.3333435058594,224.05078125,296.0,170.92578125,298.0,170.26171875,294.0,172.25390625,-1.0,-1.0
300.3333435058594,172.25390625,295.0,180.88671875,299.6666564941406,180.22265625,300.3333435058594,188.85546875,299.0,200.80859375,290.3333435058594,182.21484375,289.0,191.51171875,285.6666564941406,198.81640625,297.6666564941406,200.14453125,295.6666564941406,212.76171875,289.0,222.05859375,293.6666564941406,199.48046875,296.3333435058594,212.76171875,288.3333435058594,223.38671875,299.0,170.92578125,-1.0,-1.0,296.3333435058594,172.25390625,-1.0,-1.0
301.0,172.25390625,296.3333435058594,180.88671875,293.6666564941406,181.55078125,-1.0,-1.0,-1.0,-1.0,292.3333435058594,182.21484375,290.3333435058594,190.84765625,287.6666564941406,196.16015625,299.6666564941406,198.81640625,299.0,211.43359375,291.6666564941406,220.73046875,300.3333435058594,198.81640625,-1.0,-1.0,-1.0,-1.0,299.6666564941406,171.58984375,-1.0,-1.0,297.0,172.91796875,-1.0,-1.0
-1.0,-1.0,299.21783447265625,180.234375,303.13861083984375,179.578125,305.0989990234375,190.078125,305.0989990234375,200.578125,295.95050048828125,180.234375,293.9901123046875,190.078125,-1.0,-1.0,301.8316955566406,199.921875,305.7524719238281,211.734375,302.4851379394531,224.859375,296.6039733886719,199.265625,299.87127685546875,211.734375,295.95050048828125,222.890625,-1.0,-1.0,-1.0,-1.0,301.17822265625,173.015625,297.910888671875,173.671875
-1.0,-1.0,298.910888671875,180.234375,303.4851379394531,179.578125,305.445556640625,189.421875,308.0594177246094,195.984375,294.9901123046875,180.890625,293.0296936035156,188.765625,-1.0,-1.0,302.17822265625,199.921875,306.0989990234375,211.078125,303.4851379394531,224.859375,296.2970275878906,199.921875,300.21783447265625,211.734375,296.2970275878906,223.546875,-1.0,-1.0,-1.0,-1.0,302.17822265625,173.015625,298.2574157714844,173.015625
-1.0,-1.0,300.3636474609375,180.55859375,304.242431640625,179.91015625,304.8888854980469,188.98828125,308.1212158203125,196.76953125,296.48486328125,180.55859375,294.5454406738281,190.93359375,293.89898681640625,199.36328125,302.9494934082031,199.36328125,305.53533935546875,211.03515625,301.65655517578125,219.46484375,297.1313171386719,199.36328125,299.7171630859375,211.68359375,298.42425537109375,220.76171875,-1.0,-1.0,-1.0,-1.0,302.9494934082031,172.77734375,-1.0,-1.0
-1.0,-1.0,301.70587158203125,180.55859375,305.5882263183594,179.91015625,306.23529052734375,188.98828125,309.4705810546875,195.47265625,297.8235168457031,181.20703125,295.8823547363281,190.93359375,295.8823547363281,199.36328125,304.29412841796875,199.36328125,308.1764831542969,211.03515625,303.0,223.35546875,298.4705810546875,199.36328125,299.76470947265625,212.33203125,299.76470947265625,224.00390625,-1.0,-1.0,-1.0,-1.0,304.941162109375,174.07421875,-1.0,-1.0
-1.0,-1.0,302.70587158203125,180.55859375,305.29412841796875,179.91015625,305.941162109375,190.28515625,309.8235168457031,196.76953125,299.4705810546875,181.20703125,297.5294189453125,191.58203125,-1.0,-1.0,304.6470642089844,199.36328125,309.8235168457031,211.68359375,309.8235168457031,224.65234375,299.4705810546875,198.71484375,300.76470947265625,212.98046875,-1.0,-1.0,-1.0,-1.0,-1.0,-1.0,304.6470642089844,173.42578125,-1.0,-1.0
304.3636474609375,171.48046875,302.42425537109375,181.85546875,303.0707092285156,181.85546875,301.77777099609375,193.52734375,304.3636474609375,200.66015625,300.48486328125,182.50390625,-1.0,-1.0,-1.0,-1.0,303.7171630859375,198.71484375,301.1313171386719,212.98046875,300.48486328125,225.30078125,306.9494934082031,198.06640625,310.8282775878906,214.27734375,310.8282775878906,226.59765625,302.42425537109375,171.48046875,305.0101013183594,168.88671875,301.1313171386719,174.72265625,-1.0,-1.0
-1.0,-1.0,304.7171630859375,180.55859375,306.0101013183594,180.55859375,306.0101013183594,188.98828125,-1.0,-1.0,302.1313171386719,181.20703125,-1.0,-1.0,-1.0,-1.0,308.595947265625,196.76953125,312.4747314453125,212.98046875,313.1212158203125,224.65234375,302.77777099609375,196.76953125,302.1313171386719,211.68359375,-1.0,-1.0,-1.0,-1.0,-1.0,-1.0,303.42425537109375,174.72265625,-1.0,-1.0
-1.0,-1.0,306.70587158203125,180.55859375,307.3529357910156,181.20703125,309.941162109375,188.33984375,311.8823547363281,195.47265625,303.4705810546875,181.20703125,-1.0,-1.0,-1.0,-1.0,304.1176452636719,198.71484375,301.5294189453125,212.33203125,299.5882263183594,224.65234375,309.29412841796875,198.71484375,311.8823547363281,213.62890625,313.8235168457031,225.30078125,-1.0,-1.0,-1.0,-1.0,-1.0,-1.0,-1.0,-1.0
307.7171630859375,168.88671875,307.7171630859375,181.20703125,303.83837890625,181.85546875,-1.0,-1.0,-1.0,-1.0,310.9494934082031,181.20703125,313.53533935546875,188.33984375,314.18182373046875,194.82421875,304.48486328125,199.36328125,303.1919250488281,212.33203125,299.9595947265625,224.00390625,310.9494934082031,197.41796875,312.8888854980469,212.98046875,314.18182373046875,224.65234375,305.77777099609375,166.94140625,309.65655517578125,165.64453125,303.1919250488281,170.18359375,-1.0,-1.0
-1.0,-1.0,308.7171630859375,181.85546875,-1.0,-1.0,-1.0,-1.0,-1.0,-1.0,-1.0,-1.0,-1.0,-1.0,-1.0,-1.0,311.9494934082031,200.01171875,-1.0,-1.0,-1.0,-1.0,307.42425537109375,200.66015625,-1.0,-1.0,-1.0,-1.0,-1.0,-1.0,-1.0,-1.0,-1.0,-1.0,-1.0,-1.0
-1.0,-1.0,310.0520935058594,180.55859375,310.6979064941406,181.20703125,-1.0,-1.0,-1.0,-1.0,-1.0,-1.0,-1.0,-1.0,-1.0,-1.0,313.9270935058594,199.36328125,-1.0,-1.0,-1.0,-1.0,308.7604064941406,199.36328125,308.1145935058594,211.68359375,-1.0,-1.0,-1.0,-1.0,-1.0,-1.0,-1.0,-1.0,-1.0,-1.0
-1.0,-1.0,313.9677429199219,182.3125,-1.0,-1.0,-1.0,-1.0,-1.0,-1.0,309.6021423339844,182.3125,-1.0,-1.0,-1.0,-1.0,317.0860290527344,202.3125,315.2150573730469,214.8125,-1.0,-1.0,310.2257995605469,202.3125,311.4731140136719,213.5625,-1.0,-1.0,-1.0,-1.0,-1.0,-1.0,-1.0,-1.0,-1.0,-1.0
