236.01922607421875,222.6484375,237.75,230.1640625,231.98077392578125,230.7421875,229.09616088867188,241.1484375,229.67308044433594,250.3984375,243.51922607421875,230.1640625,-1.0,-1.0,-1.0,-1.0,236.01922607421875,248.0859375,235.4423065185547,265.4296875,232.5576934814453,278.1484375,241.78846740722656,248.0859375,242.9423065185547,264.8515625,241.78846740722656,278.7265625,235.4423065185547,221.4921875,236.59616088867188,220.3359375,-1.0,-1.0,-1.0,-1.0
-1.0,-1.0,238.99066162109375,229.5859375,232.03738403320312,229.5859375,229.71961975097656,241.1484375,230.87850952148438,249.8203125,244.78504943847656,230.1640625,-1.0,-1.0,-1.0,-1.0,236.0934600830078,248.0859375,236.6728973388672,264.8515625,233.77569580078125,278.1484375,-1.0,-1.0,-1.0,-1.0,-1.0,-1.0,-1.0,-1.0,-1.0,-1.0,-1.0,-1.0,-1.0,-1.0
236.3773651123047,222.32421875,238.71697998046875,229.94140625,232.28302001953125,229.94140625,229.94338989257812,240.48828125,231.1132049560547,248.69140625,245.15093994140625,229.94140625,-1.0,-1.0,-1.0,-1.0,236.3773651123047,249.27734375,238.132080078125,264.51171875,234.62265014648438,277.40234375,242.8113250732422,248.10546875,243.98114013671875,264.51171875,242.8113250732422,278.57421875,235.79244995117188,220.56640625,238.132080078125,219.98046875,-1.0,-1.0,241.64151000976562,220.56640625
237.96226501464844,221.73828125,239.71697998046875,229.35546875,233.867919921875,229.94140625,230.94338989257812,240.48828125,232.1132049560547,248.69140625,245.5660400390625,229.35546875,-1.0,-1.0,-1.0,-1.0,236.20755004882812,249.86328125,239.132080078125,263.92578125,236.79244995117188,277.40234375,243.22640991210938,248.69140625,244.39622497558594,264.51171875,243.8113250732422,278.57421875,236.79244995117188,220.56640625,239.132080078125,219.39453125,235.62265014648438,221.73828125,242.64151000976562,220.56640625
239.71697998046875,222.91015625,239.132080078125,229.35546875,234.4528350830078,229.94140625,230.94338989257812,241.07421875,232.6981201171875,248.69140625,244.98114013671875,229.35546875,-1.0,-1.0,-1.0,-1.0,236.79244995117188,249.86328125,239.71697998046875,263.92578125,239.132080078125,279.16015625,243.22640991210938,248.10546875,244.39622497558594,263.92578125,-1.0,-1.0,237.96226501464844,220.56640625,-1.0,-1.0,236.79244995117188,221.73828125,-1.0,-1.0
-1.0,-1.0,239.58653259277344,228.953125,234.8173065185547,229.546875,231.83653259277344,240.234375,233.02883911132812,247.953125,243.16346740722656,228.953125,-1.0,-1.0,-1.0,-1.0,238.99038696289062,247.359375,244.35577392578125,264.578125,243.16346740722656,280.015625,244.35577392578125,246.171875,245.54808044433594,263.984375,237.79808044433594,278.234375,-1.0,-1.0,-1.0,-1.0,-1.0,-1.0,-1.0,-1.0
228.66346740722656,223.015625,236.41346740722656,230.140625,240.58653259277344,231.921875,-1.0,-1.0,-1.0,-1.0,234.02883911132812,230.734375,-1.0,-1.0,-1.0,-1.0,239.99038696289062,253.296875,241.77883911132812,264.578125,242.97116088867188,280.015625,235.8173065185547,252.703125,-1.0,-1.0,-1.0,-1.0,-1.0,-1.0,-1.0,-1.0,-1.0,-1.0,232.83653259277344,221.234375
241.6666717529297,222.421875,241.07406616210938,228.953125,235.74073791503906,229.546875,232.77777099609375,239.640625,234.55555725097656,249.140625,245.8148193359375,228.359375,-1.0,-1.0,-1.0,-1.0,238.70370483398438,250.328125,240.48147583007812,265.171875,241.07406616210938,279.421875,245.22222900390625,248.546875,245.8148193359375,265.765625,244.0370330810547,278.234375,240.48147583007812,220.640625,243.44444274902344,220.046875,238.70370483398438,221.234375,245.22222900390625,220.640625
245.0370330810547,223.015625,240.88888549804688,228.359375,236.74073791503906,228.953125,233.77777099609375,239.046875,234.9629669189453,245.578125,245.62962341308594,228.359375,-1.0,-1.0,-1.0,-1.0,240.88888549804688,247.359375,245.0370330810547,265.171875,243.8518524169922,280.609375,246.22222900390625,246.765625,242.07406616210938,265.171875,242.6666717529297,278.828125,242.6666717529297,221.234375,-1.0,-1.0,240.88888549804688,221.828125,-1.0,-1.0
244.8518524169922,222.421875,240.70370483398438,228.359375,237.1481475830078,228.359375,233.59259033203125,239.640625,234.1851806640625,246.765625,245.44444274902344,228.359375,-1.0,-1.0,-1.0,-1.0,241.88888549804688,247.359375,246.0370330810547,265.171875,245.44444274902344,279.421875,246.0370330810547,246.171875,241.88888549804688,265.765625,240.11111450195312,278.234375,243.07406616210938,220.640625,-1.0,-1.0,239.51852416992188,221.234375,-1.0,-1.0
244.96116638183594,221.31640625,242.55340576171875,229.13671875,237.7378692626953,229.13671875,233.52427673339844,239.96484375,234.126220703125,247.78515625,247.9708709716797,228.53515625,249.77670288085938,238.16015625,-1.0,-1.0,240.1456298828125,250.79296875,242.55340576171875,265.23046875,242.55340576171875,281.47265625,246.76699829101562,248.98828125,247.36892700195312,265.23046875,246.16505432128906,279.06640625,243.15533447265625,220.71484375,246.16505432128906,220.11328125,240.74757385253906,220.71484375,247.9708709716797,221.31640625
245.92453002929688,221.31640625,243.50942993164062,228.53515625,238.6792449951172,228.53515625,233.84906005859375,239.36328125,234.4528350830078,247.78515625,248.94338989257812,228.53515625,250.7547149658203,237.55859375,-1.0,-1.0,241.09434509277344,248.98828125,244.1132049560547,264.62890625,244.1132049560547,280.26953125,247.73585510253906,248.38671875,247.73585510253906,264.62890625,245.3207550048828,279.06640625,244.1132049560547,220.71484375,246.52830505371094,220.11328125,241.6981201171875,220.71484375,-1.0,-1.0
-1.0,-1.0,243.45713806152344,227.7109375,248.3333282470703,227.7109375,250.77142333984375,237.4609375,-1.0,-1.0,239.1904754638672,228.3203125,235.53334045410156,238.0703125,234.92381286621094,245.3828125,247.72381591796875,245.9921875,246.5047607421875,265.4921875,244.6761932373047,280.1171875,241.01904296875,246.6015625,242.84762573242188,265.4921875,243.45713806152344,278.8984375,-1.0,-1.0,-1.0,-1.0,-1.0,-1.0,-1.0,-1.0
-1.0,-1.0,244.45713806152344,227.7109375,249.3333282470703,227.1015625,252.38095092773438,238.0703125,-1.0,-1.0,239.58094787597656,227.7109375,235.92381286621094,237.4609375,235.3142852783203,247.2109375,248.72381591796875,245.9921875,246.89523315429688,264.2734375,246.89523315429688,277.6796875,240.8000030517578,245.9921875,243.23809814453125,264.8828125,244.45713806152344,279.5078125,-1.0,-1.0,-1.0,-1.0,246.2857208251953,219.7890625,242.01904296875,219.7890625
-1.0,-1.0,244.19444274902344,227.1015625,239.30555725097656,227.7109375,236.86111450195312,237.4609375,234.4166717529297,248.4296875,249.69444274902344,227.1015625,252.13888549804688,238.0703125,253.97222900390625,244.7734375,243.5833282470703,246.6015625,245.4166717529297,264.2734375,245.4166717529297,280.1171875,249.69444274902344,245.9921875,249.0833282470703,262.4453125,-1.0,-1.0,-1.0,-1.0,-1.0,-1.0,244.19444274902344,219.7890625,-1.0,-1.0
248.25,218.5703125,245.19444274902344,227.1015625,240.30555725097656,227.7109375,237.86111450195312,238.6796875,235.4166717529297,248.4296875,250.69444274902344,227.1015625,253.13888549804688,238.0703125,254.97222900390625,244.7734375,243.36111450195312,248.4296875,243.97222900390625,264.8828125,245.19444274902344,280.7265625,249.47222900390625,248.4296875,248.86111450195312,264.2734375,244.5833282470703,279.5078125,246.4166717529297,218.5703125,-1.0,-1.0,243.97222900390625,219.1796875,-1.0,-1.0
248.76922607421875,218.62890625,245.07691955566406,227.26953125,240.15383911132812,227.88671875,237.07691955566406,240.23046875,235.84616088867188,250.10546875,250.61538696289062,227.26953125,253.07691955566406,239.61328125,257.3846130371094,246.40234375,243.23077392578125,249.48828125,243.84616088867188,264.91796875,245.07691955566406,280.96484375,249.38461303710938,249.48828125,249.38461303710938,264.91796875,246.92308044433594,274.79296875,246.3076934814453,218.62890625,249.38461303710938,217.39453125,244.46153259277344,219.24609375,-1.0,-1.0
248.81307983398438,218.01171875,245.72897338867188,227.26953125,240.7943878173828,227.88671875,237.7102813720703,240.84765625,237.7102813720703,248.87109375,251.89720153808594,227.26953125,253.13084411621094,238.37890625,-1.0,-1.0,243.26168823242188,249.48828125,243.87850952148438,265.53515625,245.11215209960938,279.11328125,250.04672241210938,249.48828125,250.04672241210938,264.91796875,-1.0,-1.0,246.96261596679688,217.39453125,250.04672241210938,216.77734375,244.49533081054688,218.01171875,-1.0,-1.0
249.81307983398438,219.24609375,246.72897338867188,227.26953125,241.1775665283203,227.26953125,237.4766387939453,240.23046875,238.0934600830078,249.48828125,251.66354370117188,226.65234375,254.13084411621094,238.37890625,257.831787109375,245.78515625,243.64486694335938,247.63671875,244.26168823242188,262.44921875,243.64486694335938,276.02734375,250.42990112304688,247.63671875,251.66354370117188,263.68359375,247.34579467773438,277.26171875,247.34579467773438,219.24609375,250.42990112304688,218.01171875,245.49533081054688,219.24609375,-1.0,-1.0
250.19625854492188,218.01171875,247.11215209960938,227.26953125,242.1775665283203,227.88671875,237.8598175048828,240.23046875,239.0934600830078,248.25390625,252.04672241210938,227.26953125,253.89720153808594,238.37890625,257.59814453125,245.78515625,243.4112091064453,248.25390625,242.7943878173828,264.91796875,-1.0,-1.0,250.19625854492188,248.87109375,253.28036499023438,264.91796875,-1.0,-1.0,248.34579467773438,217.39453125,-1.0,-1.0,245.87850952148438,218.01171875,-1.0,-1.0
249.92727661132812,218.01171875,247.4545440673828,227.26953125,243.1272735595703,227.88671875,239.41818237304688,240.23046875,240.03636169433594,247.01953125,251.7818145751953,227.26953125,-1.0,-1.0,-1.0,-1.0,245.60000610351562,248.87109375,-1.0,-1.0,-1.0,-1.0,251.16363525390625,248.25390625,-1.0,-1.0,-1.0,-1.0,248.07272338867188,217.39453125,-1.0,-1.0,246.83636474609375,218.62890625,-1.0,-1.0
251.09173583984375,218.0625,247.97247314453125,227.4375,243.60549926757812,227.4375,239.238525390625,240.5625,240.48623657226562,248.0625,252.33944702148438,227.4375,-1.0,-1.0,-1.0,-1.0,245.47706604003906,250.5625,244.85321044921875,266.1875,242.35780334472656,280.5625,251.09173583984375,251.8125,256.08258056640625,265.5625,249.22018432617188,278.6875,249.22018432617188,218.0625,-1.0,-1.0,247.97247314453125,218.6875,-1.0,-1.0
-1.0,-1.0,248.3207550048828,228.0625,243.96226501464844,228.0625,241.47169494628906,240.5625,242.71697998046875,249.9375,252.05661010742188,228.0625,-1.0,-1.0,-1.0,-1.0,247.07546997070312,250.5625,255.79244995117188,267.4375,247.6981201171875,280.5625,252.6792449951172,250.5625,256.41510009765625,267.4375,250.8113250732422,280.5625,-1.0,-1.0,-1.0,-1.0,248.3207550048828,219.9375,-1.0,-1.0
252.74766540527344,217.74609375,248.93458557128906,228.50390625,245.12149047851562,229.13671875,243.21495056152344,241.79296875,246.39251708984375,246.85546875,253.3831787109375,229.13671875,255.2897186279297,239.26171875,256.5607604980469,245.58984375,248.299072265625,250.65234375,245.12149047851562,267.10546875,244.48597717285156,282.29296875,254.65420532226562,251.28515625,258.46728515625,264.57421875,255.2897186279297,275.33203125,250.84112548828125,218.37890625,-1.0,-1.0,248.93458557128906,219.01171875,-1.0,-1.0
253.11215209960938,220.27734375,249.299072265625,228.50390625,245.48597717285156,228.50390625,243.57943725585938,242.42578125,246.12149047851562,250.01953125,253.74766540527344,228.50390625,256.28973388671875,239.89453125,257.5607604980469,248.75390625,248.66354370117188,250.01953125,246.7570037841797,267.10546875,246.12149047851562,279.76171875,255.01869201660156,250.01953125,258.831787109375,265.83984375,257.5607604980469,277.86328125,251.84112548828125,219.01171875,-1.0,-1.0,249.93458557128906,219.64453125,-1.0,-1.0
254.74766540527344,221.54296875,250.299072265625,229.13671875,246.48597717285156,229.13671875,243.9439239501953,243.69140625,246.48597717285156,251.91796875,254.74766540527344,229.13671875,-1.0,-1.0,-1.0,-1.0,249.0280303955078,252.55078125,246.48597717285156,269.63671875,245.21495056152344,281.02734375,256.6542053222656,251.91796875,259.1962585449219,269.00390625,256.0186767578125,281.02734375,252.84112548828125,219.64453125,-1.0,-1.0,250.299072265625,220.27734375,-1.0,-1.0
255.11215209960938,222.80859375,250.66354370117188,229.76953125,246.8504638671875,229.13671875,244.9439239501953,243.05859375,246.8504638671875,251.28515625,254.4766387939453,230.40234375,257.6542053222656,241.16015625,260.1962585449219,250.65234375,250.0280303955078,251.28515625,246.8504638671875,267.10546875,-1.0,-1.0,257.0186767578125,251.28515625,258.92523193359375,267.10546875,-1.0,-1.0,253.84112548828125,220.91015625,-1.0,-1.0,251.299072265625,221.54296875,-1.0,-1.0
-1.0,-1.0,251.12844848632812,229.9765625,247.9174346923828,229.9765625,245.34861755371094,241.5078125,247.2752227783203,247.9140625,254.98165893554688,229.9765625,258.8348693847656,242.1484375,-1.0,-1.0,249.8440399169922,249.1953125,247.2752227783203,263.9296875,-1.0,-1.0,256.90826416015625,249.8359375,246.63302612304688,267.1328125,245.34861755371094,279.3046875,-1.0,-1.0,-1.0,-1.0,-1.0,-1.0,-1.0,-1.0
-1.0,-1.0,251.47169494628906,229.9765625,255.96226501464844,231.2578125,259.8113098144531,241.5078125,261.0943298339844,249.1953125,247.6226348876953,230.6171875,245.6981201171875,238.9453125,-1.0,-1.0,255.96226501464844,248.5546875,259.1697998046875,263.9296875,259.1697998046875,278.6640625,250.1886749267578,248.5546875,248.90565490722656,264.5703125,246.33963012695312,279.3046875,-1.0,-1.0,-1.0,-1.0,-1.0,-1.0,-1.0,-1.0
-1.0,-1.0,252.47169494628906,229.3359375,249.90565490722656,229.3359375,247.33963012695312,239.5859375,249.26414489746094,245.3515625,256.32073974609375,228.6953125,259.5282897949219,240.2265625,-1.0,-1.0,253.1132049560547,247.9140625,249.26414489746094,265.2109375,-1.0,-1.0,258.88677978515625,247.2734375,261.45281982421875,262.6484375,-1.0,-1.0,-1.0,-1.0,-1.0,-1.0,-1.0,-1.0,-1.0,-1.0
257.62384033203125,222.9296875,253.77064514160156,230.6171875,249.9174346923828,230.6171875,247.99082946777344,242.7890625,256.9816589355469,245.9921875,258.26605224609375,230.6171875,260.1926574707031,242.1484375,-1.0,-1.0,252.48623657226562,252.3984375,249.9174346923828,267.1328125,247.34861755371094,276.7421875,258.90826416015625,252.3984375,259.5504455566406,267.1328125,260.1926574707031,276.7421875,256.9816589355469,221.6484375,258.26605224609375,220.3671875,254.412841796875,221.6484375,-1.0,-1.0
258.62384033203125,221.0078125,254.12844848632812,229.9765625,251.55963134765625,230.6171875,248.99082946777344,245.3515625,255.412841796875,251.7578125,256.6972351074219,229.9765625,-1.0,-1.0,-1.0,-1.0,253.48623657226562,253.6796875,249.63302612304688,269.0546875,247.7064208984375,278.6640625,259.90826416015625,253.6796875,260.5504455566406,269.6953125,-1.0,-1.0,256.6972351074219,220.3671875,-1.0,-1.0,256.0550537109375,221.6484375,-1.0,-1.0
-1.0,-1.0,254.9351806640625,231.48046875,252.99073791503906,231.48046875,251.69444274902344,244.44921875,-1.0,-1.0,257.52777099609375,231.48046875,-1.0,-1.0,-1.0,-1.0,254.2870330810547,253.52734375,-1.0,-1.0,-1.0,-1.0,259.47222900390625,254.17578125,-1.0,-1.0,-1.0,-1.0,-1.0,-1.0,-1.0,-1.0,-1.0,-1.0,-1.0,-1.0
261.9454650878906,224.796875,256.0545349121094,231.359375,254.09091186523438,232.015625,252.7818145751953,243.828125,258.0181884765625,251.046875,258.6727294921875,231.359375,-1.0,-1.0,-1.0,-1.0,256.0545349121094,254.328125,254.74545288085938,268.109375,-1.0,-1.0,261.2908935546875,254.328125,258.6727294921875,270.734375,-1.0,-1.0,261.2908935546875,222.828125,-1.0,-1.0,258.6727294921875,222.828125,-1.0,-1.0
262.60748291015625,224.796875,257.37384033203125,231.359375,254.7570037841797,231.359375,252.1401824951172,243.828125,260.6448669433594,254.328125,259.99066162109375,230.703125,-1.0,-1.0,-1.0,-1.0,255.4112091064453,254.328125,252.7943878173828,270.078125,248.86915588378906,283.859375,261.299072265625,254.328125,263.9158935546875,267.453125,-1.0,-1.0,261.299072265625,223.484375,-1.0,-1.0,259.99066162109375,223.484375,-1.0,-1.0
263.60748291015625,224.140625,258.37384033203125,230.703125,255.10279846191406,230.703125,251.83177185058594,242.515625,254.44859313964844,251.046875,260.99066162109375,230.703125,-1.0,-1.0,-1.0,-1.0,257.0654296875,254.328125,253.1401824951172,270.734375,250.5233612060547,285.171875,264.2616882324219,254.328125,266.22430419921875,270.734375,266.22430419921875,285.171875,262.9532775878906,222.828125,-1.0,-1.0,260.99066162109375,222.828125,-1.0,-1.0
263.9454650878906,223.484375,260.0181884765625,230.046875,256.7454528808594,230.046875,252.16363525390625,243.171875,254.1272735595703,251.703125,263.2908935546875,230.046875,-1.0,-1.0,-1.0,-1.0,258.7090759277344,251.703125,256.0909118652344,269.421875,248.8909149169922,283.203125,265.2545471191406,251.703125,266.5636291503906,270.078125,265.9090881347656,284.515625,263.2908935546875,222.828125,-1.0,-1.0,261.9818115234375,222.171875,-1.0,-1.0
264.3333435058594,223.62109375,259.6666564941406,230.26171875,257.0,230.92578125,253.0,243.54296875,255.0,252.17578125,263.6666564941406,230.26171875,-1.0,-1.0,-1.0,-1.0,258.3333435058594,252.83984375,257.0,270.10546875,251.0,282.05859375,265.0,252.83984375,267.6666564941406,268.77734375,-1.0,-1.0,263.6666564941406,222.29296875,-1.0,-1.0,262.3333435058594,222.29296875,-1.0,-1.0
265.3333435058594,223.62109375,261.3333435058594,229.59765625,257.3333435058594,230.26171875,253.3333282470703,242.87890625,256.0,250.84765625,265.3333435058594,230.26171875,-1.0,-1.0,-1.0,-1.0,259.3333435058594,250.84765625,258.6666564941406,267.44921875,253.3333282470703,278.73828125,266.6666564941406,250.84765625,267.3333435058594,266.12109375,-1.0,-1.0,264.0,222.29296875,-1.0,-1.0,263.3333435058594,222.29296875,-1.0,-1.0
266.3333435058594,224.28515625,262.3333435058594,229.59765625,258.3333435058594,229.59765625,253.6666717529297,240.88671875,256.3333435058594,249.51953125,266.3333435058594,229.59765625,-1.0,-1.0,-1.0,-1.0,260.3333435058594,250.84765625,258.3333435058594,267.44921875,252.3333282470703,281.39453125,267.0,251.51171875,267.0,269.44140625,267.0,280.06640625,265.6666564941406,222.95703125,-1.0,-1.0,264.3333435058594,222.29296875,-1.0,-1.0
267.0,223.62109375,263.6666564941406,229.59765625,259.6666564941406,228.93359375,254.3333282470703,240.22265625,256.3333435058594,247.52734375,269.6666564941406,229.59765625,273.0,240.22265625,-1.0,-1.0,261.0,249.51953125,261.0,262.13671875,257.0,279.40234375,267.6666564941406,249.51953125,268.3333435058594,262.80078125,-1.0,-1.0,265.6666564941406,222.95703125,-1.0,-1.0,264.3333435058594,222.29296875,-1.0,-1.0
268.6666564941406,224.28515625,264.6666564941406,229.59765625,260.6666564941406,228.93359375,255.3333282470703,238.89453125,256.6666564941406,246.86328125,269.3333435058594,229.59765625,273.3333435058594,238.89453125,-1.0,-1.0,261.3333435058594,248.85546875,260.6666564941406,262.13671875,258.0,275.41796875,268.0,248.85546875,268.0,262.80078125,265.3333435058594,274.08984375,267.3333435058594,222.95703125,-1.0,-1.0,266.0,222.29296875,-1.0,-1.0
269.6666564941406,223.62109375,265.6666564941406,228.93359375,260.3333435058594,228.93359375,256.3333435058594,240.22265625,257.6666564941406,248.85546875,271.0,229.59765625,273.6666564941406,239.55859375,-1.0,-1.0,261.0,249.51953125,261.6666564941406,265.45703125,256.3333435058594,279.40234375,269.6666564941406,250.18359375,268.3333435058594,266.12109375,267.0,278.07421875,268.3333435058594,222.29296875,-1.0,-1.0,266.3333435058594,221.62890625,-1.0,-1.0
270.4036865234375,224.93359375,266.33026123046875,229.69140625,260.8990783691406,229.69140625,256.82568359375,239.88671875,256.82568359375,251.44140625,271.08258056640625,230.37109375,273.79815673828125,240.56640625,272.44036865234375,249.40234375,262.25689697265625,250.08203125,265.6513671875,267.75390625,265.6513671875,281.34765625,269.7247619628906,250.76171875,268.3669738769531,267.75390625,267.6880798339844,279.30859375,269.0458679199219,222.89453125,271.08258056640625,222.89453125,267.0091857910156,222.89453125,-1.0,-1.0
-1.0,-1.0,266.6513671875,229.69140625,261.8990783691406,229.69140625,257.82568359375,240.56640625,256.4678955078125,252.12109375,272.08258056640625,229.69140625,274.79815673828125,240.56640625,275.47705078125,249.40234375,262.5779724121094,250.08203125,266.6513671875,265.71484375,265.2935791015625,280.66796875,270.0458679199219,250.76171875,269.3669738769531,266.39453125,263.935791015625,278.62890625,-1.0,-1.0,-1.0,-1.0,267.33026123046875,222.89453125,-1.0,-1.0
-1.0,-1.0,266.97247314453125,229.69140625,262.8990783691406,229.69140625,258.82568359375,239.88671875,256.78900146484375,252.12109375,271.7247619628906,230.37109375,275.1192626953125,240.56640625,276.47705078125,248.72265625,263.5779724121094,250.08203125,267.6513671875,266.39453125,265.61468505859375,281.34765625,270.3669738769531,250.08203125,269.6880798339844,266.39453125,266.2935791015625,279.30859375,-1.0,-1.0,-1.0,-1.0,-1.0,-1.0,-1.0,-1.0
270.6964416503906,223.57421875,267.9821472167969,229.69140625,263.2321472167969,229.69140625,258.4821472167969,239.88671875,257.8035583496094,252.12109375,272.7321472167969,229.69140625,275.4464416503906,240.56640625,276.8035583496094,248.72265625,263.91070556640625,250.08203125,267.9821472167969,267.07421875,266.625,284.06640625,270.6964416503906,250.76171875,270.0178527832031,267.07421875,270.0178527832031,280.66796875,268.66070556640625,222.89453125,-1.0,-1.0,268.66070556640625,222.21484375,-1.0,-1.0
-1.0,-1.0,267.2935791015625,231.05078125,263.2201843261719,231.05078125,260.50457763671875,239.88671875,-1.0,-1.0,272.0458679199219,231.73046875,275.44036865234375,240.56640625,-1.0,-1.0,264.5779724121094,250.08203125,268.6513671875,267.75390625,267.2935791015625,284.06640625,271.3669738769531,250.76171875,270.6880798339844,267.75390625,271.3669738769531,281.34765625,-1.0,-1.0,-1.0,-1.0,269.33026123046875,223.57421875,-1.0,-1.0
271.52777099609375,223.71875,268.78704833984375,230.59375,263.9907531738281,229.90625,261.25,238.84375,261.25,248.46875,273.5833435058594,230.59375,277.0092468261719,239.53125,279.0648193359375,245.71875,264.6759338378906,249.15625,268.78704833984375,267.71875,268.10186767578125,282.84375,271.52777099609375,249.84375,270.84259033203125,267.71875,269.47222900390625,282.15625,269.47222900390625,223.71875,-1.0,-1.0,268.78704833984375,223.71875,-1.0,-1.0
-1.0,-1.0,270.1441345214844,229.90625,264.6666564941406,229.90625,261.2432556152344,238.15625,-1.0,-1.0,275.6216125488281,229.90625,279.729736328125,238.84375,279.729736328125,245.71875,266.0360412597656,250.53125,269.45947265625,267.71875,269.45947265625,282.84375,273.56756591796875,250.53125,272.1982116699219,267.71875,271.5135192871094,279.40625,-1.0,-1.0,-1.0,-1.0,-1.0,-1.0,-1.0,-1.0
273.88287353515625,224.40625,270.45947265625,229.90625,264.98199462890625,230.59375,260.8738708496094,240.90625,264.29730224609375,249.84375,275.93695068359375,229.90625,279.3603515625,238.84375,280.0450439453125,245.71875,267.0360412597656,249.84375,268.4053955078125,262.90625,268.4053955078125,284.21875,273.88287353515625,250.53125,272.5135192871094,264.96875,270.45947265625,280.09375,271.8288269042969,223.71875,274.56756591796875,223.03125,269.7747802734375,223.71875,-1.0,-1.0
276.25225830078125,225.09375,270.090087890625,230.59375,265.98199462890625,230.59375,261.1891784667969,240.90625,265.29730224609375,250.53125,275.56756591796875,231.28125,277.6216125488281,239.53125,278.9909973144531,247.09375,267.3513488769531,250.53125,270.7747802734375,267.03125,268.7207336425781,284.21875,274.88287353515625,250.53125,273.5135192871094,267.71875,271.45947265625,280.78125,274.88287353515625,223.71875,-1.0,-1.0,270.7747802734375,223.71875,-1.0,-1.0
276.0885009765625,225.78125,271.25665283203125,230.59375,266.4247741699219,230.59375,262.97344970703125,240.90625,264.3539733886719,249.84375,276.77874755859375,230.59375,278.1593017578125,238.84375,279.5398254394531,247.78125,268.4955749511719,251.21875,271.25665283203125,267.71875,267.8052978515625,284.21875,275.3982238769531,250.53125,274.0177001953125,267.71875,273.3274230957031,279.40625,274.7079772949219,224.40625,276.77874755859375,223.71875,271.25665283203125,223.71875,-1.0,-1.0
277.1666564941406,225.8203125,272.2407531738281,230.7421875,266.6111145019531,231.4453125,263.7962951660156,240.5859375,264.5,251.8359375,277.1666564941406,230.7421875,279.27777099609375,240.5859375,279.27777099609375,248.3203125,268.72222900390625,251.8359375,272.2407531738281,268.7109375,268.0185241699219,283.4765625,276.46295166015625,251.1328125,276.46295166015625,268.0078125,276.46295166015625,280.6640625,275.0555419921875,224.4140625,277.1666564941406,223.7109375,272.2407531738281,224.4140625,-1.0,-1.0
277.46295166015625,225.8203125,272.53704833984375,230.7421875,267.6111145019531,230.7421875,264.7962951660156,241.2890625,265.5,250.4296875,277.46295166015625,230.7421875,278.870361328125,241.2890625,279.5740661621094,249.0234375,269.72222900390625,251.1328125,272.53704833984375,268.0078125,268.3148193359375,283.4765625,276.7592468261719,251.1328125,276.7592468261719,268.0078125,276.7592468261719,281.3671875,276.0555419921875,223.7109375,277.46295166015625,224.4140625,272.53704833984375,223.7109375,-1.0,-1.0
277.0555419921875,225.1171875,272.8333435058594,230.7421875,268.6111145019531,230.7421875,265.09259033203125,241.2890625,265.09259033203125,251.1328125,277.0555419921875,231.4453125,279.870361328125,241.9921875,279.870361328125,249.0234375,270.0185241699219,251.1328125,272.8333435058594,268.7109375,270.72222900390625,283.4765625,276.35186767578125,251.1328125,276.35186767578125,267.3046875,275.64813232421875,282.0703125,275.64813232421875,223.7109375,-1.0,-1.0,272.8333435058594,223.7109375,-1.0,-1.0
278.43243408203125,225.1171875,273.5135192871094,230.7421875,269.29730224609375,230.7421875,265.7837829589844,241.2890625,265.7837829589844,250.4296875,278.43243408203125,231.4453125,280.54052734375,241.2890625,280.54052734375,249.0234375,270.70269775390625,251.1328125,274.2162170410156,268.7109375,274.2162170410156,282.7734375,277.729736328125,251.1328125,278.43243408203125,268.0078125,278.43243408203125,279.9609375,277.02703857421875,223.7109375,278.43243408203125,223.7109375,273.5135192871094,223.7109375,-1.0,-1.0
278.729736328125,225.1171875,273.8108215332031,230.7421875,270.29730224609375,230.0390625,266.7837829589844,240.5859375,267.4864807128906,249.7265625,278.02703857421875,230.7421875,-1.0,-1.0,-1.0,-1.0,271.70269775390625,250.4296875,274.5135192871094,268.0078125,272.4053955078125,282.7734375,278.02703857421875,249.0234375,279.43243408203125,266.6015625,277.3243103027344,281.3671875,277.3243103027344,223.7109375,279.43243408203125,223.7109375,274.5135192871094,223.0078125,-1.0,-1.0
279.02703857421875,224.4140625,275.5135192871094,230.7421875,270.5946044921875,230.0390625,268.4864807128906,239.1796875,269.1891784667969,249.0234375,279.729736328125,230.7421875,283.2432556152344,239.8828125,283.9459533691406,247.6171875,272.70269775390625,249.7265625,274.8108215332031,267.3046875,272.0,283.4765625,279.729736328125,249.0234375,279.02703857421875,265.8984375,278.3243103027344,282.0703125,276.9189147949219,223.0078125,279.729736328125,223.0078125,274.8108215332031,223.0078125,-1.0,-1.0
279.5636291503906,224.57421875,276.0181884765625,230.26171875,271.0545349121094,230.26171875,268.2181701660156,240.92578125,268.9272766113281,250.87890625,280.9818115234375,230.97265625,284.52728271484375,239.50390625,283.81817626953125,248.74609375,273.18182373046875,250.16796875,275.30908203125,268.65234375,276.7272644042969,284.29296875,280.2727355957031,250.16796875,280.9818115234375,268.65234375,280.2727355957031,282.16015625,276.0181884765625,223.86328125,280.2727355957031,223.15234375,275.30908203125,223.15234375,-1.0,-1.0
279.85455322265625,225.28515625,276.30908203125,230.26171875,272.0545349121094,230.26171875,269.2181701660156,240.92578125,269.2181701660156,250.87890625,281.2727355957031,230.26171875,284.1091003417969,239.50390625,284.1091003417969,248.74609375,273.47271728515625,250.16796875,275.6000061035156,267.23046875,276.30908203125,281.44921875,281.2727355957031,249.45703125,281.9818115234375,266.51953125,279.85455322265625,280.73828125,277.0181884765625,224.57421875,-1.0,-1.0,276.30908203125,223.86328125,-1.0,-1.0
280.85455322265625,224.57421875,277.30908203125,230.26171875,273.0545349121094,230.26171875,269.50909423828125,241.63671875,270.2181701660156,250.87890625,281.5636291503906,230.26171875,283.69091796875,239.50390625,-1.0,-1.0,274.47271728515625,250.16796875,276.6000061035156,267.94140625,277.30908203125,282.87109375,282.2727355957031,249.45703125,282.9818115234375,265.80859375,284.3999938964844,278.60546875,278.7272644042969,223.15234375,281.5636291503906,223.15234375,277.30908203125,223.15234375,-1.0,-1.0
281.5309753417969,223.86328125,277.2831726074219,229.55078125,273.74334716796875,229.55078125,270.20355224609375,240.21484375,270.20355224609375,249.45703125,282.23895263671875,229.55078125,283.6548767089844,239.50390625,-1.0,-1.0,275.1593017578125,248.03515625,275.1593017578125,264.38671875,-1.0,-1.0,282.23895263671875,247.32421875,282.23895263671875,262.96484375,-1.0,-1.0,278.6991271972656,223.15234375,-1.0,-1.0,277.99114990234375,223.15234375,-1.0,-1.0
282.54052734375,223.015625,278.2162170410156,229.484375,274.61260986328125,229.484375,271.0090026855469,240.984375,271.729736328125,251.765625,282.54052734375,229.484375,283.2612609863281,238.828125,284.70269775390625,247.453125,276.0540466308594,248.890625,276.7747802734375,266.140625,275.3333435058594,274.765625,282.54052734375,248.171875,283.98199462890625,263.984375,281.81982421875,279.796875,280.3783874511719,222.296875,283.2612609863281,222.296875,278.2162170410156,222.296875,-1.0,-1.0
283.3636474609375,223.16796875,279.0,228.25390625,275.3636474609375,228.25390625,272.4545593261719,239.87890625,272.4545593261719,253.68359375,282.6363525390625,228.25390625,284.81817626953125,238.42578125,-1.0,-1.0,276.81817626953125,247.14453125,276.81817626953125,263.12890625,-1.0,-1.0,283.3636474609375,246.41796875,284.0909118652344,262.40234375,-1.0,-1.0,281.18182373046875,222.44140625,-1.0,-1.0,280.4545593261719,222.44140625,-1.0,-1.0
284.81817626953125,222.44140625,279.7272644042969,228.25390625,276.0909118652344,228.25390625,273.18182373046875,239.87890625,273.18182373046875,252.23046875,283.3636474609375,227.52734375,284.81817626953125,238.42578125,-1.0,-1.0,278.2727355957031,247.87109375,280.4545593261719,263.85546875,276.81817626953125,282.74609375,284.0909118652344,246.41796875,279.0,265.30859375,276.81817626953125,279.11328125,283.3636474609375,221.71484375,-1.0,-1.0,281.18182373046875,221.71484375,-1.0,-1.0
285.0909118652344,222.44140625,280.0,227.52734375,277.0909118652344,227.52734375,274.18182373046875,240.60546875,274.9090881347656,252.23046875,284.3636474609375,227.52734375,285.81817626953125,238.42578125,286.54547119140625,247.14453125,278.5454406738281,247.87109375,279.2727355957031,266.76171875,277.81817626953125,281.29296875,284.3636474609375,247.87109375,283.6363525390625,266.76171875,282.9090881347656,279.11328125,283.6363525390625,221.71484375,-1.0,-1.0,280.7272644042969,220.98828125,-1.0,-1.0
286.81817626953125,222.44140625,280.2727355957031,228.25390625,277.3636474609375,228.25390625,275.18182373046875,242.05859375,278.0909118652344,252.23046875,284.6363525390625,228.25390625,285.3636474609375,238.42578125,-1.0,-1.0,280.2727355957031,249.32421875,281.0,265.30859375,279.5454406738281,279.11328125,285.3636474609375,248.59765625,286.0909118652344,264.58203125,284.6363525390625,276.20703125,285.3636474609375,220.98828125,-1.0,-1.0,282.4545593261719,220.98828125,-1.0,-1.0
287.81817626953125,221.71484375,282.0,227.52734375,278.3636474609375,227.52734375,276.18182373046875,242.05859375,281.2727355957031,253.68359375,285.6363525390625,227.52734375,287.0909118652344,239.15234375,288.54547119140625,249.32421875,279.81817626953125,249.32421875,280.5454406738281,266.76171875,279.81817626953125,281.29296875,286.3636474609375,248.59765625,289.2727355957031,266.03515625,285.6363525390625,279.83984375,286.3636474609375,220.26171875,-1.0,-1.0,283.4545593261719,220.26171875,-1.0,-1.0
288.3303527832031,222.5859375,282.47320556640625,228.4609375,278.8125,228.4609375,276.6160583496094,241.6796875,282.47320556640625,254.1640625,286.1339416503906,228.4609375,288.3303527832031,240.2109375,290.52679443359375,249.0234375,281.0089416503906,249.0234375,282.47320556640625,264.4453125,281.7410583496094,279.8671875,287.59820556640625,249.0234375,289.0625,265.1796875,287.59820556640625,279.8671875,286.8660583496094,220.3828125,-1.0,-1.0,285.40179443359375,221.1171875,-1.0,-1.0
288.59820556640625,225.5234375,282.7410583496094,230.6640625,279.8125,230.6640625,277.6160583496094,243.8828125,283.47320556640625,255.6328125,287.1339416503906,231.3984375,288.59820556640625,243.1484375,291.52679443359375,251.2265625,282.7410583496094,252.6953125,290.7946472167969,268.8515625,282.0089416503906,285.7421875,288.59820556640625,251.9609375,291.52679443359375,268.8515625,290.0625,285.7421875,287.1339416503906,224.0546875,-1.0,-1.0,285.6696472167969,223.3203125,-1.0,-1.0
289.2843933105469,229.1953125,283.412841796875,233.6015625,279.7431335449219,233.6015625,278.2752380371094,246.0859375,284.14678955078125,257.1015625,287.8165283203125,234.3359375,290.0183410644531,246.0859375,-1.0,-1.0,282.67889404296875,255.6328125,280.47705078125,271.7890625,279.7431335449219,289.4140625,288.5504455566406,255.6328125,292.2201843261719,271.7890625,292.9541320800781,288.6796875,287.8165283203125,227.7265625,-1.0,-1.0,286.3486328125,226.9921875,-1.0,-1.0
289.59820556640625,229.1953125,285.2053527832031,235.8046875,281.5446472167969,235.0703125,279.34820556640625,248.2890625,286.6696472167969,258.5703125,288.8660583496094,235.8046875,291.7946472167969,247.5546875,293.2589416503906,257.1015625,285.2053527832031,257.8359375,282.27679443359375,273.2578125,280.8125,290.8828125,290.3303527832031,257.8359375,291.7946472167969,273.2578125,292.52679443359375,285.0078125,288.1339416503906,227.7265625,290.3303527832031,228.4609375,285.9375,227.7265625,-1.0,-1.0
290.6181945800781,228.41015625,286.14544677734375,235.08984375,282.4181823730469,235.08984375,279.4363708496094,247.70703125,287.6363525390625,258.83984375,289.87274169921875,235.08984375,292.1091003417969,246.96484375,292.85455322265625,255.12890625,284.654541015625,255.87109375,282.4181823730469,272.94140625,280.9272766113281,287.04296875,290.6181945800781,256.61328125,290.6181945800781,272.19921875,291.3636474609375,283.33203125,289.12725830078125,226.92578125,-1.0,-1.0,286.8908996582031,226.92578125,-1.0,-1.0
291.6181945800781,227.66796875,286.3999938964844,233.60546875,283.4181823730469,233.60546875,281.18182373046875,246.96484375,289.3818054199219,257.35546875,290.12725830078125,233.60546875,-1.0,-1.0,-1.0,-1.0,284.9090881347656,255.87109375,283.4181823730469,271.45703125,281.9272766113281,284.81640625,290.87274169921875,255.87109375,308.0181884765625,272.94140625,-1.0,-1.0,290.12725830078125,226.18359375,-1.0,-1.0,287.8908996582031,226.18359375,-1.0,-1.0
292.125,226.375,287.625,232.375,283.125,232.375,283.125,245.875,289.875,256.375,291.375,232.375,294.375,246.625,-1.0,-1.0,284.625,255.625,283.875,269.125,283.875,280.375,292.125,256.375,303.375,269.875,-1.0,-1.0,290.625,224.125,-1.0,-1.0,289.125,224.125,-1.0,-1.0
-1.0,-1.0,288.625,230.875,285.625,230.875,284.125,245.125,291.625,254.125,291.625,230.875,-1.0,-1.0,-1.0,-1.0,289.375,254.875,-1.0,-1.0,-1.0,-1.0,297.625,254.875,-1.0,-1.0,-1.0,-1.0,-1.0,-1.0,-1.0,-1.0,-1.0,-1.0,-1.0,-1.0
-1.0,-1.0,-1.0,-1.0,287.375,232.375,284.375,245.125,291.125,256.375,-1.0,-1.0,-1.0,-1.0,-1.0,-1.0,-1.0,-1.0,-1.0,-1.0,-1.0,-1.0,-1.0,-1.0,-1.0,-1.0,-1.0,-1.0,-1.0,-1.0,-1.0,-1.0,-1.0,-1.0,-1.0,-1.0
-1.0,-1.0,291.875,233.125,289.625,233.125,285.875,245.125,291.125,254.125,294.875,233.125,-1.0,-1.0,-1.0,-1.0,291.125,251.875,288.875,264.625,285.125,278.125,297.875,251.875,-1.0,-1.0,-1.0,-1.0,-1.0,-1.0,-1.0,-1.0,-1.0,-1.0,-1.0,-1.0
-1.0,-1.0,296.625,231.625,290.625,231.625,286.875,245.875,292.125,254.125,302.625,233.125,-1.0,-1.0,-1.0,-1.0,292.875,252.625,-1.0,-1.0,-1.0,-1.0,301.125,252.625,-1.0,-1.0,-1.0,-1.0,-1.0,-1.0,-1.0,-1.0,-1.0,-1.0,-1.0,-1.0
-1.0,-1.0,294.625,229.375,291.625,230.125,287.125,243.625,292.375,254.875,297.625,229.375,-1.0,-1.0,-1.0,-1.0,293.875,249.625,-1.0,-1.0,-1.0,-1.0,300.625,250.375,-1.0,-1.0,-1.0,-1.0,-1.0,-1.0,-1.0,-1.0,-1.0,-1.0,-1.0,-1.0
-1.0,-1.0,296.125,230.875,291.625,231.625,287.875,244.375,293.125,254.875,302.125,230.875,307.375,241.375,-1.0,-1.0,294.625,251.875,296.125,267.625,293.875,279.625,302.125,251.125,302.125,267.625,300.625,284.125,-1.0,-1.0,-1.0,-1.0,-1.0,-1.0,-1.0,-1.0
-1.0,-1.0,295.625,233.125,291.875,233.875,288.875,245.125,292.625,256.375,298.625,233.125,-1.0,-1.0,-1.0,-1.0,295.625,253.375,301.625,267.625,302.375,289.375,302.375,252.625,303.125,266.125,303.125,287.875,-1.0,-1.0,-1.0,-1.0,-1.0,-1.0,-1.0,-1.0
-1.0,-1.0,297.375,231.625,292.875,232.375,289.125,243.625,293.625,256.375,301.125,231.625,-1.0,-1.0,-1.0,-1.0,297.375,252.625,302.625,269.125,302.625,288.625,303.375,251.125,301.125,269.125,302.625,287.875,-1.0,-1.0,-1.0,-1.0,-1.0,-1.0,-1.0,-1.0
-1.0,-1.0,298.875,230.125,293.625,230.875,289.875,242.875,294.375,254.125,304.125,230.125,-1.0,-1.0,-1.0,-1.0,296.625,251.875,302.625,267.625,301.875,285.625,304.125,251.125,303.375,267.625,303.375,285.625,-1.0,-1.0,-1.0,-1.0,-1.0,-1.0,-1.0,-1.0
-1.0,-1.0,299.875,230.125,295.375,230.125,290.875,240.625,292.375,250.375,303.625,230.125,305.875,241.375,305.875,248.875,297.625,249.625,299.125,268.375,292.375,281.875,304.375,248.875,305.875,266.875,304.375,284.125,-1.0,-1.0,-1.0,-1.0,-1.0,-1.0,-1.0,-1.0
296.069580078125,208.375,299.0608825683594,230.125,295.3217468261719,230.125,290.83477783203125,241.375,292.3304443359375,250.375,302.79998779296875,230.875,304.295654296875,241.375,305.79132080078125,249.625,298.31304931640625,249.625,299.0608825683594,267.625,292.3304443359375,284.125,303.5478210449219,248.875,305.79132080078125,266.125,305.0434875488281,284.875,292.3304443359375,208.375,-1.0,-1.0,-1.0,-1.0,-1.0,-1.0
-1.0,-1.0,300.3243408203125,230.87109375,296.54052734375,231.62890625,291.2432556152344,242.99609375,293.5135192871094,252.08984375,304.10809326171875,231.62890625,-1.0,-1.0,-1.0,-1.0,298.0540466308594,252.08984375,301.0810852050781,269.51953125,293.5135192871094,281.64453125,304.10809326171875,251.33203125,301.83782958984375,269.51953125,304.10809326171875,287.70703125,-1.0,-1.0,-1.0,-1.0,-1.0,-1.0,-1.0,-1.0
-1.0,-1.0,300.56756591796875,230.11328125,297.54052734375,230.11328125,292.2432556152344,241.48046875,293.0,250.57421875,304.3513488769531,230.87109375,-1.0,-1.0,-1.0,-1.0,299.0540466308594,250.57421875,302.0810852050781,268.00390625,299.0540466308594,283.16015625,305.10809326171875,249.81640625,307.3783874511719,266.48828125,299.0540466308594,283.16015625,-1.0,-1.0,-1.0,-1.0,-1.0,-1.0,-1.0,-1.0
-1.0,-1.0,301.9090881347656,228.8203125,298.0909118652344,228.8203125,291.9818115234375,241.0703125,292.7454528808594,253.3203125,305.7272644042969,229.5859375,-1.0,-1.0,-1.0,-1.0,299.6181945800781,250.2578125,303.4363708496094,267.8671875,298.85455322265625,283.1796875,306.49090576171875,249.4921875,302.6727294921875,267.1015625,303.4363708496094,284.7109375,-1.0,-1.0,-1.0,-1.0,-1.0,-1.0,-1.0,-1.0
-1.0,-1.0,302.9090881347656,228.8203125,298.3272705078125,228.8203125,292.9818115234375,241.0703125,292.9818115234375,253.3203125,307.49090576171875,229.5859375,309.0181884765625,241.0703125,310.5454406738281,249.4921875,299.85455322265625,249.4921875,304.4363708496094,268.6328125,302.14544677734375,286.2421875,305.963623046875,248.7265625,306.7272644042969,267.8671875,305.20001220703125,286.2421875,-1.0,-1.0,-1.0,-1.0,-1.0,-1.0,-1.0,-1.0
-1.0,-1.0,302.65179443359375,229.5859375,299.5803527832031,229.5859375,293.4375,241.8359375,294.2053527832031,254.0859375,307.2589416503906,230.3515625,309.5625,241.8359375,-1.0,-1.0,300.34820556640625,251.0234375,304.9553527832031,269.3984375,304.1875,287.7734375,307.2589416503906,249.4921875,308.7946472167969,268.6328125,302.65179443359375,287.7734375,-1.0,-1.0,-1.0,-1.0,-1.0,-1.0,-1.0,-1.0
309.2545471191406,221.9296875,303.9090881347656,229.5859375,300.0909118652344,228.8203125,293.9818115234375,241.0703125,293.9818115234375,254.0859375,307.7272644042969,229.5859375,-1.0,-1.0,-1.0,-1.0,300.85455322265625,251.0234375,305.4363708496094,268.6328125,306.20001220703125,287.0078125,306.963623046875,249.4921875,309.2545471191406,267.8671875,303.14544677734375,287.7734375,307.7272644042969,221.1640625,310.0181884765625,221.1640625,305.4363708496094,221.1640625,-1.0,-1.0
310.2545471191406,221.1640625,305.6727294921875,228.0546875,301.85455322265625,228.0546875,294.9818115234375,241.0703125,294.2181701660156,254.0859375,310.2545471191406,228.8203125,311.7818298339844,241.8359375,-1.0,-1.0,301.85455322265625,251.0234375,305.6727294921875,268.6328125,306.4363708496094,287.0078125,307.963623046875,250.2578125,308.7272644042969,267.8671875,304.14544677734375,287.7734375,307.963623046875,220.3984375,311.0181884765625,220.3984375,305.6727294921875,220.3984375,-1.0,-1.0
310.2545471191406,222.6953125,305.6727294921875,228.8203125,301.0909118652344,228.8203125,295.7454528808594,241.0703125,294.9818115234375,254.0859375,310.2545471191406,228.8203125,-1.0,-1.0,-1.0,-1.0,301.85455322265625,251.0234375,307.20001220703125,269.3984375,307.20001220703125,287.0078125,307.963623046875,250.2578125,310.2545471191406,269.3984375,306.4363708496094,288.5390625,308.7272644042969,221.1640625,311.0181884765625,221.1640625,306.4363708496094,221.1640625,-1.0,-1.0
311.2545471191406,223.4609375,305.9090881347656,229.5859375,302.0909118652344,228.8203125,295.9818115234375,241.0703125,295.2181701660156,254.0859375,309.7272644042969,229.5859375,-1.0,-1.0,-1.0,-1.0,302.85455322265625,251.0234375,307.4363708496094,268.6328125,306.6727294921875,287.0078125,308.963623046875,250.2578125,309.7272644042969,267.8671875,313.5454406738281,284.7109375,309.7272644042969,221.9296875,312.0181884765625,221.9296875,307.4363708496094,221.9296875,-1.0,-1.0
311.49090576171875,223.4609375,305.3818054199219,229.5859375,302.3272705078125,228.8203125,296.2181701660156,241.0703125,295.4545593261719,252.5546875,309.20001220703125,229.5859375,-1.0,-1.0,-1.0,-1.0,303.0909118652344,251.0234375,307.6727294921875,268.6328125,309.20001220703125,286.2421875,309.20001220703125,250.2578125,308.4363708496094,268.6328125,303.85455322265625,286.2421875,309.963623046875,221.9296875,312.2545471191406,221.1640625,307.6727294921875,221.9296875,-1.0,-1.0
312.2545471191406,224.2265625,306.14544677734375,229.5859375,302.3272705078125,229.5859375,296.9818115234375,242.6015625,296.2181701660156,254.8515625,309.963623046875,230.3515625,-1.0,-1.0,-1.0,-1.0,303.0909118652344,251.0234375,307.6727294921875,267.8671875,308.4363708496094,284.7109375,309.963623046875,250.2578125,313.0181884765625,267.1015625,313.7818298339844,280.8828125,310.7272644042969,222.6953125,313.0181884765625,221.9296875,307.6727294921875,222.6953125,-1.0,-1.0
312.49090576171875,223.4609375,307.14544677734375,229.5859375,303.3272705078125,229.5859375,297.9818115234375,241.8359375,297.2181701660156,254.0859375,311.7272644042969,230.3515625,-1.0,-1.0,-1.0,-1.0,304.0909118652344,250.2578125,308.6727294921875,267.8671875,308.6727294921875,286.2421875,310.963623046875,249.4921875,313.2545471191406,266.3359375,303.3272705078125,284.7109375,310.20001220703125,221.1640625,313.2545471191406,221.1640625,307.9090881347656,221.9296875,-1.0,-1.0
312.49090576171875,222.6953125,307.9090881347656,228.8203125,303.3272705078125,228.8203125,297.9818115234375,241.8359375,298.7454528808594,254.0859375,311.7272644042969,229.5859375,-1.0,-1.0,-1.0,-1.0,304.85455322265625,249.4921875,307.9090881347656,267.1015625,308.6727294921875,284.7109375,311.7272644042969,247.9609375,315.5454406738281,265.5703125,304.85455322265625,282.4140625,310.963623046875,221.1640625,313.2545471191406,221.1640625,308.6727294921875,221.1640625,-1.0,-1.0
312.7272644042969,222.6953125,308.14544677734375,229.5859375,303.5636291503906,229.5859375,298.2181701660156,243.3671875,298.2181701660156,255.6171875,312.7272644042969,230.3515625,-1.0,-1.0,-1.0,-1.0,305.0909118652344,250.2578125,308.9090881347656,267.8671875,308.14544677734375,284.7109375,311.963623046875,249.4921875,314.2545471191406,267.1015625,314.2545471191406,280.1171875,311.20001220703125,221.1640625,313.49090576171875,221.1640625,308.9090881347656,221.1640625,-1.0,-1.0
313.7272644042969,222.6953125,309.9090881347656,229.5859375,305.3272705078125,229.5859375,299.9818115234375,244.1328125,299.9818115234375,255.6171875,313.7272644042969,230.3515625,-1.0,-1.0,-1.0,-1.0,306.85455322265625,251.7890625,309.14544677734375,268.6328125,311.4363708496094,287.7734375,313.7272644042969,250.2578125,314.49090576171875,269.3984375,312.963623046875,285.4765625,312.20001220703125,221.1640625,314.49090576171875,221.1640625,309.9090881347656,221.1640625,-1.0,-1.0
313.7272644042969,222.6953125,309.9090881347656,229.5859375,305.3272705078125,229.5859375,299.9818115234375,244.1328125,299.9818115234375,255.6171875,313.7272644042969,230.3515625,-1.0,-1.0,-1.0,-1.0,306.85455322265625,251.7890625,309.14544677734375,268.6328125,311.4363708496094,288.5390625,313.7272644042969,250.2578125,314.49090576171875,269.3984375,312.963623046875,285.4765625,312.20001220703125,221.1640625,314.49090576171875,221.1640625,309.9090881347656,221.9296875,-1.0,-1.0
313.20001220703125,221.9296875,310.14544677734375,229.5859375,306.3272705078125,228.8203125,301.7454528808594,241.8359375,302.50909423828125,254.0859375,314.7272644042969,229.5859375,-1.0,-1.0,-1.0,-1.0,308.6181945800781,251.0234375,310.14544677734375,267.8671875,306.3272705078125,284.7109375,314.7272644042969,249.4921875,315.49090576171875,267.8671875,313.963623046875,286.2421875,312.4363708496094,221.1640625,-1.0,-1.0,310.14544677734375,221.1640625,-1.0,-1.0
313.72320556640625,221.1640625,310.65179443359375,228.8203125,306.8125,228.8203125,302.97320556640625,239.5390625,303.7410583496094,248.7265625,314.4910583496094,228.8203125,-1.0,-1.0,-1.0,-1.0,309.1160583496094,248.7265625,309.8839416503906,264.8046875,308.34820556640625,283.1796875,315.2589416503906,247.1953125,316.7946472167969,264.0390625,-1.0,-1.0,312.9553527832031,220.3984375,-1.0,-1.0,310.65179443359375,221.1640625,-1.0,-1.0
314.4311828613281,220.30859375,311.3486328125,228.04296875,307.49542236328125,228.04296875,302.8715515136719,240.41796875,305.1834716796875,248.92578125,315.20184326171875,228.04296875,-1.0,-1.0,-1.0,-1.0,309.03668212890625,249.69921875,309.8073425292969,265.94140625,309.03668212890625,282.95703125,315.20184326171875,248.92578125,315.20184326171875,265.94140625,312.8899230957031,282.95703125,313.6605529785156,220.30859375,-1.0,-1.0,311.3486328125,220.30859375,-1.0,-1.0
315.4311828613281,220.30859375,311.5779724121094,228.04296875,307.7247619628906,228.04296875,303.8715515136719,239.64453125,305.412841796875,248.92578125,315.4311828613281,228.04296875,-1.0,-1.0,-1.0,-1.0,309.26605224609375,250.47265625,310.8073425292969,269.03515625,308.49542236328125,282.95703125,316.20184326171875,249.69921875,316.97247314453125,269.80859375,314.6605529785156,284.50390625,313.8899230957031,219.53515625,315.4311828613281,219.53515625,310.8073425292969,219.53515625,-1.0,-1.0
315.4311828613281,219.53515625,312.3486328125,228.04296875,308.49542236328125,228.04296875,303.8715515136719,241.96484375,306.1834716796875,249.69921875,316.20184326171875,228.04296875,-1.0,-1.0,-1.0,-1.0,310.8073425292969,251.24609375,311.5779724121094,265.16796875,-1.0,-1.0,316.97247314453125,250.47265625,318.5137634277344,268.26171875,-1.0,-1.0,313.8899230957031,218.76171875,316.20184326171875,219.53515625,311.5779724121094,218.76171875,-1.0,-1.0
317.20184326171875,219.53515625,312.5779724121094,227.26953125,308.7247619628906,227.26953125,304.8715515136719,239.64453125,306.412841796875,248.15234375,317.20184326171875,227.26953125,319.5137634277344,238.87109375,-1.0,-1.0,311.03668212890625,248.15234375,311.03668212890625,266.71484375,308.7247619628906,282.18359375,317.20184326171875,248.15234375,317.20184326171875,268.26171875,312.5779724121094,283.73046875,315.6605529785156,217.98828125,317.97247314453125,218.76171875,311.8073425292969,218.76171875,-1.0,-1.0
317.4311828613281,219.53515625,312.8073425292969,226.49609375,308.9541320800781,226.49609375,305.1009216308594,239.64453125,308.9541320800781,249.69921875,316.6605529785156,226.49609375,-1.0,-1.0,-1.0,-1.0,312.03668212890625,248.15234375,312.03668212890625,265.94140625,310.49542236328125,282.18359375,318.20184326171875,247.37890625,318.20184326171875,266.71484375,315.1192626953125,279.86328125,315.8899230957031,217.21484375,317.4311828613281,217.21484375,312.03668212890625,217.98828125,-1.0,-1.0
318.20184326171875,217.21484375,313.5779724121094,226.49609375,309.7247619628906,226.49609375,305.8715515136719,239.64453125,308.9541320800781,248.15234375,317.4311828613281,226.49609375,320.5137634277344,238.87109375,-1.0,-1.0,312.03668212890625,248.92578125,312.03668212890625,267.48828125,311.26605224609375,283.73046875,318.97247314453125,248.92578125,322.82568359375,267.48828125,315.1192626953125,283.73046875,315.8899230957031,216.44140625,318.20184326171875,215.66796875,312.03668212890625,216.44140625,-1.0,-1.0
317.6605529785156,219.53515625,313.8073425292969,226.49609375,309.9541320800781,226.49609375,306.8715515136719,238.87109375,309.9541320800781,249.69921875,318.4311828613281,226.49609375,-1.0,-1.0,-1.0,-1.0,313.8073425292969,248.15234375,312.26605224609375,266.71484375,313.8073425292969,285.27734375,319.97247314453125,248.15234375,323.0550537109375,268.26171875,315.3486328125,285.27734375,316.8899230957031,217.98828125,318.4311828613281,217.98828125,313.8073425292969,217.98828125,-1.0,-1.0
318.4311828613281,219.53515625,314.5779724121094,226.49609375,309.9541320800781,226.49609375,306.8715515136719,240.41796875,309.9541320800781,245.05859375,319.20184326171875,226.49609375,-1.0,-1.0,-1.0,-1.0,313.8073425292969,250.47265625,312.26605224609375,269.03515625,311.49542236328125,285.27734375,321.5137634277344,249.69921875,323.0550537109375,269.03515625,317.6605529785156,286.05078125,316.8899230957031,217.21484375,318.4311828613281,217.98828125,313.03668212890625,217.98828125,-1.0,-1.0
318.6605529785156,218.76171875,315.5779724121094,225.72265625,310.9541320800781,225.72265625,307.8715515136719,238.87109375,310.9541320800781,246.60546875,319.4311828613281,225.72265625,322.5137634277344,238.87109375,324.82568359375,246.60546875,314.03668212890625,248.92578125,312.49542236328125,267.48828125,313.26605224609375,284.50390625,320.97247314453125,248.92578125,323.2843933105469,267.48828125,320.20184326171875,285.27734375,317.1192626953125,217.21484375,319.4311828613281,217.21484375,314.03668212890625,217.21484375,-1.0,-1.0
318.8899230957031,217.21484375,316.5779724121094,225.72265625,311.9541320800781,225.72265625,308.8715515136719,239.64453125,314.26605224609375,248.92578125,321.20184326171875,224.94921875,323.5137634277344,238.87109375,325.0550537109375,246.60546875,314.26605224609375,248.15234375,312.7247619628906,267.48828125,313.49542236328125,284.50390625,321.97247314453125,247.37890625,324.2843933105469,267.48828125,322.7431335449219,283.73046875,318.1192626953125,215.66796875,319.6605529785156,215.66796875,314.26605224609375,216.44140625,-1.0,-1.0
319.6605529785156,218.76171875,316.5779724121094,226.49609375,312.7247619628906,225.72265625,310.412841796875,238.09765625,315.03668212890625,247.37890625,321.97247314453125,227.26953125,324.2843933105469,239.64453125,325.0550537109375,247.37890625,315.03668212890625,248.92578125,313.49542236328125,267.48828125,314.26605224609375,285.27734375,321.97247314453125,248.92578125,324.2843933105469,267.48828125,325.0550537109375,284.50390625,318.1192626953125,217.21484375,320.4311828613281,217.98828125,315.8073425292969,217.21484375,-1.0,-1.0
320.6605529785156,218.76171875,316.8073425292969,226.49609375,312.1834716796875,226.49609375,310.6422119140625,240.41796875,316.8073425292969,248.92578125,320.6605529785156,227.26953125,324.5137634277344,239.64453125,326.0550537109375,248.15234375,315.26605224609375,250.47265625,312.9541320800781,269.03515625,313.7247619628906,285.27734375,322.97247314453125,250.47265625,326.0550537109375,269.03515625,326.82568359375,284.50390625,319.1192626953125,217.21484375,321.4311828613281,217.21484375,316.03668212890625,217.21484375,-1.0,-1.0
321.9549560546875,218.76171875,316.5315246582031,226.49609375,312.65765380859375,225.72265625,311.88287353515625,238.87109375,321.18017578125,247.37890625,320.4053955078125,226.49609375,-1.0,-1.0,-1.0,-1.0,314.98199462890625,249.69921875,314.20721435546875,268.26171875,313.43243408203125,284.50390625,321.9549560546875,250.47265625,320.4053955078125,268.26171875,315.7567443847656,282.95703125,320.4053955078125,217.21484375,-1.0,-1.0,317.3063049316406,217.21484375,-1.0,-1.0
322.4311828613281,218.76171875,317.03668212890625,226.49609375,313.1834716796875,226.49609375,312.412841796875,239.64453125,322.4311828613281,247.37890625,321.6605529785156,226.49609375,-1.0,-1.0,-1.0,-1.0,314.7247619628906,250.47265625,314.7247619628906,268.26171875,313.9541320800781,284.50390625,321.6605529785156,250.47265625,319.3486328125,268.26171875,315.49542236328125,282.95703125,320.8899230957031,217.21484375,322.4311828613281,216.44140625,317.03668212890625,217.21484375,-1.0,-1.0
321.8899230957031,217.98828125,317.26605224609375,227.26953125,314.1834716796875,227.26953125,314.9541320800781,240.41796875,324.97247314453125,248.15234375,321.1192626953125,227.26953125,-1.0,-1.0,-1.0,-1.0,316.49542236328125,252.01953125,315.7247619628906,269.03515625,314.1834716796875,285.27734375,323.4311828613281,251.24609375,328.0550537109375,268.26171875,329.5963439941406,284.50390625,320.3486328125,216.44140625,323.4311828613281,216.44140625,316.49542236328125,216.44140625,-1.0,-1.0
323.4311828613281,218.76171875,318.8073425292969,227.26953125,314.9541320800781,226.49609375,314.9541320800781,240.41796875,322.6605529785156,248.15234375,322.6605529785156,227.26953125,325.7431335449219,238.09765625,327.2843933105469,247.37890625,317.26605224609375,251.24609375,316.49542236328125,269.03515625,314.9541320800781,285.27734375,324.20184326171875,250.47265625,328.0550537109375,267.48828125,330.3669738769531,285.27734375,321.8899230957031,217.21484375,323.4311828613281,217.21484375,318.03668212890625,217.21484375,-1.0,-1.0
323.6605529785156,219.53515625,319.03668212890625,227.26953125,315.9541320800781,227.26953125,315.9541320800781,238.87109375,323.6605529785156,248.15234375,322.8899230957031,227.26953125,326.7431335449219,238.09765625,-1.0,-1.0,316.7247619628906,250.47265625,317.49542236328125,268.26171875,315.1834716796875,284.50390625,324.4311828613281,250.47265625,328.2843933105469,265.94140625,330.5963439941406,283.73046875,322.1192626953125,217.98828125,323.6605529785156,217.98828125,318.26605224609375,218.76171875,-1.0,-1.0
325.4311828613281,218.76171875,320.03668212890625,226.49609375,316.9541320800781,227.26953125,317.7247619628906,240.41796875,324.6605529785156,246.60546875,323.1192626953125,227.26953125,-1.0,-1.0,-1.0,-1.0,319.26605224609375,249.69921875,317.7247619628906,269.03515625,315.412841796875,284.50390625,325.4311828613281,250.47265625,329.2843933105469,269.03515625,330.82568359375,285.27734375,323.8899230957031,217.21484375,-1.0,-1.0,321.5779724121094,217.21484375,-1.0,-1.0
325.27777099609375,218.671875,321.3888854980469,227.265625,318.27777099609375,228.046875,319.8333435058594,242.109375,326.8333435058594,248.359375,325.27777099609375,226.484375,-1.0,-1.0,-1.0,-1.0,319.0555419921875,250.703125,317.5,268.671875,315.1666564941406,284.296875,326.0555419921875,249.921875,329.1666564941406,269.453125,329.9444580078125,285.078125,323.72222900390625,217.109375,326.0555419921875,216.328125,321.3888854980469,217.890625,-1.0,-1.0
327.8333435058594,220.234375,321.6111145019531,226.484375,319.27777099609375,227.265625,319.27777099609375,241.328125,327.0555419921875,247.578125,324.72222900390625,226.484375,-1.0,-1.0,-1.0,-1.0,319.27777099609375,249.921875,317.72222900390625,268.671875,315.3888854980469,285.078125,327.0555419921875,249.140625,330.1666564941406,269.453125,330.9444580078125,287.421875,325.5,217.890625,-1.0,-1.0,323.1666564941406,217.890625,-1.0,-1.0
328.6111145019531,218.671875,323.1666564941406,226.484375,318.5,227.265625,319.27777099609375,240.546875,326.27777099609375,247.578125,327.8333435058594,225.703125,-1.0,-1.0,-1.0,-1.0,320.8333435058594,250.703125,319.27777099609375,268.671875,316.1666564941406,284.296875,329.3888854980469,250.703125,330.9444580078125,269.453125,331.72222900390625,285.859375,327.0555419921875,217.109375,329.3888854980469,215.546875,323.1666564941406,217.109375,-1.0,-1.0
328.8333435058594,217.109375,324.1666564941406,224.921875,319.5,225.703125,317.9444580078125,238.984375,324.9444580078125,246.015625,329.6111145019531,224.921875,331.9444580078125,234.296875,-1.0,-1.0,322.6111145019531,249.140625,320.27777099609375,267.890625,315.6111145019531,284.296875,330.3888854980469,248.359375,331.1666564941406,267.109375,331.9444580078125,285.078125,326.5,215.546875,329.6111145019531,214.765625,322.6111145019531,215.546875,-1.0,-1.0
329.8333435058594,217.109375,325.1666564941406,224.921875,320.5,224.921875,318.9444580078125,238.203125,327.5,245.234375,330.6111145019531,224.140625,332.1666564941406,235.078125,-1.0,-1.0,322.8333435058594,247.578125,321.27777099609375,266.328125,315.8333435058594,284.296875,330.6111145019531,247.578125,332.1666564941406,266.328125,332.1666564941406,284.296875,328.27777099609375,215.546875,331.3888854980469,214.765625,325.1666564941406,215.546875,-1.0,-1.0
331.3888854980469,217.890625,327.5,224.921875,322.0555419921875,224.921875,318.1666564941406,236.640625,323.6111145019531,244.453125,332.9444580078125,224.921875,335.27777099609375,234.296875,-1.0,-1.0,324.3888854980469,247.578125,322.0555419921875,266.328125,316.6111145019531,284.296875,332.1666564941406,247.578125,332.1666564941406,267.109375,332.1666564941406,285.078125,329.8333435058594,216.328125,331.3888854980469,216.328125,326.72222900390625,216.328125,-1.0,-1.0
332.3888854980469,218.671875,327.72222900390625,224.140625,322.27777099609375,224.140625,319.1666564941406,236.640625,324.6111145019531,244.453125,333.9444580078125,224.921875,-1.0,-1.0,-1.0,-1.0,324.6111145019531,249.140625,323.0555419921875,266.328125,317.6111145019531,283.515625,332.3888854980469,248.359375,331.6111145019531,266.328125,330.8333435058594,283.515625,330.8333435058594,216.328125,332.3888854980469,217.109375,327.72222900390625,216.328125,-1.0,-1.0
332.9272766113281,217.109375,328.2363586425781,224.140625,322.7636413574219,224.921875,320.4181823730469,237.421875,324.3272705078125,244.453125,334.49090576171875,224.921875,336.83636474609375,235.078125,336.83636474609375,244.453125,325.1091003417969,248.359375,323.54547119140625,265.546875,318.0727233886719,282.734375,332.9272766113281,248.359375,332.14544677734375,266.328125,331.3636474609375,282.734375,332.14544677734375,215.546875,332.9272766113281,215.546875,328.2363586425781,215.546875,-1.0,-1.0
333.3888854980469,217.109375,329.5,224.921875,323.27777099609375,224.921875,320.9444580078125,237.421875,325.6111145019531,246.015625,335.72222900390625,224.921875,338.8333435058594,236.640625,338.8333435058594,246.015625,325.6111145019531,249.140625,324.8333435058594,266.328125,319.3888854980469,284.296875,334.1666564941406,249.140625,333.3888854980469,267.109375,331.0555419921875,285.078125,331.8333435058594,216.328125,334.1666564941406,216.328125,327.9444580078125,216.328125,-1.0,-1.0
332.0555419921875,217.890625,329.72222900390625,225.703125,323.5,224.921875,321.1666564941406,238.203125,326.6111145019531,246.015625,336.72222900390625,225.703125,340.6111145019531,236.640625,-1.0,-1.0,326.6111145019531,248.359375,325.8333435058594,266.328125,321.1666564941406,285.078125,335.1666564941406,248.359375,333.6111145019531,267.109375,331.27777099609375,285.859375,331.27777099609375,216.328125,333.6111145019531,216.328125,328.1666564941406,216.328125,335.1666564941406,217.109375
332.0555419921875,217.890625,331.27777099609375,225.703125,324.27777099609375,224.921875,320.3888854980469,238.203125,322.72222900390625,245.234375,339.0555419921875,225.703125,342.1666564941406,237.421875,339.8333435058594,247.578125,327.3888854980469,249.140625,327.3888854980469,267.109375,322.72222900390625,286.640625,335.9444580078125,249.140625,334.3888854980469,267.890625,332.0555419921875,287.421875,330.5,216.328125,334.3888854980469,217.109375,328.1666564941406,216.328125,335.1666564941406,217.109375
333.0555419921875,217.109375,331.5,225.703125,324.5,225.703125,321.3888854980469,238.203125,323.72222900390625,249.140625,339.27777099609375,225.703125,342.3888854980469,236.640625,340.0555419921875,246.796875,328.3888854980469,248.359375,328.3888854980469,265.546875,325.27777099609375,282.734375,336.9444580078125,248.359375,334.6111145019531,267.109375,333.0555419921875,284.296875,331.5,216.328125,334.6111145019531,216.328125,329.1666564941406,216.328125,336.1666564941406,217.109375
333.27777099609375,217.890625,332.5,225.703125,325.5,225.703125,321.6111145019531,237.421875,329.3888854980469,249.140625,339.5,225.703125,342.6111145019531,237.421875,341.8333435058594,246.015625,329.3888854980469,248.359375,329.3888854980469,266.328125,327.0555419921875,282.734375,337.1666564941406,249.140625,335.6111145019531,267.109375,333.27777099609375,285.078125,331.72222900390625,216.328125,334.8333435058594,217.109375,330.1666564941406,217.109375,336.3888854980469,217.890625
333.27777099609375,217.890625,332.5,225.703125,325.5,226.484375,321.6111145019531,236.640625,325.5,246.796875,339.5,226.484375,342.6111145019531,237.421875,341.8333435058594,245.234375,329.3888854980469,249.140625,330.1666564941406,267.109375,329.3888854980469,285.078125,337.9444580078125,249.140625,335.6111145019531,267.890625,332.5,287.421875,332.5,216.328125,335.6111145019531,216.328125,330.9444580078125,216.328125,336.3888854980469,217.890625
334.27777099609375,218.671875,332.72222900390625,225.703125,325.72222900390625,226.484375,321.8333435058594,236.640625,-1.0,-1.0,338.9444580078125,225.703125,342.8333435058594,236.640625,342.8333435058594,244.453125,331.1666564941406,248.359375,332.72222900390625,267.109375,331.9444580078125,285.078125,338.9444580078125,248.359375,337.3888854980469,267.109375,335.0555419921875,283.515625,332.72222900390625,217.109375,335.8333435058594,217.109375,331.1666564941406,217.109375,-1.0,-1.0
335.0555419921875,218.671875,333.5,225.703125,326.5,225.703125,322.6111145019531,235.859375,-1.0,-1.0,339.72222900390625,225.703125,343.6111145019531,236.640625,342.0555419921875,246.015625,331.1666564941406,248.359375,333.5,266.328125,331.9444580078125,284.296875,339.72222900390625,248.359375,338.1666564941406,266.328125,335.0555419921875,284.296875,333.5,217.109375,336.6111145019531,216.328125,331.1666564941406,216.328125,-1.0,-1.0
-1.0,-1.0,333.72222900390625,226.484375,339.9444580078125,225.703125,343.0555419921875,235.859375,343.8333435058594,246.796875,326.72222900390625,226.484375,322.8333435058594,235.078125,-1.0,-1.0,339.1666564941406,246.796875,338.3888854980469,265.546875,332.9444580078125,285.078125,329.8333435058594,247.578125,331.3888854980469,265.546875,332.1666564941406,284.296875,-1.0,-1.0,-1.0,-1.0,337.6111145019531,217.109375,331.3888854980469,216.328125
334.72222900390625,219.453125,333.9444580078125,228.046875,326.9444580078125,228.046875,322.27777099609375,238.984375,-1.0,-1.0,340.9444580078125,228.046875,344.8333435058594,238.203125,343.27777099609375,248.359375,330.8333435058594,250.703125,333.1666564941406,268.671875,332.3888854980469,286.640625,340.1666564941406,249.921875,339.3888854980469,267.890625,337.0555419921875,285.859375,333.1666564941406,218.671875,335.5,217.890625,331.6111145019531,218.671875,335.5,218.671875
-1.0,-1.0,334.7735900878906,228.06640625,341.11322021484375,228.06640625,344.28302001953125,238.32421875,-1.0,-1.0,327.6415100097656,228.85546875,323.67926025390625,238.32421875,-1.0,-1.0,340.32073974609375,249.37109375,337.15093994140625,269.88671875,335.5660400390625,288.82421875,330.8113098144531,249.37109375,333.1886901855469,269.09765625,335.5660400390625,286.45703125,-1.0,-1.0,-1.0,-1.0,338.73583984375,218.59765625,332.396240234375,217.80859375
335.7735900878906,220.17578125,334.1886901855469,228.06640625,327.0566101074219,228.85546875,322.3018798828125,240.69140625,-1.0,-1.0,341.32073974609375,227.27734375,344.4905700683594,237.53515625,344.4905700683594,247.00390625,331.8113098144531,250.94921875,334.98114013671875,269.09765625,334.98114013671875,287.24609375,340.5282897949219,250.94921875,340.5282897949219,268.30859375,338.15093994140625,285.66796875,333.396240234375,218.59765625,336.5660400390625,218.59765625,331.8113098144531,218.59765625,338.15093994140625,218.59765625
334.1886901855469,220.96484375,334.98114013671875,228.85546875,327.84906005859375,228.85546875,322.3018798828125,240.69140625,-1.0,-1.0,342.11322021484375,228.06640625,346.0754699707031,239.90234375,344.4905700683594,248.58203125,332.603759765625,250.94921875,336.5660400390625,269.88671875,335.7735900878906,287.24609375,341.32073974609375,250.16015625,340.5282897949219,269.09765625,338.15093994140625,286.45703125,333.396240234375,219.38671875,336.5660400390625,217.80859375,333.396240234375,219.38671875,332.603759765625,217.80859375
335.98114013671875,220.17578125,335.98114013671875,228.85546875,328.84906005859375,229.64453125,324.0943298339844,240.69140625,319.3396301269531,241.48046875,343.11322021484375,228.06640625,347.0754699707031,239.11328125,345.4905700683594,249.37109375,332.8113098144531,251.73828125,335.1886901855469,269.09765625,336.7735900878906,286.45703125,341.5282897949219,250.94921875,341.5282897949219,269.09765625,339.9433898925781,285.66796875,334.396240234375,218.59765625,337.5660400390625,218.59765625,332.8113098144531,219.38671875,339.15093994140625,219.38671875
336.1886901855469,220.96484375,335.396240234375,228.06640625,328.26416015625,228.85546875,324.3018798828125,241.48046875,321.9245300292969,252.52734375,342.5282897949219,228.06640625,346.4905700683594,239.11328125,346.4905700683594,247.79296875,332.2264099121094,251.73828125,335.396240234375,269.88671875,337.7735900878906,288.03515625,341.73583984375,250.94921875,343.32073974609375,268.30859375,342.5282897949219,286.45703125,334.603759765625,218.59765625,337.7735900878906,218.59765625,333.01885986328125,219.38671875,339.3584899902344,219.38671875
336.1886901855469,220.17578125,336.1886901855469,228.06640625,328.26416015625,228.85546875,324.3018798828125,241.48046875,322.71697998046875,250.94921875,343.32073974609375,227.27734375,347.28302001953125,238.32421875,346.4905700683594,247.79296875,333.01885986328125,251.73828125,336.1886901855469,269.88671875,337.7735900878906,288.82421875,342.5282897949219,250.16015625,343.32073974609375,269.09765625,343.32073974609375,286.45703125,334.603759765625,218.59765625,337.7735900878906,218.59765625,333.01885986328125,219.38671875,340.15093994140625,219.38671875
337.1886901855469,220.96484375,335.603759765625,228.06640625,328.4717102050781,228.85546875,326.0943298339844,240.69140625,324.5094299316406,250.16015625,343.5282897949219,227.27734375,347.4905700683594,237.53515625,347.4905700683594,247.79296875,334.01885986328125,250.94921875,335.603759765625,269.88671875,337.98114013671875,289.61328125,343.5282897949219,250.16015625,342.73583984375,268.30859375,345.11322021484375,284.08984375,335.603759765625,219.38671875,338.7735900878906,219.38671875,333.2264099121094,219.38671875,340.3584899902344,220.17578125
337.09173583984375,220.96484375,335.5137634277344,228.06640625,328.412841796875,229.64453125,325.2568664550781,242.26953125,324.4678955078125,254.10546875,343.4036865234375,227.27734375,347.3486328125,238.32421875,348.1376037597656,247.79296875,333.935791015625,250.16015625,335.5137634277344,268.30859375,337.8807373046875,285.66796875,343.4036865234375,249.37109375,343.4036865234375,265.15234375,-1.0,-1.0,335.5137634277344,219.38671875,337.8807373046875,219.38671875,332.3577880859375,219.38671875,340.2477111816406,219.38671875
338.1886901855469,220.96484375,336.603759765625,228.06640625,329.4717102050781,228.85546875,326.3018798828125,240.69140625,326.3018798828125,250.16015625,343.73583984375,227.27734375,347.6981201171875,237.53515625,347.6981201171875,247.00390625,335.01885986328125,250.16015625,336.603759765625,270.67578125,338.1886901855469,288.82421875,343.73583984375,249.37109375,342.15093994140625,264.36328125,344.5282897949219,283.30078125,336.603759765625,218.59765625,338.98114013671875,218.59765625,333.4339599609375,218.59765625,340.5660400390625,218.59765625
337.603759765625,219.38671875,336.8113098144531,227.27734375,328.88677978515625,228.06640625,326.5094299316406,240.69140625,327.3018798828125,250.16015625,344.73583984375,226.48828125,348.6981201171875,235.95703125,347.9056701660156,247.00390625,333.6415100097656,250.16015625,336.01885986328125,268.30859375,338.396240234375,288.03515625,343.15093994140625,249.37109375,343.15093994140625,265.94140625,344.73583984375,284.08984375,336.01885986328125,217.80859375,339.1886901855469,217.80859375,333.6415100097656,217.80859375,340.7735900878906,217.80859375
337.603759765625,219.38671875,336.8113098144531,226.48828125,328.88677978515625,228.06640625,326.5094299316406,241.48046875,327.3018798828125,251.73828125,344.73583984375,225.69921875,348.6981201171875,236.74609375,348.6981201171875,247.00390625,334.4339599609375,250.94921875,336.01885986328125,269.88671875,338.396240234375,289.61328125,343.9433898925781,249.37109375,344.73583984375,267.51953125,344.73583984375,285.66796875,336.01885986328125,217.80859375,339.1886901855469,217.80859375,333.6415100097656,217.80859375,340.7735900878906,217.80859375
338.3027648925781,218.59765625,336.7247619628906,226.48828125,329.62384033203125,228.06640625,327.2568664550781,240.69140625,328.0458679199219,249.37109375,344.61468505859375,225.69921875,348.55963134765625,235.95703125,347.7706298828125,245.42578125,334.3577880859375,250.94921875,335.935791015625,269.88671875,337.5137634277344,287.24609375,343.82568359375,250.16015625,345.4036865234375,263.57421875,-1.0,-1.0,335.935791015625,217.01953125,339.8807373046875,217.01953125,333.5688171386719,217.01953125,340.66973876953125,217.80859375
338.603759765625,217.80859375,337.8113098144531,227.27734375,329.88677978515625,228.06640625,327.5094299316406,240.69140625,327.5094299316406,252.52734375,344.9433898925781,226.48828125,348.9056701660156,238.32421875,348.9056701660156,248.58203125,334.6415100097656,251.73828125,335.4339599609375,270.67578125,337.01885986328125,288.82421875,344.15093994140625,250.94921875,343.3584899902344,269.88671875,343.3584899902344,288.82421875,337.01885986328125,216.23046875,340.1886901855469,216.23046875,334.6415100097656,217.01953125,341.7735900878906,217.01953125
339.396240234375,218.59765625,338.603759765625,226.48828125,330.67926025390625,227.27734375,327.5094299316406,239.90234375,328.3018798828125,250.16015625,346.5282897949219,226.48828125,350.4905700683594,239.11328125,349.6981201171875,248.58203125,335.4339599609375,250.94921875,336.2264099121094,269.88671875,337.8113098144531,288.03515625,344.9433898925781,250.94921875,346.5282897949219,268.30859375,343.3584899902344,286.45703125,337.01885986328125,217.01953125,340.1886901855469,216.23046875,334.6415100097656,217.01953125,341.7735900878906,217.01953125
339.0,216.9453125,338.20001220703125,226.5078125,330.20001220703125,227.3046875,328.6000061035156,240.0546875,328.6000061035156,248.8203125,347.0,225.7109375,351.0,238.4609375,355.0,248.8203125,335.0,250.4140625,336.6000061035156,267.9453125,336.6000061035156,284.6796875,345.3999938964844,249.6171875,347.0,266.3515625,343.0,280.6953125,337.3999938964844,215.3515625,340.6000061035156,215.3515625,335.0,216.1484375,342.20001220703125,216.1484375
339.0,217.7421875,338.20001220703125,226.5078125,330.20001220703125,227.3046875,327.79998779296875,240.0546875,329.3999938964844,251.2109375,347.0,225.7109375,351.79998779296875,238.4609375,355.0,248.8203125,335.79998779296875,252.0078125,337.3999938964844,270.3359375,338.20001220703125,288.6640625,346.20001220703125,251.2109375,348.6000061035156,269.5390625,343.0,287.8671875,336.6000061035156,216.1484375,340.6000061035156,215.3515625,335.0,216.1484375,342.20001220703125,216.1484375
339.603759765625,218.38671875,339.603759765625,226.27734375,330.88677978515625,227.06640625,327.71697998046875,240.48046875,331.67926025390625,251.52734375,348.32073974609375,226.27734375,352.28302001953125,238.90234375,355.45281982421875,249.16015625,336.4339599609375,251.52734375,338.01885986328125,270.46484375,338.01885986328125,289.40234375,345.9433898925781,250.73828125,348.32073974609375,269.67578125,344.3584899902344,287.82421875,337.2264099121094,216.80859375,341.1886901855469,216.80859375,335.6415100097656,216.80859375,342.7735900878906,216.80859375
340.603759765625,217.59765625,339.01885986328125,226.27734375,331.0943298339844,227.06640625,327.9245300292969,240.48046875,332.67926025390625,251.52734375,348.5282897949219,226.27734375,352.4905700683594,238.90234375,355.6603698730469,248.37109375,336.6415100097656,251.52734375,337.4339599609375,268.88671875,336.6415100097656,287.82421875,346.15093994140625,250.73828125,349.32073974609375,269.67578125,346.9433898925781,287.03515625,338.2264099121094,216.01953125,342.1886901855469,216.01953125,335.84906005859375,216.80859375,342.98114013671875,216.80859375
340.603759765625,217.59765625,339.8113098144531,226.27734375,331.0943298339844,227.06640625,329.5094299316406,239.69140625,334.26416015625,250.73828125,348.5282897949219,226.27734375,352.4905700683594,238.90234375,354.867919921875,248.37109375,336.6415100097656,250.73828125,338.2264099121094,268.88671875,338.2264099121094,287.03515625,346.15093994140625,249.94921875,347.73583984375,268.88671875,346.9433898925781,286.24609375,338.2264099121094,216.01953125,342.1886901855469,216.01953125,336.6415100097656,216.80859375,342.98114013671875,216.01953125
340.603759765625,218.38671875,340.603759765625,226.27734375,332.67926025390625,227.06640625,329.5094299316406,238.90234375,333.4717102050781,247.58203125,349.32073974609375,226.27734375,353.28302001953125,238.90234375,356.45281982421875,247.58203125,337.4339599609375,249.94921875,338.2264099121094,268.88671875,339.01885986328125,287.03515625,346.15093994140625,249.94921875,347.73583984375,268.88671875,347.73583984375,285.45703125,339.01885986328125,216.80859375,342.1886901855469,216.01953125,337.4339599609375,216.80859375,344.5660400390625,216.80859375
340.01885986328125,218.38671875,340.8113098144531,226.27734375,332.88677978515625,227.06640625,329.71697998046875,239.69140625,334.4717102050781,247.58203125,349.5282897949219,225.48828125,355.0754699707031,238.90234375,359.0377197265625,248.37109375,336.84906005859375,249.16015625,338.4339599609375,268.88671875,339.2264099121094,287.03515625,347.15093994140625,249.94921875,349.5282897949219,268.88671875,348.73583984375,286.24609375,338.4339599609375,216.80859375,342.396240234375,216.80859375,336.84906005859375,216.80859375,343.1886901855469,216.80859375
341.603759765625,217.59765625,341.603759765625,226.27734375,333.67926025390625,227.06640625,331.3018798828125,239.69140625,336.84906005859375,247.58203125,349.5282897949219,225.48828125,354.28302001953125,238.90234375,357.45281982421875,246.79296875,338.4339599609375,250.73828125,338.4339599609375,269.67578125,339.2264099121094,287.03515625,347.15093994140625,250.73828125,347.9433898925781,268.88671875,349.5282897949219,286.24609375,340.01885986328125,216.01953125,343.1886901855469,216.01953125,338.4339599609375,216.80859375,343.98114013671875,216.80859375
-1.0,-1.0,341.5137634277344,226.27734375,334.412841796875,227.06640625,331.2568664550781,240.48046875,337.5688171386719,248.37109375,349.4036865234375,225.48828125,354.9266052246094,238.11328125,359.6605529785156,246.79296875,339.14678955078125,249.94921875,339.14678955078125,268.88671875,339.935791015625,286.24609375,347.82568359375,249.16015625,345.4587097167969,265.73046875,349.4036865234375,285.45703125,-1.0,-1.0,-1.0,-1.0,339.14678955078125,216.80859375,-1.0,-1.0
342.603759765625,216.80859375,342.603759765625,226.27734375,334.67926025390625,227.06640625,332.3018798828125,240.48046875,338.6415100097656,248.37109375,350.5282897949219,225.48828125,356.0754699707031,239.69140625,360.8302001953125,248.37109375,339.4339599609375,251.52734375,339.4339599609375,268.88671875,339.4339599609375,285.45703125,348.9433898925781,250.73828125,349.73583984375,268.09765625,352.9056701660156,283.87890625,341.01885986328125,215.23046875,-1.0,-1.0,338.6415100097656,216.80859375,-1.0,-1.0
-1.0,-1.0,343.6000061035156,226.3046875,336.3999938964844,226.3046875,332.3999938964844,239.8515625,338.79998779296875,248.6171875,350.79998779296875,226.3046875,355.6000061035156,239.0546875,360.3999938964844,247.0234375,340.3999938964844,250.2109375,339.6000061035156,269.3359375,339.6000061035156,286.0703125,349.20001220703125,249.4140625,346.79998779296875,268.5390625,352.3999938964844,286.0703125,-1.0,-1.0,-1.0,-1.0,-1.0,-1.0,-1.0,-1.0
345.3999938964844,218.3359375,344.6000061035156,227.1015625,338.20001220703125,227.1015625,333.3999938964844,239.8515625,339.79998779296875,249.4140625,351.79998779296875,227.8984375,357.3999938964844,240.6484375,361.3999938964844,251.0078125,341.3999938964844,251.8046875,341.3999938964844,268.5390625,340.6000061035156,284.4765625,350.20001220703125,251.8046875,350.20001220703125,268.5390625,347.0,283.6796875,343.79998779296875,216.7421875,347.0,216.7421875,342.20001220703125,217.5390625,348.6000061035156,217.5390625
345.8931884765625,219.1328125,345.0970764160156,227.8984375,337.9320373535156,228.6953125,334.74755859375,240.6484375,339.5242614746094,250.2109375,352.26214599609375,227.8984375,357.0388488769531,240.6484375,360.2232971191406,251.0078125,342.708740234375,251.8046875,342.708740234375,267.7421875,341.9126281738281,283.6796875,350.6698913574219,251.0078125,347.4854431152344,267.7421875,349.0776672363281,282.0859375,344.30096435546875,217.5390625,347.4854431152344,216.7421875,342.708740234375,218.3359375,349.0776672363281,218.3359375
345.30096435546875,219.9296875,345.30096435546875,228.6953125,337.3398132324219,229.4921875,334.9514465332031,241.4453125,339.7281494140625,251.0078125,353.26214599609375,227.8984375,357.2427062988281,239.8515625,358.8349609375,250.2109375,343.708740234375,251.8046875,343.708740234375,270.1328125,342.9126281738281,285.2734375,352.4660339355469,251.8046875,349.28155517578125,268.5390625,348.4854431152344,284.4765625,344.5048522949219,218.3359375,346.8931884765625,218.3359375,342.11651611328125,219.1328125,349.28155517578125,219.1328125
345.3061218261719,219.1328125,346.89794921875,227.1015625,338.93878173828125,227.8984375,335.7550964355469,241.4453125,340.5306091308594,252.6015625,354.8571472167969,227.1015625,358.83673095703125,239.0546875,361.2244873046875,251.8046875,343.71429443359375,251.8046875,343.71429443359375,270.1328125,341.3265380859375,286.0703125,353.26531982421875,251.0078125,354.06121826171875,270.9296875,354.06121826171875,287.6640625,344.51019287109375,217.5390625,347.6938781738281,217.5390625,342.1224365234375,218.3359375,350.0816345214844,218.3359375
346.3061218261719,219.1328125,347.10205078125,226.3046875,339.93878173828125,226.3046875,336.7550964355469,240.6484375,340.73468017578125,254.1953125,355.06121826171875,226.3046875,359.0408020019531,237.4609375,359.0408020019531,246.2265625,344.71429443359375,250.2109375,343.9183654785156,270.1328125,341.5306091308594,286.8671875,354.26531982421875,249.4140625,351.8775634765625,269.3359375,351.0816345214844,284.4765625,345.51019287109375,217.5390625,347.89794921875,217.5390625,343.1224365234375,217.5390625,351.0816345214844,218.3359375
347.89794921875,218.3359375,347.89794921875,225.5078125,339.93878173828125,226.3046875,337.551025390625,239.8515625,339.93878173828125,251.8046875,355.8571472167969,225.5078125,357.448974609375,239.0546875,355.06121826171875,252.6015625,343.9183654785156,250.2109375,344.71429443359375,269.3359375,342.3265380859375,286.0703125,353.4693908691406,249.4140625,353.4693908691406,268.5390625,350.28570556640625,284.4765625,347.10205078125,216.7421875,349.48980712890625,216.7421875,344.71429443359375,216.7421875,351.8775634765625,217.5390625
