73.94444274902344,84.890625,59.61111068725586,102.421875,46.87036895751953,102.421875,29.351852416992188,126.328125,29.351852416992188,153.421875,75.53703308105469,102.421875,81.90740966796875,129.515625,101.01851654052734,132.703125,54.83333206176758,158.203125,69.16667175292969,196.453125,78.72222137451172,231.515625,69.16667175292969,158.203125,53.24074172973633,198.046875,42.09259033203125,231.515625,69.16667175292969,81.703125,73.94444274902344,78.515625,59.61111068725586,83.296875,-1.0,-1.0
74.75926208496094,88.078125,60.425926208496094,102.421875,46.09259033203125,102.421875,34.94444274902344,124.734375,41.314815521240234,153.421875,76.35185241699219,104.015625,82.72222137451172,131.109375,101.83333587646484,131.109375,54.05555725097656,158.203125,69.98148345947266,194.859375,77.94444274902344,231.515625,68.38888549804688,156.609375,52.46296310424805,198.046875,41.314815521240234,231.515625,68.38888549804688,83.296875,74.75926208496094,81.703125,58.83333206176758,84.890625,-1.0,-1.0
77.75926208496094,84.890625,63.425926208496094,100.828125,49.09259033203125,100.828125,37.94444274902344,123.140625,44.314815521240234,145.453125,77.75926208496094,102.421875,85.72222137451172,129.515625,103.24073791503906,129.515625,57.05555725097656,159.796875,72.98148345947266,196.453125,82.53703308105469,231.515625,72.98148345947266,158.203125,71.38888549804688,194.859375,84.12963104248047,229.921875,72.98148345947266,80.109375,76.16667175292969,78.515625,63.425926208496094,83.296875,-1.0,-1.0
81.67889404296875,84.890625,65.71559143066406,102.421875,52.94495391845703,100.828125,36.981651306152344,123.140625,33.78899002075195,150.234375,80.08256530761719,102.421875,89.66055297851562,129.515625,104.02752685546875,129.515625,59.33027648925781,159.796875,76.88990783691406,198.046875,83.27523040771484,231.515625,75.2935791015625,158.203125,80.08256530761719,198.046875,86.4678955078125,228.328125,76.88990783691406,81.703125,80.08256530761719,80.109375,65.71559143066406,83.296875,-1.0,-1.0
84.08256530761719,88.078125,69.71559143066406,102.421875,55.34862518310547,102.421875,42.577980041503906,126.328125,45.7706413269043,159.796875,84.08256530761719,102.421875,92.06422424316406,127.921875,108.02752685546875,127.921875,64.92660522460938,159.796875,82.48623657226562,198.046875,88.8715591430664,233.109375,80.88990783691406,158.203125,63.33027648925781,199.640625,44.174312591552734,229.921875,79.2935791015625,83.296875,84.08256530761719,83.296875,68.1192626953125,83.296875,-1.0,-1.0
85.48623657226562,84.890625,72.71559143066406,102.421875,58.34862518310547,100.828125,45.577980041503906,126.328125,47.174312591552734,156.609375,87.08256530761719,102.421875,93.4678955078125,129.515625,111.02752685546875,127.921875,66.33027648925781,158.203125,87.08256530761719,199.640625,90.27523040771484,234.703125,83.88990783691406,158.203125,69.52293395996094,199.640625,47.174312591552734,228.328125,80.69725036621094,80.109375,85.48623657226562,80.109375,69.52293395996094,83.296875,-1.0,-1.0
87.88990783691406,84.890625,75.1192626953125,100.828125,62.34862518310547,100.828125,52.7706413269043,127.921875,62.34862518310547,143.859375,87.88990783691406,102.421875,95.8715591430664,126.328125,113.43119049072266,127.921875,68.73394775390625,153.421875,68.73394775390625,202.828125,51.174312591552734,225.140625,86.2935791015625,155.015625,87.88990783691406,198.046875,89.48623657226562,229.921875,83.10092163085938,80.109375,87.88990783691406,80.109375,73.52293395996094,83.296875,-1.0,-1.0
90.88990783691406,83.296875,78.1192626953125,100.828125,65.34862518310547,100.828125,54.174312591552734,126.328125,60.55963134765625,139.078125,90.88990783691406,100.828125,98.8715591430664,124.734375,114.8348617553711,126.328125,73.33027648925781,151.828125,84.50459289550781,201.234375,95.67889404296875,236.296875,89.2935791015625,153.421875,90.88990783691406,196.453125,90.88990783691406,239.484375,86.10092163085938,80.109375,89.2935791015625,78.515625,74.92660522460938,81.703125,-1.0,-1.0
92.4000015258789,81.703125,81.19999694824219,100.828125,66.80000305175781,100.828125,57.20000076293945,124.734375,58.79999923706055,142.265625,95.60000610351562,102.421875,103.60000610351562,124.734375,119.5999984741211,127.921875,76.4000015258789,153.421875,90.80000305175781,201.234375,92.4000015258789,236.296875,94.0,153.421875,90.80000305175781,201.234375,62.0,220.359375,87.60000610351562,78.515625,92.4000015258789,78.515625,78.0,80.109375,-1.0,-1.0
93.19999694824219,83.296875,82.0,100.828125,67.5999984741211,100.828125,56.400001525878906,126.328125,66.0,153.421875,94.80000305175781,100.828125,104.4000015258789,124.734375,120.4000015258789,126.328125,78.80000305175781,156.609375,88.4000015258789,204.421875,93.19999694824219,233.109375,96.4000015258789,155.015625,96.4000015258789,196.453125,91.60000610351562,237.890625,88.4000015258789,80.109375,91.60000610351562,78.515625,77.19999694824219,81.703125,-1.0,-1.0
94.60000610351562,80.109375,85.0,100.828125,70.5999984741211,100.828125,57.79999923706055,126.328125,59.400001525878906,153.421875,97.80000305175781,100.828125,110.60000610351562,124.734375,131.39999389648438,124.734375,81.80000305175781,156.609375,91.4000015258789,201.234375,93.0,236.296875,101.0,155.015625,93.0,199.640625,67.4000015258789,221.953125,89.80000305175781,76.921875,94.60000610351562,75.328125,80.19999694824219,80.109375,-1.0,-1.0
96.52678680419922,80.109375,86.99107360839844,99.234375,72.6875,99.234375,61.5625,127.921875,61.5625,156.609375,99.70535278320312,100.828125,112.41964721679688,124.734375,131.49107360839844,124.734375,80.63392639160156,155.015625,90.16964721679688,198.046875,91.75892639160156,231.515625,101.29464721679688,156.609375,102.88392639160156,196.453125,93.34821319580078,225.140625,91.75892639160156,76.921875,96.52678680419922,75.328125,82.22321319580078,80.109375,-1.0,-1.0
98.9375,78.515625,89.40178680419922,99.234375,75.09821319580078,99.234375,63.97321319580078,127.921875,65.5625,151.828125,103.70535278320312,99.234375,116.41964721679688,123.140625,133.90179443359375,124.734375,87.8125,156.609375,92.58035278320312,196.453125,92.58035278320312,234.703125,108.47321319580078,155.015625,111.65178680419922,194.859375,98.9375,221.953125,94.16964721679688,75.328125,98.9375,75.328125,84.63392639160156,80.109375,-1.0,-1.0
101.9375,78.515625,92.40178680419922,99.234375,78.09821319580078,99.234375,66.97321319580078,127.921875,74.91964721679688,150.234375,106.70535278320312,99.234375,121.00892639160156,121.546875,141.66964721679688,121.546875,90.8125,156.609375,92.40178680419922,199.640625,90.8125,234.703125,111.47321319580078,156.609375,109.88392639160156,199.640625,98.75892639160156,234.703125,97.16964721679688,75.328125,101.9375,73.734375,87.63392639160156,78.515625,-1.0,-1.0
104.23008728027344,76.921875,94.67256164550781,99.234375,80.3362808227539,99.234375,70.77876281738281,126.328125,72.3716812133789,145.453125,109.00885009765625,99.234375,124.93804931640625,119.953125,142.46017456054688,121.546875,91.48672485351562,156.609375,94.67256164550781,198.046875,91.48672485351562,234.703125,113.78761291503906,156.609375,118.56636810302734,196.453125,105.82300567626953,229.921875,99.45132446289062,73.734375,104.23008728027344,73.734375,89.89380645751953,78.515625,-1.0,-1.0
108.23008728027344,78.515625,98.67256164550781,99.234375,82.74336242675781,99.234375,74.77876281738281,126.328125,74.77876281738281,147.046875,113.00885009765625,99.234375,127.34513092041016,118.359375,146.46017456054688,118.359375,93.89380645751953,156.609375,95.48672485351562,198.046875,92.30088806152344,234.703125,116.19468688964844,156.609375,120.97344970703125,196.453125,113.00885009765625,233.109375,103.45132446289062,73.734375,106.63716888427734,73.734375,92.30088806152344,78.515625,-1.0,-1.0
111.23008728027344,78.515625,101.67256164550781,99.234375,87.3362808227539,99.234375,76.18583679199219,126.328125,77.77876281738281,151.828125,116.00885009765625,99.234375,131.93804931640625,116.765625,147.86724853515625,118.359375,98.48672485351562,159.796875,100.07964324951172,199.640625,95.30088806152344,236.296875,119.19468688964844,158.203125,125.56636810302734,196.453125,123.97344970703125,233.109375,106.45132446289062,75.328125,109.63716888427734,73.734375,95.30088806152344,78.515625,-1.0,-1.0
115.23008728027344,78.515625,104.07964324951172,99.234375,89.74336242675781,100.828125,80.18583679199219,126.328125,84.964599609375,151.828125,118.41592407226562,99.234375,134.34512329101562,118.359375,156.64601135253906,115.171875,100.89380645751953,159.796875,100.89380645751953,199.640625,94.52212524414062,234.703125,121.60176849365234,158.203125,129.56637573242188,196.453125,132.75221252441406,233.109375,110.45132446289062,75.328125,115.23008728027344,73.734375,100.89380645751953,78.515625,-1.0,-1.0
118.23008728027344,78.515625,107.07964324951172,100.828125,92.74336242675781,100.828125,84.77876281738281,123.140625,-1.0,-1.0,121.41592407226562,100.828125,135.75221252441406,121.546875,156.46017456054688,116.765625,102.30088806152344,158.203125,102.30088806152344,199.640625,94.3362808227539,236.296875,123.00885009765625,158.203125,134.15928649902344,196.453125,138.93804931640625,231.515625,113.45132446289062,75.328125,116.63716888427734,73.734375,103.89380645751953,80.109375,-1.0,-1.0
121.31578826904297,78.515625,110.14035034179688,100.828125,95.77192687988281,100.828125,87.78947448730469,124.734375,92.57894897460938,155.015625,124.50877380371094,100.828125,138.877197265625,121.546875,158.03509521484375,116.765625,106.94737243652344,158.203125,103.75438690185547,199.640625,95.77192687988281,236.296875,126.10526275634766,158.203125,137.28070068359375,196.453125,143.6666717529297,233.109375,116.52631378173828,75.328125,119.71929931640625,73.734375,106.94737243652344,80.109375,-1.0,-1.0
125.31578826904297,78.515625,114.14035034179688,100.828125,99.77192687988281,100.828125,91.78947448730469,124.734375,104.5614013671875,140.671875,128.50877380371094,102.421875,144.4736785888672,119.953125,158.84210205078125,116.765625,107.75438690185547,161.390625,104.5614013671875,199.640625,98.1754379272461,234.703125,128.50877380371094,159.796875,141.28070068359375,194.859375,146.07017517089844,231.515625,120.52631378173828,75.328125,123.71929931640625,73.734375,110.94737243652344,80.109375,-1.0,-1.0
126.71929931640625,79.515625,117.14035034179688,101.828125,104.36842346191406,100.234375,93.19298553466797,125.734375,93.19298553466797,141.671875,131.50877380371094,103.421875,147.4736785888672,117.765625,-1.0,-1.0,110.75438690185547,160.796875,104.36842346191406,197.453125,96.3859634399414,232.515625,131.50877380371094,159.203125,144.28070068359375,194.265625,149.07017517089844,232.515625,123.52631378173828,76.328125,126.71929931640625,74.734375,113.94737243652344,81.109375,-1.0,-1.0
130.60000610351562,81.109375,121.0,101.828125,106.5999984741211,101.828125,97.0,125.734375,98.5999984741211,143.265625,133.8000030517578,103.421875,153.0,116.171875,162.60000610351562,117.765625,113.0,159.203125,106.5999984741211,197.453125,100.19999694824219,232.515625,135.39999389648438,159.203125,146.60000610351562,194.265625,148.1999969482422,234.109375,127.4000015258789,79.515625,130.60000610351562,76.328125,117.80000305175781,81.109375,-1.0,-1.0
134.60000610351562,82.703125,125.0,101.828125,109.0,101.828125,101.0,127.328125,107.4000015258789,144.859375,137.8000030517578,103.421875,157.0,116.171875,165.0,125.734375,115.4000015258789,159.203125,112.19999694824219,199.046875,-1.0,-1.0,136.1999969482422,159.203125,147.39999389648438,197.453125,150.60000610351562,235.703125,131.39999389648438,79.515625,134.60000610351562,77.921875,121.80000305175781,82.703125,-1.0,-1.0
139.1999969482422,81.109375,128.0,101.828125,113.5999984741211,101.828125,104.0,127.328125,112.0,148.046875,142.39999389648438,103.421875,161.60000610351562,114.578125,174.39999389648438,106.609375,121.5999984741211,160.796875,113.5999984741211,200.640625,104.0,224.546875,142.39999389648438,157.609375,148.8000030517578,197.453125,152.0,235.703125,134.39999389648438,77.921875,139.1999969482422,76.328125,124.80000305175781,81.109375,-1.0,-1.0
143.1999969482422,84.296875,132.0,101.828125,117.5999984741211,101.828125,108.0,127.328125,114.4000015258789,151.234375,146.39999389648438,103.421875,165.60000610351562,114.578125,178.39999389648438,106.609375,127.19999694824219,160.796875,122.4000015258789,199.046875,112.80000305175781,222.953125,148.0,159.203125,151.1999969482422,197.453125,151.1999969482422,235.703125,138.39999389648438,81.109375,141.60000610351562,79.515625,128.8000030517578,82.703125,-1.0,-1.0
146.74359130859375,82.703125,135.61538696289062,101.828125,121.30769348144531,101.828125,111.76923370361328,127.328125,118.12820434570312,149.640625,149.92308044433594,103.421875,169.0,114.578125,183.3076934814453,105.015625,129.25640869140625,160.796875,121.30769348144531,199.046875,-1.0,-1.0,149.92308044433594,159.203125,151.5128173828125,200.640625,151.5128173828125,235.703125,143.56410217285156,79.515625,146.74359130859375,79.515625,134.025634765625,82.703125,-1.0,-1.0
149.74359130859375,81.109375,140.2051239013672,101.828125,125.8974380493164,100.234375,114.76923370361328,125.734375,117.94871520996094,154.421875,154.5128173828125,103.421875,170.41024780273438,114.578125,176.76922607421875,114.578125,132.25640869140625,159.203125,124.30769348144531,200.640625,110.0,221.359375,152.92308044433594,159.203125,152.92308044433594,199.046875,152.92308044433594,235.703125,146.56410217285156,77.921875,149.74359130859375,77.921875,137.025634765625,81.109375,-1.0,-1.0
155.33334350585938,79.515625,144.2051239013672,101.828125,129.89743041992188,100.234375,118.76923370361328,125.734375,126.71794891357422,152.828125,156.92308044433594,101.828125,177.58975219726562,116.171875,193.4871826171875,103.421875,136.25640869140625,160.796875,129.89743041992188,199.046875,114.0,219.765625,155.33334350585938,159.203125,155.33334350585938,197.453125,153.74359130859375,237.296875,150.56410217285156,76.328125,155.33334350585938,76.328125,141.025634765625,79.515625,-1.0,-1.0
156.74359130859375,79.515625,147.2051239013672,101.828125,132.89743041992188,100.234375,121.76923370361328,122.546875,124.94871520996094,140.078125,159.92308044433594,101.828125,182.1794891357422,114.578125,196.4871826171875,105.015625,139.25640869140625,156.015625,137.6666717529297,197.453125,118.5897445678711,221.359375,158.33334350585938,157.609375,156.74359130859375,197.453125,151.974365234375,235.703125,153.56410217285156,76.328125,156.74359130859375,76.328125,145.61538696289062,81.109375,-1.0,-1.0
161.42373657226562,79.515625,150.27117919921875,100.234375,137.52542114257812,100.234375,124.7796630859375,122.546875,131.1525421142578,141.671875,163.01695251464844,101.828125,185.32203674316406,114.578125,198.0677947998047,105.015625,143.89830017089844,156.015625,155.05084228515625,199.046875,153.45762634277344,235.703125,161.42373657226562,156.015625,156.64407348632812,195.859375,-1.0,-1.0,158.23728942871094,76.328125,161.42373657226562,74.734375,148.67796325683594,79.515625,-1.0,-1.0
165.42373657226562,79.515625,154.27117919921875,101.828125,139.9322052001953,100.234375,127.18643951416016,124.140625,133.559326171875,146.453125,167.01695251464844,101.828125,187.72882080078125,114.578125,200.47457885742188,108.203125,144.7118682861328,156.015625,155.86441040039062,199.046875,154.27117919921875,235.703125,162.23728942871094,156.015625,151.08474731445312,197.453125,133.559326171875,230.921875,162.23728942871094,76.328125,165.42373657226562,74.734375,152.67796325683594,79.515625,-1.0,-1.0
170.01695251464844,79.515625,157.27117919921875,101.828125,142.9322052001953,100.234375,130.1864471435547,122.546875,134.96609497070312,143.265625,171.61016845703125,103.421875,190.72882080078125,116.171875,203.47457885742188,105.015625,149.30508422851562,156.015625,157.27117919921875,197.453125,152.4915313720703,237.296875,166.83050537109375,154.421875,162.05084228515625,197.453125,141.3389892578125,226.140625,165.23728942871094,76.328125,170.01695251464844,74.734375,155.67796325683594,79.515625,-1.0,-1.0
173.90756225585938,79.515625,161.13446044921875,101.828125,146.76470947265625,100.234375,133.99159240722656,124.140625,135.58824157714844,146.453125,173.90756225585938,103.421875,191.4705810546875,116.171875,186.6806640625,119.359375,153.15126037597656,156.015625,161.13446044921875,197.453125,151.55462646484375,237.296875,169.11764526367188,156.015625,165.92437744140625,197.453125,146.76470947265625,232.515625,169.11764526367188,76.328125,173.90756225585938,74.734375,157.94117736816406,79.515625,-1.0,-1.0
177.90756225585938,81.109375,163.53781127929688,101.828125,149.16806030273438,100.234375,137.99159240722656,124.140625,137.99159240722656,149.640625,176.31092834472656,103.421875,195.4705810546875,117.765625,211.43698120117188,106.609375,155.55462646484375,157.609375,163.53781127929688,195.859375,155.55462646484375,235.703125,173.11764526367188,157.609375,171.52101135253906,195.859375,158.74789428710938,232.515625,173.11764526367188,79.515625,174.71429443359375,77.921875,161.94117736816406,79.515625,-1.0,-1.0
182.50421142578125,81.109375,168.13446044921875,101.828125,153.76470947265625,100.234375,140.99159240722656,124.140625,142.58824157714844,149.640625,180.90756225585938,103.421875,198.4705810546875,117.765625,216.0336151123047,106.609375,158.55462646484375,157.609375,161.74789428710938,197.453125,153.76470947265625,235.703125,174.52101135253906,157.609375,174.52101135253906,197.453125,168.13446044921875,235.703125,177.71429443359375,77.921875,182.50421142578125,74.734375,166.53781127929688,81.109375,-1.0,-1.0
184.90756225585938,81.109375,170.53781127929688,101.828125,157.76470947265625,100.234375,144.99159240722656,122.546875,151.37814331054688,149.640625,183.31092834472656,103.421875,204.06723022460938,117.765625,220.0336151123047,106.609375,162.55462646484375,157.609375,160.95797729492188,199.046875,154.57142639160156,234.109375,176.92437744140625,157.609375,178.52101135253906,197.453125,176.92437744140625,235.703125,180.11764526367188,77.921875,183.31092834472656,76.328125,168.94117736816406,81.109375,-1.0,-1.0
188.0,81.109375,175.1999969482422,103.421875,160.8000030517578,101.828125,146.39999389648438,125.734375,156.0,151.234375,188.0,105.015625,207.1999969482422,120.953125,224.8000030517578,106.609375,165.60000610351562,160.796875,181.60000610351562,195.859375,-1.0,-1.0,181.60000610351562,159.203125,183.1999969482422,199.046875,186.39999389648438,237.296875,183.1999969482422,77.921875,188.0,74.734375,172.0,81.109375,-1.0,-1.0
192.60000610351562,82.703125,178.1999969482422,105.015625,165.39999389648438,101.828125,149.39999389648438,125.734375,152.60000610351562,152.828125,191.0,105.015625,208.60000610351562,120.953125,227.8000030517578,106.609375,167.0,160.796875,168.60000610351562,195.859375,-1.0,-1.0,183.0,160.796875,186.1999969482422,195.859375,194.1999969482422,234.109375,187.8000030517578,77.921875,192.60000610351562,76.328125,176.60000610351562,82.703125,-1.0,-1.0
196.60000610351562,84.296875,182.1999969482422,105.015625,167.8000030517578,103.421875,155.0,128.921875,156.60000610351562,162.390625,195.0,106.609375,211.0,122.546875,230.20001220703125,109.796875,171.0,162.390625,191.8000030517578,197.453125,203.0,235.703125,188.60000610351562,162.390625,190.1999969482422,194.265625,201.39999389648438,234.109375,191.8000030517578,79.515625,195.0,77.921875,182.1999969482422,82.703125,-1.0,-1.0
201.1999969482422,84.296875,185.1999969482422,106.609375,172.39999389648438,103.421875,158.0,127.328125,158.0,154.421875,199.60000610351562,108.203125,215.60000610351562,122.546875,231.60000610351562,112.984375,175.60000610351562,160.796875,196.39999389648438,197.453125,209.1999969482422,235.703125,193.1999969482422,160.796875,194.8000030517578,194.265625,206.0,234.109375,194.8000030517578,79.515625,198.0,79.515625,183.60000610351562,82.703125,-1.0,-1.0
204.70492553710938,84.296875,188.80328369140625,105.015625,176.08197021484375,103.421875,161.77049255371094,127.328125,160.18032836914062,152.828125,201.52459716796875,108.203125,219.01638793945312,122.546875,231.73770141601562,116.171875,179.26229858398438,160.796875,199.93441772460938,197.453125,211.06558227539062,234.109375,196.75408935546875,160.796875,199.93441772460938,192.671875,211.06558227539062,235.703125,199.93441772460938,81.109375,203.11474609375,79.515625,188.80328369140625,84.296875,-1.0,-1.0
208.70492553710938,84.296875,192.80328369140625,106.609375,180.08197021484375,105.015625,165.77049255371094,128.921875,165.77049255371094,157.609375,203.93441772460938,106.609375,224.6065673828125,122.546875,240.50819396972656,112.984375,183.26229858398438,160.796875,205.52459716796875,200.640625,215.06558227539062,237.296875,200.75408935546875,162.390625,203.93441772460938,200.640625,213.47540283203125,235.703125,203.93441772460938,81.109375,207.11474609375,79.515625,192.80328369140625,84.296875,-1.0,-1.0
213.29507446289062,84.296875,197.39344787597656,106.609375,186.26229858398438,105.015625,170.36065673828125,128.921875,168.77049255371094,157.609375,210.11474609375,108.203125,224.42623901367188,122.546875,237.14755249023438,117.765625,192.62295532226562,163.984375,208.52459716796875,197.453125,216.47540283203125,237.296875,206.93441772460938,162.390625,219.65573120117188,183.109375,-1.0,-1.0,208.52459716796875,81.109375,211.70492553710938,79.515625,195.80328369140625,84.296875,-1.0,-1.0
217.29507446289062,84.296875,201.39344787597656,105.015625,190.26229858398438,105.015625,174.36065673828125,128.921875,172.77049255371094,156.015625,212.52459716796875,106.609375,226.8360595703125,122.546875,241.14755249023438,119.359375,195.0327911376953,162.390625,212.52459716796875,200.640625,218.88525390625,238.890625,210.93441772460938,162.390625,217.29507446289062,200.640625,217.29507446289062,238.890625,210.93441772460938,81.109375,215.70492553710938,79.515625,199.80328369140625,84.296875,-1.0,-1.0
221.19512939453125,84.296875,205.26016235351562,105.015625,195.69918823242188,105.015625,178.1707305908203,128.921875,176.57723999023438,156.015625,216.41464233398438,106.609375,235.53659057617188,122.546875,251.4715576171875,114.578125,202.0731658935547,160.796875,210.0406494140625,199.046875,219.60162353515625,237.296875,216.41464233398438,159.203125,221.19512939453125,194.265625,219.60162353515625,238.890625,216.41464233398438,79.515625,221.19512939453125,79.515625,203.6666717529297,82.703125,-1.0,-1.0
224.19512939453125,82.703125,209.85366821289062,105.015625,200.2926788330078,103.421875,182.76422119140625,130.515625,179.57723999023438,157.609375,221.0081329345703,106.609375,240.1300811767578,124.140625,259.2520446777344,112.984375,205.0731658935547,162.390625,216.22764587402344,197.453125,221.0081329345703,238.890625,219.41464233398438,160.796875,225.7886199951172,195.859375,219.41464233398438,238.890625,221.0081329345703,79.515625,-1.0,-1.0,208.26016235351562,82.703125,-1.0,-1.0
228.19512939453125,84.296875,213.85366821289062,105.015625,204.2926788330078,103.421875,186.76422119140625,130.515625,183.57723999023438,156.015625,225.0081329345703,105.015625,242.53659057617188,122.546875,260.0650329589844,114.578125,210.6666717529297,160.796875,213.85366821289062,200.640625,220.22764587402344,238.890625,223.41464233398438,159.203125,225.0081329345703,197.453125,220.22764587402344,238.890625,225.0081329345703,81.109375,229.7886199951172,79.515625,213.85366821289062,82.703125,-1.0,-1.0
232.89515686035156,84.296875,218.52420043945312,105.015625,207.34677124023438,103.421875,191.3790283203125,128.921875,188.18548583984375,156.015625,229.7016143798828,106.609375,242.47579956054688,122.546875,263.23388671875,116.171875,212.13710021972656,160.796875,218.52420043945312,200.640625,220.1209716796875,240.484375,226.508056640625,159.203125,226.508056640625,199.046875,221.71774291992188,234.109375,228.10484313964844,81.109375,231.2983856201172,79.515625,216.92742919921875,82.703125,-1.0,-1.0
237.491943359375,81.109375,221.52420043945312,103.421875,211.94354248046875,101.828125,195.97579956054688,130.515625,194.3790283203125,156.015625,232.7016143798828,105.015625,245.47579956054688,120.953125,264.6370849609375,117.765625,216.73387145996094,160.796875,221.52420043945312,200.640625,218.3306427001953,238.890625,229.508056640625,160.796875,226.31451416015625,199.046875,223.1209716796875,226.140625,232.7016143798828,79.515625,235.89515686035156,76.328125,223.1209716796875,81.109375,-1.0,-1.0
239.2983856201172,82.82421875,224.92742919921875,103.64453125,215.34677124023438,102.04296875,199.3790283203125,129.26953125,199.3790283203125,156.49609375,234.508056640625,103.64453125,248.8790283203125,122.86328125,266.44354248046875,118.05859375,220.13710021972656,161.30078125,224.92742919921875,201.33984375,220.13710021972656,239.77734375,234.508056640625,161.30078125,226.52420043945312,199.73828125,210.55645751953125,228.56640625,236.10484313964844,79.62109375,239.2983856201172,76.41796875,224.92742919921875,82.82421875,-1.0,-1.0
244.89515686035156,82.82421875,230.52420043945312,102.04296875,219.34677124023438,102.04296875,204.97579956054688,130.87109375,204.97579956054688,158.09765625,240.10484313964844,103.64453125,251.28225708007812,119.66015625,265.6532287597656,119.66015625,224.13710021972656,162.90234375,227.3306427001953,202.94140625,222.5403289794922,239.77734375,238.508056640625,161.30078125,232.1209716796875,202.94140625,225.73387145996094,236.57421875,241.7016143798828,81.22265625,244.89515686035156,79.62109375,228.92742919921875,84.42578125,-1.0,-1.0
248.89515686035156,86.02734375,234.52420043945312,102.04296875,223.34677124023438,102.04296875,208.97579956054688,130.87109375,208.97579956054688,158.09765625,244.10484313964844,103.64453125,258.4757995605469,122.86328125,279.23388671875,116.45703125,228.13710021972656,164.50390625,232.92742919921875,202.94140625,221.75,238.17578125,244.10484313964844,161.30078125,248.89515686035156,199.73828125,237.71774291992188,236.57421875,245.7016143798828,81.22265625,248.89515686035156,81.22265625,236.1209716796875,82.82421875,-1.0,-1.0
255.491943359375,82.82421875,237.92742919921875,103.64453125,228.34677124023438,102.04296875,212.3790283203125,130.87109375,213.97579956054688,158.09765625,249.10484313964844,105.24609375,263.4757995605469,124.46484375,277.8467712402344,119.66015625,229.94354248046875,162.90234375,225.15322875976562,206.14453125,221.95968627929688,238.17578125,245.91128540039062,162.90234375,253.89515686035156,201.33984375,249.10484313964844,234.97265625,252.2983856201172,78.01953125,255.491943359375,78.01953125,241.1209716796875,81.22265625,-1.0,-1.0
259.491943359375,82.82421875,243.52420043945312,103.64453125,233.94354248046875,102.04296875,216.3790283203125,130.87109375,216.3790283203125,159.69921875,253.10484313964844,105.24609375,265.8790283203125,126.06640625,273.8629150390625,126.06640625,230.75,161.30078125,225.95968627929688,202.94140625,222.76612854003906,238.17578125,248.31451416015625,162.90234375,257.8951721191406,199.73828125,261.0887145996094,234.97265625,256.29840087890625,79.62109375,259.491943359375,78.01953125,245.1209716796875,82.82421875,-1.0,-1.0
265.0887145996094,85.42578125,247.52420043945312,106.24609375,236.34677124023438,104.64453125,221.97579956054688,131.87109375,223.5725860595703,163.90234375,257.1048278808594,107.84765625,269.8790283203125,127.06640625,281.05645751953125,125.46484375,236.34677124023438,167.10546875,229.95968627929688,203.94140625,223.5725860595703,239.17578125,255.508056640625,165.50390625,266.68548583984375,202.33984375,271.4757995605469,237.57421875,261.8951721191406,82.22265625,263.491943359375,82.22265625,250.71774291992188,85.42578125,-1.0,-1.0
268.491943359375,87.02734375,250.92742919921875,106.24609375,241.34677124023438,104.64453125,223.78225708007812,131.87109375,226.97579956054688,162.30078125,262.1048278808594,106.24609375,274.8790283203125,128.66796875,290.8467712402344,123.86328125,241.34677124023438,165.50390625,234.95968627929688,199.13671875,223.78225708007812,235.97265625,260.508056640625,163.90234375,270.0887145996094,200.73828125,278.07257080078125,235.97265625,266.8951721191406,83.82421875,268.491943359375,83.82421875,255.71774291992188,85.42578125,-1.0,-1.0
272.491943359375,85.42578125,256.5242004394531,104.64453125,245.34677124023438,104.64453125,229.3790283203125,130.26953125,227.78225708007812,157.49609375,266.1048278808594,106.24609375,278.8790283203125,128.66796875,294.8467712402344,123.86328125,245.34677124023438,163.90234375,275.68548583984375,194.33203125,-1.0,-1.0,262.9112854003906,163.90234375,275.68548583984375,199.13671875,282.07257080078125,235.97265625,269.29840087890625,82.22265625,270.8951721191406,82.22265625,258.1209716796875,83.82421875,-1.0,-1.0
278.6229553222656,87.02734375,260.9508056640625,106.24609375,251.3114776611328,106.24609375,235.2458953857422,130.26953125,235.2458953857422,160.69921875,270.59014892578125,106.24609375,283.442626953125,128.66796875,302.7213134765625,123.86328125,254.52459716796875,165.50390625,277.0163879394531,202.33984375,283.442626953125,240.77734375,270.59014892578125,163.90234375,278.6229553222656,202.33984375,283.442626953125,237.57421875,277.0163879394531,82.22265625,-1.0,-1.0,265.7705078125,83.82421875,-1.0,-1.0
284.68548583984375,87.02734375,265.5242004394531,106.24609375,255.94354248046875,104.64453125,238.3790283203125,130.26953125,247.95968627929688,160.69921875,275.1048278808594,106.24609375,286.2822570800781,128.66796875,303.8467712402344,123.86328125,259.1370849609375,165.50390625,279.8951721191406,203.94140625,284.68548583984375,242.37890625,275.1048278808594,163.90234375,281.491943359375,203.94140625,284.68548583984375,242.37890625,281.491943359375,82.22265625,-1.0,-1.0,270.31451416015625,83.82421875,-1.0,-1.0
289.1463317871094,87.1640625,271.43902587890625,104.8671875,261.7804870605469,103.2578125,245.68292236328125,129.0078125,247.2926788330078,156.3671875,281.0975646972656,106.4765625,290.756103515625,125.7890625,303.6341552734375,122.5703125,265.0,164.4140625,284.31707763671875,203.0390625,285.92681884765625,241.6640625,279.48779296875,162.8046875,284.31707763671875,203.0390625,285.92681884765625,241.6640625,284.31707763671875,82.3359375,289.1463317871094,83.9453125,273.04876708984375,83.9453125,-1.0,-1.0
293.2294921875,83.9453125,275.557373046875,104.8671875,264.31146240234375,103.2578125,249.8524627685547,127.3984375,253.06558227539062,159.5859375,286.80328369140625,106.4765625,293.2294921875,129.0078125,-1.0,-1.0,267.52459716796875,162.8046875,286.80328369140625,201.4296875,286.80328369140625,241.6640625,283.59014892578125,162.8046875,285.19671630859375,203.0390625,285.19671630859375,240.0546875,288.40985107421875,80.7265625,-1.0,-1.0,277.1639404296875,83.9453125,-1.0,-1.0
299.756103515625,83.9453125,280.43902587890625,103.2578125,270.7804870605469,101.6484375,254.68292236328125,127.3984375,254.68292236328125,157.9765625,291.7073059082031,106.4765625,299.756103515625,129.0078125,319.07318115234375,129.0078125,270.7804870605469,164.4140625,286.8780517578125,203.0390625,286.8780517578125,243.2734375,286.8780517578125,164.4140625,288.48779296875,204.6484375,286.8780517578125,240.0546875,296.5365905761719,80.7265625,299.756103515625,80.7265625,282.04876708984375,82.3359375,-1.0,-1.0
302.1463317871094,82.3359375,284.43902587890625,103.2578125,274.7804870605469,101.6484375,257.07318115234375,129.0078125,258.68292236328125,157.9765625,295.7073059082031,104.8671875,305.3658447265625,127.3984375,324.68292236328125,125.7890625,273.1707458496094,164.4140625,265.1219482421875,203.0390625,257.07318115234375,228.7890625,289.2682800292969,164.4140625,289.2682800292969,201.4296875,287.6585388183594,241.6640625,298.92681884765625,79.1171875,302.1463317871094,79.1171875,286.04876708984375,80.7265625,-1.0,-1.0
306.2294921875,83.9453125,288.557373046875,101.6484375,278.91802978515625,100.0390625,261.24591064453125,125.7890625,266.0655822753906,156.3671875,299.80328369140625,104.8671875,309.442626953125,127.3984375,330.327880859375,119.3515625,280.52459716796875,162.8046875,291.7705078125,204.6484375,286.9508056640625,241.6640625,293.3770446777344,162.8046875,277.31146240234375,204.6484375,262.8524475097656,230.3984375,303.0163879394531,80.7265625,-1.0,-1.0,293.3770446777344,82.3359375,-1.0,-1.0
310.80328369140625,84.06640625,292.9508056640625,101.85546875,283.2131042480469,100.23828125,266.9836120605469,126.11328125,265.36065673828125,153.60546875,302.68853759765625,103.47265625,314.0491943359375,127.73046875,335.14752197265625,118.02734375,283.2131042480469,161.69140625,292.9508056640625,202.12109375,286.4590148925781,242.55078125,297.8196716308594,161.69140625,289.7049255371094,203.73828125,271.8524475097656,232.84765625,307.557373046875,80.83203125,-1.0,-1.0,296.19671630859375,82.44921875,-1.0,-1.0
316.4262390136719,85.68359375,296.9508056640625,101.85546875,288.8360595703125,100.23828125,270.9836120605469,126.11328125,272.6065673828125,155.22265625,308.31146240234375,103.47265625,316.4262390136719,127.73046875,334.2786865234375,124.49609375,288.8360595703125,160.07421875,296.9508056640625,202.12109375,285.59014892578125,239.31640625,303.442626953125,161.69140625,298.5737609863281,202.12109375,283.96722412109375,236.08203125,313.1803283691406,82.44921875,-1.0,-1.0,301.8196716308594,82.44921875,-1.0,-1.0
321.3140563964844,85.68359375,301.87603759765625,103.47265625,293.77685546875,100.23828125,275.95867919921875,127.73046875,277.5785217285156,158.45703125,313.2148742675781,105.08984375,322.93389892578125,127.73046875,342.37188720703125,122.87890625,292.1570129394531,161.69140625,297.01654052734375,202.12109375,295.3966979980469,242.55078125,306.73553466796875,161.69140625,300.2561950683594,202.12109375,292.1570129394531,239.31640625,318.0743713378906,80.83203125,321.3140563964844,80.83203125,305.1156921386719,82.44921875,-1.0,-1.0
323.80328369140625,87.30078125,305.9508056640625,103.47265625,296.2131042480469,101.85546875,278.36065673828125,129.34765625,283.2294921875,158.45703125,317.31146240234375,105.08984375,325.4262390136719,127.73046875,346.52459716796875,121.26171875,297.8360595703125,161.69140625,312.442626953125,202.12109375,307.5737609863281,245.78515625,310.8196716308594,161.69140625,314.0655822753906,203.73828125,310.8196716308594,240.93359375,320.557373046875,84.06640625,325.4262390136719,84.06640625,310.8196716308594,84.06640625,-1.0,-1.0
326.1803283691406,90.53515625,311.5737609863281,103.47265625,301.8360595703125,101.85546875,283.9836120605469,130.96484375,295.3442687988281,160.07421875,322.9344177246094,106.70703125,331.0491943359375,130.96484375,350.52459716796875,126.11328125,301.8360595703125,161.69140625,296.96722412109375,206.97265625,288.8524475097656,240.93359375,318.0655822753906,161.69140625,321.31146240234375,200.50390625,321.31146240234375,239.31640625,324.557373046875,85.68359375,327.80328369140625,87.30078125,314.8196716308594,85.68359375,-1.0,-1.0
331.1803283691406,92.15234375,314.9508056640625,105.08984375,305.2131042480469,103.47265625,288.9836120605469,132.58203125,293.8524475097656,160.07421875,324.68853759765625,105.08984375,334.4262390136719,129.34765625,347.40985107421875,132.58203125,306.8360595703125,161.69140625,324.68853759765625,202.12109375,-1.0,-1.0,321.442626953125,163.30859375,326.31146240234375,206.97265625,334.4262390136719,244.16796875,327.9344177246094,87.30078125,332.80328369140625,87.30078125,319.8196716308594,88.91796875,-1.0,-1.0
336.80328369140625,90.6875,318.9508056640625,105.3125,310.8360595703125,103.6875,292.9836120605469,132.9375,296.2294921875,158.9375,328.68853759765625,106.9375,336.80328369140625,129.6875,340.0491943359375,132.9375,312.4590148925781,163.8125,301.0983581542969,206.0625,289.7377014160156,241.8125,325.442626953125,163.8125,333.557373046875,202.8125,343.2950744628906,241.8125,333.557373046875,87.4375,338.4262390136719,87.4375,325.442626953125,87.4375,-1.0,-1.0
342.4262390136719,90.6875,322.9508056640625,105.3125,314.8360595703125,103.6875,298.6065673828125,132.9375,301.8524475097656,158.9375,334.31146240234375,106.9375,340.80328369140625,132.9375,360.2786865234375,134.5625,316.4590148925781,163.8125,337.557373046875,199.5625,-1.0,-1.0,329.442626953125,163.8125,340.80328369140625,204.4375,350.5409851074219,243.4375,340.80328369140625,85.8125,-1.0,-1.0,329.442626953125,87.4375,-1.0,-1.0
347.4262390136719,90.6875,327.9508056640625,105.3125,319.8360595703125,105.3125,303.6065673828125,131.3125,305.2294921875,155.6875,337.68853759765625,105.3125,339.31146240234375,129.6875,353.91802978515625,131.3125,324.7049255371094,162.1875,342.557373046875,202.8125,350.672119140625,241.8125,336.0655822753906,162.1875,344.1803283691406,204.4375,352.2950744628906,238.5625,344.1803283691406,87.4375,-1.0,-1.0,334.442626953125,87.4375,-1.0,-1.0
351.4262390136719,89.0625,335.19671630859375,106.9375,325.4590148925781,105.3125,310.8524475097656,131.3125,309.2294921875,157.3125,344.9344177246094,106.9375,348.1803283691406,129.6875,357.91802978515625,134.5625,331.9508056640625,167.0625,348.1803283691406,207.6875,356.2950744628906,243.4375,344.9344177246094,165.4375,351.4262390136719,207.6875,357.91802978515625,243.4375,349.80328369140625,85.8125,-1.0,-1.0,340.0655822753906,85.8125,-1.0,-1.0
358.672119140625,89.0625,340.8196716308594,106.9375,332.7049255371094,105.3125,316.47540283203125,132.9375,318.0983581542969,160.5625,348.9344177246094,106.9375,357.0491943359375,136.1875,368.40985107421875,141.0625,337.5737609863281,167.0625,353.80328369140625,207.6875,361.91802978515625,245.0625,350.557373046875,167.0625,348.9344177246094,204.4375,360.2950744628906,249.9375,357.0491943359375,85.8125,-1.0,-1.0,348.9344177246094,85.8125,-1.0,-1.0
364.18182373046875,89.20703125,346.18182373046875,105.53515625,338.0,103.90234375,321.6363525390625,131.66015625,323.2727355957031,157.78515625,354.3636474609375,105.53515625,357.6363525390625,134.92578125,375.6363525390625,144.72265625,341.2727355957031,165.94921875,357.6363525390625,210.03515625,362.54547119140625,245.95703125,354.3636474609375,165.94921875,356.0,210.03515625,359.2727355957031,245.95703125,362.54547119140625,85.94140625,-1.0,-1.0,354.3636474609375,85.94140625,-1.0,-1.0
368.18182373046875,87.57421875,351.81817626953125,103.90234375,343.6363525390625,103.90234375,327.2727355957031,131.66015625,328.9090881347656,159.41796875,360.0,105.53515625,358.3636474609375,133.29296875,369.81817626953125,141.45703125,345.2727355957031,165.94921875,358.3636474609375,205.13671875,361.6363525390625,244.32421875,356.7272644042969,164.31640625,360.0,210.03515625,361.6363525390625,245.95703125,366.54547119140625,84.30859375,-1.0,-1.0,358.3636474609375,84.30859375,-1.0,-1.0
373.81817626953125,87.57421875,355.81817626953125,103.90234375,349.2727355957031,102.26953125,332.9090881347656,131.66015625,332.9090881347656,161.05078125,364.0,105.53515625,362.3636474609375,131.66015625,-1.0,-1.0,347.6363525390625,165.94921875,360.7272644042969,206.76953125,362.3636474609375,244.32421875,360.7272644042969,165.94921875,360.7272644042969,208.40234375,360.7272644042969,245.95703125,370.54547119140625,82.67578125,-1.0,-1.0,362.3636474609375,84.30859375,-1.0,-1.0
378.81817626953125,87.57421875,360.81817626953125,102.26953125,354.2727355957031,102.26953125,336.2727355957031,130.02734375,336.2727355957031,154.51953125,369.0,103.90234375,-1.0,-1.0,-1.0,-1.0,354.2727355957031,164.31640625,362.45452880859375,206.76953125,362.45452880859375,244.32421875,367.3636474609375,164.31640625,365.7272644042969,205.13671875,364.0909118652344,242.69140625,377.18182373046875,82.67578125,-1.0,-1.0,369.0,82.67578125,-1.0,-1.0
384.45452880859375,85.94140625,364.81817626953125,102.26953125,358.2727355957031,100.63671875,343.5454406738281,130.02734375,343.5454406738281,157.78515625,373.0,102.26953125,-1.0,-1.0,-1.0,-1.0,361.54547119140625,164.31640625,368.0909118652344,208.40234375,361.54547119140625,244.32421875,373.0,162.68359375,374.6363525390625,205.13671875,346.81817626953125,229.62890625,382.81817626953125,82.67578125,-1.0,-1.0,373.0,81.04296875,-1.0,-1.0
390.0909118652344,82.7890625,370.45452880859375,102.4765625,363.9090881347656,100.8359375,347.5454406738281,130.3671875,350.81817626953125,156.6171875,378.6363525390625,102.4765625,380.2727355957031,136.9296875,390.0909118652344,153.3359375,365.54547119140625,164.8203125,367.18182373046875,207.4765625,362.2727355957031,241.9296875,378.6363525390625,164.8203125,373.7272644042969,207.4765625,360.6363525390625,238.6484375,388.45452880859375,79.5078125,-1.0,-1.0,378.6363525390625,81.1484375,-1.0,-1.0
396.7272644042969,84.4296875,375.45452880859375,102.4765625,368.9090881347656,100.8359375,350.9090881347656,128.7265625,354.18182373046875,156.6171875,385.2727355957031,104.1171875,385.2727355957031,136.9296875,393.45452880859375,153.3359375,370.54547119140625,164.8203125,391.81817626953125,200.9140625,364.0,245.2109375,383.6363525390625,164.8203125,390.18182373046875,205.8359375,373.81817626953125,241.9296875,393.45452880859375,81.1484375,-1.0,-1.0,385.2727355957031,81.1484375,-1.0,-1.0
400.7272644042969,84.4296875,381.0909118652344,102.4765625,372.9090881347656,100.8359375,358.18182373046875,130.3671875,371.2727355957031,163.1796875,389.2727355957031,102.4765625,389.2727355957031,135.2890625,397.45452880859375,158.2578125,374.54547119140625,166.4609375,369.6363525390625,209.1171875,364.7272644042969,243.5703125,387.6363525390625,166.4609375,392.54547119140625,207.4765625,389.2727355957031,240.2890625,399.0909118652344,81.1484375,-1.0,-1.0,389.2727355957031,81.1484375,-1.0,-1.0
405.3529357910156,86.0703125,385.5882263183594,102.4765625,379.0,100.8359375,362.5294189453125,130.3671875,369.1176452636719,158.2578125,395.4705810546875,104.1171875,395.4705810546875,136.9296875,402.058837890625,161.5390625,379.0,166.4609375,370.76470947265625,209.1171875,364.1764831542969,243.5703125,393.8235168457031,166.4609375,398.76470947265625,209.1171875,400.4117736816406,243.5703125,403.70587158203125,81.1484375,-1.0,-1.0,395.4705810546875,82.7890625,-1.0,-1.0
409.7272644042969,87.7109375,391.7272644042969,102.4765625,385.18182373046875,102.4765625,368.81817626953125,128.7265625,372.0909118652344,154.9765625,398.2727355957031,102.4765625,-1.0,-1.0,-1.0,-1.0,383.54547119140625,164.8203125,373.7272644042969,205.8359375,365.5454406738281,245.2109375,396.6363525390625,164.8203125,408.0909118652344,205.8359375,414.6363525390625,240.2890625,408.0909118652344,82.7890625,-1.0,-1.0,399.9090881347656,82.7890625,-1.0,-1.0
416.7749938964844,86.19921875,395.32501220703125,102.68359375,390.375,102.68359375,373.875,129.05859375,380.4750061035156,160.37890625,403.57501220703125,102.68359375,-1.0,-1.0,-1.0,-1.0,387.07501220703125,165.32421875,373.875,209.83203125,365.625,244.44921875,398.625,165.32421875,411.82501220703125,208.18359375,425.0249938964844,246.09765625,415.125,82.90234375,-1.0,-1.0,405.2250061035156,82.90234375,-1.0,-1.0
420.0,87.84765625,401.8823547363281,102.68359375,395.29412841796875,102.68359375,380.4705810546875,130.70703125,387.058837890625,160.37890625,408.4705810546875,104.33203125,-1.0,-1.0,-1.0,-1.0,392.0,165.32421875,378.8235168457031,209.83203125,367.29412841796875,244.44921875,405.1764831542969,165.32421875,420.0,206.53515625,431.5294189453125,236.20703125,418.3529357910156,82.90234375,-1.0,-1.0,410.1176452636719,84.55078125,-1.0,-1.0
427.42498779296875,87.84765625,407.625,102.68359375,401.0249938964844,102.68359375,386.17498779296875,132.35546875,391.125,160.37890625,415.875,104.33203125,-1.0,-1.0,-1.0,-1.0,397.7250061035156,168.62109375,381.2250061035156,209.83203125,371.32501220703125,242.80078125,412.57501220703125,168.62109375,422.4750061035156,208.18359375,432.375,244.44921875,425.7749938964844,84.55078125,-1.0,-1.0,415.875,82.90234375,-1.0,-1.0
431.42498779296875,89.49609375,411.625,102.68359375,406.67498779296875,102.68359375,390.17498779296875,132.35546875,401.7250061035156,162.02734375,419.875,104.33203125,-1.0,-1.0,-1.0,-1.0,401.7250061035156,166.97265625,386.875,213.12890625,372.0249938964844,244.44921875,416.57501220703125,166.97265625,433.07501220703125,208.18359375,436.375,244.44921875,429.7749938964844,86.19921875,-1.0,-1.0,421.5249938964844,84.55078125,-1.0,-1.0
436.29412841796875,87.84765625,418.1764831542969,102.68359375,413.23529052734375,102.68359375,396.76470947265625,132.35546875,406.6470642089844,162.02734375,424.76470947265625,104.33203125,-1.0,-1.0,-1.0,-1.0,411.5882263183594,166.97265625,409.941162109375,214.77734375,-1.0,-1.0,421.4705810546875,166.97265625,434.6470642089844,209.83203125,437.941162109375,246.09765625,434.6470642089844,84.55078125,-1.0,-1.0,426.4117736816406,84.55078125,-1.0,-1.0
442.07501220703125,89.640625,423.92498779296875,102.890625,417.32501220703125,101.234375,400.82501220703125,132.703125,410.7250061035156,159.203125,430.5249938964844,102.890625,-1.0,-1.0,-1.0,-1.0,414.0249938964844,162.515625,-1.0,-1.0,-1.0,-1.0,427.2250061035156,164.171875,-1.0,-1.0,-1.0,-1.0,440.42498779296875,84.671875,-1.0,-1.0,432.17498779296875,83.015625,-1.0,-1.0
447.7250061035156,87.984375,427.92498779296875,101.234375,422.9750061035156,101.234375,406.4750061035156,131.046875,416.375,157.546875,436.17498779296875,102.890625,-1.0,-1.0,-1.0,-1.0,421.32501220703125,167.484375,418.0249938964844,212.203125,-1.0,-1.0,434.5249938964844,167.484375,441.125,210.546875,444.42498779296875,245.328125,446.07501220703125,83.015625,-1.0,-1.0,437.82501220703125,83.015625,-1.0,-1.0
454.06781005859375,86.328125,434.1355895996094,101.234375,427.49151611328125,99.578125,414.2033996582031,129.390625,420.84747314453125,155.890625,440.7796630859375,102.890625,442.440673828125,140.984375,454.06781005859375,159.203125,427.49151611328125,165.828125,442.440673828125,208.890625,-1.0,-1.0,440.7796630859375,167.484375,440.7796630859375,213.859375,439.11865234375,246.984375,452.4067687988281,83.015625,-1.0,-1.0,444.1016845703125,83.015625,-1.0,-1.0
458.375,86.328125,436.92498779296875,101.234375,431.9750061035156,99.578125,418.7749938964844,127.734375,423.7250061035156,155.890625,445.17498779296875,101.234375,445.17498779296875,136.015625,455.07501220703125,159.203125,433.625,165.828125,428.67498779296875,212.203125,415.4750061035156,243.671875,445.17498779296875,167.484375,446.82501220703125,212.203125,440.2250061035156,246.984375,458.375,83.015625,-1.0,-1.0,448.4750061035156,81.359375,-1.0,-1.0
464.0249938964844,87.984375,442.57501220703125,101.234375,435.9750061035156,99.578125,424.42498779296875,132.703125,437.625,160.859375,449.17498779296875,102.890625,450.82501220703125,142.640625,462.375,155.890625,439.2749938964844,169.140625,442.57501220703125,210.546875,437.625,245.328125,449.17498779296875,169.140625,455.7749938964844,208.890625,444.2250061035156,246.984375,462.375,83.015625,-1.0,-1.0,454.125,81.359375,-1.0,-1.0
469.6974792480469,84.79296875,448.0672302246094,99.76953125,443.07562255859375,98.10546875,428.100830078125,131.38671875,439.7478942871094,158.01171875,454.7226867675781,101.43359375,-1.0,-1.0,-1.0,-1.0,441.4117736816406,164.66796875,446.4033508300781,206.26953125,436.420166015625,244.54296875,453.058837890625,164.66796875,461.3781433105469,206.26953125,461.3781433105469,232.89453125,468.03363037109375,81.46484375,-1.0,-1.0,459.71429443359375,79.80078125,-1.0,-1.0
472.03363037109375,86.45703125,452.0672302246094,99.76953125,447.07562255859375,98.10546875,433.76470947265625,129.72265625,447.07562255859375,159.67578125,458.7226867675781,101.43359375,-1.0,-1.0,-1.0,-1.0,447.07562255859375,166.33203125,447.07562255859375,207.93359375,442.08404541015625,246.20703125,460.3865661621094,166.33203125,465.3781433105469,206.26953125,448.739501953125,244.54296875,472.03363037109375,81.46484375,-1.0,-1.0,463.71429443359375,81.46484375,-1.0,-1.0
476.96551513671875,87.328125,457.10345458984375,100.578125,452.137939453125,98.921875,437.24139404296875,130.390625,452.137939453125,160.203125,463.7241516113281,102.234375,-1.0,-1.0,-1.0,-1.0,453.7930908203125,165.171875,447.17242431640625,206.578125,437.24139404296875,247.984375,463.7241516113281,165.171875,472.0,204.921875,463.7241516113281,247.984375,476.96551513671875,82.359375,-1.0,-1.0,468.6896667480469,82.359375,-1.0,-1.0
484.33331298828125,87.45703125,462.6666564941406,100.76953125,457.6666564941406,100.76953125,444.3333435058594,134.05078125,461.0,162.33984375,469.3333435058594,102.43359375,-1.0,-1.0,-1.0,-1.0,456.0,167.33203125,447.6666564941406,210.59765625,439.3333435058594,245.54296875,469.3333435058594,167.33203125,481.0,205.60546875,479.33331298828125,247.20703125,482.6666564941406,84.12890625,-1.0,-1.0,474.33331298828125,82.46484375,-1.0,-1.0
489.22320556640625,88.45703125,467.6339111328125,101.76953125,462.65179443359375,100.10546875,449.3660583496094,133.38671875,469.2946472167969,166.66796875,474.27679443359375,103.43359375,-1.0,-1.0,-1.0,-1.0,459.3303527832031,169.99609375,449.3660583496094,214.92578125,441.0625,248.20703125,472.6160583496094,169.99609375,484.2410888671875,209.93359375,494.2053527832031,248.20703125,487.5625,85.12890625,-1.0,-1.0,479.2589111328125,83.46484375,-1.0,-1.0
495.1091003417969,87.671875,473.6000061035156,102.578125,466.9818115234375,102.578125,455.3999938964844,134.046875,471.9454650878906,163.859375,481.87274169921875,104.234375,-1.0,-1.0,-1.0,-1.0,468.6363525390625,168.828125,450.4363708496094,211.890625,440.50909423828125,248.328125,480.2181701660156,168.828125,476.9090881347656,208.578125,478.5636291503906,243.359375,493.45452880859375,84.359375,-1.0,-1.0,486.83636474609375,84.359375,-1.0,-1.0
499.0280456542969,91.12109375,479.0654296875,102.76953125,474.07476806640625,102.76953125,460.766357421875,134.38671875,475.7383117675781,162.67578125,485.7196350097656,104.43359375,-1.0,-1.0,-1.0,-1.0,474.07476806640625,170.99609375,492.37384033203125,209.26953125,-1.0,-1.0,485.7196350097656,170.99609375,490.71026611328125,214.26171875,484.05609130859375,252.53515625,499.0280456542969,86.12890625,-1.0,-1.0,490.71026611328125,84.46484375,-1.0,-1.0
507.9805908203125,90.45703125,486.2718505859375,103.76953125,479.59222412109375,103.76953125,467.9029235839844,133.72265625,479.59222412109375,162.01171875,492.9514465332031,105.43359375,-1.0,-1.0,-1.0,-1.0,481.26214599609375,168.66796875,501.30096435546875,208.60546875,502.97088623046875,245.21484375,492.9514465332031,168.66796875,-1.0,-1.0,-1.0,-1.0,506.3106689453125,85.46484375,-1.0,-1.0,496.291259765625,83.80078125,-1.0,-1.0
512.5714111328125,90.45703125,492.68572998046875,103.76953125,484.3999938964844,103.76953125,472.79998779296875,133.72265625,484.3999938964844,162.01171875,500.971435546875,105.43359375,502.6285705566406,137.05078125,509.25714111328125,157.01953125,486.05712890625,168.66796875,509.25714111328125,210.26953125,517.5428466796875,246.87890625,499.31427001953125,168.66796875,491.028564453125,213.59765625,472.79998779296875,245.21484375,510.9142761230469,85.46484375,-1.0,-1.0,500.971435546875,85.46484375,-1.0,-1.0
518.5961303710938,91.984375,498.75,105.234375,492.1346130371094,103.578125,478.9038391113281,135.046875,485.51922607421875,166.515625,505.3653869628906,105.234375,510.326904296875,141.671875,515.2884521484375,159.890625,495.44232177734375,169.828125,518.5961303710938,209.578125,521.9038696289062,247.671875,505.3653869628906,168.171875,503.7115478515625,206.265625,-1.0,-1.0,516.9423217773438,88.671875,-1.0,-1.0,508.6730651855469,85.359375,-1.0,-1.0
525.5714111328125,93.640625,504.028564453125,105.234375,497.3999938964844,103.578125,485.79998779296875,136.703125,500.71429443359375,166.515625,510.6571350097656,106.890625,517.2857055664062,148.296875,527.2285766601562,164.859375,500.71429443359375,171.484375,520.5999755859375,212.890625,523.914306640625,250.984375,512.3142700195312,171.484375,523.914306640625,209.578125,-1.0,-1.0,525.5714111328125,88.671875,-1.0,-1.0,515.6285400390625,85.359375,-1.0,-1.0
531.5961303710938,90.328125,510.0961608886719,105.234375,503.48077392578125,103.578125,493.55767822265625,135.046875,496.8653869628906,164.859375,516.7115478515625,105.234375,-1.0,-1.0,-1.0,-1.0,510.0961608886719,169.828125,526.6346435546875,211.234375,526.6346435546875,250.984375,518.3653564453125,168.171875,520.0192260742188,212.890625,520.0192260742188,249.328125,531.5961303710938,87.015625,-1.0,-1.0,520.0192260742188,85.359375,-1.0,-1.0
534.2884521484375,91.984375,516.0961303710938,103.578125,509.48077392578125,103.578125,497.9038391113281,135.046875,502.8653869628906,164.859375,522.7115478515625,105.234375,-1.0,-1.0,-1.0,-1.0,514.4423217773438,168.171875,529.326904296875,211.234375,527.673095703125,250.984375,524.3653564453125,168.171875,522.7115478515625,211.234375,519.4038696289062,249.328125,534.2884521484375,87.015625,-1.0,-1.0,522.7115478515625,85.359375,-1.0,-1.0
541.2571411132812,90.328125,521.3714599609375,100.265625,516.4000244140625,100.265625,503.1428527832031,131.734375,509.77142333984375,163.203125,526.3428344726562,101.921875,-1.0,-1.0,-1.0,-1.0,519.7142944335938,168.171875,529.6571655273438,214.546875,526.3428344726562,252.640625,529.6571655273438,166.515625,524.6857299804688,212.890625,523.028564453125,249.328125,541.2571411132812,85.359375,-1.0,-1.0,531.3142700195312,83.703125,-1.0,-1.0
547.2884521484375,88.671875,527.4423217773438,100.265625,522.4807739257812,100.265625,509.25,131.734375,517.5192260742188,163.203125,532.4038696289062,101.921875,-1.0,-1.0,-1.0,-1.0,524.1346435546875,168.171875,530.75,214.546875,527.4423217773438,254.296875,535.7115478515625,166.515625,525.7884521484375,214.546875,522.4807739257812,249.328125,545.6346435546875,83.703125,-1.0,-1.0,535.7115478515625,80.390625,-1.0,-1.0
552.5999755859375,88.671875,534.3714599609375,101.921875,529.4000244140625,100.265625,514.4857177734375,131.734375,522.7714233398438,163.203125,542.6571655273438,101.921875,542.6571655273438,135.046875,-1.0,-1.0,529.4000244140625,168.171875,534.3714599609375,212.890625,526.085693359375,252.640625,541.0,166.515625,537.6857299804688,211.234375,514.4857177734375,239.390625,550.94287109375,83.703125,-1.0,-1.0,542.6571655273438,80.390625,-1.0,-1.0
558.6346435546875,90.328125,538.7884521484375,100.265625,533.826904296875,100.265625,520.5961303710938,131.734375,528.8653564453125,161.546875,545.4038696289062,101.921875,-1.0,-1.0,-1.0,-1.0,532.173095703125,166.515625,537.1346435546875,207.921875,528.8653564453125,247.671875,542.0961303710938,168.171875,542.0961303710938,209.578125,517.2884521484375,241.046875,556.9807739257812,85.359375,-1.0,-1.0,548.7115478515625,82.046875,-1.0,-1.0
565.3009643554688,87.79296875,546.9320068359375,102.76953125,540.25244140625,99.44140625,526.8931884765625,131.05859375,533.5728149414062,162.67578125,555.2815551757812,104.43359375,-1.0,-1.0,-1.0,-1.0,538.58251953125,167.66796875,536.91259765625,209.26953125,526.8931884765625,249.20703125,550.2718505859375,167.66796875,551.9417724609375,207.60546875,545.2621459960938,247.54296875,561.961181640625,81.13671875,-1.0,-1.0,553.6116333007812,81.13671875,-1.0,-1.0
573.2571411132812,86.12890625,553.3714599609375,101.10546875,548.4000244140625,101.10546875,540.1142578125,131.05859375,545.085693359375,162.67578125,558.3428344726562,102.76953125,-1.0,-1.0,-1.0,-1.0,550.05712890625,167.66796875,538.4571533203125,209.26953125,530.1714477539062,247.54296875,560.0,166.00390625,568.2857055664062,209.26953125,573.2571411132812,245.87890625,573.2571411132812,82.80078125,-1.0,-1.0,563.3142700195312,81.13671875,-1.0,-1.0
574.961181640625,86.12890625,553.25244140625,99.44140625,549.91259765625,101.10546875,539.8931884765625,131.05859375,544.9028930664062,162.67578125,558.2621459960938,102.76953125,-1.0,-1.0,-1.0,-1.0,549.91259765625,166.00390625,538.2233276367188,209.26953125,529.873779296875,247.54296875,559.9320068359375,166.00390625,573.291259765625,205.94140625,573.291259765625,245.87890625,574.961181640625,82.80078125,-1.0,-1.0,564.9417724609375,81.13671875,-1.0,-1.0
-1.0,-1.0,536.5428466796875,107.76171875,551.4571533203125,106.09765625,-1.0,-1.0,-1.0,-1.0,523.2857055664062,106.09765625,515.0,131.05859375,-1.0,-1.0,538.2000122070312,157.68359375,-1.0,-1.0,-1.0,-1.0,523.2857055664062,157.68359375,521.6286010742188,200.94921875,526.5999755859375,245.87890625,-1.0,-1.0,-1.0,-1.0,546.4857177734375,92.78515625,534.8857421875,91.12109375
