422.9684143066406,251.91015625,433.3263244628906,257.11328125,438.5052490234375,257.11328125,441.0947265625,272.72265625,-1.0,-1.0,427.2842102050781,257.11328125,423.8315734863281,270.98828125,419.5157775878906,278.79296875,435.9158020019531,285.73046875,434.1894836425781,310.87890625,434.1894836425781,332.55859375,427.2842102050781,285.73046875,423.8315734863281,309.14453125,422.9684143066406,331.69140625,-1.0,-1.0,-1.0,-1.0,432.4631652832031,247.57421875,425.5578918457031,249.30859375
422.9684143066406,252.77734375,433.3263244628906,257.98046875,438.5052490234375,257.11328125,441.9578857421875,270.12109375,-1.0,-1.0,427.2842102050781,257.98046875,423.8315734863281,270.98828125,420.3789367675781,279.66015625,435.9158020019531,285.73046875,434.1894836425781,310.87890625,434.1894836425781,332.55859375,427.2842102050781,285.73046875,423.8315734863281,308.27734375,422.9684143066406,331.69140625,-1.0,-1.0,-1.0,-1.0,432.4631652832031,247.57421875,425.5578918457031,249.30859375
422.9684143066406,251.91015625,433.3263244628906,257.98046875,439.368408203125,257.98046875,442.821044921875,269.25390625,-1.0,-1.0,427.2842102050781,257.98046875,423.8315734863281,270.98828125,421.2420959472656,279.66015625,435.9158020019531,284.86328125,433.3263244628906,308.27734375,434.1894836425781,332.55859375,428.1473693847656,284.86328125,423.8315734863281,308.27734375,422.9684143066406,330.82421875,-1.0,-1.0,423.8315734863281,249.30859375,433.3263244628906,247.57421875,426.4210510253906,248.44140625
-1.0,-1.0,433.3263244628906,257.98046875,439.368408203125,257.98046875,443.6842041015625,270.98828125,441.9578857421875,280.52734375,427.2842102050781,257.98046875,424.6947326660156,270.98828125,420.3789367675781,280.52734375,436.7789306640625,284.86328125,434.1894836425781,309.14453125,433.3263244628906,332.55859375,428.1473693847656,284.86328125,423.8315734863281,309.14453125,422.9684143066406,330.82421875,-1.0,-1.0,-1.0,-1.0,432.4631652832031,247.57421875,425.5578918457031,249.30859375
422.1052551269531,251.91015625,432.4631652832031,257.98046875,439.368408203125,257.98046875,442.821044921875,270.12109375,-1.0,-1.0,427.2842102050781,257.98046875,424.6947326660156,270.98828125,420.3789367675781,280.52734375,437.64208984375,285.73046875,434.1894836425781,309.14453125,434.1894836425781,332.55859375,429.0105285644531,284.86328125,423.8315734863281,309.14453125,422.9684143066406,330.82421875,-1.0,-1.0,422.1052551269531,250.17578125,432.4631652832031,246.70703125,424.6947326660156,249.30859375
422.1052551269531,251.91015625,432.4631652832031,257.98046875,439.368408203125,257.11328125,442.821044921875,270.12109375,-1.0,-1.0,426.4210510253906,257.98046875,424.6947326660156,270.98828125,420.3789367675781,280.52734375,437.64208984375,284.86328125,434.1894836425781,310.01171875,433.3263244628906,332.55859375,429.0105285644531,284.86328125,423.8315734863281,309.14453125,422.9684143066406,330.82421875,-1.0,-1.0,-1.0,-1.0,432.4631652832031,247.57421875,424.6947326660156,249.30859375
422.1052551269531,251.91015625,432.4631652832031,257.11328125,439.368408203125,257.11328125,442.821044921875,270.12109375,-1.0,-1.0,426.4210510253906,257.98046875,424.6947326660156,270.98828125,420.3789367675781,280.52734375,437.64208984375,284.86328125,434.1894836425781,309.14453125,434.1894836425781,332.55859375,429.0105285644531,284.86328125,422.9684143066406,309.14453125,422.9684143066406,330.82421875,-1.0,-1.0,422.1052551269531,250.17578125,431.6000061035156,246.70703125,424.6947326660156,249.30859375
-1.0,-1.0,432.4631652832031,257.11328125,439.368408203125,257.98046875,442.821044921875,270.12109375,-1.0,-1.0,426.4210510253906,257.98046875,424.6947326660156,270.98828125,420.3789367675781,280.52734375,437.64208984375,284.86328125,434.1894836425781,309.14453125,434.1894836425781,332.55859375,429.0105285644531,284.86328125,422.9684143066406,309.14453125,422.9684143066406,330.82421875,-1.0,-1.0,-1.0,-1.0,431.6000061035156,246.70703125,424.6947326660156,248.44140625
-1.0,-1.0,433.3263244628906,257.11328125,439.368408203125,257.11328125,442.821044921875,270.12109375,-1.0,-1.0,426.4210510253906,257.11328125,424.6947326660156,270.98828125,420.3789367675781,280.52734375,437.64208984375,284.86328125,434.1894836425781,309.14453125,434.1894836425781,332.55859375,429.0105285644531,284.86328125,422.9684143066406,309.14453125,422.9684143066406,330.82421875,-1.0,-1.0,-1.0,-1.0,432.4631652832031,246.70703125,424.6947326660156,248.44140625
-1.0,-1.0,432.4631652832031,257.11328125,439.368408203125,257.11328125,442.821044921875,270.12109375,-1.0,-1.0,426.4210510253906,257.98046875,424.6947326660156,270.98828125,420.3789367675781,280.52734375,437.64208984375,284.86328125,434.1894836425781,309.14453125,434.1894836425781,332.55859375,429.0105285644531,284.86328125,422.9684143066406,309.14453125,422.9684143066406,330.82421875,-1.0,-1.0,-1.0,-1.0,432.4631652832031,246.70703125,424.6947326660156,248.44140625
422.1052551269531,251.04296875,432.4631652832031,257.11328125,439.368408203125,257.11328125,442.821044921875,269.25390625,-1.0,-1.0,427.2842102050781,257.11328125,424.6947326660156,270.98828125,420.3789367675781,279.66015625,437.64208984375,284.86328125,434.1894836425781,309.14453125,434.1894836425781,332.55859375,429.0105285644531,284.86328125,422.9684143066406,309.14453125,422.9684143066406,330.82421875,-1.0,-1.0,422.1052551269531,249.30859375,432.4631652832031,246.70703125,424.6947326660156,248.44140625
422.1052551269531,251.04296875,432.4631652832031,257.11328125,439.368408203125,257.11328125,442.821044921875,269.25390625,-1.0,-1.0,427.2842102050781,257.11328125,424.6947326660156,270.98828125,420.3789367675781,279.66015625,437.64208984375,284.86328125,434.1894836425781,309.14453125,434.1894836425781,332.55859375,429.0105285644531,284.86328125,422.9684143066406,309.14453125,422.9684143066406,330.82421875,-1.0,-1.0,422.9684143066406,249.30859375,432.4631652832031,246.70703125,424.6947326660156,248.44140625
422.1052551269531,251.04296875,432.4631652832031,257.11328125,439.368408203125,257.11328125,442.821044921875,269.25390625,-1.0,-1.0,427.2842102050781,257.11328125,424.6947326660156,270.98828125,420.3789367675781,279.66015625,437.64208984375,284.86328125,434.1894836425781,309.14453125,434.1894836425781,331.69140625,429.0105285644531,284.86328125,422.9684143066406,309.14453125,422.9684143066406,330.82421875,-1.0,-1.0,422.9684143066406,249.30859375,432.4631652832031,246.70703125,424.6947326660156,248.44140625
422.1052551269531,251.04296875,432.4631652832031,257.11328125,439.368408203125,257.11328125,442.821044921875,269.25390625,-1.0,-1.0,427.2842102050781,257.11328125,424.6947326660156,270.98828125,420.3789367675781,279.66015625,437.64208984375,284.86328125,434.1894836425781,309.14453125,434.1894836425781,331.69140625,429.0105285644531,284.86328125,422.9684143066406,309.14453125,422.9684143066406,330.82421875,-1.0,-1.0,422.9684143066406,249.30859375,432.4631652832031,246.70703125,425.5578918457031,247.57421875
422.1052551269531,251.04296875,433.3263244628906,257.11328125,439.368408203125,257.11328125,442.821044921875,269.25390625,-1.0,-1.0,427.2842102050781,257.11328125,424.6947326660156,270.98828125,420.3789367675781,279.66015625,437.64208984375,284.86328125,434.1894836425781,309.14453125,434.1894836425781,332.55859375,429.0105285644531,284.86328125,422.9684143066406,309.14453125,422.9684143066406,330.82421875,-1.0,-1.0,422.9684143066406,249.30859375,432.4631652832031,246.70703125,425.5578918457031,247.57421875
422.1052551269531,251.04296875,433.3263244628906,257.11328125,439.368408203125,257.11328125,442.821044921875,269.25390625,-1.0,-1.0,427.2842102050781,257.11328125,424.6947326660156,270.98828125,420.3789367675781,279.66015625,437.64208984375,285.73046875,434.1894836425781,309.14453125,433.3263244628906,332.55859375,429.0105285644531,284.86328125,422.9684143066406,309.14453125,422.9684143066406,330.82421875,-1.0,-1.0,422.9684143066406,249.30859375,432.4631652832031,246.70703125,424.6947326660156,248.44140625
422.1052551269531,251.04296875,433.3263244628906,257.11328125,439.368408203125,257.11328125,442.821044921875,270.12109375,-1.0,-1.0,427.2842102050781,257.11328125,424.6947326660156,270.98828125,420.3789367675781,279.66015625,437.64208984375,285.73046875,434.1894836425781,310.01171875,433.3263244628906,332.55859375,429.0105285644531,284.86328125,422.9684143066406,310.01171875,422.9684143066406,331.69140625,-1.0,-1.0,422.9684143066406,249.30859375,432.4631652832031,246.70703125,425.5578918457031,247.57421875
422.1052551269531,251.04296875,433.3263244628906,257.11328125,439.368408203125,257.11328125,442.821044921875,270.12109375,-1.0,-1.0,427.2842102050781,257.11328125,424.6947326660156,270.98828125,420.3789367675781,279.66015625,437.64208984375,285.73046875,434.1894836425781,310.01171875,433.3263244628906,333.42578125,429.0105285644531,285.73046875,422.9684143066406,310.01171875,422.9684143066406,332.55859375,-1.0,-1.0,422.9684143066406,249.30859375,432.4631652832031,246.70703125,425.5578918457031,247.57421875
422.1052551269531,251.04296875,433.3263244628906,257.11328125,439.368408203125,257.11328125,442.821044921875,270.12109375,-1.0,-1.0,427.2842102050781,257.11328125,424.6947326660156,270.98828125,420.3789367675781,279.66015625,437.64208984375,285.73046875,434.1894836425781,310.87890625,433.3263244628906,333.42578125,429.0105285644531,285.73046875,422.9684143066406,310.01171875,422.9684143066406,332.55859375,-1.0,-1.0,422.9684143066406,249.30859375,432.4631652832031,246.70703125,424.6947326660156,247.57421875
422.1052551269531,251.04296875,433.3263244628906,257.11328125,439.368408203125,257.11328125,442.821044921875,270.12109375,-1.0,-1.0,427.2842102050781,257.11328125,424.6947326660156,270.98828125,420.3789367675781,279.66015625,437.64208984375,285.73046875,434.1894836425781,310.87890625,433.3263244628906,333.42578125,429.0105285644531,285.73046875,422.9684143066406,310.01171875,422.9684143066406,332.55859375,-1.0,-1.0,422.1052551269531,249.30859375,432.4631652832031,245.83984375,424.6947326660156,247.57421875
422.1052551269531,251.04296875,433.3263244628906,257.11328125,439.368408203125,257.11328125,442.821044921875,270.12109375,-1.0,-1.0,427.2842102050781,257.11328125,424.6947326660156,270.98828125,420.3789367675781,279.66015625,437.64208984375,285.73046875,434.1894836425781,310.87890625,433.3263244628906,333.42578125,429.0105285644531,285.73046875,422.9684143066406,310.01171875,422.9684143066406,332.55859375,-1.0,-1.0,422.1052551269531,249.30859375,432.4631652832031,245.83984375,424.6947326660156,247.57421875
422.1052551269531,251.04296875,433.3263244628906,257.11328125,439.368408203125,257.11328125,442.821044921875,270.12109375,-1.0,-1.0,427.2842102050781,257.11328125,424.6947326660156,270.98828125,420.3789367675781,279.66015625,437.64208984375,285.73046875,434.1894836425781,310.87890625,433.3263244628906,333.42578125,429.0105285644531,285.73046875,422.9684143066406,310.01171875,422.9684143066406,332.55859375,-1.0,-1.0,422.1052551269531,249.30859375,432.4631652832031,245.83984375,424.6947326660156,247.57421875
422.1052551269531,251.04296875,433.3263244628906,257.11328125,439.368408203125,257.11328125,442.821044921875,270.12109375,-1.0,-1.0,427.2842102050781,257.11328125,424.6947326660156,270.98828125,419.5157775878906,279.66015625,437.64208984375,285.73046875,434.1894836425781,310.01171875,433.3263244628906,333.42578125,429.0105285644531,285.73046875,422.9684143066406,310.01171875,422.9684143066406,332.55859375,-1.0,-1.0,422.9684143066406,249.30859375,432.4631652832031,245.83984375,425.5578918457031,247.57421875
422.1052551269531,251.04296875,433.3263244628906,257.11328125,439.368408203125,257.11328125,442.821044921875,270.12109375,-1.0,-1.0,427.2842102050781,257.11328125,424.6947326660156,270.98828125,420.3789367675781,279.66015625,437.64208984375,286.59765625,434.1894836425781,310.87890625,433.3263244628906,333.42578125,429.0105285644531,285.73046875,422.9684143066406,310.01171875,422.9684143066406,332.55859375,-1.0,-1.0,422.9684143066406,249.30859375,432.4631652832031,245.83984375,425.5578918457031,247.57421875
422.1052551269531,251.04296875,433.3263244628906,257.11328125,439.368408203125,257.11328125,442.821044921875,270.12109375,-1.0,-1.0,427.2842102050781,257.11328125,424.6947326660156,270.98828125,420.3789367675781,279.66015625,437.64208984375,286.59765625,434.1894836425781,310.01171875,433.3263244628906,333.42578125,429.0105285644531,285.73046875,422.9684143066406,310.01171875,422.9684143066406,332.55859375,-1.0,-1.0,422.9684143066406,249.30859375,432.4631652832031,245.83984375,425.5578918457031,247.57421875
422.1052551269531,251.04296875,433.3263244628906,257.11328125,439.368408203125,257.11328125,442.821044921875,270.12109375,-1.0,-1.0,427.2842102050781,257.11328125,424.6947326660156,270.98828125,420.3789367675781,280.52734375,437.64208984375,286.59765625,434.1894836425781,310.01171875,433.3263244628906,333.42578125,429.0105285644531,285.73046875,422.9684143066406,310.01171875,422.9684143066406,331.69140625,-1.0,-1.0,422.9684143066406,249.30859375,432.4631652832031,245.83984375,425.5578918457031,247.57421875
422.1052551269531,251.04296875,433.3263244628906,257.11328125,439.368408203125,257.11328125,442.821044921875,270.12109375,-1.0,-1.0,427.2842102050781,257.11328125,424.6947326660156,270.98828125,421.2420959472656,279.66015625,437.64208984375,286.59765625,434.1894836425781,310.87890625,433.3263244628906,333.42578125,429.0105285644531,286.59765625,422.9684143066406,310.01171875,422.9684143066406,331.69140625,-1.0,-1.0,422.9684143066406,249.30859375,432.4631652832031,246.70703125,425.5578918457031,247.57421875
422.1052551269531,251.04296875,433.3263244628906,257.98046875,439.368408203125,257.98046875,442.821044921875,270.12109375,-1.0,-1.0,427.2842102050781,257.98046875,424.6947326660156,270.98828125,420.3789367675781,280.52734375,437.64208984375,286.59765625,434.1894836425781,310.87890625,433.3263244628906,333.42578125,429.0105285644531,286.59765625,422.9684143066406,310.01171875,422.9684143066406,331.69140625,-1.0,-1.0,422.9684143066406,249.30859375,432.4631652832031,246.70703125,425.5578918457031,247.57421875
422.1052551269531,251.04296875,433.3263244628906,257.98046875,439.368408203125,257.98046875,442.821044921875,270.12109375,-1.0,-1.0,427.2842102050781,257.98046875,424.6947326660156,270.98828125,420.3789367675781,280.52734375,437.64208984375,286.59765625,434.1894836425781,310.87890625,433.3263244628906,333.42578125,429.0105285644531,286.59765625,422.9684143066406,310.01171875,422.9684143066406,331.69140625,-1.0,-1.0,423.8315734863281,248.44140625,432.4631652832031,246.70703125,425.5578918457031,247.57421875
422.1052551269531,251.91015625,433.3263244628906,257.98046875,439.368408203125,257.98046875,442.821044921875,270.12109375,-1.0,-1.0,427.2842102050781,257.98046875,424.6947326660156,270.98828125,420.3789367675781,280.52734375,437.64208984375,287.46484375,434.1894836425781,310.87890625,433.3263244628906,333.42578125,429.0105285644531,286.59765625,422.9684143066406,310.01171875,422.9684143066406,331.69140625,-1.0,-1.0,423.8315734863281,249.30859375,432.4631652832031,246.70703125,425.5578918457031,248.44140625
422.1052551269531,251.91015625,433.3263244628906,257.98046875,439.368408203125,257.98046875,442.821044921875,270.12109375,-1.0,-1.0,427.2842102050781,257.98046875,424.6947326660156,270.98828125,421.2420959472656,279.66015625,437.64208984375,287.46484375,434.1894836425781,310.87890625,434.1894836425781,332.55859375,429.0105285644531,287.46484375,422.9684143066406,310.01171875,422.9684143066406,332.55859375,-1.0,-1.0,423.8315734863281,249.30859375,432.4631652832031,246.70703125,425.5578918457031,248.44140625
422.1052551269531,251.91015625,433.3263244628906,257.98046875,439.368408203125,257.98046875,442.821044921875,270.12109375,-1.0,-1.0,427.2842102050781,257.98046875,424.6947326660156,270.98828125,420.3789367675781,279.66015625,437.64208984375,287.46484375,434.1894836425781,310.87890625,434.1894836425781,332.55859375,429.0105285644531,287.46484375,422.9684143066406,310.01171875,422.9684143066406,332.55859375,-1.0,-1.0,423.8315734863281,249.30859375,433.3263244628906,246.70703125,425.5578918457031,248.44140625
422.1052551269531,251.91015625,433.3263244628906,257.98046875,439.368408203125,257.98046875,442.821044921875,270.12109375,-1.0,-1.0,427.2842102050781,257.98046875,424.6947326660156,271.85546875,421.2420959472656,279.66015625,437.64208984375,287.46484375,434.1894836425781,310.87890625,434.1894836425781,332.55859375,429.0105285644531,287.46484375,422.9684143066406,310.01171875,422.9684143066406,332.55859375,-1.0,-1.0,423.8315734863281,249.30859375,433.3263244628906,246.70703125,425.5578918457031,248.44140625
422.1052551269531,251.91015625,433.3263244628906,257.98046875,439.368408203125,257.98046875,442.821044921875,270.98828125,-1.0,-1.0,427.2842102050781,257.98046875,423.8315734863281,271.85546875,421.2420959472656,279.66015625,437.64208984375,287.46484375,434.1894836425781,310.87890625,434.1894836425781,332.55859375,429.0105285644531,287.46484375,422.9684143066406,310.01171875,422.9684143066406,333.42578125,-1.0,-1.0,423.8315734863281,249.30859375,433.3263244628906,246.70703125,425.5578918457031,248.44140625
422.1052551269531,251.91015625,433.3263244628906,257.98046875,439.368408203125,257.98046875,442.821044921875,270.98828125,-1.0,-1.0,427.2842102050781,257.98046875,424.6947326660156,271.85546875,421.2420959472656,279.66015625,437.64208984375,287.46484375,434.1894836425781,310.87890625,434.1894836425781,332.55859375,429.0105285644531,287.46484375,422.9684143066406,310.01171875,422.9684143066406,333.42578125,-1.0,-1.0,423.8315734863281,249.30859375,433.3263244628906,246.70703125,425.5578918457031,248.44140625
422.1052551269531,251.91015625,433.3263244628906,257.98046875,439.368408203125,257.98046875,442.821044921875,270.98828125,-1.0,-1.0,427.2842102050781,257.98046875,423.8315734863281,271.85546875,421.2420959472656,279.66015625,437.64208984375,287.46484375,434.1894836425781,310.87890625,434.1894836425781,332.55859375,429.0105285644531,287.46484375,422.9684143066406,310.01171875,422.9684143066406,332.55859375,-1.0,-1.0,423.8315734863281,249.30859375,433.3263244628906,246.70703125,425.5578918457031,248.44140625
422.1052551269531,251.91015625,433.3263244628906,257.98046875,439.368408203125,257.98046875,442.821044921875,270.98828125,-1.0,-1.0,427.2842102050781,257.98046875,424.6947326660156,271.85546875,420.3789367675781,279.66015625,437.64208984375,287.46484375,434.1894836425781,310.87890625,434.1894836425781,332.55859375,429.0105285644531,287.46484375,422.9684143066406,310.01171875,422.9684143066406,332.55859375,-1.0,-1.0,423.8315734863281,249.30859375,433.3263244628906,246.70703125,425.5578918457031,248.44140625
422.1052551269531,251.91015625,433.3263244628906,257.98046875,439.368408203125,257.98046875,442.821044921875,270.98828125,-1.0,-1.0,427.2842102050781,257.98046875,424.6947326660156,271.85546875,421.2420959472656,279.66015625,437.64208984375,287.46484375,434.1894836425781,310.87890625,434.1894836425781,332.55859375,429.0105285644531,287.46484375,422.9684143066406,310.01171875,422.9684143066406,332.55859375,-1.0,-1.0,423.8315734863281,249.30859375,433.3263244628906,246.70703125,425.5578918457031,248.44140625
422.1052551269531,251.91015625,433.3263244628906,257.98046875,439.368408203125,257.98046875,442.821044921875,270.98828125,-1.0,-1.0,427.2842102050781,257.98046875,424.6947326660156,271.85546875,421.2420959472656,279.66015625,437.64208984375,287.46484375,434.1894836425781,310.87890625,434.1894836425781,332.55859375,429.0105285644531,287.46484375,422.9684143066406,310.01171875,422.9684143066406,332.55859375,-1.0,-1.0,423.8315734863281,249.30859375,433.3263244628906,246.70703125,425.5578918457031,248.44140625
422.1052551269531,251.91015625,433.3263244628906,257.98046875,439.368408203125,257.98046875,442.821044921875,270.98828125,-1.0,-1.0,427.2842102050781,257.98046875,424.6947326660156,271.85546875,421.2420959472656,279.66015625,437.64208984375,287.46484375,434.1894836425781,310.87890625,434.1894836425781,332.55859375,429.0105285644531,287.46484375,422.9684143066406,310.01171875,422.9684143066406,332.55859375,-1.0,-1.0,423.8315734863281,249.30859375,433.3263244628906,246.70703125,425.5578918457031,248.44140625
422.1052551269531,251.91015625,433.3263244628906,257.98046875,439.368408203125,257.98046875,442.821044921875,270.98828125,-1.0,-1.0,427.2842102050781,257.98046875,424.6947326660156,271.85546875,421.2420959472656,279.66015625,437.64208984375,287.46484375,434.1894836425781,310.87890625,434.1894836425781,332.55859375,429.0105285644531,287.46484375,422.9684143066406,310.01171875,422.9684143066406,332.55859375,-1.0,-1.0,423.8315734863281,249.30859375,433.3263244628906,246.70703125,425.5578918457031,248.44140625
422.1052551269531,251.91015625,433.3263244628906,257.98046875,439.368408203125,257.98046875,442.821044921875,270.98828125,-1.0,-1.0,427.2842102050781,257.98046875,424.6947326660156,271.85546875,420.3789367675781,279.66015625,437.64208984375,287.46484375,434.1894836425781,310.87890625,434.1894836425781,332.55859375,429.0105285644531,287.46484375,422.9684143066406,310.01171875,422.9684143066406,332.55859375,-1.0,-1.0,423.8315734863281,249.30859375,433.3263244628906,246.70703125,425.5578918457031,248.44140625
422.1052551269531,251.91015625,433.3263244628906,257.98046875,439.368408203125,257.98046875,442.821044921875,270.98828125,-1.0,-1.0,427.2842102050781,257.98046875,424.6947326660156,271.85546875,421.2420959472656,279.66015625,437.64208984375,287.46484375,434.1894836425781,310.87890625,434.1894836425781,332.55859375,429.0105285644531,287.46484375,422.9684143066406,310.01171875,422.9684143066406,332.55859375,-1.0,-1.0,423.8315734863281,249.30859375,433.3263244628906,246.70703125,425.5578918457031,248.44140625
422.1052551269531,251.91015625,433.3263244628906,257.98046875,439.368408203125,257.98046875,442.821044921875,270.98828125,-1.0,-1.0,427.2842102050781,257.98046875,424.6947326660156,271.85546875,420.3789367675781,279.66015625,437.64208984375,287.46484375,434.1894836425781,310.87890625,434.1894836425781,332.55859375,429.0105285644531,287.46484375,422.9684143066406,310.01171875,422.9684143066406,332.55859375,-1.0,-1.0,423.8315734863281,249.30859375,433.3263244628906,246.70703125,425.5578918457031,247.57421875
422.1052551269531,251.04296875,433.3263244628906,257.98046875,439.368408203125,257.98046875,442.821044921875,270.98828125,-1.0,-1.0,427.2842102050781,257.98046875,424.6947326660156,271.85546875,420.3789367675781,279.66015625,437.64208984375,287.46484375,434.1894836425781,310.87890625,434.1894836425781,332.55859375,429.0105285644531,287.46484375,422.9684143066406,310.01171875,422.9684143066406,332.55859375,-1.0,-1.0,423.8315734863281,248.44140625,433.3263244628906,246.70703125,425.5578918457031,247.57421875
422.1052551269531,251.04296875,433.3263244628906,257.98046875,439.368408203125,257.98046875,442.821044921875,270.98828125,-1.0,-1.0,427.2842102050781,257.98046875,424.6947326660156,271.85546875,420.3789367675781,280.52734375,437.64208984375,287.46484375,434.1894836425781,310.87890625,434.1894836425781,332.55859375,429.0105285644531,286.59765625,422.9684143066406,310.01171875,422.9684143066406,332.55859375,-1.0,-1.0,423.8315734863281,248.44140625,433.3263244628906,246.70703125,425.5578918457031,247.57421875
422.1052551269531,251.04296875,433.3263244628906,257.98046875,439.368408203125,257.98046875,442.821044921875,270.12109375,-1.0,-1.0,427.2842102050781,257.98046875,424.6947326660156,271.85546875,421.2420959472656,280.52734375,437.64208984375,286.59765625,434.1894836425781,310.87890625,434.1894836425781,332.55859375,429.0105285644531,286.59765625,422.9684143066406,310.01171875,423.8315734863281,331.69140625,-1.0,-1.0,423.8315734863281,248.44140625,433.3263244628906,246.70703125,425.5578918457031,247.57421875
422.1052551269531,251.04296875,433.3263244628906,257.98046875,439.368408203125,257.98046875,442.821044921875,270.12109375,-1.0,-1.0,427.2842102050781,257.98046875,424.6947326660156,271.85546875,421.2420959472656,280.52734375,437.64208984375,286.59765625,434.1894836425781,310.87890625,434.1894836425781,331.69140625,429.0105285644531,286.59765625,422.9684143066406,310.01171875,423.8315734863281,331.69140625,-1.0,-1.0,423.8315734863281,248.44140625,433.3263244628906,246.70703125,425.5578918457031,247.57421875
422.1052551269531,251.04296875,433.3263244628906,257.98046875,439.368408203125,257.98046875,442.821044921875,270.12109375,-1.0,-1.0,427.2842102050781,257.98046875,423.8315734863281,271.85546875,421.2420959472656,280.52734375,437.64208984375,286.59765625,434.1894836425781,310.01171875,434.1894836425781,331.69140625,429.0105285644531,286.59765625,422.9684143066406,310.01171875,423.8315734863281,331.69140625,-1.0,-1.0,423.8315734863281,248.44140625,433.3263244628906,246.70703125,425.5578918457031,247.57421875
422.1052551269531,251.04296875,433.3263244628906,257.98046875,439.368408203125,257.98046875,442.821044921875,270.12109375,-1.0,-1.0,427.2842102050781,257.98046875,423.8315734863281,271.85546875,420.3789367675781,281.39453125,437.64208984375,287.46484375,434.1894836425781,310.01171875,434.1894836425781,332.55859375,429.0105285644531,286.59765625,422.9684143066406,310.01171875,423.8315734863281,332.55859375,-1.0,-1.0,423.8315734863281,248.44140625,433.3263244628906,246.70703125,426.4210510253906,247.57421875
422.1052551269531,251.04296875,433.3263244628906,257.98046875,439.368408203125,257.98046875,442.821044921875,270.98828125,-1.0,-1.0,427.2842102050781,257.98046875,424.6947326660156,271.85546875,420.3789367675781,281.39453125,437.64208984375,286.59765625,434.1894836425781,310.01171875,434.1894836425781,332.55859375,429.0105285644531,286.59765625,422.9684143066406,310.01171875,423.8315734863281,332.55859375,-1.0,-1.0,423.8315734863281,248.44140625,433.3263244628906,246.70703125,426.4210510253906,247.57421875
422.1052551269531,251.04296875,433.3263244628906,257.98046875,439.368408203125,257.98046875,442.821044921875,270.98828125,-1.0,-1.0,426.4210510253906,257.98046875,424.6947326660156,272.72265625,420.3789367675781,281.39453125,437.64208984375,286.59765625,434.1894836425781,310.87890625,434.1894836425781,331.69140625,429.0105285644531,286.59765625,422.9684143066406,310.01171875,422.9684143066406,332.55859375,-1.0,-1.0,423.8315734863281,248.44140625,433.3263244628906,246.70703125,425.5578918457031,247.57421875
-1.0,-1.0,433.3263244628906,257.98046875,439.368408203125,257.98046875,442.821044921875,270.98828125,-1.0,-1.0,426.4210510253906,257.98046875,424.6947326660156,271.85546875,420.3789367675781,280.52734375,437.64208984375,286.59765625,434.1894836425781,310.01171875,434.1894836425781,331.69140625,429.0105285644531,286.59765625,422.9684143066406,310.01171875,422.9684143066406,332.55859375,-1.0,-1.0,-1.0,-1.0,433.3263244628906,246.70703125,425.5578918457031,247.57421875
422.1052551269531,250.17578125,433.3263244628906,257.98046875,439.368408203125,257.98046875,442.821044921875,270.98828125,-1.0,-1.0,426.4210510253906,257.98046875,424.6947326660156,271.85546875,420.3789367675781,280.52734375,437.64208984375,286.59765625,435.0526428222656,310.01171875,434.1894836425781,331.69140625,429.0105285644531,286.59765625,422.9684143066406,310.01171875,422.9684143066406,332.55859375,-1.0,-1.0,-1.0,-1.0,433.3263244628906,245.83984375,425.5578918457031,247.57421875
422.1052551269531,250.17578125,433.3263244628906,257.11328125,439.368408203125,257.11328125,442.821044921875,270.98828125,-1.0,-1.0,426.4210510253906,257.11328125,424.6947326660156,271.85546875,420.3789367675781,280.52734375,437.64208984375,286.59765625,434.1894836425781,310.01171875,434.1894836425781,332.55859375,429.0105285644531,286.59765625,422.9684143066406,310.01171875,422.9684143066406,332.55859375,-1.0,-1.0,-1.0,-1.0,433.3263244628906,245.83984375,425.5578918457031,247.57421875
-1.0,-1.0,433.3263244628906,257.11328125,439.368408203125,257.11328125,443.6842041015625,270.98828125,-1.0,-1.0,426.4210510253906,257.11328125,424.6947326660156,271.85546875,420.3789367675781,280.52734375,437.64208984375,286.59765625,434.1894836425781,310.01171875,434.1894836425781,332.55859375,429.0105285644531,286.59765625,422.9684143066406,310.01171875,422.9684143066406,332.55859375,-1.0,-1.0,-1.0,-1.0,433.3263244628906,245.83984375,424.6947326660156,247.57421875
-1.0,-1.0,433.3263244628906,257.11328125,439.368408203125,257.11328125,443.6842041015625,270.12109375,-1.0,-1.0,426.4210510253906,257.11328125,424.6947326660156,271.85546875,421.2420959472656,280.52734375,437.64208984375,286.59765625,434.1894836425781,310.87890625,434.1894836425781,332.55859375,429.0105285644531,285.73046875,422.9684143066406,310.01171875,422.9684143066406,331.69140625,-1.0,-1.0,-1.0,-1.0,433.3263244628906,246.70703125,424.6947326660156,247.57421875
-1.0,-1.0,433.3263244628906,257.11328125,439.368408203125,257.11328125,443.6842041015625,270.98828125,-1.0,-1.0,426.4210510253906,257.98046875,424.6947326660156,271.85546875,421.2420959472656,280.52734375,437.64208984375,286.59765625,434.1894836425781,310.01171875,434.1894836425781,331.69140625,429.0105285644531,286.59765625,422.9684143066406,310.01171875,422.9684143066406,332.55859375,-1.0,-1.0,-1.0,-1.0,433.3263244628906,245.83984375,424.6947326660156,247.57421875
-1.0,-1.0,433.3263244628906,257.11328125,439.368408203125,257.11328125,443.6842041015625,270.98828125,-1.0,-1.0,426.4210510253906,257.98046875,424.6947326660156,271.85546875,420.3789367675781,281.39453125,438.5052490234375,286.59765625,434.1894836425781,310.01171875,434.1894836425781,331.69140625,429.0105285644531,286.59765625,422.9684143066406,310.01171875,422.9684143066406,332.55859375,-1.0,-1.0,-1.0,-1.0,433.3263244628906,245.83984375,424.6947326660156,247.57421875
-1.0,-1.0,433.3263244628906,257.11328125,439.368408203125,257.11328125,443.6842041015625,270.12109375,-1.0,-1.0,426.4210510253906,257.11328125,424.6947326660156,271.85546875,421.2420959472656,280.52734375,437.64208984375,286.59765625,434.1894836425781,310.01171875,434.1894836425781,331.69140625,429.0105285644531,285.73046875,422.9684143066406,309.14453125,422.9684143066406,332.55859375,-1.0,-1.0,-1.0,-1.0,433.3263244628906,245.83984375,424.6947326660156,247.57421875
-1.0,-1.0,432.4631652832031,257.11328125,439.368408203125,257.11328125,443.6842041015625,270.12109375,-1.0,-1.0,426.4210510253906,257.11328125,424.6947326660156,271.85546875,421.2420959472656,279.66015625,437.64208984375,286.59765625,434.1894836425781,310.01171875,434.1894836425781,332.55859375,429.0105285644531,285.73046875,422.9684143066406,309.14453125,422.9684143066406,332.55859375,-1.0,-1.0,-1.0,-1.0,432.4631652832031,245.83984375,423.8315734863281,247.57421875
-1.0,-1.0,433.3263244628906,257.11328125,439.368408203125,257.11328125,443.6842041015625,270.12109375,-1.0,-1.0,426.4210510253906,257.98046875,424.6947326660156,271.85546875,421.2420959472656,280.52734375,437.64208984375,286.59765625,434.1894836425781,310.01171875,434.1894836425781,331.69140625,429.0105285644531,285.73046875,422.9684143066406,309.14453125,422.9684143066406,332.55859375,-1.0,-1.0,-1.0,-1.0,433.3263244628906,245.83984375,423.8315734863281,247.57421875
-1.0,-1.0,433.3263244628906,257.98046875,439.368408203125,257.98046875,443.6842041015625,270.12109375,-1.0,-1.0,426.4210510253906,257.98046875,424.6947326660156,271.85546875,420.3789367675781,281.39453125,437.64208984375,286.59765625,434.1894836425781,310.01171875,434.1894836425781,331.69140625,429.0105285644531,286.59765625,422.9684143066406,310.01171875,422.9684143066406,332.55859375,-1.0,-1.0,-1.0,-1.0,433.3263244628906,246.70703125,424.6947326660156,247.57421875
-1.0,-1.0,433.3263244628906,257.11328125,439.368408203125,257.11328125,443.6842041015625,270.12109375,-1.0,-1.0,426.4210510253906,257.98046875,424.6947326660156,271.85546875,420.3789367675781,281.39453125,438.5052490234375,286.59765625,434.1894836425781,310.01171875,434.1894836425781,332.55859375,429.0105285644531,285.73046875,422.9684143066406,309.14453125,422.9684143066406,332.55859375,-1.0,-1.0,-1.0,-1.0,433.3263244628906,245.83984375,424.6947326660156,247.57421875
-1.0,-1.0,433.3263244628906,257.11328125,439.368408203125,257.11328125,443.6842041015625,270.12109375,-1.0,-1.0,426.4210510253906,257.11328125,424.6947326660156,271.85546875,420.3789367675781,280.52734375,437.64208984375,286.59765625,434.1894836425781,310.01171875,434.1894836425781,331.69140625,429.0105285644531,285.73046875,422.9684143066406,310.01171875,422.9684143066406,332.55859375,-1.0,-1.0,-1.0,-1.0,433.3263244628906,245.83984375,424.6947326660156,247.57421875
-1.0,-1.0,433.3263244628906,257.11328125,439.368408203125,257.11328125,443.6842041015625,270.12109375,-1.0,-1.0,426.4210510253906,257.11328125,424.6947326660156,271.85546875,420.3789367675781,280.52734375,437.64208984375,286.59765625,434.1894836425781,309.14453125,434.1894836425781,330.82421875,429.0105285644531,285.73046875,422.9684143066406,309.14453125,422.9684143066406,332.55859375,-1.0,-1.0,-1.0,-1.0,433.3263244628906,245.83984375,424.6947326660156,247.57421875
-1.0,-1.0,432.4631652832031,257.11328125,439.368408203125,257.98046875,442.821044921875,270.12109375,-1.0,-1.0,426.4210510253906,257.98046875,424.6947326660156,271.85546875,420.3789367675781,280.52734375,437.64208984375,285.73046875,435.0526428222656,309.14453125,434.1894836425781,332.55859375,429.0105285644531,285.73046875,422.9684143066406,309.14453125,422.9684143066406,333.42578125,-1.0,-1.0,-1.0,-1.0,432.4631652832031,245.83984375,423.8315734863281,247.57421875
-1.0,-1.0,433.3263244628906,257.11328125,439.368408203125,257.11328125,443.6842041015625,270.98828125,-1.0,-1.0,426.4210510253906,257.98046875,424.6947326660156,271.85546875,420.3789367675781,280.52734375,437.64208984375,286.59765625,434.1894836425781,310.01171875,435.0526428222656,331.69140625,429.0105285644531,285.73046875,422.9684143066406,309.14453125,422.9684143066406,333.42578125,-1.0,-1.0,-1.0,-1.0,432.4631652832031,245.83984375,423.8315734863281,247.57421875
-1.0,-1.0,432.4631652832031,257.11328125,439.368408203125,257.11328125,442.821044921875,270.12109375,-1.0,-1.0,426.4210510253906,257.98046875,424.6947326660156,271.85546875,420.3789367675781,281.39453125,437.64208984375,285.73046875,434.1894836425781,310.01171875,434.1894836425781,331.69140625,429.0105285644531,285.73046875,422.9684143066406,309.14453125,422.9684143066406,332.55859375,-1.0,-1.0,-1.0,-1.0,432.4631652832031,245.83984375,423.8315734863281,247.57421875
-1.0,-1.0,432.4631652832031,257.11328125,439.368408203125,257.11328125,442.821044921875,270.12109375,-1.0,-1.0,426.4210510253906,257.98046875,425.5578918457031,271.85546875,420.3789367675781,281.39453125,437.64208984375,285.73046875,434.1894836425781,310.01171875,434.1894836425781,331.69140625,429.0105285644531,285.73046875,422.9684143066406,309.14453125,422.9684143066406,332.55859375,-1.0,-1.0,-1.0,-1.0,432.4631652832031,245.83984375,423.8315734863281,247.57421875
-1.0,-1.0,432.4631652832031,257.11328125,439.368408203125,257.11328125,442.821044921875,270.12109375,-1.0,-1.0,426.4210510253906,257.98046875,424.6947326660156,272.72265625,420.3789367675781,281.39453125,437.64208984375,285.73046875,434.1894836425781,310.01171875,434.1894836425781,331.69140625,429.0105285644531,285.73046875,422.9684143066406,309.14453125,422.9684143066406,333.42578125,-1.0,-1.0,-1.0,-1.0,432.4631652832031,245.83984375,423.8315734863281,248.44140625
421.2420959472656,251.91015625,432.4631652832031,257.11328125,439.368408203125,257.98046875,442.821044921875,270.98828125,-1.0,-1.0,426.4210510253906,257.98046875,424.6947326660156,272.72265625,419.5157775878906,281.39453125,437.64208984375,286.59765625,435.0526428222656,310.01171875,434.1894836425781,332.55859375,428.1473693847656,285.73046875,422.9684143066406,309.14453125,422.9684143066406,333.42578125,-1.0,-1.0,422.1052551269531,248.44140625,432.4631652832031,245.83984375,424.6947326660156,247.57421875
-1.0,-1.0,432.4631652832031,257.11328125,439.368408203125,257.11328125,442.821044921875,270.12109375,-1.0,-1.0,426.4210510253906,257.11328125,424.6947326660156,272.72265625,420.3789367675781,281.39453125,437.64208984375,286.59765625,434.1894836425781,310.01171875,434.1894836425781,332.55859375,429.0105285644531,285.73046875,422.9684143066406,309.14453125,422.9684143066406,333.42578125,-1.0,-1.0,-1.0,-1.0,432.4631652832031,245.83984375,423.8315734863281,248.44140625
-1.0,-1.0,432.4631652832031,257.11328125,439.368408203125,257.11328125,442.821044921875,270.12109375,-1.0,-1.0,426.4210510253906,257.11328125,424.6947326660156,272.72265625,420.3789367675781,281.39453125,437.64208984375,286.59765625,435.0526428222656,310.01171875,434.1894836425781,332.55859375,429.0105285644531,285.73046875,422.9684143066406,310.01171875,422.9684143066406,332.55859375,-1.0,-1.0,-1.0,-1.0,432.4631652832031,245.83984375,423.8315734863281,248.44140625
-1.0,-1.0,432.4631652832031,257.11328125,439.368408203125,257.11328125,442.821044921875,270.12109375,-1.0,-1.0,426.4210510253906,257.11328125,424.6947326660156,272.72265625,420.3789367675781,281.39453125,437.64208984375,286.59765625,435.0526428222656,310.01171875,434.1894836425781,332.55859375,429.0105285644531,285.73046875,422.9684143066406,310.01171875,422.9684143066406,332.55859375,-1.0,-1.0,-1.0,-1.0,432.4631652832031,246.70703125,423.8315734863281,248.44140625
-1.0,-1.0,432.4631652832031,257.11328125,439.368408203125,257.11328125,442.821044921875,270.12109375,-1.0,-1.0,426.4210510253906,257.11328125,424.6947326660156,271.85546875,420.3789367675781,281.39453125,437.64208984375,286.59765625,435.0526428222656,310.01171875,434.1894836425781,332.55859375,429.0105285644531,285.73046875,422.9684143066406,310.01171875,422.9684143066406,332.55859375,-1.0,-1.0,-1.0,-1.0,432.4631652832031,245.83984375,423.8315734863281,248.44140625
422.1052551269531,251.04296875,432.4631652832031,257.11328125,439.368408203125,257.11328125,442.821044921875,270.12109375,-1.0,-1.0,426.4210510253906,257.11328125,424.6947326660156,271.85546875,420.3789367675781,281.39453125,437.64208984375,286.59765625,435.0526428222656,310.01171875,434.1894836425781,332.55859375,429.0105285644531,285.73046875,422.9684143066406,310.01171875,422.9684143066406,332.55859375,-1.0,-1.0,-1.0,-1.0,432.4631652832031,246.70703125,423.8315734863281,248.44140625
422.1052551269531,251.04296875,432.4631652832031,257.11328125,439.368408203125,257.11328125,442.821044921875,270.12109375,-1.0,-1.0,426.4210510253906,257.11328125,424.6947326660156,271.85546875,420.3789367675781,281.39453125,437.64208984375,286.59765625,435.0526428222656,310.01171875,433.3263244628906,332.55859375,429.0105285644531,285.73046875,422.9684143066406,310.01171875,422.9684143066406,332.55859375,-1.0,-1.0,422.1052551269531,248.44140625,432.4631652832031,245.83984375,423.8315734863281,248.44140625
422.1052551269531,251.04296875,432.4631652832031,257.11328125,439.368408203125,257.11328125,443.6842041015625,270.12109375,-1.0,-1.0,426.4210510253906,257.11328125,424.6947326660156,271.85546875,420.3789367675781,281.39453125,438.5052490234375,285.73046875,434.1894836425781,309.14453125,434.1894836425781,331.69140625,429.0105285644531,285.73046875,422.9684143066406,309.14453125,422.9684143066406,331.69140625,-1.0,-1.0,422.1052551269531,248.44140625,432.4631652832031,245.83984375,423.8315734863281,248.44140625
421.2420959472656,251.04296875,431.6000061035156,257.11328125,436.7789306640625,256.24609375,441.9578857421875,268.38671875,-1.0,-1.0,426.4210510253906,257.11328125,424.6947326660156,271.85546875,420.3789367675781,280.52734375,438.5052490234375,284.86328125,434.1894836425781,310.01171875,434.1894836425781,332.55859375,429.0105285644531,284.86328125,422.9684143066406,309.14453125,422.9684143066406,332.55859375,-1.0,-1.0,422.1052551269531,248.44140625,431.6000061035156,245.83984375,422.9684143066406,248.44140625
422.1052551269531,251.04296875,431.6000061035156,257.11328125,435.9158020019531,256.24609375,-1.0,-1.0,-1.0,-1.0,426.4210510253906,257.98046875,424.6947326660156,272.72265625,420.3789367675781,281.39453125,435.9158020019531,283.99609375,435.0526428222656,310.01171875,435.0526428222656,330.82421875,428.1473693847656,283.99609375,422.9684143066406,309.14453125,422.9684143066406,331.69140625,-1.0,-1.0,-1.0,-1.0,430.7368469238281,245.83984375,423.8315734863281,247.57421875
-1.0,-1.0,431.6000061035156,257.11328125,436.7789306640625,256.24609375,-1.0,-1.0,-1.0,-1.0,426.4210510253906,257.98046875,423.8315734863281,273.58984375,419.5157775878906,283.99609375,437.64208984375,284.86328125,433.3263244628906,312.61328125,435.0526428222656,329.95703125,429.0105285644531,284.86328125,422.9684143066406,310.87890625,422.9684143066406,330.82421875,-1.0,-1.0,-1.0,-1.0,431.6000061035156,246.70703125,424.6947326660156,247.57421875
