-1.0,-1.0,121.75,224.00390625,138.25,226.98828125,151.75,258.32421875,135.25,276.23046875,103.75,219.52734375,-1.0,-1.0,-1.0,-1.0,121.75,279.21484375,117.25,319.50390625,111.25,352.33203125,100.75,274.73828125,108.25,318.01171875,-1.0,-1.0,-1.0,-1.0,-1.0,-1.0,133.75,206.09765625,115.75,203.11328125
-1.0,-1.0,121.76596069335938,226.98828125,141.12765502929688,228.48046875,153.04254150390625,258.32421875,139.63829040527344,279.21484375,103.89361572265625,224.00390625,93.46808624267578,247.87890625,93.46808624267578,270.26171875,124.74467468261719,277.72265625,118.7872314453125,318.01171875,117.29786682128906,343.37890625,103.89361572265625,274.73828125,108.36170196533203,315.02734375,-1.0,-1.0,-1.0,-1.0,-1.0,-1.0,135.1702117919922,207.58984375,117.29786682128906,204.60546875
-1.0,-1.0,124.76041412353516,226.7265625,142.51040649414062,229.6953125,152.8645782470703,256.4140625,157.3020782470703,269.7734375,105.53125,225.2421875,93.69791412353516,248.9921875,93.69791412353516,269.7734375,127.71875,277.1953125,123.28125,315.7890625,118.84375,342.5078125,107.01041412353516,274.2265625,109.96875,312.8203125,-1.0,-1.0,-1.0,-1.0,-1.0,-1.0,135.1145782470703,207.4296875,120.32291412353516,205.9453125
-1.0,-1.0,126.26530456542969,227.94140625,143.89796447753906,230.89453125,154.1836700439453,254.51953125,157.12245178222656,269.28515625,107.16326904296875,226.46484375,95.40816497802734,250.08984375,93.93877410888672,267.80859375,130.6734619140625,278.14453125,124.79591369628906,316.53515625,121.85714721679688,349.01953125,108.63265228271484,275.19140625,108.63265228271484,312.10546875,-1.0,-1.0,-1.0,-1.0,-1.0,-1.0,138.02041625976562,208.74609375,121.85714721679688,208.74609375
-1.0,-1.0,129.09901428222656,229.140625,145.2178192138672,232.078125,158.40594482421875,261.453125,158.40594482421875,271.734375,110.04950714111328,227.671875,98.32673645019531,251.171875,95.39604187011719,267.328125,132.0297088623047,280.546875,126.16831970214844,317.265625,121.77227783203125,352.515625,111.51485443115234,277.609375,114.44554138183594,317.265625,112.98019409179688,349.578125,-1.0,-1.0,-1.0,-1.0,137.89108276367188,210.046875,123.23762512207031,208.578125
-1.0,-1.0,128.76470947265625,229.140625,146.41175842285156,232.078125,159.64706420898438,261.453125,162.58822631835938,279.078125,109.64705657958984,227.671875,99.35294342041016,254.109375,99.35294342041016,270.265625,133.1764678955078,282.015625,127.29411315917969,320.203125,125.82353210449219,351.046875,112.5882339477539,279.078125,119.94117736816406,318.734375,-1.0,-1.0,-1.0,-1.0,-1.0,-1.0,140.5294189453125,211.515625,122.88235473632812,210.046875
-1.0,-1.0,128.8076934814453,230.32421875,146.34616088867188,231.78515625,160.9615478515625,262.46484375,163.88461303710938,278.53515625,111.26922607421875,227.40234375,99.57691955566406,252.23828125,99.57691955566406,269.76953125,133.1923065185547,281.45703125,127.34615325927734,319.44140625,120.03845977783203,348.66015625,112.73076629638672,278.53515625,118.57691955566406,319.44140625,-1.0,-1.0,-1.0,-1.0,-1.0,-1.0,141.96153259277344,212.79296875,124.42308044433594,209.87109375
-1.0,-1.0,131.77359008789062,231.4921875,149.20755004882812,232.9453125,162.28302001953125,264.9140625,163.73583984375,280.8984375,114.3396224975586,228.5859375,102.71697998046875,253.2890625,101.26415252685547,270.7265625,136.132080078125,282.3515625,127.41510009765625,321.5859375,124.50942993164062,349.1953125,115.79244995117188,279.4453125,121.60377502441406,320.1328125,-1.0,-1.0,-1.0,-1.0,-1.0,-1.0,141.94338989257812,212.6015625,125.96226501464844,209.6953125
-1.0,-1.0,133.63551330566406,231.4921875,151.13084411621094,232.9453125,164.25233459472656,263.4609375,165.7102813720703,279.4453125,116.14018249511719,230.0390625,104.47663879394531,256.1953125,103.01869201660156,272.1796875,138.00933837890625,282.3515625,130.71963500976562,320.1328125,127.80374145507812,347.7421875,117.59812927246094,280.8984375,123.4299087524414,318.6796875,-1.0,-1.0,-1.0,-1.0,-1.0,-1.0,145.299072265625,212.6015625,129.26168823242188,211.1484375
-1.0,-1.0,135.1376190185547,231.19921875,152.5321044921875,232.64453125,165.57798767089844,262.99609375,167.02752685546875,278.89453125,116.2935791015625,229.75390625,107.59632873535156,258.66015625,103.2477035522461,271.66796875,139.48623657226562,283.23046875,133.68807983398438,319.36328125,-1.0,-1.0,119.19265747070312,280.33984375,126.44036865234375,319.36328125,-1.0,-1.0,-1.0,-1.0,-1.0,-1.0,145.28440856933594,212.41015625,130.78900146484375,210.96484375
-1.0,-1.0,136.6396484375,230.90625,153.9369354248047,232.34375,166.909912109375,262.53125,168.35134887695312,279.78125,117.9009017944336,229.46875,109.25225067138672,255.34375,106.36936950683594,272.59375,142.4053955078125,282.65625,135.1981964111328,318.59375,-1.0,-1.0,120.78378295898438,279.78125,127.9909896850586,318.59375,-1.0,-1.0,-1.0,-1.0,-1.0,-1.0,145.2882843017578,212.21875,132.3153076171875,210.78125
-1.0,-1.0,136.7079620361328,230.90625,155.34512329101562,230.90625,166.8141632080078,261.09375,169.68142700195312,282.65625,119.50442504882812,229.46875,110.90265655517578,253.90625,106.60176849365234,272.59375,142.44247436523438,281.21875,136.7079620361328,320.03125,-1.0,-1.0,122.3716812133789,278.34375,129.53982543945312,318.59375,-1.0,-1.0,-1.0,-1.0,-1.0,-1.0,146.7433624267578,210.78125,132.40707397460938,210.78125
-1.0,-1.0,139.6434783935547,230.61328125,156.7565155029297,230.61328125,166.7391357421875,259.20703125,171.01739501953125,274.93359375,121.1043472290039,229.18359375,112.5478286743164,254.91796875,108.26956176757812,272.07421875,143.92173767089844,280.65234375,141.06956481933594,317.82421875,138.21739196777344,339.26953125,123.9565200805664,279.22265625,129.66087341308594,317.82421875,-1.0,-1.0,-1.0,-1.0,-1.0,-1.0,148.1999969482422,210.59765625,133.9391326904297,212.02734375
-1.0,-1.0,142.06956481933594,230.3203125,159.18260192871094,230.3203125,169.16522216796875,257.3359375,173.4434814453125,275.8203125,123.53043365478516,228.8984375,113.5478286743164,254.4921875,110.69564819335938,272.9765625,147.77391052246094,280.0859375,146.3478240966797,312.7890625,142.06956481933594,336.9609375,126.38260650634766,277.2421875,130.66087341308594,314.2109375,130.66087341308594,336.9609375,-1.0,-1.0,-1.0,-1.0,150.62608337402344,210.4140625,136.36521911621094,210.4140625
-1.0,-1.0,143.56410217285156,228.8984375,160.58975219726562,230.3203125,169.10256958007812,257.3359375,174.77777099609375,274.3984375,125.11965942382812,227.4765625,115.18803405761719,253.0703125,112.35042572021484,271.5546875,147.8205108642578,280.0859375,150.65811157226562,315.6328125,146.40170288085938,336.9609375,127.95726776123047,277.2421875,130.7948760986328,317.0546875,132.21368408203125,339.8046875,-1.0,-1.0,-1.0,-1.0,152.07691955566406,210.4140625,137.88888549804688,210.4140625
-1.0,-1.0,144.2083282470703,228.61328125,161.2083282470703,230.02734375,171.125,258.30859375,175.375,276.69140625,127.20832824707031,227.19921875,117.29166412353516,252.65234375,114.45833587646484,271.03515625,151.29165649414062,278.10546875,155.54165649414062,314.87109375,-1.0,-1.0,128.625,276.69140625,131.4583282470703,316.28515625,-1.0,-1.0,-1.0,-1.0,-1.0,-1.0,154.125,210.23046875,139.9583282470703,208.81640625
-1.0,-1.0,145.70492553710938,228.328125,162.62295532226562,229.734375,172.49180603027344,257.859375,176.7213134765625,278.953125,128.78688049316406,226.921875,117.50819396972656,250.828125,116.09835815429688,269.109375,152.75408935546875,277.546875,156.98361206054688,312.703125,-1.0,-1.0,130.19671630859375,276.140625,131.60655212402344,315.515625,133.01638793945312,339.421875,-1.0,-1.0,-1.0,-1.0,154.1639404296875,210.046875,141.47540283203125,208.640625
-1.0,-1.0,147.2016143798828,228.04296875,164.04031372070312,229.44140625,173.86289978027344,258.80859375,179.47579956054688,276.98828125,130.36289978027344,226.64453125,119.13710021972656,250.41796875,117.73387145996094,269.99609375,154.21774291992188,278.38671875,159.8306427001953,310.55078125,-1.0,-1.0,131.76612854003906,275.58984375,133.1693572998047,316.14453125,-1.0,-1.0,-1.0,-1.0,-1.0,-1.0,155.6209716796875,209.86328125,142.991943359375,208.46484375
-1.0,-1.0,148.6984100341797,229.44140625,165.4603271484375,230.83984375,173.84127807617188,257.41015625,180.82540893554688,274.19140625,130.53968811035156,228.04296875,120.76190185546875,253.21484375,117.96825408935547,271.39453125,155.6825408935547,276.98828125,161.26983642578125,310.55078125,-1.0,-1.0,133.3333282470703,275.58984375,133.3333282470703,314.74609375,-1.0,-1.0,-1.0,-1.0,-1.0,-1.0,158.4761962890625,212.66015625,144.5079345703125,209.86328125
-1.0,-1.0,150.03936767578125,228.7578125,166.66929626464844,231.5390625,174.9842529296875,260.7421875,180.52755737304688,276.0390625,132.02362060546875,225.9765625,122.32283782958984,251.0078125,119.55117797851562,269.0859375,156.968505859375,277.4296875,162.51181030273438,310.8046875,165.28346252441406,333.0546875,134.79527282714844,276.0390625,136.1811065673828,314.9765625,136.1811065673828,338.6171875,-1.0,-1.0,-1.0,-1.0,159.7401580810547,212.0703125,145.88189697265625,209.2890625
-1.0,-1.0,152.03936767578125,230.1484375,168.66929626464844,231.5390625,176.9842529296875,260.7421875,182.52755737304688,280.2109375,134.02362060546875,228.7578125,124.32283782958984,255.1796875,120.16535186767578,276.0390625,157.58267211914062,277.4296875,163.12599182128906,310.8046875,-1.0,-1.0,136.79527282714844,276.0390625,138.1811065673828,314.9765625,-1.0,-1.0,-1.0,-1.0,-1.0,-1.0,160.35433959960938,212.0703125,147.88189697265625,210.6796875
-1.0,-1.0,152.6984100341797,231.83984375,170.85714721679688,233.23828125,179.23809814453125,261.20703125,182.03173828125,282.18359375,135.93650817871094,230.44140625,124.76190185546875,257.01171875,120.57142639160156,277.98828125,159.6825408935547,277.98828125,162.4761962890625,312.94921875,-1.0,-1.0,137.3333282470703,276.58984375,137.3333282470703,314.34765625,138.73016357421875,339.51953125,-1.0,-1.0,-1.0,-1.0,161.07936096191406,212.26171875,148.5079345703125,210.86328125
-1.0,-1.0,155.42520141601562,232.5390625,172.05511474609375,233.9296875,180.37008666992188,261.7421875,183.14173889160156,283.9921875,137.40945434570312,229.7578125,126.32283782958984,256.1796875,122.16535186767578,278.4296875,160.968505859375,279.8203125,163.7401580810547,314.5859375,-1.0,-1.0,138.79527282714844,278.4296875,138.79527282714844,315.9765625,-1.0,-1.0,-1.0,-1.0,-1.0,-1.0,162.35433959960938,213.0703125,149.88189697265625,213.0703125
-1.0,-1.0,156.42520141601562,232.5390625,173.05511474609375,235.3203125,181.37008666992188,263.1328125,184.14173889160156,285.3828125,139.79527282714844,231.1484375,131.48031616210938,256.1796875,124.55117797851562,277.0390625,161.968505859375,281.2109375,164.7401580810547,314.5859375,-1.0,-1.0,141.1811065673828,277.0390625,139.79527282714844,314.5859375,-1.0,-1.0,-1.0,-1.0,-1.0,-1.0,164.7401580810547,215.8515625,152.26771545410156,214.4609375
-1.0,-1.0,158.09524536132812,234.23828125,174.85714721679688,235.63671875,181.84127807617188,265.00390625,177.65078735351562,280.38671875,141.3333282470703,231.44140625,131.55555725097656,258.01171875,127.36508178710938,277.58984375,163.6825408935547,281.78515625,166.4761962890625,315.34765625,-1.0,-1.0,142.73016357421875,277.58984375,141.3333282470703,315.34765625,-1.0,-1.0,-1.0,-1.0,-1.0,-1.0,166.4761962890625,216.05859375,152.5079345703125,216.05859375
-1.0,-1.0,159.42520141601562,233.5390625,176.05511474609375,236.3203125,184.37008666992188,265.5234375,187.14173889160156,289.1640625,142.79527282714844,232.1484375,133.094482421875,257.1796875,131.7086639404297,273.8671875,164.968505859375,282.2109375,167.7401580810547,315.5859375,-1.0,-1.0,144.1811065673828,279.4296875,142.79527282714844,314.1953125,-1.0,-1.0,-1.0,-1.0,-1.0,-1.0,169.12599182128906,216.8515625,155.26771545410156,216.8515625
-1.0,-1.0,161.81101989746094,233.5390625,178.44094848632812,237.7109375,188.14173889160156,268.3046875,190.91339111328125,275.2578125,145.1811065673828,232.1484375,136.86614990234375,257.1796875,131.3228302001953,275.2578125,167.35433959960938,282.2109375,168.7401580810547,315.5859375,-1.0,-1.0,145.1811065673828,278.0390625,143.79527282714844,312.8046875,-1.0,-1.0,-1.0,-1.0,-1.0,-1.0,171.51181030273438,216.8515625,157.65354919433594,215.4609375
-1.0,-1.0,163.88888549804688,232.44140625,179.25396728515625,235.23828125,189.03173828125,263.20703125,193.22222900390625,274.39453125,147.12698364257812,231.04296875,138.74603271484375,256.21484375,133.1587371826172,277.19140625,169.4761962890625,279.98828125,169.4761962890625,314.94921875,-1.0,-1.0,148.5238037109375,277.19140625,145.73016357421875,312.15234375,-1.0,-1.0,-1.0,-1.0,-1.0,-1.0,172.26983642578125,215.66015625,161.09524536132812,214.26171875
-1.0,-1.0,164.81101989746094,233.1484375,181.44094848632812,234.5390625,188.37008666992188,260.9609375,193.91339111328125,276.2578125,148.1811065673828,230.3671875,141.25196838378906,256.7890625,138.48031616210938,277.6484375,171.7401580810547,279.0390625,170.35433959960938,312.4140625,-1.0,-1.0,150.9527587890625,277.6484375,149.56692504882812,311.0234375,-1.0,-1.0,-1.0,-1.0,-1.0,-1.0,174.51181030273438,216.4609375,163.42520141601562,213.6796875
-1.0,-1.0,165.81101989746094,233.1484375,182.44094848632812,234.5390625,190.7559051513672,263.7421875,192.14173889160156,276.2578125,149.1811065673828,230.3671875,142.25196838378906,256.7890625,139.48031616210938,277.6484375,172.7401580810547,279.0390625,171.35433959960938,313.8046875,-1.0,-1.0,151.9527587890625,277.6484375,151.9527587890625,312.4140625,-1.0,-1.0,-1.0,-1.0,-1.0,-1.0,176.89764404296875,216.4609375,164.42520141601562,215.0703125
-1.0,-1.0,167.88888549804688,232.04296875,184.65078735351562,234.83984375,191.63491821289062,260.01171875,195.82540893554688,273.99609375,149.73016357421875,229.24609375,142.74603271484375,255.81640625,138.55555725097656,276.79296875,174.87301635742188,278.19140625,172.07936096191406,311.75390625,-1.0,-1.0,153.92063903808594,276.79296875,153.92063903808594,310.35546875,-1.0,-1.0,-1.0,-1.0,-1.0,-1.0,177.6666717529297,215.26171875,165.09524536132812,213.86328125
-1.0,-1.0,169.1968536376953,232.7578125,185.8267822265625,234.1484375,194.14173889160156,261.9609375,196.91339111328125,273.0859375,151.1811065673828,229.9765625,142.86614990234375,256.3984375,141.48031616210938,277.2578125,174.7401580810547,277.2578125,170.58267211914062,310.6328125,170.58267211914062,334.2734375,155.33859252929688,275.8671875,155.33859252929688,309.2421875,-1.0,-1.0,-1.0,-1.0,-1.0,-1.0,178.89764404296875,216.0703125,165.03936767578125,213.2890625
-1.0,-1.0,171.58267211914062,231.3671875,186.8267822265625,234.1484375,195.14173889160156,260.5703125,199.29922485351562,274.4765625,153.56692504882812,229.9765625,143.86614990234375,256.3984375,138.3228302001953,278.6484375,175.7401580810547,277.2578125,171.58267211914062,312.0234375,-1.0,-1.0,156.33859252929688,275.8671875,159.1102294921875,310.6328125,-1.0,-1.0,-1.0,-1.0,-1.0,-1.0,179.89764404296875,216.0703125,167.42520141601562,214.6796875
-1.0,-1.0,171.88888549804688,230.24609375,187.25396728515625,233.04296875,197.03173828125,261.01171875,199.82540893554688,272.19921875,155.12698364257812,228.84765625,143.95237731933594,256.81640625,136.96826171875,283.38671875,176.07936096191406,276.39453125,171.88888549804688,309.95703125,-1.0,-1.0,157.92063903808594,274.99609375,159.3174591064453,309.95703125,-1.0,-1.0,-1.0,-1.0,-1.0,-1.0,180.26983642578125,216.26171875,166.3015899658203,214.86328125
-1.0,-1.0,173.1968536376953,230.9765625,188.44094848632812,233.7578125,198.14173889160156,260.1796875,202.29922485351562,272.6953125,156.56692504882812,229.5859375,145.48031616210938,256.0078125,138.55117797851562,278.2578125,177.35433959960938,276.8671875,173.1968536376953,308.8515625,171.81101989746094,333.8828125,157.9527587890625,274.0859375,159.33859252929688,308.8515625,-1.0,-1.0,-1.0,-1.0,-1.0,-1.0,181.51181030273438,217.0703125,167.65354919433594,215.6796875
-1.0,-1.0,175.58267211914062,230.9765625,189.44094848632812,233.7578125,199.14173889160156,260.1796875,203.29922485351562,271.3046875,158.9527587890625,228.1953125,149.25196838378906,250.4453125,149.25196838378906,269.9140625,178.35433959960938,276.8671875,172.81101989746094,308.8515625,172.81101989746094,335.2734375,158.9527587890625,274.0859375,160.33859252929688,307.4609375,-1.0,-1.0,-1.0,-1.0,-1.0,-1.0,182.51181030273438,215.6796875,170.03936767578125,214.2890625
-1.0,-1.0,176.2857208251953,231.24609375,191.65078735351562,234.04296875,201.42857360839844,260.61328125,202.82540893554688,274.59765625,159.5238037109375,228.44921875,149.74603271484375,250.82421875,149.74603271484375,270.40234375,179.07936096191406,277.39453125,174.88888549804688,309.55859375,172.09524536132812,336.12890625,159.5238037109375,274.59765625,160.92063903808594,308.16015625,-1.0,-1.0,-1.0,-1.0,-1.0,-1.0,183.26983642578125,217.26171875,172.09524536132812,214.46484375
-1.0,-1.0,177.1968536376953,231.9765625,192.44094848632812,234.7578125,202.14173889160156,261.1796875,203.52755737304688,276.4765625,160.56692504882812,230.5859375,150.86614990234375,251.4453125,148.094482421875,269.5234375,178.58267211914062,277.8671875,173.03936767578125,311.2421875,173.03936767578125,336.2734375,160.56692504882812,273.6953125,161.9527587890625,307.0703125,-1.0,-1.0,-1.0,-1.0,-1.0,-1.0,184.12599182128906,218.0703125,171.65354919433594,216.6796875
-1.0,-1.0,178.1968536376953,233.3671875,193.44094848632812,234.7578125,201.7559051513672,259.7890625,203.14173889160156,276.4765625,160.1811065673828,231.9765625,151.86614990234375,254.2265625,150.48031616210938,270.9140625,179.58267211914062,277.8671875,174.03936767578125,309.8515625,174.03936767578125,336.2734375,162.9527587890625,275.0859375,162.9527587890625,307.0703125,-1.0,-1.0,-1.0,-1.0,-1.0,-1.0,185.12599182128906,219.4609375,174.03936767578125,216.6796875
-1.0,-1.0,180.2857208251953,233.64453125,194.25396728515625,236.44140625,202.63491821289062,261.61328125,204.03173828125,276.99609375,163.5238037109375,232.24609375,153.74603271484375,256.01953125,150.95237731933594,271.40234375,181.6825408935547,278.39453125,174.6984100341797,310.55859375,174.6984100341797,337.12890625,163.5238037109375,275.59765625,164.92063903808594,309.16015625,-1.0,-1.0,-1.0,-1.0,-1.0,-1.0,187.26983642578125,219.66015625,176.09524536132812,219.66015625
-1.0,-1.0,178.81101989746094,234.3671875,194.05511474609375,237.1484375,202.37008666992188,262.1796875,203.7559051513672,278.8671875,162.1811065673828,232.9765625,153.86614990234375,255.2265625,151.094482421875,271.9140625,180.1968536376953,278.8671875,174.65354919433594,312.2421875,174.65354919433594,338.6640625,163.56692504882812,276.0859375,163.56692504882812,309.4609375,-1.0,-1.0,-1.0,-1.0,-1.0,-1.0,187.12599182128906,220.4609375,174.65354919433594,219.0703125
-1.0,-1.0,179.42520141601562,234.3671875,194.66929626464844,235.7578125,202.9842529296875,260.7890625,205.7559051513672,276.0859375,162.79527282714844,231.5859375,154.48031616210938,255.2265625,153.094482421875,271.9140625,180.81101989746094,277.4765625,175.26771545410156,310.8515625,175.26771545410156,335.8828125,162.79527282714844,274.6953125,164.1811065673828,308.0703125,-1.0,-1.0,-1.0,-1.0,-1.0,-1.0,186.35433959960938,220.4609375,173.88189697265625,219.0703125
-1.0,-1.0,180.09524536132812,236.04296875,195.4603271484375,237.44140625,203.84127807617188,264.01171875,206.63491821289062,276.59765625,164.73016357421875,233.24609375,154.95237731933594,257.01953125,153.55555725097656,273.80078125,182.88888549804688,279.39453125,177.3015899658203,311.55859375,174.5079345703125,338.12890625,164.73016357421875,276.59765625,166.12698364257812,310.16015625,-1.0,-1.0,-1.0,-1.0,-1.0,-1.0,187.07936096191406,222.05859375,174.5079345703125,220.66015625
-1.0,-1.0,180.57142639160156,236.47265625,195.76190185546875,237.85546875,204.047607421875,265.51171875,206.8095245361328,276.57421875,164.0,233.70703125,157.09524536132812,257.21484375,155.7142791748047,273.80859375,183.3333282470703,277.95703125,177.8095245361328,311.14453125,176.42857360839844,336.03515625,165.38095092773438,275.19140625,166.76190185546875,308.37890625,-1.0,-1.0,-1.0,-1.0,-1.0,-1.0,187.4761962890625,222.64453125,175.04762268066406,221.26171875
-1.0,-1.0,181.57142639160156,236.47265625,196.76190185546875,237.85546875,203.66665649414062,262.74609375,206.42857360839844,276.57421875,165.0,233.70703125,156.7142791748047,257.21484375,155.3333282470703,273.80859375,182.95237731933594,279.33984375,178.8095245361328,312.52734375,177.42857360839844,337.41796875,166.38095092773438,276.57421875,167.76190185546875,309.76171875,-1.0,-1.0,-1.0,-1.0,-1.0,-1.0,187.09524536132812,222.64453125,176.04762268066406,221.26171875
-1.0,-1.0,181.89764404296875,235.53515625,196.968505859375,238.26953125,205.18896484375,262.87890625,207.92913818359375,275.18359375,165.45669555664062,234.16796875,157.23622131347656,256.04296875,157.23622131347656,272.44921875,183.26771545410156,279.28515625,180.52755737304688,313.46484375,177.7873992919922,338.07421875,166.82676696777344,276.55078125,168.1968536376953,309.36328125,-1.0,-1.0,-1.0,-1.0,-1.0,-1.0,187.37794494628906,221.86328125,176.41732788085938,221.86328125
-1.0,-1.0,181.52755737304688,235.53515625,196.59841918945312,236.90234375,204.8188934326172,261.51171875,207.55905151367188,275.18359375,166.45669555664062,234.16796875,156.8661346435547,254.67578125,156.8661346435547,272.44921875,184.26771545410156,279.28515625,181.52755737304688,313.46484375,178.7873992919922,338.07421875,166.45669555664062,276.55078125,169.1968536376953,312.09765625,-1.0,-1.0,-1.0,-1.0,-1.0,-1.0,188.37794494628906,223.23046875,177.41732788085938,221.86328125
-1.0,-1.0,182.0157470703125,234.8984375,196.91339111328125,237.6171875,205.03936767578125,262.0859375,207.74803161621094,277.0390625,165.76377868652344,233.5390625,158.99212646484375,256.6484375,157.63778686523438,272.9609375,186.0787353515625,277.0390625,186.0787353515625,311.0234375,180.66140747070312,338.2109375,167.11810302734375,275.6796875,171.1811065673828,311.0234375,171.1811065673828,338.2109375,-1.0,-1.0,-1.0,-1.0,188.7873992919922,222.6640625,177.9527587890625,221.3046875
-1.0,-1.0,183.0157470703125,234.62890625,197.91339111328125,237.33203125,206.03936767578125,260.30859375,208.74803161621094,275.17578125,166.76377868652344,233.27734375,159.99212646484375,256.25390625,158.63778686523438,272.47265625,187.0787353515625,276.52734375,188.43307495117188,310.31640625,185.7244110107422,337.34765625,169.47244262695312,275.17578125,170.82676696777344,308.96484375,172.1811065673828,337.34765625,-1.0,-1.0,-1.0,-1.0,189.7873992919922,222.46484375,178.9527587890625,219.76171875
-1.0,-1.0,183.50393676757812,234.015625,198.2283477783203,235.359375,204.9212646484375,259.546875,207.59841918945312,274.328125,167.44094848632812,232.671875,160.74803161621094,254.171875,159.40945434570312,271.640625,187.51968383789062,275.671875,188.85826110839844,309.265625,183.50393676757812,337.484375,170.11810302734375,272.984375,171.45669555664062,307.921875,172.79527282714844,337.484375,-1.0,-1.0,-1.0,-1.0,188.85826110839844,220.578125,179.48818969726562,219.234375
-1.0,-1.0,184.1640625,233.1640625,198.7734375,235.8203125,205.4140625,258.3984375,208.0703125,273.0078125,168.2265625,231.8359375,160.2578125,254.4140625,158.9296875,270.3515625,188.1484375,275.6640625,189.4765625,308.8671875,186.8203125,334.1015625,170.8828125,273.0078125,173.5390625,308.8671875,172.2109375,336.7578125,-1.0,-1.0,-1.0,-1.0,190.8046875,219.8828125,180.1796875,219.8828125
-1.0,-1.0,184.6666717529297,233.1640625,200.6666717529297,235.8203125,207.33334350585938,261.0546875,208.6666717529297,275.6640625,170.0,231.8359375,160.6666717529297,254.4140625,159.3333282470703,271.6796875,190.0,275.6640625,191.33334350585938,308.8671875,186.0,334.1015625,171.3333282470703,273.0078125,174.0,310.1953125,172.6666717529297,335.4296875,-1.0,-1.0,-1.0,-1.0,191.33334350585938,219.8828125,180.6666717529297,219.8828125
-1.0,-1.0,185.99212646484375,233.91015625,200.54330444335938,235.23046875,208.48031616210938,261.63671875,209.8031463623047,276.16015625,170.11810302734375,231.26953125,162.1811065673828,252.39453125,159.53543090820312,270.87890625,191.28346252441406,274.83984375,189.96063232421875,305.20703125,187.31495666503906,327.65234375,172.76377868652344,272.19921875,175.40945434570312,306.52734375,178.05511474609375,332.93359375,-1.0,-1.0,-1.0,-1.0,191.28346252441406,220.70703125,182.02362060546875,219.38671875
-1.0,-1.0,186.15872192382812,233.65625,200.65078735351562,234.96875,208.55555725097656,262.53125,212.5079345703125,280.90625,170.34921264648438,231.03125,162.44444274902344,253.34375,159.8095245361328,270.40625,191.42857360839844,274.34375,191.42857360839844,304.53125,187.4761962890625,333.40625,172.984130859375,273.03125,175.61904907226562,307.15625,178.25396728515625,330.78125,-1.0,-1.0,-1.0,-1.0,191.42857360839844,220.53125,182.2063446044922,219.21875
-1.0,-1.0,187.48031616210938,234.40234375,201.85826110839844,235.70703125,209.70077514648438,263.10546875,211.00787353515625,277.45703125,171.79527282714844,231.79296875,162.64566040039062,252.66796875,158.7244110107422,269.62890625,191.40158081054688,274.84765625,192.7086639404297,304.85546875,188.7873992919922,330.94921875,173.10235595703125,272.23828125,175.71653747558594,308.76953125,177.02362060546875,333.55859375,-1.0,-1.0,-1.0,-1.0,192.7086639404297,221.35546875,182.25196838378906,220.05078125
-1.0,-1.0,187.65078735351562,234.40234375,201.96826171875,235.70703125,209.77777099609375,263.10546875,211.07937622070312,276.15234375,172.03173828125,231.79296875,162.92063903808594,252.66796875,160.3174591064453,269.62890625,191.55555725097656,274.84765625,192.85714721679688,306.16015625,187.65078735351562,332.25390625,173.3333282470703,272.23828125,175.93650817871094,307.46484375,175.93650817871094,333.55859375,-1.0,-1.0,-1.0,-1.0,194.1587371826172,221.35546875,183.74603271484375,220.05078125
-1.0,-1.0,188.46511840820312,234.89453125,202.62014770507812,237.47265625,209.05426025390625,261.96484375,209.05426025390625,273.56640625,173.02325439453125,232.31640625,164.0155029296875,251.65234375,160.15504455566406,268.41015625,192.32557678222656,274.85546875,192.32557678222656,304.50390625,187.1782989501953,331.57421875,175.59689331054688,272.27734375,176.88372802734375,307.08203125,178.17054748535156,332.86328125,-1.0,-1.0,-1.0,-1.0,194.89923095703125,222.00390625,185.8914794921875,220.71484375
-1.0,-1.0,188.968505859375,236.18359375,203.17323303222656,237.47265625,210.9212646484375,261.96484375,212.2126007080078,273.56640625,174.76377868652344,233.60546875,164.43307495117188,255.51953125,161.8503875732422,274.85546875,192.84251403808594,276.14453125,194.13385009765625,305.79296875,188.968505859375,332.86328125,176.05511474609375,273.56640625,177.34645080566406,308.37109375,177.34645080566406,334.15234375,-1.0,-1.0,-1.0,-1.0,196.71653747558594,223.29296875,186.38583374023438,222.00390625
-1.0,-1.0,189.9534912109375,236.66015625,203.93798828125,239.20703125,211.56588745117188,263.40234375,214.1085205078125,282.50390625,175.968994140625,234.11328125,165.79844665527344,255.76171875,167.06976318359375,269.76953125,192.49612426757812,277.41015625,193.76744079589844,305.42578125,187.41085815429688,325.80078125,177.2403106689453,273.58984375,177.2403106689453,307.97265625,177.2403106689453,332.16796875,-1.0,-1.0,-1.0,-1.0,198.85272216796875,223.92578125,188.6821746826172,222.65234375
-1.0,-1.0,190.45669555664062,236.66015625,204.48818969726562,239.20703125,212.1417236328125,264.67578125,215.968505859375,281.23046875,176.42520141601562,234.11328125,167.49606323242188,259.58203125,166.22047424316406,276.13671875,193.00787353515625,278.68359375,193.00787353515625,309.24609375,191.73228454589844,332.16796875,176.42520141601562,274.86328125,178.97637939453125,309.24609375,177.70079040527344,335.98828125,-1.0,-1.0,-1.0,-1.0,199.38583374023438,225.19921875,189.1811065673828,222.65234375
-1.0,-1.0,192.3984375,238.6640625,206.3203125,239.9296875,212.6484375,265.2421875,216.4453125,281.6953125,177.2109375,236.1328125,167.0859375,258.9140625,167.0859375,274.1015625,194.9296875,279.1640625,193.6640625,309.5390625,192.3984375,327.2578125,178.4765625,275.3671875,179.7421875,310.8046875,177.2109375,334.8515625,-1.0,-1.0,-1.0,-1.0,201.2578125,226.0078125,192.3984375,223.4765625
-1.0,-1.0,192.875,239.125,207.875,240.375,214.125,265.375,217.875,284.125,179.125,235.375,170.375,259.125,167.875,274.125,196.625,279.125,195.375,310.375,192.875,331.625,179.125,275.375,180.375,310.375,177.875,332.875,-1.0,-1.0,-1.0,-1.0,201.625,225.375,192.875,224.125
-1.0,-1.0,195.125,239.125,208.875,241.625,213.875,264.125,217.625,281.625,181.375,235.375,172.625,256.625,166.375,272.875,197.625,277.875,196.375,309.125,193.875,331.625,180.125,275.375,180.125,306.625,177.625,329.125,-1.0,-1.0,-1.0,-1.0,202.625,227.875,193.875,225.375
-1.0,-1.0,195.5859375,238.3515625,210.3984375,240.8203125,215.3359375,263.0390625,217.8046875,279.0859375,180.7734375,235.8828125,173.3671875,258.1015625,168.4296875,275.3828125,198.0546875,279.0859375,196.8203125,309.9453125,191.8828125,333.3984375,180.7734375,275.3828125,180.7734375,308.7109375,178.3046875,333.3984375,-1.0,-1.0,-1.0,-1.0,204.2265625,227.2421875,193.1171875,224.7734375
-1.0,-1.0,197.8203125,238.3515625,211.3984375,239.5859375,216.3359375,263.0390625,218.8046875,279.0859375,183.0078125,234.6484375,175.6015625,255.6328125,169.4296875,270.4453125,200.2890625,277.8515625,197.8203125,309.9453125,191.6484375,332.1640625,184.2421875,274.1484375,181.7734375,307.4765625,176.8359375,334.6328125,-1.0,-1.0,-1.0,-1.0,205.2265625,226.0078125,195.3515625,223.5390625
-1.0,-1.0,198.60629272460938,236.63671875,212.11810302734375,239.08984375,217.031494140625,262.39453125,220.71653747558594,278.33984375,183.86614990234375,234.18359375,176.49606323242188,257.48828125,172.81101989746094,269.75390625,201.06298828125,277.11328125,197.37796020507812,309.00390625,192.46456909179688,331.08203125,185.094482421875,273.43359375,182.63780212402344,307.77734375,177.7244110107422,334.76171875,-1.0,-1.0,-1.0,-1.0,207.20472717285156,225.59765625,196.14959716796875,223.14453125
-1.0,-1.0,199.265625,236.390625,212.671875,238.828125,218.765625,261.984375,221.203125,277.828125,184.640625,233.953125,176.109375,257.109375,170.015625,269.296875,201.703125,276.609375,199.265625,309.515625,196.828125,331.453125,185.859375,272.953125,184.640625,308.296875,182.203125,333.890625,-1.0,-1.0,-1.0,-1.0,209.015625,225.421875,198.046875,222.984375
-1.0,-1.0,200.7441864013672,237.14453125,214.0465087890625,239.56640625,218.88372802734375,263.78515625,220.093017578125,278.31640625,185.02325439453125,234.72265625,175.3488311767578,257.73046875,170.51162719726562,271.05078125,201.9534912109375,275.89453125,198.32557678222656,308.58984375,195.906982421875,332.80859375,186.23255920410156,273.47265625,186.23255920410156,307.37890625,183.81394958496094,334.01953125,-1.0,-1.0,-1.0,-1.0,209.2093048095703,225.03515625,200.7441864013672,222.61328125
-1.0,-1.0,201.39999389648438,236.8984375,214.60000610351562,239.3046875,220.60000610351562,262.1640625,223.0,275.3984375,185.8000030517578,234.4921875,177.39999389648438,254.9453125,171.39999389648438,268.1796875,203.8000030517578,275.3984375,200.1999969482422,307.8828125,196.60000610351562,330.7421875,187.0,271.7890625,187.0,305.4765625,-1.0,-1.0,-1.0,-1.0,-1.0,-1.0,211.0,224.8671875,201.39999389648438,222.4609375
-1.0,-1.0,202.1705322265625,236.45703125,215.3023223876953,238.84765625,221.2713165283203,262.75390625,222.46511840820312,278.29296875,187.84495544433594,234.06640625,179.48837280273438,254.38671875,172.32557678222656,266.33984375,203.36434936523438,274.70703125,200.97674560546875,306.98046875,197.39535522460938,330.88671875,187.84495544433594,271.12109375,189.03875732421875,304.58984375,185.45736694335938,329.69140625,-1.0,-1.0,-1.0,-1.0,211.72093200683594,224.50390625,202.1705322265625,222.11328125
-1.0,-1.0,203.1705322265625,236.45703125,215.1085205078125,238.84765625,222.2713165283203,260.36328125,223.46511840820312,277.09765625,188.84495544433594,234.06640625,179.29457092285156,253.19140625,173.32557678222656,266.33984375,204.36434936523438,274.70703125,200.78294372558594,306.98046875,198.39535522460938,329.69140625,188.84495544433594,271.12109375,188.84495544433594,304.58984375,186.45736694335938,329.69140625,-1.0,-1.0,-1.0,-1.0,211.52713012695312,223.30859375,201.97674560546875,222.11328125
-1.0,-1.0,203.59689331054688,236.98046875,215.37985229492188,239.33984375,222.44961547851562,261.75390625,223.62789916992188,275.91015625,189.45736694335938,234.62109375,181.2093048095703,254.67578125,172.96124267578125,267.65234375,204.7751922607422,274.73046875,201.2403106689453,306.58203125,197.70542907714844,331.35546875,189.45736694335938,272.37109375,190.63565063476562,304.22265625,185.9224853515625,330.17578125,-1.0,-1.0,-1.0,-1.0,210.66665649414062,224.00390625,201.2403106689453,222.82421875
-1.0,-1.0,204.26153564453125,236.5703125,215.953857421875,238.9140625,222.96923828125,262.3515625,224.13845825195312,275.2421875,190.23077392578125,234.2265625,179.7076873779297,258.8359375,173.86154174804688,276.4140625,205.43077087402344,275.2421875,201.92308044433594,306.8828125,198.41539001464844,330.3203125,190.23077392578125,272.8984375,190.23077392578125,303.3671875,186.72308349609375,329.1484375,-1.0,-1.0,-1.0,-1.0,211.27691650390625,224.8515625,201.92308044433594,223.6796875
-1.0,-1.0,203.86045837402344,237.50390625,216.65115356445312,239.83203125,223.62789916992188,259.62109375,225.9534912109375,272.42578125,189.906982421875,235.17578125,181.76744079589844,254.96484375,177.11627197265625,271.26171875,206.18605041503906,274.75390625,202.6976776123047,305.01953125,198.0465087890625,327.13671875,191.06976318359375,272.42578125,191.06976318359375,302.69140625,187.58139038085938,327.13671875,-1.0,-1.0,-1.0,-1.0,210.8372039794922,224.69921875,201.53488159179688,223.53515625
-1.0,-1.0,204.37008666992188,237.50390625,217.18898010253906,239.83203125,224.1811065673828,261.94921875,225.34646606445312,278.24609375,190.38583374023438,235.17578125,182.2283477783203,253.80078125,177.56692504882812,267.76953125,206.70079040527344,274.75390625,203.20472717285156,306.18359375,199.7086639404297,327.13671875,191.55117797851562,272.42578125,192.71653747558594,303.85546875,189.22047424316406,325.97265625,-1.0,-1.0,-1.0,-1.0,212.52755737304688,224.69921875,202.03936767578125,223.53515625
-1.0,-1.0,204.81101989746094,238.02734375,217.45669555664062,240.32421875,225.50393676757812,263.29296875,225.50393676757812,278.22265625,191.0157470703125,235.73046875,182.968505859375,255.25390625,179.51968383789062,267.88671875,207.1102294921875,275.92578125,202.51181030273438,306.93359375,199.06298828125,325.30859375,191.0157470703125,273.62890625,192.1653594970703,304.63671875,189.86614990234375,327.60546875,-1.0,-1.0,-1.0,-1.0,211.7086639404297,225.39453125,202.51181030273438,224.24609375
-1.0,-1.0,204.6614227294922,239.17578125,217.3070831298828,241.47265625,225.35433959960938,263.29296875,227.65354919433594,275.92578125,190.86614990234375,236.87890625,183.968505859375,257.55078125,180.51968383789062,270.18359375,206.96063232421875,275.92578125,202.36221313476562,308.08203125,200.06298828125,326.45703125,192.0157470703125,273.62890625,193.1653594970703,305.78515625,190.86614990234375,328.75390625,-1.0,-1.0,-1.0,-1.0,212.7086639404297,226.54296875,203.51181030273438,224.24609375
-1.0,-1.0,204.6614227294922,240.32421875,218.45669555664062,241.47265625,226.50393676757812,264.44140625,226.50393676757812,279.37109375,190.86614990234375,238.02734375,183.968505859375,258.69921875,178.22047424316406,271.33203125,206.96063232421875,277.07421875,202.36221313476562,308.08203125,200.06298828125,326.45703125,192.0157470703125,274.77734375,193.1653594970703,305.78515625,190.86614990234375,328.75390625,-1.0,-1.0,-1.0,-1.0,212.7086639404297,226.54296875,203.51181030273438,224.24609375
-1.0,-1.0,205.11810302734375,240.81640625,218.7244110107422,241.94921875,226.6614227294922,264.60546875,226.6614227294922,280.46484375,191.51181030273438,237.41796875,183.57479858398438,257.80859375,181.3070831298828,272.53515625,207.38583374023438,278.19921875,203.9842529296875,308.78515625,200.58267211914062,325.77734375,191.51181030273438,275.93359375,193.77952575683594,306.51953125,-1.0,-1.0,-1.0,-1.0,-1.0,-1.0,213.05511474609375,227.22265625,203.9842529296875,224.95703125
-1.0,-1.0,205.62399291992188,240.81640625,218.1199951171875,241.94921875,226.07200622558594,263.47265625,227.2080078125,278.19921875,191.99200439453125,238.55078125,185.17599487304688,257.80859375,182.9040069580078,273.66796875,207.89599609375,277.06640625,204.48800659179688,307.65234375,202.21600341796875,325.77734375,191.99200439453125,275.93359375,194.26400756835938,306.51953125,-1.0,-1.0,-1.0,-1.0,-1.0,-1.0,213.5760040283203,228.35546875,203.3520050048828,226.08984375
-1.0,-1.0,205.1904754638672,240.5625,218.71429443359375,242.8125,225.4761962890625,263.0625,227.73016357421875,275.4375,191.6666717529297,238.3125,184.90475463867188,258.5625,181.5238037109375,272.0625,208.57142639160156,277.6875,205.1904754638672,310.3125,202.93650817871094,328.3125,192.7936553955078,276.5625,195.04762268066406,309.1875,-1.0,-1.0,-1.0,-1.0,-1.0,-1.0,214.2063446044922,228.1875,202.93650817871094,225.9375
-1.0,-1.0,205.95999145507812,240.19140625,219.39999389648438,242.42578125,226.1199951171875,262.53515625,227.24000549316406,275.94140625,192.52000427246094,237.95703125,185.8000030517578,258.06640625,181.32000732421875,271.47265625,209.32000732421875,278.17578125,208.1999969482422,308.33984375,203.72000122070312,328.44921875,192.52000427246094,275.94140625,194.75999450683594,308.33984375,195.8800048828125,327.33203125,-1.0,-1.0,-1.0,-1.0,213.8000030517578,227.90234375,202.60000610351562,226.78515625
-1.0,-1.0,206.1693572998047,239.9453125,219.52420043945312,242.1640625,225.08871459960938,261.0234375,227.31451416015625,274.3359375,192.81451416015625,237.7265625,187.25,257.6953125,182.7983856201172,272.1171875,209.508056640625,276.5546875,208.39515686035156,306.5078125,206.1693572998047,325.3671875,193.9274139404297,274.3359375,196.15322875976562,305.3984375,196.15322875976562,325.3671875,-1.0,-1.0,-1.0,-1.0,213.95968627929688,227.7421875,202.8306427001953,226.6328125
-1.0,-1.0,206.93496704101562,239.59765625,220.2032470703125,241.80078125,225.73170471191406,262.73046875,227.94308471679688,274.84765625,193.6666717529297,237.39453125,187.0325164794922,257.22265625,182.60975646972656,270.44140625,209.14634704589844,275.94921875,209.14634704589844,305.69140625,206.93496704101562,324.41796875,193.6666717529297,273.74609375,194.77235412597656,304.58984375,195.8780517578125,323.31640625,-1.0,-1.0,-1.0,-1.0,214.6748046875,227.48046875,202.51219177246094,225.27734375
-1.0,-1.0,207.64515686035156,239.359375,219.70968627929688,241.546875,225.19354248046875,263.421875,225.19354248046875,276.546875,194.48387145996094,237.171875,186.80645751953125,257.953125,181.3225860595703,269.984375,209.83871459960938,275.453125,209.83871459960938,304.984375,207.64515686035156,319.203125,194.48387145996094,273.265625,195.5806427001953,304.984375,195.5806427001953,321.390625,-1.0,-1.0,-1.0,-1.0,215.3225860595703,227.328125,203.25807189941406,225.140625
-1.0,-1.0,207.64515686035156,239.359375,220.80645751953125,241.546875,225.19354248046875,263.421875,224.09677124023438,277.640625,194.48387145996094,236.078125,186.80645751953125,256.859375,182.4193572998047,269.984375,209.83871459960938,276.546875,209.83871459960938,306.078125,207.64515686035156,320.296875,194.48387145996094,274.359375,196.6774139404297,307.171875,-1.0,-1.0,-1.0,-1.0,-1.0,-1.0,215.3225860595703,226.234375,203.25807189941406,225.140625
-1.0,-1.0,208.1209716796875,238.8046875,221.08871459960938,240.9609375,225.41128540039062,262.5234375,224.3306427001953,275.4609375,195.15322875976562,235.5703125,188.6693572998047,254.9765625,182.18548583984375,267.9140625,210.28225708007812,274.3828125,210.28225708007812,304.5703125,209.2016143798828,318.5859375,195.15322875976562,273.3046875,197.31451416015625,304.5703125,-1.0,-1.0,-1.0,-1.0,-1.0,-1.0,215.68548583984375,225.8671875,203.7983856201172,224.7890625
-1.0,-1.0,208.0403289794922,238.8046875,221.00807189941406,240.9609375,225.3306427001953,263.6015625,223.1693572998047,279.7734375,195.0725860595703,236.6484375,187.50807189941406,256.0546875,183.18548583984375,268.9921875,212.36289978027344,276.5390625,211.28225708007812,311.0390625,209.1209716796875,326.1328125,196.15322875976562,274.3828125,197.23387145996094,308.8828125,-1.0,-1.0,-1.0,-1.0,-1.0,-1.0,216.68548583984375,226.9453125,204.7983856201172,223.7109375
-1.0,-1.0,208.80487060546875,238.57421875,221.68292236328125,241.78515625,225.97561645507812,264.26171875,222.756103515625,280.31640625,194.85365295410156,236.43359375,187.34146118164062,257.83984375,183.0487823486328,271.75390625,212.02438354492188,279.24609375,210.9512176513672,312.42578125,210.9512176513672,325.26953125,194.85365295410156,277.10546875,195.9268341064453,311.35546875,-1.0,-1.0,-1.0,-1.0,-1.0,-1.0,217.39024353027344,226.80078125,205.5853729248047,223.58984375
-1.0,-1.0,209.0327911376953,239.34375,221.81967163085938,241.46875,226.08197021484375,264.84375,222.88525390625,281.84375,195.18032836914062,236.15625,186.65573120117188,258.46875,184.52459716796875,275.46875,212.22950744628906,279.71875,212.22950744628906,311.59375,-1.0,-1.0,195.18032836914062,277.59375,195.18032836914062,312.65625,-1.0,-1.0,-1.0,-1.0,-1.0,-1.0,216.49180603027344,226.59375,205.8360595703125,224.46875
-1.0,-1.0,209.79339599609375,239.11328125,222.48760986328125,242.27734375,226.71900939941406,265.48046875,223.5454559326172,281.30078125,196.04132080078125,235.94921875,187.57850646972656,259.15234375,184.4049530029297,273.91796875,212.96694946289062,281.30078125,211.90908813476562,311.88671875,-1.0,-1.0,194.9834747314453,278.13671875,194.9834747314453,311.88671875,-1.0,-1.0,-1.0,-1.0,-1.0,-1.0,217.19834899902344,226.45703125,206.6198272705078,224.34765625
-1.0,-1.0,209.73553466796875,240.16796875,222.42974853515625,242.27734375,227.71900939941406,266.53515625,224.5454559326172,280.24609375,195.9834747314453,237.00390625,187.52066040039062,259.15234375,184.34710693359375,271.80859375,212.90908813476562,278.13671875,212.90908813476562,308.72265625,-1.0,-1.0,195.9834747314453,274.97265625,195.9834747314453,308.72265625,191.75205993652344,324.54296875,-1.0,-1.0,-1.0,-1.0,217.1405029296875,227.51171875,206.56198120117188,225.40234375
-1.0,-1.0,210.2396697998047,240.69140625,222.73553466796875,243.80859375,227.94215393066406,266.66796875,225.8594970703125,278.09765625,196.70248413085938,237.57421875,188.3719024658203,259.39453125,188.3719024658203,280.17578125,213.36363220214844,278.09765625,212.3223114013672,309.26953125,-1.0,-1.0,196.70248413085938,274.98046875,196.70248413085938,309.26953125,-1.0,-1.0,-1.0,-1.0,-1.0,-1.0,218.57025146484375,228.22265625,208.1570281982422,225.10546875
-1.0,-1.0,211.28099060058594,240.69140625,223.77685546875,244.84765625,228.9834747314453,268.74609375,225.8594970703125,279.13671875,197.74380493164062,238.61328125,189.41322326660156,259.39453125,186.2892608642578,273.94140625,213.36363220214844,280.17578125,213.36363220214844,311.34765625,-1.0,-1.0,196.70248413085938,277.05859375,195.66116333007812,311.34765625,-1.0,-1.0,-1.0,-1.0,-1.0,-1.0,218.57025146484375,228.22265625,208.1570281982422,226.14453125
-1.0,-1.0,211.51666259765625,241.484375,223.91665649414062,244.578125,228.0500030517578,267.265625,228.0500030517578,278.609375,198.0833282470703,238.390625,189.81666564941406,257.984375,186.71665954589844,271.390625,213.5833282470703,279.640625,212.5500030517578,309.546875,-1.0,-1.0,197.0500030517578,276.546875,197.0500030517578,309.546875,-1.0,-1.0,-1.0,-1.0,-1.0,-1.0,218.75,229.109375,208.4166717529297,227.046875
-1.0,-1.0,211.74380493164062,242.23828125,224.04132080078125,245.30859375,229.165283203125,267.82421875,228.1405029296875,279.08203125,198.42149353027344,239.16796875,190.22314453125,260.66015625,191.24794006347656,282.15234375,214.81817626953125,279.08203125,212.7686004638672,310.80859375,-1.0,-1.0,198.42149353027344,276.01171875,197.39669799804688,308.76171875,-1.0,-1.0,-1.0,-1.0,-1.0,-1.0,218.9173583984375,228.93359375,208.66941833496094,227.91015625
-1.0,-1.0,213.00833129882812,241.9921875,225.2083282470703,245.0390625,229.27499389648438,267.3828125,229.27499389648438,278.5546875,199.7916717529297,238.9453125,191.6583251953125,259.2578125,189.625,277.5390625,215.0416717529297,279.5703125,213.00833129882812,308.0078125,-1.0,-1.0,198.77499389648438,276.5234375,198.77499389648438,308.0078125,194.7083282470703,326.2890625,-1.0,-1.0,-1.0,-1.0,219.10833740234375,228.7890625,209.9583282470703,227.7734375
-1.0,-1.0,213.00833129882812,241.9921875,225.2083282470703,245.0390625,230.29165649414062,266.3671875,228.25833129882812,278.5546875,200.80833435058594,238.9453125,193.69166564941406,258.2421875,191.6583251953125,273.4765625,216.05833435058594,278.5546875,214.02499389648438,305.9765625,213.00833129882812,327.3046875,201.8249969482422,275.5078125,198.77499389648438,306.9921875,194.7083282470703,324.2578125,-1.0,-1.0,-1.0,-1.0,220.125,228.7890625,209.9583282470703,227.7734375
-1.0,-1.0,213.00833129882812,241.9921875,225.2083282470703,245.0390625,230.29165649414062,267.3828125,228.25833129882812,278.5546875,200.80833435058594,238.9453125,193.69166564941406,258.2421875,191.6583251953125,274.4921875,216.05833435058594,278.5546875,214.02499389648438,305.9765625,213.00833129882812,327.3046875,201.8249969482422,275.5078125,198.77499389648438,306.9921875,194.7083282470703,324.2578125,-1.0,-1.0,-1.0,-1.0,220.125,228.7890625,209.9583282470703,227.7734375
-1.0,-1.0,214.02499389648438,241.9921875,226.22500610351562,245.0390625,231.30833435058594,265.3515625,229.27499389648438,277.5390625,201.8249969482422,238.9453125,193.69166564941406,256.2109375,189.625,269.4140625,216.05833435058594,277.5390625,214.02499389648438,306.9921875,-1.0,-1.0,201.8249969482422,275.5078125,199.7916717529297,308.0078125,196.74166870117188,323.2421875,-1.0,-1.0,-1.0,-1.0,220.125,228.7890625,209.9583282470703,227.7734375
-1.0,-1.0,215.0416717529297,241.9921875,226.22500610351562,244.0234375,231.30833435058594,264.3359375,231.30833435058594,275.5078125,201.8249969482422,238.9453125,194.7083282470703,256.2109375,189.625,269.4140625,217.0749969482422,277.5390625,214.02499389648438,308.0078125,-1.0,-1.0,202.8416748046875,274.4921875,200.80833435058594,306.9921875,-1.0,-1.0,-1.0,-1.0,-1.0,-1.0,220.125,228.7890625,210.97500610351562,227.7734375
-1.0,-1.0,215.0416717529297,240.9765625,227.24166870117188,244.0234375,232.3249969482422,264.3359375,231.30833435058594,275.5078125,202.8416748046875,237.9296875,194.7083282470703,256.2109375,189.625,269.4140625,218.0916748046875,276.5234375,214.02499389648438,308.0078125,-1.0,-1.0,201.8249969482422,274.4921875,200.80833435058594,305.9765625,-1.0,-1.0,-1.0,-1.0,-1.0,-1.0,220.125,228.7890625,210.97500610351562,226.7578125
-1.0,-1.0,215.0416717529297,240.9765625,227.24166870117188,243.0078125,232.3249969482422,264.3359375,232.3249969482422,273.4765625,202.8416748046875,237.9296875,194.7083282470703,256.2109375,188.60833740234375,269.4140625,218.0916748046875,276.5234375,216.05833435058594,305.9765625,-1.0,-1.0,202.8416748046875,274.4921875,201.8249969482422,305.9765625,-1.0,-1.0,-1.0,-1.0,-1.0,-1.0,219.10833740234375,227.7734375,209.9583282470703,226.7578125
-1.0,-1.0,215.0416717529297,240.9765625,226.22500610351562,243.0078125,232.3249969482422,263.3203125,230.29165649414062,275.5078125,202.8416748046875,237.9296875,195.72500610351562,256.2109375,189.625,269.4140625,218.0916748046875,275.5078125,216.05833435058594,303.9453125,213.00833129882812,326.2890625,202.8416748046875,272.4609375,201.8249969482422,303.9453125,199.7916717529297,324.2578125,-1.0,-1.0,-1.0,-1.0,219.10833740234375,227.7734375,209.9583282470703,227.7734375
-1.0,-1.0,215.0416717529297,239.9609375,226.22500610351562,241.9921875,232.3249969482422,262.3046875,230.29165649414062,273.4765625,202.8416748046875,237.9296875,195.72500610351562,255.1953125,189.625,266.3671875,219.10833740234375,274.4921875,216.05833435058594,303.9453125,213.00833129882812,327.3046875,203.85833740234375,272.4609375,201.8249969482422,302.9296875,196.74166870117188,322.2265625,-1.0,-1.0,-1.0,-1.0,218.0916748046875,227.7734375,209.9583282470703,227.7734375
-1.0,-1.0,215.0416717529297,239.9609375,227.24166870117188,241.9921875,232.3249969482422,262.3046875,229.27499389648438,274.4921875,202.8416748046875,237.9296875,196.74166870117188,255.1953125,189.625,267.3828125,219.10833740234375,274.4921875,216.05833435058594,302.9296875,214.02499389648438,325.2734375,203.85833740234375,272.4609375,201.8249969482422,301.9140625,196.74166870117188,319.1796875,-1.0,-1.0,-1.0,-1.0,217.0749969482422,227.7734375,209.9583282470703,227.7734375
-1.0,-1.0,215.0416717529297,239.9609375,226.22500610351562,241.9921875,232.3249969482422,262.3046875,230.29165649414062,273.4765625,202.8416748046875,237.9296875,196.74166870117188,255.1953125,190.64166259765625,266.3671875,218.0916748046875,273.4765625,216.05833435058594,301.9140625,215.0416717529297,319.1796875,203.85833740234375,271.4453125,201.8249969482422,299.8828125,198.77499389648438,317.1484375,-1.0,-1.0,-1.0,-1.0,217.0749969482422,227.7734375,209.9583282470703,227.7734375
-1.0,-1.0,214.02499389648438,239.9609375,226.22500610351562,241.9921875,231.30833435058594,262.3046875,229.27499389648438,274.4921875,202.8416748046875,237.9296875,196.74166870117188,255.1953125,190.64166259765625,268.3984375,218.0916748046875,273.4765625,216.05833435058594,300.8984375,215.0416717529297,318.1640625,203.85833740234375,270.4296875,201.8249969482422,298.8671875,198.77499389648438,315.1171875,-1.0,-1.0,-1.0,-1.0,216.05833435058594,227.7734375,208.94166564941406,227.7734375
-1.0,-1.0,214.02499389648438,239.9609375,226.22500610351562,243.0078125,231.30833435058594,263.3203125,229.27499389648438,275.5078125,202.8416748046875,237.9296875,197.75833129882812,255.1953125,192.6750030517578,268.3984375,218.0916748046875,273.4765625,216.05833435058594,302.9296875,215.0416717529297,318.1640625,203.85833740234375,270.4296875,201.8249969482422,298.8671875,198.77499389648438,315.1171875,-1.0,-1.0,-1.0,-1.0,216.05833435058594,227.7734375,207.9250030517578,228.7890625
-1.0,-1.0,214.02499389648438,240.9765625,225.2083282470703,243.0078125,230.29165649414062,264.3359375,229.27499389648438,276.5234375,202.8416748046875,238.9453125,196.74166870117188,255.1953125,192.6750030517578,270.4296875,218.0916748046875,273.4765625,215.0416717529297,301.9140625,215.0416717529297,318.1640625,203.85833740234375,271.4453125,201.8249969482422,298.8671875,199.7916717529297,315.1171875,-1.0,-1.0,-1.0,-1.0,215.0416717529297,228.7890625,206.9083251953125,230.8203125
-1.0,-1.0,213.00833129882812,240.9765625,224.19166564941406,243.0078125,230.29165649414062,264.3359375,229.27499389648438,277.5390625,201.8249969482422,239.9609375,197.75833129882812,256.2109375,194.7083282470703,270.4296875,218.0916748046875,273.4765625,216.05833435058594,298.8671875,215.0416717529297,316.1328125,203.85833740234375,271.4453125,201.8249969482422,295.8203125,200.80833435058594,312.0703125,-1.0,-1.0,-1.0,-1.0,214.02499389648438,228.7890625,204.875,230.8203125
-1.0,-1.0,213.00833129882812,241.9921875,224.19166564941406,244.0234375,229.27499389648438,264.3359375,228.25833129882812,276.5234375,201.8249969482422,240.9765625,196.74166870117188,258.2421875,192.6750030517578,271.4453125,218.0916748046875,275.5078125,215.0416717529297,303.9453125,214.02499389648438,317.1484375,203.85833740234375,273.4765625,201.8249969482422,298.8671875,198.77499389648438,315.1171875,-1.0,-1.0,-1.0,-1.0,211.99166870117188,230.8203125,204.875,231.8359375
-1.0,-1.0,211.99166870117188,243.0078125,222.1583251953125,244.0234375,229.27499389648438,265.3515625,228.25833129882812,277.5390625,200.80833435058594,241.9921875,195.72500610351562,260.2734375,189.625,275.5078125,218.0916748046875,275.5078125,215.0416717529297,306.9921875,-1.0,-1.0,202.8416748046875,273.4765625,199.7916717529297,298.8671875,198.77499389648438,314.1015625,-1.0,-1.0,-1.0,-1.0,210.97500610351562,230.8203125,202.8416748046875,232.8515625
-1.0,-1.0,209.9583282470703,243.0078125,220.125,244.0234375,227.24166870117188,263.3203125,227.24166870117188,278.5546875,198.77499389648438,243.0078125,195.72500610351562,259.2578125,191.6583251953125,271.4453125,217.0749969482422,275.5078125,215.0416717529297,305.9765625,-1.0,-1.0,202.8416748046875,274.4921875,198.77499389648438,298.8671875,197.75833129882812,315.1171875,-1.0,-1.0,-1.0,-1.0,209.9583282470703,230.8203125,201.8249969482422,233.8671875
-1.0,-1.0,208.94166564941406,243.0078125,219.10833740234375,244.0234375,227.24166870117188,263.3203125,227.24166870117188,277.5390625,198.77499389648438,243.0078125,194.7083282470703,259.2578125,190.64166259765625,269.4140625,216.05833435058594,275.5078125,215.0416717529297,308.0078125,214.02499389648438,314.1015625,201.8249969482422,274.4921875,197.75833129882812,300.8984375,-1.0,-1.0,-1.0,-1.0,-1.0,-1.0,208.94166564941406,230.8203125,199.7916717529297,234.8828125
-1.0,-1.0,207.440673828125,243.0078125,218.6271209716797,244.0234375,226.76271057128906,264.3359375,226.76271057128906,277.5390625,196.25424194335938,244.0234375,192.1864471435547,262.3046875,190.1525421142578,273.4765625,215.57626342773438,275.5078125,213.54237365722656,306.9921875,-1.0,-1.0,200.32203674316406,274.4921875,199.30508422851562,302.9296875,-1.0,-1.0,-1.0,-1.0,-1.0,-1.0,207.440673828125,231.8359375,197.27117919921875,235.8984375
-1.0,-1.0,206.72268676757812,242.74609375,217.81512451171875,243.75390625,225.88235473632812,264.91796875,225.88235473632812,278.01953125,195.6302490234375,242.74609375,191.5966339111328,263.91015625,189.579833984375,280.03515625,213.78150939941406,274.99609375,212.77310180664062,308.25390625,-1.0,-1.0,199.6638641357422,273.98828125,197.64706420898438,303.21484375,196.63865661621094,313.29296875,-1.0,-1.0,-1.0,-1.0,205.71429443359375,231.66015625,196.63865661621094,235.69140625
-1.0,-1.0,204.21368408203125,241.73828125,215.3076934814453,242.74609375,223.37606811523438,262.90234375,224.38461303710938,276.00390625,194.12820434570312,241.73828125,191.10256958007812,261.89453125,188.07691955566406,274.99609375,213.2906036376953,273.98828125,210.26495361328125,308.25390625,-1.0,-1.0,199.1709442138672,272.98046875,194.12820434570312,295.15234375,-1.0,-1.0,-1.0,-1.0,-1.0,-1.0,204.21368408203125,230.65234375,194.12820434570312,235.69140625
-1.0,-1.0,203.72174072265625,241.73828125,214.8173828125,242.74609375,221.87826538085938,260.88671875,223.89564514160156,273.98828125,192.62608337402344,240.73046875,189.60000610351562,261.89453125,187.58261108398438,272.98046875,212.8000030517578,273.98828125,210.78260803222656,306.23828125,-1.0,-1.0,198.67825317382812,271.97265625,196.66087341308594,298.17578125,-1.0,-1.0,-1.0,-1.0,-1.0,-1.0,202.71304321289062,230.65234375,192.62608337402344,235.69140625
-1.0,-1.0,202.4385986328125,241.9765625,214.6491241455078,242.9921875,220.75439453125,261.2734375,222.7894744873047,273.4609375,192.26315307617188,241.9765625,188.19297790527344,261.2734375,188.19297790527344,272.4453125,211.59649658203125,274.4765625,210.57894897460938,304.9453125,-1.0,-1.0,197.3508758544922,273.4609375,198.36842346191406,302.9140625,-1.0,-1.0,-1.0,-1.0,-1.0,-1.0,202.4385986328125,229.7890625,192.26315307617188,234.8671875
-1.0,-1.0,201.95535278320312,240.9609375,213.15179443359375,241.9765625,220.27679443359375,261.2734375,221.29464721679688,275.4921875,190.75892639160156,240.9609375,187.70535278320312,260.2578125,187.70535278320312,270.4140625,210.0982208251953,273.4609375,207.04464721679688,299.8671875,206.02679443359375,316.1171875,196.86607360839844,272.4453125,199.91964721679688,298.8515625,-1.0,-1.0,-1.0,-1.0,-1.0,-1.0,201.95535278320312,229.7890625,191.77679443359375,233.8515625
-1.0,-1.0,200.2212371826172,240.72265625,211.31857299804688,241.73046875,218.38052368164062,259.87109375,221.40707397460938,270.95703125,190.1327362060547,240.72265625,187.106201171875,260.87890625,187.106201171875,271.96484375,209.30088806152344,272.97265625,206.2743377685547,297.16015625,205.26548767089844,309.25390625,196.1858367919922,271.96484375,198.2035369873047,300.18359375,-1.0,-1.0,-1.0,-1.0,-1.0,-1.0,201.23008728027344,229.63671875,191.14158630371094,233.66796875
-1.0,-1.0,199.729736328125,240.72265625,210.82882690429688,241.73046875,218.90090942382812,260.87890625,219.909912109375,270.95703125,189.63963317871094,240.72265625,186.61260986328125,260.87890625,183.58558654785156,273.98046875,208.81080627441406,272.97265625,203.76576232910156,297.16015625,204.7747802734375,313.28515625,194.6846923828125,271.96484375,195.69369506835938,296.15234375,192.6666717529297,311.26953125,-1.0,-1.0,-1.0,-1.0,199.729736328125,229.63671875,189.63963317871094,233.66796875
-1.0,-1.0,199.238525390625,241.73046875,210.33944702148438,241.73046875,218.412841796875,262.89453125,217.40367126464844,277.00390625,189.14678955078125,241.73046875,186.1192626953125,262.89453125,183.09173583984375,278.01171875,207.31192016601562,273.98046875,203.27523803710938,297.16015625,-1.0,-1.0,194.19265747070312,273.98046875,194.19265747070312,301.19140625,-1.0,-1.0,-1.0,-1.0,-1.0,-1.0,-1.0,-1.0,-1.0,-1.0
-1.0,-1.0,199.24771118164062,241.73046875,209.33944702148438,241.73046875,217.412841796875,261.88671875,215.39450073242188,273.98046875,188.14678955078125,240.72265625,185.1192626953125,261.88671875,184.11009216308594,278.01171875,207.32110595703125,272.97265625,203.28440856933594,296.15234375,203.28440856933594,315.30078125,193.19265747070312,272.97265625,197.22935485839844,296.15234375,197.22935485839844,315.30078125,-1.0,-1.0,-1.0,-1.0,-1.0,-1.0,189.1559600830078,232.66015625
-1.0,-1.0,197.74766540527344,241.73046875,208.8504638671875,241.73046875,215.9158935546875,261.88671875,214.9065399169922,273.98046875,187.65420532226562,240.72265625,184.6261749267578,262.89453125,183.6168212890625,278.01171875,206.83177185058594,272.97265625,206.83177185058594,297.16015625,209.8598175048828,316.30859375,193.7102813720703,273.98046875,197.74766540527344,300.18359375,198.7570037841797,320.33984375,-1.0,-1.0,-1.0,-1.0,196.73831176757812,228.62890625,187.65420532226562,233.66796875
-1.0,-1.0,196.74766540527344,240.72265625,207.8504638671875,241.73046875,214.9158935546875,260.87890625,216.9345703125,268.94140625,186.65420532226562,240.72265625,183.6261749267578,261.88671875,182.6168212890625,278.01171875,203.81307983398438,272.97265625,200.78504943847656,299.17578125,203.81307983398438,322.35546875,191.700927734375,271.96484375,194.72897338867188,301.19140625,194.72897338867188,321.34765625,-1.0,-1.0,-1.0,-1.0,196.74766540527344,229.63671875,186.65420532226562,234.67578125
-1.0,-1.0,196.0,241.5,207.0,242.5,215.0,262.5,213.0,277.5,186.0,241.5,183.0,262.5,182.0,277.5,204.0,272.5,199.0,300.5,-1.0,-1.0,192.0,272.5,194.0,299.5,194.0,325.5,-1.0,-1.0,-1.0,-1.0,195.0,229.5,185.0,234.5
-1.0,-1.0,195.5,242.5,205.5,242.5,213.5,263.5,211.5,277.5,185.5,241.5,182.5,262.5,179.5,276.5,203.5,272.5,201.5,300.5,-1.0,-1.0,191.5,273.5,194.5,299.5,-1.0,-1.0,-1.0,-1.0,-1.0,-1.0,-1.0,-1.0,183.5,235.5
-1.0,-1.0,195.5,242.5,205.5,243.5,212.5,262.5,212.5,276.5,185.5,241.5,182.5,262.5,179.5,276.5,201.5,272.5,196.5,299.5,-1.0,-1.0,190.5,273.5,192.5,300.5,192.5,319.5,-1.0,-1.0,-1.0,-1.0,194.5,230.5,183.5,235.5
-1.0,-1.0,194.0,242.5,205.0,244.5,212.0,264.5,212.0,277.5,183.0,242.5,181.0,262.5,180.0,276.5,199.0,275.5,195.0,301.5,-1.0,-1.0,188.0,274.5,190.0,305.5,-1.0,-1.0,-1.0,-1.0,-1.0,-1.0,194.0,231.5,185.0,234.5
-1.0,-1.0,193.0,243.5,204.0,244.5,212.0,266.5,211.0,278.5,182.0,243.5,181.0,263.5,179.0,279.5,198.0,277.5,192.0,308.5,-1.0,-1.0,184.0,276.5,177.0,304.5,-1.0,-1.0,-1.0,-1.0,-1.0,-1.0,193.0,231.5,184.0,235.5
-1.0,-1.0,192.7142791748047,244.26171875,202.61904907226562,245.25390625,209.55238342285156,266.08984375,208.56190490722656,278.98828125,182.8095245361328,243.26953125,179.8380889892578,264.10546875,177.85714721679688,278.98828125,197.6666717529297,276.01171875,191.72381591796875,305.77734375,188.75238037109375,326.61328125,186.77142333984375,275.01953125,186.77142333984375,306.76953125,183.8000030517578,325.62109375,-1.0,-1.0,-1.0,-1.0,191.72381591796875,232.35546875,183.8000030517578,234.33984375
-1.0,-1.0,191.7142791748047,245.25390625,201.61904907226562,246.24609375,208.55238342285156,266.08984375,207.56190490722656,277.00390625,181.8095245361328,244.26171875,178.8380889892578,263.11328125,177.84762573242188,277.00390625,197.65713500976562,276.01171875,191.7142791748047,303.79296875,187.75238037109375,327.60546875,185.77142333984375,276.01171875,186.76190185546875,303.79296875,-1.0,-1.0,-1.0,-1.0,-1.0,-1.0,191.7142791748047,233.34765625,182.8000030517578,235.33203125
-1.0,-1.0,191.0,245.5,201.0,245.5,207.0,264.5,207.0,277.5,181.0,245.5,178.0,263.5,177.0,277.5,196.0,276.5,190.0,302.5,-1.0,-1.0,184.0,275.5,187.0,303.5,-1.0,-1.0,-1.0,-1.0,-1.0,-1.0,192.0,233.5,183.0,236.5
-1.0,-1.0,190.0,245.5,200.0,246.5,206.0,265.5,206.0,277.5,181.0,246.5,177.0,264.5,177.0,276.5,195.0,276.5,189.0,306.5,180.0,330.5,184.0,275.5,185.0,306.5,180.0,327.5,-1.0,-1.0,-1.0,-1.0,191.0,234.5,181.0,237.5
-1.0,-1.0,190.0,245.5,199.0,246.5,206.0,265.5,205.0,277.5,180.0,245.5,176.0,264.5,175.0,276.5,194.0,276.5,187.0,305.5,184.0,327.5,183.0,275.5,184.0,305.5,179.0,327.5,-1.0,-1.0,-1.0,-1.0,190.0,233.5,181.0,236.5
-1.0,-1.0,188.5,244.5,197.5,245.5,203.5,263.5,204.5,276.5,178.5,244.5,174.5,263.5,173.5,276.5,193.5,275.5,185.5,305.5,178.5,329.5,182.5,274.5,182.5,305.5,179.5,329.5,-1.0,-1.0,-1.0,-1.0,188.5,232.5,180.5,234.5
-1.0,-1.0,188.5,244.5,197.5,245.5,202.5,262.5,202.5,274.5,178.5,243.5,174.5,261.5,172.5,275.5,193.5,274.5,186.5,304.5,180.5,327.5,182.5,274.5,182.5,303.5,178.5,327.5,-1.0,-1.0,-1.0,-1.0,188.5,231.5,179.5,234.5
-1.0,-1.0,188.0,243.5,197.0,244.5,201.0,261.5,201.0,273.5,178.0,242.5,174.0,259.5,172.0,273.5,193.0,273.5,186.0,302.5,181.0,325.5,182.0,272.5,181.0,302.5,177.0,327.5,-1.0,-1.0,-1.0,-1.0,187.0,230.5,179.0,233.5
-1.0,-1.0,187.0,241.5,195.0,243.5,200.0,260.5,199.0,272.5,177.0,240.5,174.0,258.5,172.0,271.5,192.0,272.5,186.0,300.5,179.0,331.5,181.0,272.5,182.0,301.5,178.0,326.5,-1.0,-1.0,-1.0,-1.0,186.0,230.5,178.0,232.5
-1.0,-1.0,185.18446350097656,242.28515625,193.10679626464844,243.27734375,199.0485382080078,261.13671875,198.05825805664062,273.04296875,176.2718505859375,242.28515625,172.31068420410156,259.15234375,170.33009338378906,273.04296875,191.126220703125,273.04296875,184.1941680908203,302.80859375,179.2427215576172,329.59765625,179.2427215576172,273.04296875,180.23300170898438,301.81640625,178.25242614746094,326.62109375,-1.0,-1.0,-1.0,-1.0,185.18446350097656,230.37890625,177.2621307373047,231.37109375
-1.0,-1.0,183.5,241.5,192.5,242.5,197.5,259.5,196.5,271.5,174.5,241.5,171.5,258.5,168.5,271.5,188.5,271.5,184.5,298.5,183.5,320.5,177.5,270.5,178.5,298.5,178.5,317.5,-1.0,-1.0,-1.0,-1.0,184.5,229.5,176.5,230.5
-1.0,-1.0,183.5,241.5,191.5,241.5,196.5,259.5,195.5,271.5,174.5,240.5,171.5,257.5,167.5,270.5,188.5,271.5,183.5,296.5,181.5,317.5,177.5,270.5,175.5,294.5,-1.0,-1.0,-1.0,-1.0,-1.0,-1.0,183.5,228.5,176.5,230.5
-1.0,-1.0,182.5,241.5,191.5,242.5,195.5,258.5,194.5,269.5,174.5,241.5,170.5,257.5,166.5,270.5,187.5,271.5,182.5,297.5,180.5,324.5,176.5,271.5,174.5,296.5,173.5,319.5,-1.0,-1.0,-1.0,-1.0,182.5,229.5,175.5,230.5
-1.0,-1.0,181.0,241.5,190.0,241.5,194.0,257.5,194.0,269.5,173.0,240.5,169.0,256.5,165.0,270.5,187.0,271.5,183.0,298.5,180.0,326.5,176.0,270.5,178.0,300.5,175.0,324.5,-1.0,-1.0,-1.0,-1.0,182.0,229.5,173.0,231.5
-1.0,-1.0,180.0,241.5,189.0,242.5,192.0,258.5,191.0,269.5,171.0,240.5,168.0,257.5,164.0,271.5,185.0,271.5,183.0,299.5,181.0,326.5,174.0,271.5,171.0,298.5,-1.0,-1.0,-1.0,-1.0,-1.0,-1.0,180.0,230.5,172.0,231.5
-1.0,-1.0,179.0,241.5,188.0,242.5,191.0,258.5,190.0,269.5,170.0,241.5,168.0,257.5,164.0,270.5,185.0,271.5,182.0,302.5,181.0,327.5,173.0,271.5,168.0,295.5,165.0,310.5,-1.0,-1.0,-1.0,-1.0,179.0,229.5,171.0,230.5
-1.0,-1.0,178.5,242.5,186.5,242.5,191.5,258.5,190.5,269.5,169.5,241.5,165.5,258.5,162.5,272.5,183.5,272.5,180.5,300.5,180.5,324.5,171.5,271.5,166.5,295.5,163.5,314.5,-1.0,-1.0,-1.0,-1.0,177.5,230.5,170.5,231.5
-1.0,-1.0,176.6761932373047,242.29296875,184.60000610351562,243.28515625,189.55238342285156,258.16796875,189.55238342285156,271.06640625,167.76190185546875,242.29296875,164.7904815673828,260.15234375,159.8380889892578,273.05078125,183.60952758789062,273.05078125,179.64761352539062,301.82421875,180.63809204101562,324.64453125,170.73333740234375,272.05859375,164.7904815673828,296.86328125,-1.0,-1.0,-1.0,-1.0,-1.0,-1.0,175.6857147216797,231.37890625,168.75238037109375,232.37109375
-1.0,-1.0,175.0,242.5,183.0,243.5,187.0,258.5,-1.0,-1.0,166.0,242.5,163.0,259.5,158.0,274.5,181.0,273.5,179.0,301.5,180.0,325.5,169.0,272.5,163.0,298.5,163.0,317.5,-1.0,-1.0,-1.0,-1.0,175.0,231.5,167.0,232.5
-1.0,-1.0,173.0,242.5,182.0,243.5,184.0,258.5,-1.0,-1.0,164.0,242.5,161.0,260.5,156.0,276.5,180.0,274.5,178.0,301.5,181.0,325.5,167.0,273.5,163.0,299.5,162.0,316.5,-1.0,-1.0,-1.0,-1.0,174.0,231.5,167.0,232.5
-1.0,-1.0,171.0,242.5,180.0,243.5,183.0,258.5,-1.0,-1.0,162.0,242.5,159.0,261.5,155.0,276.5,178.0,274.5,176.0,298.5,180.0,323.5,166.0,273.5,162.0,298.5,-1.0,-1.0,-1.0,-1.0,-1.0,-1.0,172.0,231.5,165.0,232.5
-1.0,-1.0,169.5,242.5,178.5,242.5,181.5,259.5,-1.0,-1.0,160.5,242.5,158.5,260.5,155.5,273.5,176.5,273.5,174.5,298.5,180.5,320.5,164.5,273.5,160.5,296.5,-1.0,-1.0,-1.0,-1.0,-1.0,-1.0,170.5,231.5,162.5,232.5
-1.0,-1.0,167.5,242.5,176.5,243.5,180.5,259.5,179.5,271.5,159.5,242.5,156.5,259.5,154.5,270.5,173.5,274.5,173.5,298.5,177.5,318.5,162.5,273.5,157.5,292.5,-1.0,-1.0,-1.0,-1.0,-1.0,-1.0,169.5,230.5,160.5,231.5
-1.0,-1.0,167.0,242.5,176.0,243.5,180.0,259.5,179.0,269.5,158.0,242.5,155.0,259.5,153.0,270.5,173.0,273.5,171.0,299.5,-1.0,-1.0,161.0,272.5,152.0,291.5,155.0,305.5,-1.0,-1.0,-1.0,-1.0,168.0,230.5,160.0,231.5
-1.0,-1.0,165.0,242.5,174.0,242.5,179.0,259.5,177.0,269.5,156.0,242.5,153.0,258.5,152.0,270.5,173.0,272.5,168.0,298.5,170.0,321.5,161.0,271.5,147.0,292.5,145.0,308.5,-1.0,-1.0,-1.0,-1.0,166.0,230.5,158.0,231.5
-1.0,-1.0,164.20388793945312,242.30078125,173.1165008544922,242.30078125,177.07766723632812,259.16796875,176.08737182617188,269.08984375,155.291259765625,242.30078125,152.3203887939453,258.17578125,150.33981323242188,270.08203125,171.13592529296875,272.06640625,167.1747589111328,297.86328125,-1.0,-1.0,159.25242614746094,271.07421875,156.28155517578125,293.89453125,-1.0,-1.0,-1.0,-1.0,-1.0,-1.0,165.1941680908203,229.40234375,157.2718505859375,230.39453125
-1.0,-1.0,162.5,241.5,171.5,242.5,175.5,259.5,175.5,270.5,153.5,241.5,150.5,258.5,148.5,269.5,170.5,272.5,164.5,296.5,-1.0,-1.0,158.5,272.5,159.5,298.5,-1.0,-1.0,-1.0,-1.0,-1.0,-1.0,163.5,229.5,155.5,230.5
-1.0,-1.0,161.5,241.5,170.5,242.5,174.5,259.5,173.5,268.5,152.5,240.5,149.5,257.5,147.5,269.5,167.5,271.5,162.5,292.5,-1.0,-1.0,155.5,271.5,157.5,295.5,-1.0,-1.0,-1.0,-1.0,-1.0,-1.0,162.5,229.5,154.5,230.5
-1.0,-1.0,160.5,241.5,169.5,242.5,173.5,259.5,171.5,268.5,150.5,240.5,148.5,257.5,147.5,267.5,165.5,270.5,160.5,293.5,158.5,310.5,154.5,270.5,155.5,294.5,-1.0,-1.0,-1.0,-1.0,-1.0,-1.0,161.5,229.5,153.5,230.5
-1.0,-1.0,160.0,241.5,169.0,242.5,172.0,260.5,169.0,273.5,150.0,240.5,148.0,256.5,147.0,266.5,164.0,271.5,160.0,292.5,-1.0,-1.0,153.0,270.5,155.0,293.5,155.0,308.5,-1.0,-1.0,-1.0,-1.0,160.0,229.5,153.0,230.5
-1.0,-1.0,158.0,241.5,167.0,242.5,171.0,260.5,170.0,272.5,148.0,240.5,145.0,258.5,144.0,272.5,164.0,271.5,164.0,295.5,-1.0,-1.0,152.0,271.5,153.0,297.5,152.0,308.5,-1.0,-1.0,-1.0,-1.0,160.0,229.5,151.0,230.5
-1.0,-1.0,157.5,241.5,165.5,242.5,169.5,259.5,170.5,272.5,147.5,241.5,144.5,257.5,143.5,270.5,162.5,271.5,163.5,296.5,-1.0,-1.0,150.5,271.5,151.5,297.5,150.5,308.5,-1.0,-1.0,-1.0,-1.0,158.5,229.5,149.5,230.5
-1.0,-1.0,155.5,242.5,164.5,242.5,168.5,260.5,169.5,274.5,145.5,241.5,143.5,258.5,140.5,272.5,160.5,271.5,159.5,294.5,-1.0,-1.0,149.5,271.5,149.5,298.5,-1.0,-1.0,-1.0,-1.0,-1.0,-1.0,157.5,230.5,148.5,231.5
-1.0,-1.0,154.7047576904297,242.30859375,162.62857055664062,243.30078125,167.58094787597656,261.16015625,169.56190490722656,272.07421875,145.7904815673828,242.30859375,142.8190460205078,258.18359375,141.8285675048828,266.12109375,159.65713500976562,272.07421875,153.7142791748047,295.88671875,-1.0,-1.0,148.76190185546875,272.07421875,149.75238037109375,296.87890625,150.74285888671875,313.74609375,-1.0,-1.0,-1.0,-1.0,155.6952362060547,231.39453125,147.77142333984375,232.38671875
-1.0,-1.0,153.0,243.5,162.0,244.5,166.0,260.5,168.0,271.5,144.0,242.5,141.0,257.5,139.0,267.5,158.0,271.5,154.0,293.5,-1.0,-1.0,147.0,271.5,148.0,296.5,147.0,314.5,-1.0,-1.0,-1.0,-1.0,154.0,231.5,146.0,233.5
-1.0,-1.0,152.0,243.5,160.0,244.5,165.0,260.5,166.0,270.5,143.0,242.5,141.0,256.5,139.0,268.5,157.0,271.5,150.0,294.5,149.0,313.5,146.0,271.5,146.0,296.5,148.0,314.5,-1.0,-1.0,-1.0,-1.0,154.0,232.5,146.0,232.5
-1.0,-1.0,151.0,243.5,159.0,244.5,164.0,260.5,163.0,274.5,142.0,242.5,140.0,257.5,138.0,267.5,155.0,271.5,149.0,293.5,148.0,308.5,145.0,271.5,145.0,294.5,147.0,314.5,-1.0,-1.0,-1.0,-1.0,152.0,231.5,144.0,232.5
-1.0,-1.0,149.7047576904297,243.30078125,157.62857055664062,244.29296875,162.58094787597656,260.16796875,162.58094787597656,270.08984375,140.7904815673828,243.30078125,139.8000030517578,258.18359375,136.8285675048828,268.10546875,154.65713500976562,272.07421875,147.72381591796875,291.91796875,146.73333740234375,306.80078125,143.76190185546875,272.07421875,143.76190185546875,292.91015625,142.77142333984375,313.74609375,-1.0,-1.0,-1.0,-1.0,150.6952362060547,232.38671875,142.77142333984375,232.38671875
-1.0,-1.0,147.21359252929688,244.28515625,156.126220703125,245.27734375,161.07766723632812,261.15234375,162.06796264648438,271.07421875,138.30096435546875,243.29296875,136.3203887939453,261.15234375,136.3203887939453,270.08203125,153.15533447265625,274.05078125,145.23300170898438,295.87890625,-1.0,-1.0,142.2621307373047,273.05859375,141.2718505859375,296.87109375,-1.0,-1.0,-1.0,-1.0,-1.0,-1.0,150.18446350097656,232.37890625,142.2621307373047,232.37890625
-1.0,-1.0,146.21359252929688,243.29296875,155.126220703125,245.27734375,160.07766723632812,261.15234375,161.06796264648438,272.06640625,137.30096435546875,243.29296875,136.31068420410156,260.16015625,135.3203887939453,270.08203125,151.1650390625,273.05859375,144.23300170898438,296.87109375,140.2718505859375,319.69140625,141.2621307373047,272.06640625,140.2718505859375,298.85546875,137.30096435546875,319.69140625,-1.0,-1.0,-1.0,-1.0,148.1941680908203,232.37890625,140.2718505859375,232.37890625
-1.0,-1.0,145.41510009765625,244.0703125,153.26416015625,245.0546875,158.16981506347656,262.7734375,158.16981506347656,274.5859375,135.60377502441406,244.0703125,133.64151000976562,259.8203125,132.66036987304688,270.6484375,149.33963012695312,273.6015625,142.47169494628906,298.2109375,141.49057006835938,317.8984375,139.52830505371094,272.6171875,138.5471649169922,300.1796875,136.58489990234375,318.8828125,-1.0,-1.0,-1.0,-1.0,147.37734985351562,232.2578125,139.52830505371094,233.2421875
-1.0,-1.0,144.89422607421875,243.85546875,152.74038696289062,244.83203125,156.6634521484375,262.41015625,156.6634521484375,276.08203125,136.0673065185547,242.87890625,133.125,257.52734375,131.16346740722656,267.29296875,147.83653259277344,272.17578125,140.97116088867188,294.63671875,137.04808044433594,316.12109375,138.02883911132812,271.19921875,136.0673065185547,292.68359375,134.10577392578125,317.09765625,-1.0,-1.0,-1.0,-1.0,145.875,232.13671875,138.02883911132812,233.11328125
-1.0,-1.0,143.11428833007812,243.640625,151.85714721679688,244.609375,155.74285888671875,262.046875,154.77142333984375,277.546875,135.34286499023438,242.671875,131.45713806152344,257.203125,131.45713806152344,267.859375,147.0,271.734375,140.1999969482422,294.984375,137.2857208251953,315.328125,136.3142852783203,270.765625,132.42857360839844,293.046875,-1.0,-1.0,-1.0,-1.0,-1.0,-1.0,145.05714416503906,232.015625,137.2857208251953,232.015625
-1.0,-1.0,142.39215087890625,242.85546875,150.23529052734375,243.83203125,154.1568603515625,261.41015625,155.1372528076172,273.12890625,134.54901123046875,241.87890625,130.62745666503906,257.50390625,130.62745666503906,266.29296875,147.2941131591797,272.15234375,142.39215087890625,292.66015625,-1.0,-1.0,136.50979614257812,271.17578125,135.5294189453125,290.70703125,-1.0,-1.0,-1.0,-1.0,-1.0,-1.0,144.35293579101562,232.11328125,136.50979614257812,232.11328125
-1.0,-1.0,142.05714416503906,242.640625,149.8285675048828,243.609375,152.74285888671875,260.078125,151.77142333984375,268.796875,133.3142852783203,241.671875,129.42857360839844,257.171875,128.45713806152344,264.921875,144.971435546875,271.703125,140.11428833007812,292.046875,138.1714324951172,309.484375,134.2857208251953,270.734375,134.2857208251953,291.078125,-1.0,-1.0,-1.0,-1.0,-1.0,-1.0,144.0,231.015625,136.22857666015625,231.015625
-1.0,-1.0,141.71697998046875,242.42578125,149.41510009765625,243.38671875,152.3018798828125,259.72265625,151.33963012695312,269.33203125,133.05661010742188,241.46484375,129.20755004882812,256.83984375,128.2452850341797,264.52734375,145.5660400390625,271.25390625,139.79244995117188,293.35546875,136.90565490722656,313.53515625,134.98114013671875,269.33203125,133.05661010742188,291.43359375,-1.0,-1.0,-1.0,-1.0,-1.0,-1.0,143.64151000976562,230.89453125,135.94338989257812,231.85546875
-1.0,-1.0,142.13461303710938,242.42578125,149.82691955566406,243.38671875,152.71153259277344,259.72265625,151.75,268.37109375,133.48077392578125,241.46484375,129.63461303710938,256.83984375,128.67308044433594,264.52734375,145.01922607421875,272.21484375,139.25,293.35546875,136.36538696289062,313.53515625,134.4423065185547,270.29296875,128.67308044433594,288.55078125,-1.0,-1.0,-1.0,-1.0,-1.0,-1.0,143.09616088867188,230.89453125,135.40383911132812,231.85546875
-1.0,-1.0,138.25,242.38671875,145.9423065185547,243.34765625,148.82691955566406,258.72265625,146.90383911132812,267.37109375,129.59616088867188,241.42578125,127.67308044433594,256.80078125,125.75,265.44921875,142.09616088867188,271.21484375,137.2884521484375,290.43359375,136.32691955566406,305.80859375,131.51922607421875,269.29296875,126.71154022216797,287.55078125,-1.0,-1.0,-1.0,-1.0,-1.0,-1.0,140.17308044433594,230.85546875,131.51922607421875,231.81640625
-1.0,-1.0,137.88784790039062,242.1640625,145.51402282714844,243.1171875,148.37384033203125,258.3671875,147.42056274414062,268.8515625,130.26168823242188,241.2109375,127.40187072753906,256.4609375,124.54205322265625,266.9453125,141.700927734375,271.7109375,136.93458557128906,293.6328125,135.02804565429688,315.5546875,131.21495056152344,269.8046875,125.49533081054688,290.7734375,121.68224334716797,314.6015625,-1.0,-1.0,-1.0,-1.0,140.74766540527344,230.7265625,132.16822814941406,231.6796875
-1.0,-1.0,137.96226501464844,241.94140625,145.50942993164062,242.88671875,148.33963012695312,258.95703125,146.4528350830078,268.41015625,129.47169494628906,241.94140625,126.64151000976562,256.12109375,126.64151000976562,264.62890625,141.73583984375,271.24609375,137.01885986328125,292.04296875,136.07546997070312,310.00390625,131.35848999023438,270.30078125,128.52830505371094,289.20703125,-1.0,-1.0,-1.0,-1.0,-1.0,-1.0,139.84906005859375,230.59765625,131.35848999023438,231.54296875
-1.0,-1.0,137.90565490722656,241.94140625,145.4528350830078,242.88671875,148.28302001953125,258.95703125,146.39622497558594,267.46484375,129.41510009765625,241.94140625,127.52830505371094,256.12109375,126.58490753173828,264.62890625,141.6792449951172,272.19140625,136.96226501464844,291.09765625,136.01885986328125,310.00390625,131.3018798828125,270.30078125,127.52830505371094,289.20703125,-1.0,-1.0,-1.0,-1.0,-1.0,-1.0,139.79244995117188,230.59765625,131.3018798828125,232.48828125
-1.0,-1.0,137.98130798339844,241.71875,145.45794677734375,242.65625,148.26168823242188,258.59375,146.39251708984375,267.96875,129.57009887695312,241.71875,127.70093536376953,255.78125,125.83177185058594,265.15625,141.71963500976562,271.71875,137.04672241210938,293.28125,135.1775665283203,311.09375,131.4392547607422,269.84375,126.766357421875,288.59375,-1.0,-1.0,-1.0,-1.0,-1.0,-1.0,140.78504943847656,230.46875,132.3738250732422,231.40625
-1.0,-1.0,131.30841064453125,243.53125,138.78504943847656,244.46875,141.58877563476562,260.40625,139.71963500976562,269.78125,122.8971939086914,243.53125,121.02803802490234,259.46875,117.28971862792969,270.71875,135.04672241210938,273.53125,133.1775665283203,292.28125,-1.0,-1.0,123.83177185058594,271.65625,122.8971939086914,293.21875,-1.0,-1.0,-1.0,-1.0,-1.0,-1.0,133.1775665283203,234.15625,125.70093536376953,235.09375
-1.0,-1.0,131.24298095703125,243.53125,138.71963500976562,245.40625,141.5233612060547,261.34375,139.65420532226562,268.84375,122.83177185058594,242.59375,120.96261596679688,259.46875,116.28971862792969,270.71875,135.9158935546875,272.59375,133.11215209960938,293.21875,-1.0,-1.0,124.70093536376953,271.65625,121.8971939086914,293.21875,-1.0,-1.0,-1.0,-1.0,-1.0,-1.0,134.04672241210938,233.21875,125.63551330566406,234.15625
-1.0,-1.0,131.60000610351562,243.28515625,139.06666564941406,244.21484375,141.86666870117188,260.01953125,138.13333129882812,267.45703125,123.19999694824219,242.35546875,121.33333587646484,259.08984375,118.53333282470703,266.52734375,136.26666259765625,273.03515625,134.39999389648438,292.55859375,-1.0,-1.0,124.13333129882812,272.10546875,123.19999694824219,291.62890625,-1.0,-1.0,-1.0,-1.0,-1.0,-1.0,133.4666748046875,233.05859375,126.0,233.98828125
-1.0,-1.0,131.20755004882812,243.9609375,138.60377502441406,243.9609375,141.37734985351562,260.5546875,139.52830505371094,269.7734375,123.81132507324219,243.0390625,121.96226501464844,258.7109375,118.26415252685547,267.0078125,135.83018493652344,273.4609375,133.98114013671875,292.8203125,-1.0,-1.0,123.81132507324219,272.5390625,122.88679504394531,290.9765625,-1.0,-1.0,-1.0,-1.0,-1.0,-1.0,133.05661010742188,232.8984375,125.6603775024414,234.7421875
-1.0,-1.0,123.24073791503906,243.8828125,128.79629516601562,243.8828125,133.42593383789062,257.7109375,-1.0,-1.0,116.75926208496094,243.8828125,114.90740966796875,256.7890625,113.05555725097656,267.8515625,128.79629516601562,270.6171875,-1.0,-1.0,-1.0,-1.0,118.61111450195312,270.6171875,-1.0,-1.0,-1.0,-1.0,-1.0,-1.0,-1.0,-1.0,-1.0,-1.0,118.61111450195312,237.4296875
-1.0,-1.0,123.58490753173828,244.8046875,130.98114013671875,245.7265625,133.7547149658203,258.6328125,-1.0,-1.0,117.11320495605469,243.8828125,114.3396224975586,257.7109375,113.41509246826172,267.8515625,129.132080078125,271.5390625,-1.0,-1.0,-1.0,-1.0,118.96226501464844,271.5390625,-1.0,-1.0,-1.0,-1.0,-1.0,-1.0,-1.0,-1.0,-1.0,-1.0,118.03773498535156,237.4296875
-1.0,-1.0,120.93457794189453,244.53515625,127.34579467773438,244.53515625,130.0934600830078,258.24609375,130.0934600830078,268.30078125,113.60747528076172,243.62109375,111.77569580078125,257.33203125,110.85981750488281,267.38671875,126.42990112304688,270.12890625,124.59812927246094,290.23828125,-1.0,-1.0,116.35514068603516,271.04296875,115.43925476074219,288.41015625,-1.0,-1.0,-1.0,-1.0,-1.0,-1.0,122.766357421875,234.48046875,115.43925476074219,234.48046875
-1.0,-1.0,118.2727279663086,242.453125,125.54545593261719,243.359375,128.27273559570312,257.859375,127.36363220214844,267.828125,110.09091186523438,242.453125,108.2727279663086,256.953125,108.2727279663086,266.015625,123.7272720336914,270.546875,118.2727279663086,289.578125,114.63636779785156,315.859375,113.7272720336914,270.546875,110.09091186523438,288.671875,108.2727279663086,315.859375,-1.0,-1.0,-1.0,-1.0,120.09091186523438,233.390625,113.7272720336914,233.390625
-1.0,-1.0,117.01869201660156,242.62109375,124.34579467773438,242.62109375,128.00933837890625,258.16015625,127.09346008300781,268.21484375,109.69158935546875,241.70703125,107.85981750488281,255.41796875,106.94392395019531,265.47265625,123.42990112304688,269.12890625,119.766357421875,287.41015625,-1.0,-1.0,112.43925476074219,269.12890625,109.69158935546875,286.49609375,-1.0,-1.0,-1.0,-1.0,-1.0,-1.0,118.8504638671875,231.65234375,112.43925476074219,232.56640625
-1.0,-1.0,116.10279846191406,242.62109375,123.42990112304688,243.53515625,127.09346008300781,258.16015625,126.17756652832031,269.12890625,108.77569580078125,241.70703125,106.02803802490234,256.33203125,106.02803802490234,266.38671875,121.59812927246094,270.04296875,118.8504638671875,287.41015625,-1.0,-1.0,111.52336120605469,269.12890625,109.69158935546875,285.58203125,-1.0,-1.0,-1.0,-1.0,-1.0,-1.0,117.93457794189453,231.65234375,111.52336120605469,231.65234375
