60.93220520019531,189.4921875,66.62712097167969,197.1171875,58.084747314453125,198.0703125,53.33898162841797,210.4609375,58.084747314453125,199.9765625,75.16949462890625,195.2109375,78.96610260009766,212.3671875,80.86441040039062,229.5234375,64.72881317138672,232.3828125,67.5762710571289,253.3515625,70.4237289428711,273.3671875,76.11864471435547,230.4765625,78.01695251464844,251.4453125,80.86441040039062,266.6953125,59.033897399902344,187.5859375,61.88135528564453,186.6328125,-1.0,-1.0,66.62712097167969,185.6796875
60.145301818847656,188.66015625,65.88888549804688,196.34765625,57.27350616455078,197.30859375,53.44444274902344,209.80078125,58.230770111083984,198.26953125,74.5042724609375,194.42578125,78.33332824707031,210.76171875,81.20512390136719,226.13671875,63.017093658447266,230.94140625,66.84615325927734,252.08203125,70.67521667480469,271.30078125,74.5042724609375,229.98046875,77.37606811523438,249.19921875,79.29060363769531,263.61328125,59.18803405761719,188.66015625,61.102561950683594,185.77734375,-1.0,-1.0,65.88888549804688,184.81640625
61.596641540527344,187.69921875,65.42857360839844,195.38671875,56.806724548339844,196.34765625,52.974788665771484,210.76171875,55.84873962402344,197.30859375,74.0504150390625,193.46484375,77.88235473632812,209.80078125,79.79832458496094,226.13671875,62.554622650146484,230.94140625,66.38655090332031,252.08203125,70.21849060058594,272.26171875,74.0504150390625,229.01953125,77.88235473632812,249.19921875,78.84033203125,266.49609375,58.722686767578125,186.73828125,62.554622650146484,184.81640625,58.722686767578125,184.81640625,66.38655090332031,183.85546875
61.2786865234375,187.828125,65.14753723144531,194.609375,56.442623138427734,196.546875,52.573768615722656,209.140625,55.47541046142578,196.546875,74.81967163085938,192.671875,76.75409698486328,208.171875,79.65573120117188,223.671875,63.213111877441406,229.484375,67.08197021484375,250.796875,70.95082092285156,271.140625,74.81967163085938,227.546875,76.75409698486328,248.859375,78.68852233886719,268.234375,59.344261169433594,186.859375,63.213111877441406,184.921875,59.344261169433594,185.890625,66.11475372314453,183.953125
62.429752349853516,186.04296875,66.33058166503906,193.85546875,57.55371856689453,195.80859375,52.67768478393555,208.50390625,55.60330581665039,196.78515625,75.10743713378906,191.90234375,78.0330581665039,208.50390625,81.93388366699219,223.15234375,62.429752349853516,228.03515625,67.3057861328125,250.49609375,71.20661163330078,271.98046875,74.13223266601562,227.05859375,77.05784606933594,248.54296875,79.00826263427734,269.05078125,60.479339599609375,184.08984375,63.40496063232422,183.11328125,-1.0,-1.0,67.3057861328125,183.11328125
62.62295150756836,186.1796875,65.57376861572266,193.0703125,55.73770523071289,194.0546875,52.78688430786133,208.8203125,57.704917907714844,196.0234375,75.40983581542969,191.1015625,79.3442611694336,206.8515625,83.2786865234375,221.6171875,63.60655975341797,230.4765625,67.54098510742188,249.1796875,72.45901489257812,272.8046875,73.442626953125,228.5078125,75.40983581542969,248.1953125,78.36065673828125,271.8203125,58.68852233886719,185.1953125,63.60655975341797,181.2578125,-1.0,-1.0,66.557373046875,182.2421875
62.80799865722656,187.32421875,65.78399658203125,192.28515625,56.85599899291992,194.26953125,52.88800048828125,207.16796875,58.84000015258789,192.28515625,75.70399475097656,190.30078125,78.68000030517578,206.17578125,81.65599822998047,222.05078125,62.80799865722656,228.99609375,67.76799774169922,249.83203125,71.73600006103516,271.66015625,73.72000122070312,227.01171875,73.72000122070312,248.83984375,76.69599914550781,272.65234375,59.832000732421875,186.33203125,63.79999923706055,184.34765625,-1.0,-1.0,66.7760009765625,182.36328125
62.80799865722656,185.33984375,65.78399658203125,193.27734375,55.86399841308594,194.26953125,52.88800048828125,208.16015625,56.85599899291992,194.26953125,75.70399475097656,191.29296875,79.6719970703125,206.17578125,81.65599822998047,222.05078125,62.80799865722656,228.99609375,66.7760009765625,248.83984375,72.72799682617188,271.66015625,73.72000122070312,228.00390625,73.72000122070312,249.83203125,75.70399475097656,273.64453125,59.832000732421875,183.35546875,64.79199981689453,182.36328125,57.847999572753906,183.35546875,67.76799774169922,182.36328125
64.0,183.5,65.0,193.5,55.0,194.5,52.0,209.5,55.0,225.5,76.0,191.5,79.0,206.5,83.0,219.5,63.0,228.5,68.0,252.5,73.0,271.5,75.0,227.5,74.0,251.5,76.0,273.5,61.0,182.5,65.0,181.5,58.0,182.5,68.0,181.5
63.19379806518555,183.66015625,65.20930480957031,193.73828125,55.13178253173828,194.74609375,51.10077667236328,209.86328125,54.12403106689453,229.01171875,76.29457092285156,191.72265625,81.33332824707031,207.84765625,81.33332824707031,223.97265625,62.1860466003418,229.01171875,68.23255920410156,252.19140625,72.26356506347656,272.34765625,75.28681945800781,228.00390625,73.27131652832031,251.18359375,75.28681945800781,272.34765625,60.1705436706543,182.65234375,64.20155334472656,181.64453125,58.15503692626953,182.65234375,68.23255920410156,181.64453125
62.6870231628418,183.66015625,65.70992279052734,193.73828125,54.625953674316406,194.74609375,50.595420837402344,209.86328125,53.61832046508789,222.96484375,76.79389190673828,191.72265625,80.82442474365234,208.85546875,81.83206176757812,224.98046875,62.6870231628418,229.01171875,67.72518920898438,250.17578125,72.76335906982422,272.34765625,74.77862548828125,228.00390625,73.77099609375,251.18359375,75.7862548828125,272.34765625,59.66412353515625,182.65234375,64.70228576660156,180.63671875,58.65648651123047,182.65234375,66.71755981445312,180.63671875
63.581398010253906,184.00390625,65.6279067993164,193.21484375,54.372093200683594,194.23828125,51.30232620239258,208.56640625,58.465118408203125,193.21484375,75.86046600341797,191.16796875,80.97674560546875,207.54296875,84.0465087890625,219.82421875,62.55813980102539,230.05859375,66.65116119384766,250.52734375,71.76744079589844,270.99609375,73.81394958496094,230.05859375,71.76744079589844,250.52734375,74.83721160888672,270.99609375,59.488372802734375,182.98046875,64.60465240478516,180.93359375,58.465118408203125,181.95703125,66.65116119384766,180.93359375
63.265625,184.203125,65.328125,193.484375,55.015625,194.515625,51.921875,208.953125,58.109375,192.453125,76.671875,192.453125,82.859375,208.953125,80.796875,224.421875,62.234375,229.578125,67.390625,251.234375,71.515625,271.859375,74.609375,229.578125,72.546875,252.265625,73.578125,271.859375,60.171875,183.171875,65.328125,182.140625,59.140625,183.171875,67.390625,182.140625
62.930233001708984,186.45703125,66.0465087890625,192.69140625,55.658912658691406,193.73046875,51.503875732421875,208.27734375,-1.0,-1.0,76.43411254882812,192.69140625,83.70542907714844,209.31640625,-1.0,-1.0,61.89147186279297,229.05859375,67.08527374267578,248.80078125,71.24031066894531,273.73828125,73.31782531738281,229.05859375,72.27906799316406,249.83984375,73.31782531738281,273.73828125,59.8139533996582,184.37890625,65.00775146484375,182.30078125,60.85271453857422,183.33984375,68.12403106689453,183.33984375
63.85039520263672,184.78515625,65.96063232421875,193.22265625,55.409446716308594,194.27734375,52.24409484863281,207.98828125,58.57480239868164,195.33203125,76.51181030273438,192.16796875,83.89763641357422,207.98828125,-1.0,-1.0,62.79527282714844,229.08203125,68.07086181640625,251.23046875,72.29133605957031,275.48828125,75.45669555664062,229.08203125,72.29133605957031,250.17578125,73.34645080566406,274.43359375,61.74015808105469,182.67578125,65.96063232421875,181.62109375,58.57480239868164,182.67578125,68.07086181640625,182.67578125
62.67441940307617,184.15234375,65.88372039794922,192.71484375,55.1860466003418,193.78515625,51.97674560546875,206.62890625,59.465118408203125,192.71484375,76.5813980102539,191.64453125,83.0,207.69921875,-1.0,-1.0,61.604652404785156,229.10546875,68.02325439453125,253.72265625,71.23255920410156,275.12890625,74.44186401367188,229.10546875,71.23255920410156,252.65234375,72.30232238769531,276.19921875,60.53488540649414,182.01171875,64.81394958496094,179.87109375,58.395347595214844,182.01171875,68.02325439453125,182.01171875
62.67441940307617,183.08203125,66.9534912109375,191.64453125,56.25581359863281,192.71484375,51.97674560546875,206.62890625,59.465118408203125,192.71484375,77.65116882324219,190.57421875,84.06977081298828,207.69921875,-1.0,-1.0,62.67441940307617,230.17578125,66.9534912109375,252.65234375,72.30232238769531,278.33984375,74.44186401367188,230.17578125,72.30232238769531,252.65234375,74.44186401367188,276.19921875,61.604652404785156,180.94140625,65.88372039794922,178.80078125,58.395347595214844,180.94140625,69.09302520751953,180.94140625
62.535430908203125,181.34765625,67.968505859375,192.20703125,57.10236358642578,193.29296875,52.75590515136719,205.23828125,59.27558898925781,191.12109375,77.74803161621094,190.03515625,85.35432434082031,209.58203125,82.094482421875,225.87109375,62.535430908203125,232.38671875,66.88188934326172,254.10546875,70.14173126220703,270.39453125,73.40157318115234,232.38671875,73.40157318115234,254.10546875,74.48818969726562,275.82421875,61.44881820678711,180.26171875,64.70866394042969,178.08984375,60.362205505371094,179.17578125,67.968505859375,179.17578125
68.41732025146484,178.48046875,67.31495666503906,191.69921875,56.29133605957031,192.80078125,52.9842529296875,206.01953125,59.598426818847656,191.69921875,78.33857727050781,189.49609375,84.9527587890625,208.22265625,81.64566802978516,225.84765625,62.90550994873047,231.35546875,67.31495666503906,254.48828125,71.72441101074219,272.11328125,75.031494140625,231.35546875,73.92913055419922,254.48828125,75.031494140625,277.62109375,65.11023712158203,178.48046875,68.41732025146484,176.27734375,60.70078659057617,179.58203125,69.51968383789062,179.58203125
62.90550994873047,180.68359375,67.31495666503906,190.59765625,56.29133605957031,191.69921875,54.086612701416016,203.81640625,59.598426818847656,189.49609375,78.33857727050781,189.49609375,86.05511474609375,208.22265625,83.85038757324219,225.84765625,62.90550994873047,231.35546875,65.11023712158203,252.28515625,71.72441101074219,274.31640625,76.13385772705078,230.25390625,73.92913055419922,254.48828125,76.13385772705078,278.72265625,60.70078659057617,179.58203125,65.11023712158203,176.27734375,59.598426818847656,178.48046875,68.41732025146484,177.37890625
66.12000274658203,178.90234375,69.47999572753906,190.07421875,58.279998779296875,191.19140625,53.79999923706055,205.71484375,61.63999938964844,191.19140625,79.55999755859375,188.95703125,87.4000015258789,207.94921875,84.04000091552734,225.82421875,63.880001068115234,230.29296875,68.36000061035156,255.98828125,75.08000183105469,276.09765625,78.44000244140625,229.17578125,77.31999969482422,254.87109375,78.44000244140625,279.44921875,63.880001068115234,176.66796875,69.47999572753906,175.55078125,62.76000213623047,177.78515625,70.5999984741211,176.66796875
67.18110656738281,178.22265625,69.44882202148438,190.68359375,59.24409484863281,191.81640625,54.70866394042969,204.27734375,61.511810302734375,189.55078125,80.78739929199219,188.41796875,86.45669555664062,206.54296875,84.18898010253906,225.80078125,63.7795295715332,231.46484375,68.31495666503906,255.25390625,75.11811065673828,275.64453125,78.51968383789062,229.19921875,79.65354919433594,254.12109375,79.65354919433594,279.04296875,66.0472412109375,175.95703125,69.44882202148438,174.82421875,62.645668029785156,177.08984375,70.58267974853516,177.08984375
69.14286041259766,173.8203125,70.28572082519531,188.6484375,60.0,189.7890625,56.57143020629883,204.6171875,62.28571319580078,189.7890625,81.71428680419922,187.5078125,88.57142639160156,205.7578125,86.28572082519531,224.0078125,64.57142639160156,229.7109375,65.71428680419922,247.9609375,70.28572082519531,269.6328125,79.42857360839844,228.5703125,80.57142639160156,251.3828125,80.57142639160156,277.6171875,66.85714721679688,173.8203125,69.14286041259766,172.6796875,63.42857360839844,176.1015625,72.57142639160156,176.1015625
69.91339111328125,175.24609375,71.06298828125,189.02734375,59.566932678222656,190.17578125,54.968505859375,206.25390625,63.0157470703125,190.17578125,82.55905151367188,187.87890625,88.30708312988281,206.25390625,86.00787353515625,223.48046875,64.16535949707031,229.22265625,66.46456909179688,253.33984375,71.06298828125,276.30859375,80.25984191894531,226.92578125,82.55905151367188,253.33984375,82.55905151367188,277.45703125,67.61417388916016,174.09765625,69.91339111328125,172.94921875,63.0157470703125,176.39453125,73.3622055053711,175.24609375
69.87199401855469,174.53515625,71.04000091552734,189.66796875,59.36000061035156,190.83203125,54.6879997253418,207.12890625,62.86399841308594,189.66796875,82.72000122070312,188.50390625,89.72799682617188,204.80078125,-1.0,-1.0,65.19999694824219,230.41015625,68.70399475097656,254.85546875,69.87199401855469,279.30078125,81.552001953125,229.24609375,82.72000122070312,253.69140625,83.88800048828125,280.46484375,66.36799621582031,174.53515625,69.87199401855469,173.37109375,64.03199768066406,176.86328125,73.3759994506836,176.86328125
67.53599548339844,178.1953125,72.20800018310547,189.9140625,60.52799987792969,192.2578125,55.85599899291992,206.3203125,62.86399841308594,189.9140625,82.72000122070312,188.7421875,89.72799682617188,203.9765625,-1.0,-1.0,65.19999694824219,230.9296875,68.70399475097656,256.7109375,68.70399475097656,282.4921875,81.552001953125,229.7578125,83.88800048828125,255.5390625,83.88800048828125,282.4921875,65.19999694824219,175.8515625,68.70399475097656,174.6796875,62.86399841308594,178.1953125,72.20800018310547,175.8515625
69.1520004272461,178.54296875,71.52000427246094,190.33984375,59.68000030517578,191.51953125,54.944000244140625,206.85546875,60.86399841308594,190.33984375,83.36000061035156,187.98046875,90.46400451660156,205.67578125,-1.0,-1.0,65.5999984741211,231.62890625,67.96800231933594,256.40234375,66.78399658203125,283.53515625,80.99200439453125,229.26953125,84.54399871826172,255.22265625,85.72799682617188,282.35546875,65.5999984741211,177.36328125,69.1520004272461,175.00390625,63.23200225830078,177.36328125,71.52000427246094,176.18359375
71.0,177.89453125,72.19999694824219,189.84765625,60.20000076293945,192.23828125,54.20000076293945,207.77734375,62.599998474121094,188.65234375,84.19999694824219,188.65234375,91.4000015258789,206.58203125,-1.0,-1.0,66.19999694824219,231.68359375,68.60000610351562,256.78515625,66.19999694824219,283.08203125,81.80000305175781,229.29296875,85.4000015258789,255.58984375,86.60000610351562,283.08203125,67.4000015258789,176.69921875,71.0,176.69921875,63.80000305175781,177.89453125,74.60000610351562,176.69921875
71.19047546386719,178.0703125,73.60317993164062,191.3046875,61.5396842956543,192.5078125,55.5079345703125,208.1484375,62.74603271484375,188.8984375,84.46031951904297,188.8984375,92.9047622680664,205.7421875,-1.0,-1.0,67.57142639160156,233.4140625,71.19047546386719,257.4765625,66.36508178710938,282.7421875,84.46031951904297,229.8046875,86.87301635742188,255.0703125,89.28572082519531,282.7421875,68.77777862548828,176.8671875,73.60317993164062,175.6640625,62.74603271484375,179.2734375,76.015869140625,175.6640625
69.04800415039062,178.640625,73.91200256347656,190.828125,61.75199890136719,192.046875,56.88800048828125,205.453125,62.96799850463867,187.171875,84.85600280761719,189.609375,90.93599700927734,209.109375,89.72000122070312,227.390625,69.04800415039062,234.703125,72.69599914550781,257.859375,69.04800415039062,284.671875,83.63999938964844,231.046875,88.50399780273438,255.421875,90.93599700927734,283.453125,66.61599731445312,177.421875,71.47999572753906,176.203125,64.18399810791016,178.640625,75.12799835205078,176.203125
71.16128540039062,176.59765625,72.38710021972656,190.08984375,61.35483932495117,190.08984375,54.0,208.48828125,55.225807189941406,207.26171875,84.64515686035156,188.86328125,88.32258605957031,212.16796875,89.54838562011719,226.88671875,68.70967864990234,231.79296875,72.38710021972656,256.32421875,72.38710021972656,284.53515625,83.41935729980469,229.33984375,88.32258605957031,255.09765625,93.2258071899414,282.08203125,67.48387145996094,175.37109375,72.38710021972656,174.14453125,63.80644989013672,177.82421875,74.83871459960938,174.14453125
69.49600219726562,175.5390625,71.95999908447266,189.1171875,59.63999938964844,191.5859375,52.24800109863281,208.8671875,55.944000244140625,206.3984375,84.27999877929688,187.8828125,89.20800018310547,207.6328125,91.6719970703125,226.1484375,67.03199768066406,231.0859375,70.72799682617188,257.0078125,73.19200134277344,285.3984375,84.27999877929688,228.6171875,89.20800018310547,254.5390625,92.90399932861328,280.4609375,67.03199768066406,173.0703125,71.95999908447266,171.8359375,62.104000091552734,175.5390625,75.65599822998047,173.0703125
69.43089294433594,174.875,71.9349594116211,188.625,59.414634704589844,191.125,51.90243911743164,206.125,-1.0,-1.0,84.45528411865234,187.375,89.46340942382812,207.375,91.96748352050781,227.375,68.17886352539062,233.625,71.9349594116211,259.875,74.43902587890625,286.125,84.45528411865234,231.125,89.46340942382812,257.375,94.47154235839844,279.875,66.92682647705078,173.625,70.68292236328125,172.375,63.17073059082031,174.875,74.43902587890625,173.625
67.85714721679688,174.04296875,70.36508178710938,187.87890625,57.82539749145508,189.13671875,50.30158615112305,205.48828125,-1.0,-1.0,82.9047622680664,185.36328125,87.92063903808594,206.74609375,90.42857360839844,224.35546875,66.6031723022461,231.90234375,71.61904907226562,259.57421875,74.12698364257812,287.24609375,82.9047622680664,229.38671875,87.92063903808594,255.80078125,94.19047546386719,278.44140625,65.34920501708984,171.52734375,70.36508178710938,170.26953125,61.587303161621094,172.78515625,74.12698364257812,171.52734375
67.76612854003906,173.37890625,70.31451416015625,187.38671875,57.57257843017578,188.66015625,51.20161437988281,207.76171875,48.65322494506836,203.94140625,83.05644989013672,186.11328125,90.70161437988281,206.48828125,91.9758071899414,224.31640625,67.76612854003906,233.23046875,71.58871459960938,262.51953125,75.41128540039062,287.98828125,83.05644989013672,230.68359375,89.42741394042969,258.69921875,95.79838562011719,280.34765625,65.21774291992188,170.83203125,70.31451416015625,170.83203125,61.39516067504883,172.10546875,74.13710021972656,172.10546875
66.75609588623047,172.265625,70.60975646972656,186.359375,57.76422882080078,188.921875,50.056907653808594,203.015625,56.47967529296875,197.890625,83.45528411865234,185.078125,91.16259765625,205.578125,91.16259765625,224.796875,66.75609588623047,231.203125,71.89430236816406,261.953125,75.74797058105469,287.578125,80.88617706298828,229.921875,87.30894470214844,258.109375,93.73170471191406,277.328125,65.47154235839844,169.703125,70.60975646972656,169.703125,61.61788558959961,170.984375,75.74797058105469,170.984375
67.0406494140625,170.984375,70.89430236816406,187.640625,56.76422882080078,190.203125,50.341461181640625,204.296875,59.33333206176758,187.640625,83.73983764648438,185.078125,90.16259765625,206.859375,92.73170471191406,224.796875,67.0406494140625,232.484375,73.46340942382812,261.953125,78.60162353515625,288.859375,81.17073059082031,231.203125,87.59349060058594,258.109375,94.0162582397461,279.890625,64.47154235839844,168.421875,69.60975646972656,168.421875,60.61788558959961,170.984375,73.46340942382812,169.703125
66.67213439941406,170.2890625,70.557373046875,185.8515625,56.31147766113281,189.7421875,49.83606719970703,204.0078125,57.60655975341797,184.5546875,83.50819396972656,183.2578125,89.98361206054688,205.3046875,95.16393280029297,223.4609375,66.67213439941406,233.8359375,74.442626953125,264.9609375,79.62295532226562,290.8984375,82.21311950683594,231.2421875,88.68852233886719,261.0703125,91.2786865234375,289.6015625,64.08197021484375,168.9921875,69.26229858398438,167.6953125,60.19672393798828,171.5859375,73.14753723144531,168.9921875
67.25619506835938,169.13671875,69.86776733398438,184.79296875,56.80991744995117,187.40234375,48.9752082824707,206.97265625,52.89256286621094,227.84765625,84.23140716552734,183.48828125,89.45454406738281,205.66796875,93.37190246582031,221.32421875,65.9504165649414,231.76171875,73.78512573242188,261.76953125,81.61983489990234,289.16796875,81.61983489990234,229.15234375,82.92562103271484,260.46484375,82.92562103271484,290.47265625,64.6446304321289,166.52734375,69.86776733398438,165.22265625,60.727272033691406,169.13671875,73.78512573242188,166.52734375
65.57499694824219,169.59375,70.84166717529297,184.03125,57.67500305175781,186.65625,48.458335876464844,202.40625,56.358333587646484,182.71875,85.32499694824219,182.71875,94.54167175292969,202.40625,94.54167175292969,222.09375,64.25833129882812,231.28125,77.42500305175781,261.46875,82.69166564941406,287.71875,80.05833435058594,231.28125,80.05833435058594,260.15625,84.00833129882812,289.03125,62.94166564941406,166.96875,68.20833587646484,166.96875,60.30833435058594,168.28125,73.47500610351562,166.96875
65.38016510009766,168.42578125,71.99172973632812,184.26953125,58.768592834472656,186.91015625,49.51239776611328,202.75390625,57.44628143310547,181.62890625,85.21487426757812,182.94921875,97.1156997680664,201.43359375,95.79338836669922,219.91796875,65.38016510009766,231.80078125,78.60330200195312,263.48828125,82.57025146484375,288.57421875,81.24793243408203,230.48046875,81.24793243408203,262.16796875,85.21487426757812,289.89453125,62.73553466796875,167.10546875,68.02479553222656,165.78515625,58.768592834472656,168.42578125,73.31404876708984,167.10546875
63.52941131591797,170.2265625,71.49580383300781,184.8359375,58.21849060058594,186.1640625,47.596641540527344,202.1015625,55.563026428222656,183.5078125,84.77310943603516,182.1796875,95.39495849609375,203.4296875,94.06723022460938,222.0234375,67.51260375976562,231.3203125,78.13446044921875,261.8671875,82.11764526367188,289.7578125,82.11764526367188,229.9921875,80.7899169921875,260.5390625,82.11764526367188,289.7578125,60.87395095825195,167.5703125,66.18487548828125,166.2421875,58.21849060058594,167.5703125,72.82353210449219,166.2421875
66.66667175292969,169.05078125,72.0,185.08203125,57.333335876464844,186.41796875,48.0,202.44921875,56.0,183.74609375,85.33333587646484,182.41015625,93.33333587646484,203.78515625,92.0,221.15234375,68.0,233.17578125,77.33333587646484,263.90234375,82.66667175292969,289.28515625,81.33333587646484,231.83984375,80.0,263.90234375,81.33333587646484,291.95703125,64.0,166.37890625,70.66667175292969,165.04296875,58.66666793823242,169.05078125,74.66667175292969,167.71484375
64.7750015258789,169.70703125,71.5250015258789,184.57421875,56.67500305175781,187.27734375,47.224998474121094,202.14453125,56.67500305175781,183.22265625,85.0250015258789,183.22265625,95.82500457763672,204.84765625,90.42500305175781,221.06640625,67.47500610351562,234.58203125,79.625,262.96484375,87.72500610351562,291.34765625,82.32499694824219,233.23046875,78.2750015258789,262.96484375,76.92500305175781,291.34765625,62.07500076293945,167.00390625,67.47500610351562,165.65234375,59.375,167.00390625,75.57499694824219,167.00390625
64.25424194335938,169.70703125,71.03389739990234,185.92578125,56.11864471435547,187.27734375,46.62712097167969,203.49609375,56.11864471435547,181.87109375,85.94915771484375,183.22265625,95.44068145751953,204.84765625,90.01695251464844,222.41796875,66.96610260009766,235.93359375,81.88135528564453,262.96484375,90.01695251464844,289.99609375,83.23728942871094,233.23046875,76.45762634277344,261.61328125,73.74576568603516,291.34765625,61.54237365722656,167.00390625,68.32203674316406,165.65234375,58.830509185791016,168.35546875,75.10169982910156,168.35546875
64.07563018798828,169.8671875,69.52101135253906,184.8203125,55.907562255859375,186.1796875,45.016807556152344,203.8515625,53.18487548828125,183.4609375,84.49580383300781,183.4609375,92.66386413574219,203.8515625,88.579833984375,224.2421875,64.07563018798828,232.3984375,81.77310943603516,263.6640625,91.30252075195312,290.8515625,79.05042266845703,231.0390625,76.32772827148438,262.3046875,69.52101135253906,293.5703125,61.352943420410156,167.1484375,66.79832458496094,165.7890625,58.630252838134766,167.1484375,73.60504150390625,167.1484375
62.18803405761719,169.02734375,69.02564239501953,185.43359375,53.982906341552734,186.80078125,44.410255432128906,203.20703125,52.615386962890625,182.69921875,84.06837463378906,184.06640625,92.27350616455078,207.30859375,89.53846740722656,226.44921875,62.18803405761719,233.28515625,79.96581268310547,264.73046875,92.27350616455078,292.07421875,77.23077392578125,233.28515625,73.12820434570312,263.36328125,69.02564239501953,296.17578125,59.4529914855957,166.29296875,66.29060363769531,166.29296875,58.085472106933594,167.66015625,73.12820434570312,167.66015625
59.949153900146484,169.1875,68.18644714355469,185.6875,54.45762634277344,187.0625,42.1016960144043,203.5625,51.71186447143555,182.9375,81.91525268554688,184.3125,91.52542877197266,207.6875,90.15254211425781,229.6875,62.694915771484375,235.1875,79.16949462890625,264.0625,91.52542877197266,291.5625,75.05084991455078,235.1875,72.30508422851562,264.0625,68.18644714355469,298.4375,58.576271057128906,166.4375,64.06779479980469,165.0625,-1.0,-1.0,70.93220520019531,166.4375
58.42241668701172,167.1171875,68.19827270507812,183.8046875,54.232757568359375,185.1953125,41.663795471191406,203.2734375,50.04310607910156,182.4140625,83.56034851074219,183.8046875,90.54310607910156,210.2265625,89.14655303955078,232.4765625,61.215518951416016,235.2578125,77.97413635253906,267.2421875,91.93965911865234,290.8828125,75.1810302734375,235.2578125,72.38793182373047,268.6328125,69.59483337402344,299.2265625,58.42241668701172,164.3359375,62.61206817626953,164.3359375,-1.0,-1.0,70.99137878417969,165.7265625
57.42241668701172,167.1171875,67.19827270507812,183.8046875,53.232757568359375,185.1953125,40.663795471191406,201.8828125,50.43965530395508,181.0234375,81.16378784179688,182.4140625,89.54310607910156,207.4453125,89.54310607910156,229.6953125,60.215518951416016,233.8671875,72.78448486328125,267.2421875,89.54310607910156,289.4921875,74.1810302734375,233.8671875,71.38793182373047,268.6328125,69.99137878417969,300.6171875,56.02586364746094,164.3359375,61.61206817626953,164.3359375,-1.0,-1.0,69.99137878417969,164.3359375
57.695655822753906,165.015625,66.1478271484375,181.890625,52.06087112426758,181.890625,39.38261032104492,200.171875,49.24347686767578,176.265625,81.64347839355469,180.484375,90.09565734863281,205.796875,87.27825927734375,231.109375,60.51304626464844,236.734375,70.37391662597656,266.265625,88.68695831298828,291.578125,74.60000610351562,235.328125,70.37391662597656,267.671875,70.37391662597656,301.421875,54.87826156616211,162.203125,60.51304626464844,162.203125,-1.0,-1.0,68.96521759033203,163.609375
56.81034469604492,163.74609375,65.29310607910156,180.71484375,49.74137878417969,182.12890625,38.431034088134766,199.09765625,48.32758331298828,175.05859375,80.8448257446289,180.71484375,87.91378784179688,206.16796875,85.0862045288086,228.79296875,56.81034469604492,237.27734375,66.70689392089844,265.55859375,83.67240905761719,286.76953125,72.36206817626953,235.86328125,70.94827270507812,266.97265625,69.53448486328125,300.91015625,55.39655303955078,160.91796875,61.05172348022461,160.91796875,51.155174255371094,162.33203125,68.12068939208984,162.33203125
54.84210205078125,164.3046875,64.78947448730469,179.9453125,49.157894134521484,181.3671875,37.78947448730469,201.2734375,46.31578826904297,175.6796875,79.0,179.9453125,86.10525512695312,206.9609375,84.6842041015625,231.1328125,56.26315689086914,239.6640625,63.3684196472168,268.1015625,79.0,290.8515625,71.89472961425781,238.2421875,71.89472961425781,268.1015625,73.31578826904297,300.8046875,52.0,160.0390625,59.105262756347656,160.0390625,-1.0,-1.0,67.63157653808594,160.0390625
50.382606506347656,163.01953125,61.79130172729492,180.17578125,47.530433654785156,181.60546875,36.12173843383789,200.19140625,44.678260803222656,175.88671875,77.47825622558594,177.31640625,86.03477478027344,203.05078125,83.18260192871094,227.35546875,53.234779357910156,237.36328125,58.93912887573242,267.38671875,70.34782409667969,293.12109375,73.19999694824219,234.50390625,71.77391052246094,268.81640625,73.19999694824219,300.26953125,50.382606506347656,158.73046875,54.660865783691406,158.73046875,-1.0,-1.0,64.64347839355469,160.16015625
48.66666793823242,162.4296875,60.315792083740234,178.4140625,45.75438690185547,179.8671875,34.105262756347656,198.7578125,42.842105865478516,175.5078125,76.33333587646484,176.9609375,85.07017517089844,203.1171875,80.70175170898438,227.8203125,51.578948974609375,235.0859375,54.49123001098633,269.9609375,67.59649658203125,294.6640625,70.50877380371094,233.6328125,73.42105102539062,267.0546875,73.42105102539062,299.0234375,47.21052551269531,159.5234375,53.03508758544922,158.0703125,-1.0,-1.0,63.22807312011719,159.5234375
48.94736862182617,161.703125,57.78947448730469,177.859375,43.05263137817383,177.859375,31.26315689086914,198.421875,40.105262756347656,174.921875,74.0,176.390625,82.84210205078125,202.828125,76.94737243652344,226.328125,48.94736862182617,233.671875,50.421051025390625,268.921875,63.68421173095703,298.296875,69.57894897460938,232.203125,72.52631378173828,267.453125,74.0,301.234375,46.0,157.296875,51.894737243652344,157.296875,-1.0,-1.0,62.21052551269531,158.765625
46.31578826904297,161.11328125,56.75438690185547,177.52734375,41.842105865478516,179.01953125,28.421052932739258,198.41796875,38.859649658203125,176.03515625,71.66667175292969,176.03515625,82.10526275634766,202.89453125,74.64912414550781,223.78515625,46.31578826904297,232.73828125,47.8070182800293,265.56640625,55.263160705566406,299.88671875,68.68421173095703,231.24609375,71.66667175292969,262.58203125,74.64912414550781,299.88671875,43.333335876464844,156.63671875,50.78947448730469,156.63671875,-1.0,-1.0,59.73684310913086,158.12890625
43.964603424072266,159.0078125,53.097347259521484,177.1953125,39.398231506347656,178.7109375,25.699115753173828,198.4140625,36.353981018066406,175.6796875,69.84071350097656,175.6796875,82.0177001953125,201.4453125,74.4070816040039,224.1796875,43.964603424072266,233.2734375,45.486724853515625,268.1328125,48.530975341796875,306.0234375,65.27433776855469,230.2421875,69.84071350097656,265.1015625,74.4070816040039,302.9921875,40.92035675048828,155.9765625,48.530975341796875,155.9765625,-1.0,-1.0,57.663719177246094,157.4921875
39.25663757324219,159.93359375,51.57522201538086,178.40234375,37.71681594848633,179.94140625,23.858407974243164,199.94921875,33.09734344482422,175.32421875,68.51327514648438,176.86328125,76.21239471435547,204.56640625,71.59292602539062,226.11328125,42.33628463745117,233.80859375,42.33628463745117,269.20703125,39.25663757324219,307.68359375,63.89380645751953,230.73046875,68.51327514648438,266.12890625,74.67256927490234,303.06640625,37.71681594848633,156.85546875,42.33628463745117,156.85546875,-1.0,-1.0,53.11504364013672,158.39453125
35.035400390625,160.90625,49.0531005859375,178.09375,33.477874755859375,179.65625,21.0177001953125,199.96875,30.36283302307129,174.96875,64.6283187866211,176.53125,73.97345733642578,203.09375,69.30088806152344,226.53125,39.70796585083008,234.34375,39.70796585083008,267.15625,31.92035484313965,307.78125,61.513275146484375,232.78125,66.18584442138672,265.59375,72.41593170166016,304.65625,35.035400390625,157.78125,39.70796585083008,156.21875,-1.0,-1.0,49.0531005859375,157.78125
33.40178680419922,160.33984375,46.11607360839844,177.78515625,31.8125,179.37109375,17.508928298950195,199.98828125,27.04464340209961,176.19921875,63.59821319580078,176.19921875,71.54464721679688,203.16015625,66.77678680419922,226.94921875,38.16964340209961,236.46484375,38.16964340209961,268.18359375,28.633928298950195,306.24609375,60.41964340209961,233.29296875,65.1875,263.42578125,74.72321319580078,304.66015625,33.40178680419922,157.16796875,38.16964340209961,155.58203125,-1.0,-1.0,47.70535659790039,157.16796875
29.125,159.7734375,41.98214340209961,179.0859375,25.91071319580078,180.6953125,13.053570747375488,201.6171875,22.696428298950195,177.4765625,58.05356979370117,177.4765625,70.91071319580078,203.2265625,-1.0,-1.0,33.94642639160156,237.0234375,35.55356979370117,270.8203125,25.91071319580078,309.4453125,56.44642639160156,235.4140625,64.48213958740234,265.9921875,74.125,304.6171875,29.125,156.5546875,33.94642639160156,156.5546875,-1.0,-1.0,43.58928298950195,156.5546875
28.200000762939453,158.02734375,39.400001525878906,178.84765625,23.399999618530273,180.44921875,5.800000190734863,199.66796875,17.0,177.24609375,55.400001525878906,177.24609375,66.5999984741211,201.26953125,-1.0,-1.0,31.399999618530273,239.70703125,31.399999618530273,273.33984375,28.200000762939453,310.17578125,53.79999923706055,236.50390625,61.79999923706055,268.53515625,73.0,305.37109375,25.0,154.82421875,31.399999618530273,154.82421875,-1.0,-1.0,41.0,156.42578125
26.52336311340332,156.42578125,34.56074523925781,177.24609375,20.09345817565918,180.44921875,4.018691539764404,199.66796875,15.271027565002441,175.64453125,50.63551330566406,174.04296875,68.31775665283203,178.84765625,63.49532699584961,177.24609375,28.130840301513672,238.10546875,31.345792770385742,274.94140625,28.130840301513672,313.37890625,50.63551330566406,236.50390625,60.280372619628906,268.53515625,73.14018249511719,305.37109375,23.30841064453125,153.22265625,29.738317489624023,153.22265625,18.485980987548828,158.02734375,39.383174896240234,154.82421875
20.80000114440918,156.42578125,32.0,177.24609375,17.600000381469727,180.44921875,1.600000023841858,198.06640625,11.199999809265137,177.24609375,49.60000228881836,172.44140625,62.400001525878906,180.44921875,64.0,177.24609375,24.0,239.70703125,28.80000114440918,274.94140625,27.200000762939453,313.37890625,46.400001525878906,236.50390625,52.79999923706055,266.93359375,72.0,302.16796875,19.200000762939453,153.22265625,24.0,153.22265625,-1.0,-1.0,35.20000076293945,153.22265625
17.686275482177734,153.9453125,30.549020767211914,176.4765625,14.470588684082031,179.6953125,9.647058486938477,210.2734375,9.647058486938477,231.1953125,46.6274528503418,171.6484375,62.70588302612305,178.0859375,-1.0,-1.0,20.901960372924805,240.8515625,25.72549057006836,276.2578125,27.33333396911621,314.8828125,43.411766052246094,237.6328125,51.45098114013672,269.8203125,70.74510192871094,302.0078125,16.078432083129883,150.7265625,20.901960372924805,150.7265625,-1.0,-1.0,32.156864166259766,152.3359375
11.254901885986328,153.9453125,25.72549057006836,176.4765625,9.647058486938477,181.3046875,8.039216041564941,213.4921875,-1.0,-1.0,41.80392074584961,171.6484375,61.09804153442383,173.2578125,56.27450942993164,171.6484375,17.686275482177734,240.8515625,24.117647171020508,279.4765625,27.33333396911621,314.8828125,38.588233947753906,239.2421875,49.8431396484375,273.0390625,65.92156982421875,300.3984375,9.647058486938477,150.7265625,16.078432083129883,149.1171875,-1.0,-1.0,27.33333396911621,150.7265625
