81.14753723144531,47.23828125,61.6721305847168,115.65234375,12.983606338500977,109.13671875,-1.0,-1.0,-1.0,-1.0,116.85245513916016,125.42578125,136.32786560058594,219.90234375,155.80328369140625,298.08984375,35.704917907714844,294.83203125,38.95082092285156,337.18359375,-1.0,-1.0,103.86885070800781,294.83203125,-1.0,-1.0,-1.0,-1.0,68.16393280029297,37.46484375,90.88524627685547,37.46484375,42.196720123291016,47.23828125,103.86885070800781,50.49609375
87.07317352294922,47.3515625,70.73170471191406,115.9296875,21.707317352294922,109.3984375,-1.0,-1.0,-1.0,-1.0,126.29267883300781,125.7265625,142.63414001464844,223.6953125,162.243896484375,308.6015625,47.85365676879883,298.8046875,54.39024353027344,328.1953125,-1.0,-1.0,113.21951293945312,302.0703125,-1.0,-1.0,-1.0,-1.0,74.0,37.5546875,100.1463394165039,37.5546875,51.121952056884766,50.6171875,109.95121765136719,53.8828125
94.5999984741211,47.3515625,78.27999877929688,115.9296875,26.055999755859375,106.1328125,-1.0,-1.0,-1.0,-1.0,133.76800537109375,125.7265625,150.08799743652344,223.6953125,166.40798950195312,318.3984375,52.167999267578125,305.3359375,-1.0,-1.0,-1.0,-1.0,117.447998046875,308.6015625,-1.0,-1.0,-1.0,-1.0,81.54399871826172,37.5546875,107.65599822998047,37.5546875,58.69599914550781,50.6171875,117.447998046875,50.6171875
105.015869140625,47.3515625,88.66666412353516,119.1953125,33.07936477661133,109.3984375,-1.0,-1.0,-1.0,-1.0,144.25396728515625,128.9921875,157.3333282470703,223.6953125,173.6825408935547,315.1328125,55.96825408935547,308.6015625,-1.0,-1.0,-1.0,-1.0,131.17459106445312,305.3359375,144.25396728515625,416.3671875,-1.0,-1.0,91.93650817871094,37.5546875,114.82539367675781,37.5546875,69.04762268066406,50.6171875,127.9047622680664,50.6171875
113.80315399169922,47.46484375,97.42520141601562,119.48046875,41.74015808105469,109.66015625,-1.0,-1.0,-1.0,-1.0,156.38583374023438,132.57421875,166.2126007080078,227.50390625,179.31497192382812,309.33984375,61.39370346069336,312.61328125,-1.0,-1.0,-1.0,-1.0,140.00787353515625,312.61328125,149.83465576171875,417.36328125,-1.0,-1.0,100.70079040527344,37.64453125,123.62992095947266,37.64453125,77.77165222167969,50.73828125,140.00787353515625,50.73828125
120.953125,47.46484375,107.828125,122.75390625,52.046875,112.93359375,35.640625,224.23046875,-1.0,-1.0,166.890625,132.57421875,176.734375,230.77734375,196.421875,309.33984375,71.734375,319.16015625,-1.0,-1.0,-1.0,-1.0,147.203125,312.61328125,-1.0,-1.0,-1.0,-1.0,111.109375,37.64453125,134.078125,37.64453125,88.140625,50.73828125,150.484375,54.01171875
133.114501953125,47.46484375,116.77862548828125,122.75390625,57.96946716308594,116.20703125,-1.0,-1.0,-1.0,-1.0,178.85496520996094,135.84765625,185.38931274414062,234.05078125,208.25955200195312,312.61328125,77.57252502441406,315.88671875,-1.0,-1.0,-1.0,-1.0,155.9847412109375,312.61328125,-1.0,-1.0,-1.0,-1.0,120.04580688476562,37.64453125,142.91603088378906,37.64453125,97.17557525634766,50.73828125,159.25192260742188,54.01171875
143.5454559326172,47.578125,127.18181610107422,123.046875,68.2727279663086,116.484375,61.727272033691406,228.046875,107.54545593261719,300.234375,186.09091186523438,132.890625,199.18182373046875,237.890625,218.81817626953125,313.359375,94.45454406738281,316.640625,-1.0,-1.0,-1.0,-1.0,169.72726440429688,313.359375,-1.0,-1.0,-1.0,-1.0,130.4545440673828,37.734375,156.6363525390625,37.734375,107.54545593261719,50.859375,169.72726440429688,54.140625
155.62405395507812,44.296875,135.95489501953125,119.765625,76.94737243652344,109.921875,63.83458709716797,218.203125,119.56390380859375,300.234375,198.2406005859375,132.890625,211.35337829589844,231.328125,234.30075073242188,313.359375,106.45112609863281,329.765625,-1.0,-1.0,-1.0,-1.0,181.849609375,319.921875,-1.0,-1.0,-1.0,-1.0,142.5112762451172,34.453125,168.73684692382812,34.453125,119.56390380859375,47.578125,181.849609375,50.859375
166.07461547851562,44.296875,146.37313842773438,116.484375,83.98507690429688,106.640625,70.85074615478516,214.921875,133.23880004882812,296.953125,208.7611846923828,129.609375,225.17909240722656,228.046875,244.88058471679688,310.078125,120.10447692871094,313.359375,-1.0,-1.0,-1.0,-1.0,195.62686157226562,310.078125,-1.0,-1.0,-1.0,-1.0,152.94029235839844,31.171875,179.20895385742188,31.171875,129.95523071289062,47.578125,195.62686157226562,47.578125
177.35293579101562,41.11328125,157.58822631835938,116.76171875,95.0,106.89453125,78.52941131591797,215.43359375,141.11764526367188,294.37109375,223.47059631347656,129.91796875,239.94117736816406,228.58984375,256.4117736816406,307.52734375,127.94117736816406,323.97265625,-1.0,-1.0,-1.0,-1.0,203.7058868408203,314.10546875,-1.0,-1.0,-1.0,-1.0,164.17648315429688,27.95703125,190.5294189453125,31.24609375,141.11764526367188,41.11328125,203.7058868408203,47.69140625
189.47445678710938,37.82421875,169.6788330078125,113.47265625,103.69343566894531,103.60546875,87.19708251953125,208.85546875,153.18247985839844,294.37109375,232.36495971679688,126.62890625,248.86131286621094,225.30078125,268.65692138671875,300.94921875,136.68612670898438,320.68359375,-1.0,-1.0,-1.0,-1.0,209.27008056640625,304.23828125,-1.0,-1.0,-1.0,-1.0,176.27737426757812,24.66796875,202.67153930664062,27.95703125,149.88320922851562,37.82421875,215.86862182617188,44.40234375
197.46043395996094,34.53515625,177.7769775390625,110.18359375,115.446044921875,100.31640625,102.32373809814453,205.56640625,161.3740997314453,291.08203125,240.10791015625,123.33984375,259.7913818359375,218.72265625,276.1942443847656,297.66015625,141.69064331054688,310.81640625,-1.0,-1.0,-1.0,-1.0,217.14389038085938,304.23828125,230.2661895751953,393.04296875,-1.0,-1.0,184.338134765625,21.37890625,210.58273315429688,24.66796875,161.3740997314453,34.53515625,223.7050323486328,41.11328125
207.4499969482422,31.3203125,187.64999389648438,107.1484375,121.64999389648438,97.2578125,105.1500015258789,202.7578125,174.4499969482422,288.4765625,250.34999084472656,120.3359375,273.45001220703125,215.9453125,289.95001220703125,298.3671875,154.64999389648438,318.1484375,-1.0,-1.0,-1.0,-1.0,223.9499969482422,304.9609375,233.84999084472656,403.8671875,-1.0,-1.0,194.25,18.1328125,220.64999389648438,21.4296875,167.85000610351562,31.3203125,233.84999084472656,34.6171875
206.36880493164062,31.3203125,186.53900146484375,110.4453125,120.43971252441406,97.2578125,113.82978820800781,212.6484375,176.62411499023438,288.4765625,252.6383056640625,120.3359375,269.1631164550781,222.5390625,288.992919921875,298.3671875,160.0992889404297,324.7421875,186.53900146484375,420.3515625,-1.0,-1.0,226.19857788085938,304.9609375,-1.0,-1.0,-1.0,-1.0,193.14892578125,18.1328125,219.58865356445312,21.4296875,170.01419067382812,31.3203125,236.1134796142578,31.3203125
214.87411499023438,31.39453125,195.06993103027344,107.40234375,129.05593872070312,97.48828125,115.8531494140625,216.45703125,185.16783142089844,282.55078125,261.08392333984375,117.31640625,277.58740234375,219.76171875,287.489501953125,292.46484375,168.66433715820312,318.90234375,195.06993103027344,421.34765625,-1.0,-1.0,234.67831420898438,312.29296875,241.27972412109375,398.21484375,-1.0,-1.0,201.67132568359375,18.17578125,228.07691955566406,18.17578125,178.56643676757812,28.08984375,241.27972412109375,31.39453125
222.04165649414062,28.08984375,205.51388549804688,104.09765625,139.40277099609375,94.18359375,122.875,213.15234375,198.90277099609375,279.24609375,271.625,117.31640625,294.7638854980469,216.45703125,301.375,266.02734375,165.84722900390625,302.37890625,205.51388549804688,408.12890625,-1.0,-1.0,235.26388549804688,308.98828125,248.48611450195312,401.51953125,-1.0,-1.0,208.81944274902344,18.17578125,235.26388549804688,18.17578125,185.68055725097656,28.08984375,251.7916717529297,31.39453125
232.8493194580078,24.78515625,213.04110717773438,100.79296875,150.3150634765625,90.87890625,130.50685119628906,209.84765625,213.04110717773438,269.33203125,279.0684814453125,114.01171875,302.1781005859375,219.76171875,298.876708984375,285.85546875,176.7260284423828,305.68359375,216.34246826171875,404.82421875,-1.0,-1.0,242.75343322753906,308.98828125,255.9589080810547,404.82421875,-1.0,-1.0,219.64382934570312,1.65234375,246.05479431152344,14.87109375,196.53424072265625,21.48046875,259.26025390625,28.08984375
241.6734619140625,21.53125,221.83673095703125,101.03125,159.02041625976562,91.09375,135.87754821777344,203.71875,221.83673095703125,263.34375,284.653076171875,114.28125,314.4081726074219,220.28125,314.4081726074219,279.90625,185.46939086914062,313.03125,225.14285278320312,405.78125,-1.0,-1.0,254.89796447753906,313.03125,-1.0,-1.0,-1.0,-1.0,228.448974609375,1.65625,254.89796447753906,14.90625,202.0,21.53125,268.1224365234375,28.15625
250.17449951171875,21.53125,230.36241149902344,101.03125,167.62416076660156,91.09375,147.81207275390625,207.03125,240.26846313476562,260.03125,293.1006774902344,114.28125,316.21478271484375,207.03125,322.81878662109375,269.96875,203.94630432128906,319.65625,-1.0,-1.0,-1.0,-1.0,273.28857421875,309.71875,-1.0,-1.0,-1.0,-1.0,236.96644592285156,1.65625,263.382568359375,1.65625,210.5503387451172,21.53125,276.5906066894531,24.84375
260.6533203125,18.21875,237.5066680908203,101.03125,174.67999267578125,91.09375,158.14666748046875,210.34375,-1.0,-1.0,300.33331298828125,114.28125,323.47998046875,210.34375,336.7066650390625,263.34375,211.05332946777344,329.59375,-1.0,-1.0,-1.0,-1.0,280.49334716796875,316.34375,-1.0,-1.0,-1.0,-1.0,244.1199951171875,1.65625,270.5733337402344,1.65625,214.36000061035156,21.53125,283.79998779296875,21.53125
268.9933776855469,18.26171875,245.72186279296875,101.26953125,182.55628967285156,91.30859375,159.28477478027344,207.51953125,268.9933776855469,254.00390625,308.8874206542969,114.55078125,335.48345947265625,220.80078125,368.7284851074219,237.40234375,219.12582397460938,330.37109375,-1.0,-1.0,-1.0,-1.0,295.58941650390625,327.05078125,-1.0,-1.0,-1.0,-1.0,255.69537353515625,1.66015625,282.2913818359375,1.66015625,222.45033264160156,18.26171875,292.264892578125,21.58203125
279.493408203125,18.26171875,252.86184692382812,101.26953125,189.61184692382812,91.30859375,166.3092041015625,210.83984375,282.8223876953125,257.32421875,319.4407958984375,114.55078125,346.0723571777344,217.48046875,369.375,240.72265625,236.21710205078125,330.37109375,-1.0,-1.0,-1.0,-1.0,302.7960510253906,323.73046875,-1.0,-1.0,-1.0,-1.0,262.84869384765625,1.66015625,289.4802551269531,1.66015625,229.5592041015625,18.26171875,299.46710205078125,21.58203125
287.467529296875,14.94140625,260.9740295410156,101.26953125,198.05194091796875,91.30859375,178.18182373046875,210.83984375,297.402587890625,257.32421875,323.8961181640625,114.55078125,353.7012939453125,217.48046875,370.259765625,234.08203125,244.41558837890625,337.01171875,-1.0,-1.0,-1.0,-1.0,313.9610595703125,323.73046875,-1.0,-1.0,-1.0,-1.0,270.9090881347656,1.66015625,297.402587890625,1.66015625,237.79220581054688,18.26171875,307.337646484375,18.26171875
298.80126953125,14.9765625,272.2371826171875,101.5078125,209.14743041992188,91.5234375,189.224365234375,211.3359375,-1.0,-1.0,332.00640869140625,111.4921875,371.8525390625,211.3359375,375.173095703125,241.2890625,248.99359130859375,337.8046875,-1.0,-1.0,-1.0,-1.0,318.724365234375,324.4921875,-1.0,-1.0,-1.0,-1.0,282.19873046875,1.6640625,308.7628173828125,1.6640625,245.67306518554688,11.6484375,315.4038391113281,18.3046875
307.643310546875,1.6640625,281.0445861816406,98.1796875,217.87261962890625,91.5234375,201.2484130859375,214.6640625,324.26751708984375,257.9296875,340.8917236328125,111.4921875,380.789794921875,211.3359375,390.76434326171875,237.9609375,251.1210174560547,324.4921875,-1.0,-1.0,-1.0,-1.0,320.94268798828125,297.8671875,-1.0,-1.0,-1.0,-1.0,291.01910400390625,1.6640625,317.6178283691406,1.6640625,254.44586181640625,1.6640625,324.26751708984375,18.3046875
315.3184814453125,1.6640625,288.7197570800781,98.1796875,225.5477752685547,88.1953125,208.92356872558594,211.3359375,335.26751708984375,257.9296875,348.56689453125,108.1640625,385.14013671875,201.3515625,395.1146545410156,241.2890625,272.0955505371094,311.1796875,-1.0,-1.0,-1.0,-1.0,338.59234619140625,294.5390625,-1.0,-1.0,-1.0,-1.0,298.69427490234375,1.6640625,325.2929992675781,1.6640625,262.12103271484375,1.6640625,335.26751708984375,18.3046875
321.99365234375,1.66015625,298.7197570800781,91.30859375,235.5477752685547,84.66796875,215.59872436523438,207.51953125,345.26751708984375,260.64453125,358.56689453125,101.26953125,398.4649658203125,204.19921875,408.43951416015625,254.00390625,282.0955505371094,303.80859375,-1.0,-1.0,-1.0,-1.0,348.59234619140625,297.16796875,-1.0,-1.0,-1.0,-1.0,305.36944580078125,1.66015625,335.2929992675781,1.66015625,272.12103271484375,1.66015625,348.59234619140625,1.66015625
334.97467041015625,1.66015625,308.4430236816406,84.66796875,245.4303741455078,78.02734375,222.21519470214844,207.51953125,354.8734130859375,257.32421875,368.13922119140625,97.94921875,401.30377197265625,194.23828125,421.2025146484375,234.08203125,268.64556884765625,323.73046875,-1.0,-1.0,-1.0,-1.0,354.8734130859375,303.80859375,-1.0,-1.0,-1.0,-1.0,318.39239501953125,1.66015625,344.9240417480469,1.66015625,278.5949401855469,1.66015625,-1.0,-1.0
345.97467041015625,1.65625,319.4430236816406,81.15625,256.4303894042969,71.21875,236.53164672851562,197.09375,365.8734130859375,256.71875,379.13922119140625,94.40625,412.30377197265625,193.78125,442.1518859863281,220.28125,279.64556884765625,306.40625,-1.0,-1.0,-1.0,-1.0,369.18988037109375,313.03125,-1.0,-1.0,-1.0,-1.0,329.39239501953125,1.65625,359.2405090332031,1.65625,289.5949401855469,1.65625,-1.0,-1.0
357.289306640625,1.65625,327.5157165527344,74.53125,264.6603698730469,64.59375,251.42767333984375,193.78125,373.8302001953125,256.71875,387.0628967285156,91.09375,416.83648681640625,187.15625,446.61004638671875,220.28125,291.12579345703125,303.09375,-1.0,-1.0,-1.0,-1.0,373.8302001953125,276.59375,-1.0,-1.0,-1.0,-1.0,344.0566101074219,1.65625,373.8302001953125,1.65625,304.3584899902344,1.65625,-1.0,-1.0
367.7673034667969,1.65234375,334.81134033203125,71.05078125,275.4905700683594,61.13671875,255.71697998046875,190.01953125,380.94970703125,259.41796875,394.132080078125,84.26953125,427.08807373046875,196.62890625,440.27044677734375,266.02734375,321.6289367675781,315.59765625,-1.0,-1.0,-1.0,-1.0,384.24530029296875,308.98828125,-1.0,-1.0,-1.0,-1.0,-1.0,-1.0,384.24530029296875,1.65234375,311.74212646484375,1.65234375,390.83648681640625,1.65234375
378.289306640625,1.65234375,345.2075500488281,71.05078125,285.6603698730469,57.83203125,265.8113098144531,186.71484375,394.8302001953125,266.02734375,408.0628967285156,84.26953125,447.760986328125,196.62890625,460.99371337890625,252.80859375,331.974853515625,318.90234375,-1.0,-1.0,-1.0,-1.0,411.3710632324219,318.90234375,-1.0,-1.0,-1.0,-1.0,-1.0,-1.0,-1.0,-1.0,331.974853515625,1.65234375,401.446533203125,1.65234375
391.71875,1.6484375,355.5562438964844,64.2890625,296.3812561035156,54.3984375,276.65625,186.2734375,401.58123779296875,268.6953125,414.73126220703125,77.4765625,457.46875,189.5703125,477.1937255859375,245.6171875,355.5562438964844,311.5546875,-1.0,-1.0,-1.0,-1.0,421.3062438964844,318.1484375,-1.0,-1.0,-1.0,-1.0,-1.0,-1.0,-1.0,-1.0,-1.0,-1.0,414.73126220703125,1.6484375
405.54998779296875,1.6484375,362.6499938964844,60.9921875,309.8500061035156,51.1015625,286.75,179.6796875,412.1499938964844,275.2890625,425.3499755859375,74.1796875,468.25,166.4921875,-1.0,-1.0,369.25,304.9609375,395.6499938964844,384.0859375,-1.0,-1.0,438.54998779296875,318.1484375,-1.0,-1.0,-1.0,-1.0,-1.0,-1.0,-1.0,-1.0,-1.0,-1.0,428.6499938964844,1.6484375
-1.0,-1.0,369.98126220703125,54.26953125,317.3812561035156,47.69140625,300.9437561035156,185.83203125,422.58123779296875,291.08203125,422.58123779296875,60.84765625,475.1812438964844,159.51953125,517.9187622070312,235.16796875,376.5562438964844,310.81640625,-1.0,-1.0,-1.0,-1.0,452.16876220703125,317.39453125,-1.0,-1.0,-1.0,-1.0,-1.0,-1.0,-1.0,-1.0,-1.0,-1.0,439.01873779296875,1.64453125
-1.0,-1.0,378.1055908203125,54.26953125,328.9130554199219,44.40234375,312.5155334472656,185.83203125,430.57763671875,304.23828125,430.57763671875,60.84765625,486.3291931152344,169.38671875,528.9627685546875,248.32421875,381.3851013183594,314.10546875,-1.0,-1.0,-1.0,-1.0,456.81365966796875,327.26171875,-1.0,-1.0,-1.0,-1.0,-1.0,-1.0,-1.0,-1.0,-1.0,-1.0,-1.0,-1.0
-1.0,-1.0,392.3851013183594,50.98046875,339.9130554199219,44.40234375,326.7950439453125,185.83203125,431.7391357421875,307.52734375,441.57763671875,57.55859375,510.44720458984375,172.67578125,549.80126953125,261.48046875,398.944091796875,327.26171875,-1.0,-1.0,-1.0,-1.0,471.0931701660156,327.26171875,-1.0,-1.0,-1.0,-1.0,-1.0,-1.0,-1.0,-1.0,-1.0,-1.0,-1.0,-1.0
-1.0,-1.0,415.50311279296875,54.140625,363.03106689453125,50.859375,349.9130554199219,191.953125,441.7391357421875,319.921875,467.97515869140625,57.421875,540.1242065429688,172.265625,-1.0,-1.0,-1.0,-1.0,-1.0,-1.0,-1.0,-1.0,-1.0,-1.0,-1.0,-1.0,-1.0,-1.0,-1.0,-1.0,-1.0,-1.0,-1.0,-1.0,-1.0,-1.0
-1.0,-1.0,416.66461181640625,50.859375,364.1925354003906,50.859375,351.07452392578125,191.953125,442.900634765625,323.203125,465.8571472167969,54.140625,531.4472045898438,165.703125,-1.0,-1.0,403.54656982421875,316.640625,-1.0,-1.0,-1.0,-1.0,-1.0,-1.0,-1.0,-1.0,-1.0,-1.0,-1.0,-1.0,-1.0,-1.0,-1.0,-1.0,-1.0,-1.0
-1.0,-1.0,429.5562438964844,50.859375,376.95623779296875,50.859375,363.8062438964844,191.953125,465.71875,342.890625,475.58123779296875,50.859375,561.0562744140625,178.828125,-1.0,-1.0,-1.0,-1.0,-1.0,-1.0,-1.0,-1.0,-1.0,-1.0,-1.0,-1.0,-1.0,-1.0,-1.0,-1.0,-1.0,-1.0,-1.0,-1.0,-1.0,-1.0
-1.0,-1.0,443.81365966796875,50.73828125,388.2732849121094,54.01171875,378.4720458984375,198.04296875,473.2174072265625,348.62109375,496.08697509765625,57.28515625,571.2297973632812,184.94921875,581.0310668945312,312.61328125,-1.0,-1.0,-1.0,-1.0,-1.0,-1.0,-1.0,-1.0,-1.0,-1.0,-1.0,-1.0,-1.0,-1.0,-1.0,-1.0,-1.0,-1.0,-1.0,-1.0
-1.0,-1.0,459.98748779296875,50.73828125,407.5874938964844,50.73828125,394.48748779296875,201.31640625,482.9125061035156,361.71484375,509.11248779296875,54.01171875,587.7125244140625,184.94921875,-1.0,-1.0,-1.0,-1.0,-1.0,-1.0,-1.0,-1.0,-1.0,-1.0,-1.0,-1.0,-1.0,-1.0,-1.0,-1.0,-1.0,-1.0,-1.0,-1.0,-1.0,-1.0
-1.0,-1.0,477.5375061035156,54.01171875,421.86248779296875,50.73828125,415.3125,204.58984375,-1.0,-1.0,533.2125244140625,60.55859375,601.9874877929688,168.58203125,-1.0,-1.0,-1.0,-1.0,-1.0,-1.0,-1.0,-1.0,-1.0,-1.0,-1.0,-1.0,-1.0,-1.0,-1.0,-1.0,-1.0,-1.0,-1.0,-1.0,-1.0,-1.0
-1.0,-1.0,500.63751220703125,54.01171875,444.9624938964844,50.73828125,428.5874938964844,204.58984375,-1.0,-1.0,553.0374755859375,60.55859375,615.2625122070312,162.03515625,-1.0,-1.0,-1.0,-1.0,-1.0,-1.0,-1.0,-1.0,-1.0,-1.0,-1.0,-1.0,-1.0,-1.0,-1.0,-1.0,-1.0,-1.0,-1.0,-1.0,-1.0,-1.0
-1.0,-1.0,498.08123779296875,53.8828125,442.6187438964844,50.6171875,426.3062438964844,207.3671875,-1.0,-1.0,553.5437622070312,63.6796875,622.0562744140625,171.4453125,-1.0,-1.0,-1.0,-1.0,-1.0,-1.0,-1.0,-1.0,-1.0,-1.0,-1.0,-1.0,-1.0,-1.0,-1.0,-1.0,-1.0,-1.0,-1.0,-1.0,-1.0,-1.0
-1.0,-1.0,514.4228515625,50.6171875,573.1342163085938,57.1484375,-1.0,-1.0,-1.0,-1.0,455.71142578125,44.0859375,-1.0,-1.0,-1.0,-1.0,-1.0,-1.0,-1.0,-1.0,-1.0,-1.0,-1.0,-1.0,-1.0,-1.0,-1.0,-1.0,-1.0,-1.0,-1.0,-1.0,-1.0,-1.0,-1.0,-1.0
