240.90196228027344,93.81640625,232.25489807128906,103.42578125,228.41175842285156,102.46484375,225.5294189453125,119.76171875,229.37254333496094,133.21484375,237.05882263183594,103.42578125,-1.0,-1.0,-1.0,-1.0,232.25489807128906,135.13671875,228.41175842285156,159.16015625,227.4509735107422,181.26171875,239.94117736816406,134.17578125,241.8627471923828,158.19921875,246.6666717529297,178.37890625,238.9803924560547,92.85546875,-1.0,-1.0,236.09803771972656,92.85546875,-1.0,-1.0
242.8627471923828,95.73828125,232.2941131591797,104.38671875,227.49020385742188,105.34765625,226.5294189453125,120.72265625,229.41175842285156,134.17578125,237.09803771972656,104.38671875,239.9803924560547,118.80078125,244.78431701660156,132.25390625,233.25489807128906,135.13671875,229.41175842285156,159.16015625,227.49020385742188,181.26171875,240.94117736816406,134.17578125,242.8627471923828,157.23828125,247.6666717529297,178.37890625,240.94117736816406,93.81640625,-1.0,-1.0,237.09803771972656,93.81640625,-1.0,-1.0
244.78431701660156,95.73828125,233.25489807128906,103.42578125,228.4509735107422,104.38671875,225.56863403320312,119.76171875,230.37254333496094,133.21484375,239.0196075439453,104.38671875,240.94117736816406,118.80078125,244.78431701660156,132.25390625,232.2941131591797,134.17578125,229.41175842285156,158.19921875,227.49020385742188,181.26171875,240.94117736816406,134.17578125,242.8627471923828,157.23828125,248.62745666503906,179.33984375,243.8235321044922,93.81640625,-1.0,-1.0,239.0196075439453,93.81640625,-1.0,-1.0
245.78431701660156,96.69921875,234.25489807128906,103.42578125,229.4509735107422,103.42578125,226.56863403320312,119.76171875,230.41175842285156,133.21484375,240.0196075439453,104.38671875,241.94117736816406,118.80078125,244.8235321044922,132.25390625,233.2941131591797,135.13671875,229.4509735107422,159.16015625,227.5294189453125,181.26171875,240.9803924560547,134.17578125,243.8627471923828,157.23828125,248.6666717529297,178.37890625,244.8235321044922,94.77734375,-1.0,-1.0,240.0196075439453,93.81640625,-1.0,-1.0
244.8627471923828,95.73828125,234.2941131591797,103.42578125,229.49020385742188,103.42578125,227.56863403320312,119.76171875,231.41175842285156,132.25390625,240.05882263183594,104.38671875,242.94117736816406,118.80078125,245.8235321044922,131.29296875,233.3333282470703,135.13671875,229.49020385742188,158.19921875,227.56863403320312,180.30078125,241.9803924560547,134.17578125,243.90196228027344,157.23828125,248.7058868408203,178.37890625,243.90196228027344,93.81640625,-1.0,-1.0,239.09803771972656,93.81640625,-1.0,-1.0
246.78431701660156,96.69921875,236.21568298339844,103.42578125,230.4509735107422,103.42578125,227.56863403320312,118.80078125,232.37254333496094,132.25390625,241.9803924560547,104.38671875,-1.0,-1.0,-1.0,-1.0,234.2941131591797,135.13671875,230.4509735107422,158.19921875,227.56863403320312,180.30078125,242.94117736816406,134.17578125,243.90196228027344,157.23828125,248.7058868408203,178.37890625,244.8627471923828,94.77734375,-1.0,-1.0,240.05882263183594,93.81640625,-1.0,-1.0
245.8627471923828,96.69921875,235.2941131591797,103.42578125,230.49020385742188,103.42578125,228.56863403320312,119.76171875,233.37254333496094,133.21484375,241.05882263183594,104.38671875,242.9803924560547,119.76171875,245.8627471923828,131.29296875,235.2941131591797,135.13671875,230.49020385742188,158.19921875,227.60784912109375,180.30078125,242.0196075439453,134.17578125,243.94117736816406,158.19921875,248.74510192871094,179.33984375,244.90196228027344,93.81640625,-1.0,-1.0,240.09803771972656,93.81640625,-1.0,-1.0
246.8627471923828,95.73828125,237.25489807128906,103.42578125,231.49020385742188,103.42578125,229.56863403320312,118.80078125,233.41175842285156,133.21484375,243.0196075439453,104.38671875,-1.0,-1.0,-1.0,-1.0,236.2941131591797,135.13671875,231.49020385742188,158.19921875,227.64706420898438,179.33984375,243.9803924560547,134.17578125,244.94117736816406,158.19921875,248.78431701660156,180.30078125,245.90196228027344,93.81640625,-1.0,-1.0,242.05882263183594,93.81640625,-1.0,-1.0
245.90196228027344,94.77734375,236.2941131591797,103.42578125,231.49020385742188,103.42578125,229.56863403320312,119.76171875,233.41175842285156,134.17578125,242.05882263183594,103.42578125,-1.0,-1.0,-1.0,-1.0,236.2941131591797,135.13671875,231.49020385742188,158.19921875,228.60784912109375,178.37890625,243.9803924560547,134.17578125,244.94117736816406,158.19921875,248.78431701660156,180.30078125,244.94117736816406,93.81640625,-1.0,-1.0,241.09803771972656,92.85546875,-1.0,-1.0
249.78431701660156,97.66015625,237.2941131591797,104.38671875,232.49020385742188,104.38671875,230.56863403320312,118.80078125,235.37254333496094,133.21484375,243.05882263183594,105.34765625,-1.0,-1.0,-1.0,-1.0,235.37254333496094,136.09765625,231.5294189453125,157.23828125,228.64706420898438,178.37890625,244.0196075439453,135.13671875,244.9803924560547,158.19921875,248.8235321044922,180.30078125,248.8235321044922,94.77734375,-1.0,-1.0,244.0196075439453,93.81640625,-1.0,-1.0
249.8235321044922,96.69921875,239.25489807128906,103.42578125,234.4509735107422,103.42578125,231.56863403320312,117.83984375,236.37254333496094,132.25390625,244.05882263183594,104.38671875,-1.0,-1.0,-1.0,-1.0,237.3333282470703,135.13671875,232.5294189453125,156.27734375,228.686279296875,177.41796875,245.0196075439453,134.17578125,245.9803924560547,157.23828125,247.90196228027344,179.33984375,247.90196228027344,94.77734375,250.78431701660156,93.81640625,244.05882263183594,93.81640625,-1.0,-1.0
248.90196228027344,95.73828125,240.25489807128906,103.42578125,235.4509735107422,103.42578125,232.56863403320312,118.80078125,236.41175842285156,133.21484375,246.0196075439453,104.38671875,-1.0,-1.0,-1.0,-1.0,239.2941131591797,135.13671875,234.49020385742188,156.27734375,229.686279296875,177.41796875,246.9803924560547,134.17578125,246.0196075439453,157.23828125,248.90196228027344,180.30078125,247.94117736816406,93.81640625,250.8235321044922,93.81640625,243.1372528076172,93.81640625,-1.0,-1.0
250.8235321044922,95.73828125,240.25489807128906,103.42578125,236.41175842285156,103.42578125,233.5294189453125,118.80078125,237.37254333496094,133.21484375,245.05882263183594,103.42578125,246.0196075439453,118.80078125,252.74510192871094,128.41015625,240.25489807128906,135.13671875,233.5294189453125,156.27734375,229.686279296875,176.45703125,247.94117736816406,135.13671875,246.9803924560547,157.23828125,248.90196228027344,179.33984375,249.8627471923828,93.81640625,-1.0,-1.0,246.0196075439453,93.81640625,-1.0,-1.0
251.8235321044922,94.77734375,242.21568298339844,103.42578125,237.41175842285156,103.42578125,233.56863403320312,119.76171875,236.4509735107422,133.21484375,247.0196075439453,103.42578125,-1.0,-1.0,-1.0,-1.0,241.25489807128906,135.13671875,245.09803771972656,157.23828125,249.90196228027344,180.30078125,248.94117736816406,135.13671875,247.9803924560547,157.23828125,249.90196228027344,179.33984375,250.8627471923828,93.81640625,-1.0,-1.0,247.0196075439453,92.85546875,-1.0,-1.0
252.8235321044922,94.77734375,243.21568298339844,103.42578125,238.41175842285156,103.42578125,236.49020385742188,118.80078125,240.3333282470703,132.25390625,248.0196075439453,103.42578125,-1.0,-1.0,-1.0,-1.0,243.21568298339844,135.13671875,245.1372528076172,157.23828125,249.94117736816406,181.26171875,249.94117736816406,134.17578125,248.0196075439453,158.19921875,249.94117736816406,179.33984375,251.8627471923828,92.85546875,-1.0,-1.0,248.0196075439453,92.85546875,-1.0,-1.0
254.74510192871094,93.81640625,245.1372528076172,103.42578125,239.37254333496094,104.38671875,236.49020385742188,119.76171875,237.4509735107422,132.25390625,249.94117736816406,104.38671875,255.7058868408203,119.76171875,259.54901123046875,132.25390625,245.1372528076172,135.13671875,247.05882263183594,158.19921875,249.94117736816406,179.33984375,251.8627471923828,134.17578125,248.9803924560547,157.23828125,250.90196228027344,179.33984375,253.78431701660156,91.89453125,-1.0,-1.0,248.9803924560547,92.85546875,-1.0,-1.0
255.74510192871094,93.81640625,245.1764678955078,103.42578125,239.41175842285156,104.38671875,237.49020385742188,119.76171875,243.25489807128906,132.25390625,250.94117736816406,103.42578125,255.74510192871094,118.80078125,259.5882263183594,132.25390625,246.1372528076172,135.13671875,247.09803771972656,158.19921875,249.0196075439453,180.30078125,251.90196228027344,134.17578125,250.94117736816406,157.23828125,251.90196228027344,178.37890625,253.8235321044922,91.89453125,-1.0,-1.0,249.9803924560547,92.85546875,-1.0,-1.0
255.78431701660156,94.77734375,246.1764678955078,104.38671875,240.41175842285156,104.38671875,239.4509735107422,120.72265625,244.25489807128906,132.25390625,251.94117736816406,104.38671875,256.7450866699219,118.80078125,260.5882263183594,132.25390625,247.1372528076172,135.13671875,248.09803771972656,157.23828125,249.05882263183594,180.30078125,253.8627471923828,134.17578125,251.94117736816406,157.23828125,252.90196228027344,177.41796875,254.8235321044922,92.85546875,-1.0,-1.0,250.9803924560547,92.85546875,-1.0,-1.0
256.7450866699219,94.77734375,247.1372528076172,104.38671875,242.3333282470703,104.38671875,239.4509735107422,119.76171875,244.25489807128906,132.25390625,252.90196228027344,104.38671875,257.70587158203125,119.76171875,260.5882263183594,131.29296875,247.1372528076172,135.13671875,248.09803771972656,157.23828125,250.0196075439453,180.30078125,253.8627471923828,134.17578125,250.9803924560547,157.23828125,255.78431701660156,177.41796875,255.78431701660156,92.85546875,-1.0,-1.0,250.9803924560547,92.85546875,-1.0,-1.0
256.7843017578125,93.81640625,249.09803771972656,104.38671875,243.3333282470703,105.34765625,240.4509735107422,119.76171875,246.21568298339844,132.25390625,253.90196228027344,104.38671875,257.7450866699219,118.80078125,260.62744140625,131.29296875,248.1372528076172,135.13671875,249.09803771972656,157.23828125,250.05882263183594,181.26171875,255.8235321044922,134.17578125,251.9803924560547,157.23828125,251.9803924560547,178.37890625,255.8235321044922,91.89453125,256.7843017578125,90.93359375,251.0196075439453,92.85546875,-1.0,-1.0
257.7843017578125,94.73828125,249.1372528076172,104.34765625,243.37254333496094,105.30859375,241.4509735107422,119.72265625,248.1764678955078,132.21484375,254.90196228027344,105.30859375,257.7843017578125,118.76171875,258.7450866699219,131.25390625,248.1764678955078,135.09765625,250.09803771972656,157.19921875,250.09803771972656,180.26171875,254.90196228027344,134.13671875,251.05882263183594,157.19921875,233.76470947265625,175.45703125,256.8235168457031,92.81640625,257.7843017578125,92.81640625,252.9803924560547,92.81640625,-1.0,-1.0
258.7450866699219,94.73828125,250.09803771972656,104.34765625,244.3333282470703,105.30859375,242.41175842285156,119.72265625,249.1372528076172,131.25390625,254.90196228027344,104.34765625,257.7843017578125,118.76171875,261.62744140625,129.33203125,250.09803771972656,134.13671875,251.05882263183594,158.16015625,250.09803771972656,181.22265625,256.8235168457031,133.17578125,252.9803924560547,157.19921875,251.05882263183594,177.37890625,257.7843017578125,92.81640625,-1.0,-1.0,253.94117736816406,92.81640625,-1.0,-1.0
259.7450866699219,93.77734375,251.09803771972656,104.34765625,246.2941131591797,104.34765625,243.41175842285156,119.72265625,249.1764678955078,132.21484375,255.90196228027344,104.34765625,-1.0,-1.0,-1.0,-1.0,250.1372528076172,134.13671875,252.05882263183594,158.16015625,250.1372528076172,181.22265625,255.90196228027344,133.17578125,252.05882263183594,157.19921875,236.686279296875,175.45703125,258.7843017578125,91.85546875,-1.0,-1.0,253.9803924560547,92.81640625,-1.0,-1.0
259.7843017578125,94.73828125,251.1372528076172,104.34765625,246.3333282470703,104.34765625,243.4509735107422,119.72265625,251.1372528076172,132.21484375,255.94117736816406,104.34765625,258.8235168457031,118.76171875,260.7450866699219,130.29296875,250.1764678955078,134.13671875,253.05882263183594,157.19921875,250.1764678955078,178.33984375,255.94117736816406,134.13671875,254.0196075439453,156.23828125,247.2941131591797,177.37890625,258.8235168457031,92.81640625,-1.0,-1.0,254.9803924560547,92.81640625,-1.0,-1.0
260.7450866699219,93.77734375,252.09803771972656,104.34765625,247.2941131591797,104.34765625,245.37254333496094,119.72265625,251.1372528076172,131.25390625,256.9019470214844,104.34765625,258.8235168457031,118.76171875,262.6666564941406,129.33203125,251.1372528076172,135.09765625,253.05882263183594,158.16015625,242.49020385742188,176.41796875,256.9019470214844,135.09765625,254.9803924560547,158.16015625,253.05882263183594,177.37890625,259.7843017578125,91.85546875,-1.0,-1.0,255.94117736816406,91.85546875,-1.0,-1.0
261.7450866699219,93.77734375,253.09803771972656,104.34765625,248.2941131591797,104.34765625,246.37254333496094,119.72265625,252.1372528076172,131.25390625,257.9019470214844,104.34765625,259.8235168457031,117.80078125,-1.0,-1.0,252.1372528076172,134.13671875,252.1372528076172,158.16015625,245.41175842285156,176.41796875,257.9019470214844,134.13671875,255.9803924560547,158.16015625,252.1372528076172,176.41796875,260.7843017578125,91.85546875,-1.0,-1.0,256.941162109375,92.81640625,-1.0,-1.0
262.9223327636719,93.6328125,253.4077606201172,104.1171875,248.65048217773438,104.1171875,246.74757385253906,118.4140625,252.45631408691406,130.8046875,258.1650390625,104.1171875,-1.0,-1.0,-1.0,-1.0,253.4077606201172,133.6640625,253.4077606201172,157.4921875,247.69903564453125,177.5078125,258.1650390625,133.6640625,256.26214599609375,156.5390625,257.2135925292969,174.6484375,261.97088623046875,92.6796875,-1.0,-1.0,257.2135925292969,92.6796875,-1.0,-1.0
262.1886901855469,94.43359375,253.6981201171875,103.88671875,248.98114013671875,103.88671875,247.09434509277344,119.95703125,253.6981201171875,131.30078125,259.3584899902344,103.88671875,262.1886901855469,118.06640625,-1.0,-1.0,252.7547149658203,135.08203125,251.8113250732422,157.76953125,248.98114013671875,177.62109375,259.3584899902344,135.08203125,258.41510009765625,156.82421875,252.7547149658203,176.67578125,262.1886901855469,93.48828125,-1.0,-1.0,258.41510009765625,92.54296875,-1.0,-1.0
263.79998779296875,95.98828125,255.39999389648438,104.35546875,249.8000030517578,104.35546875,247.93333435058594,120.16015625,254.4666748046875,131.31640625,260.0666809082031,104.35546875,262.8666687011719,119.23046875,-1.0,-1.0,252.60000610351562,135.03515625,251.6666717529297,157.34765625,250.73333740234375,177.80078125,260.0666809082031,135.03515625,258.20001220703125,157.34765625,256.3333435058594,174.08203125,263.79998779296875,93.19921875,-1.0,-1.0,260.0666809082031,92.26953125,-1.0,-1.0
264.6822509765625,95.73828125,255.5233612060547,103.96484375,250.9439239501953,103.96484375,249.11215209960938,119.50390625,255.5233612060547,132.30078125,261.0186767578125,103.96484375,263.766357421875,118.58984375,-1.0,-1.0,253.69158935546875,135.95703125,255.5233612060547,158.80859375,250.9439239501953,180.74609375,260.1028137207031,135.04296875,259.1869201660156,157.89453125,257.3551330566406,179.83203125,263.766357421875,93.91015625,-1.0,-1.0,259.1869201660156,93.91015625,-1.0,-1.0
264.4907531738281,95.578125,255.4166717529297,103.734375,250.87962341308594,103.734375,249.0648193359375,119.140625,255.4166717529297,131.828125,260.8611145019531,103.734375,-1.0,-1.0,-1.0,-1.0,254.50926208496094,135.453125,253.6018524169922,159.015625,250.87962341308594,180.765625,260.8611145019531,134.546875,260.8611145019531,158.109375,259.9537048339844,179.859375,263.5833435058594,92.859375,-1.0,-1.0,259.9537048339844,92.859375,-1.0,-1.0
264.66973876953125,96.31640625,256.5779724121094,104.40234375,251.18348693847656,104.40234375,249.38531494140625,118.77734375,256.5779724121094,131.35546875,261.0733947753906,104.40234375,-1.0,-1.0,-1.0,-1.0,254.77981567382812,134.94921875,253.8807373046875,158.30859375,251.18348693847656,178.97265625,261.0733947753906,134.94921875,261.97247314453125,158.30859375,261.97247314453125,176.27734375,263.7706298828125,94.51953125,265.5688171386719,94.51953125,260.17431640625,93.62109375,-1.0,-1.0
265.5765686035156,96.86328125,256.74774169921875,103.92578125,252.3333282470703,103.92578125,250.56756591796875,118.93359375,256.74774169921875,132.17578125,262.0450439453125,104.80859375,-1.0,-1.0,-1.0,-1.0,254.9819793701172,135.70703125,254.09910583496094,158.66015625,249.6846923828125,178.96484375,262.0450439453125,133.94140625,262.0450439453125,156.89453125,263.8108215332031,174.55078125,265.5765686035156,95.09765625,-1.0,-1.0,260.2792663574219,94.21484375,-1.0,-1.0
266.3125,96.6875,257.5625,103.6875,253.1875,103.6875,250.5625,119.4375,257.5625,132.5625,261.9375,104.5625,-1.0,-1.0,-1.0,-1.0,254.9375,135.1875,254.0625,158.8125,250.5625,178.0625,261.9375,134.3125,262.8125,157.0625,261.9375,175.4375,266.3125,94.9375,268.0625,94.9375,260.1875,94.0625,-1.0,-1.0
266.4867248535156,96.51171875,257.81414794921875,104.31640625,253.47787475585938,103.44921875,251.7433624267578,119.05859375,258.6814270019531,132.93359375,262.15045166015625,105.18359375,-1.0,-1.0,-1.0,-1.0,256.07965087890625,134.66796875,255.21238708496094,158.08203125,250.8760986328125,179.76171875,262.15045166015625,133.80078125,264.752197265625,156.34765625,268.22125244140625,174.55859375,265.6194763183594,94.77734375,-1.0,-1.0,261.2831726074219,94.77734375,-1.0,-1.0
268.2521667480469,96.16015625,258.0260925292969,103.82421875,254.6173858642578,103.82421875,252.9130401611328,119.15234375,260.5826110839844,134.48046875,261.4347839355469,104.67578125,-1.0,-1.0,-1.0,-1.0,255.46957397460938,135.33203125,254.6173858642578,158.32421875,251.2086944580078,178.76171875,261.4347839355469,135.33203125,263.9913024902344,156.62109375,266.5478210449219,171.09765625,267.3999938964844,94.45703125,-1.0,-1.0,262.2869567871094,94.45703125,-1.0,-1.0
268.99139404296875,95.984375,258.85345458984375,103.578125,254.62930297851562,103.578125,254.62930297851562,119.609375,260.5430908203125,133.953125,262.2327575683594,104.421875,-1.0,-1.0,-1.0,-1.0,256.3189697265625,133.953125,253.78448486328125,156.734375,250.40516662597656,179.515625,261.387939453125,133.953125,265.612060546875,154.203125,268.14654541015625,168.546875,268.14654541015625,94.296875,-1.0,-1.0,262.2327575683594,94.296875,-1.0,-1.0
269.1538391113281,96.64453125,259.1025695800781,104.16796875,255.75213623046875,104.16796875,254.91453552246094,119.21484375,261.6153869628906,133.42578125,262.4530029296875,104.16796875,-1.0,-1.0,-1.0,-1.0,256.5897521972656,135.09765625,254.91453552246094,157.66796875,251.56410217285156,176.89453125,261.6153869628906,134.26171875,256.5897521972656,158.50390625,250.72650146484375,175.22265625,268.3162536621094,94.13671875,-1.0,-1.0,263.29058837890625,94.13671875,-1.0,-1.0
270.058837890625,96.27734375,260.1764831542969,104.48046875,256.058837890625,104.48046875,255.23529052734375,119.24609375,261.8235168457031,133.19140625,264.29412841796875,104.48046875,-1.0,-1.0,-1.0,-1.0,257.70587158203125,135.65234375,255.23529052734375,157.80078125,251.94117736816406,176.66796875,262.6470642089844,136.47265625,267.5882263183594,156.16015625,271.70587158203125,170.92578125,269.23529052734375,94.63671875,-1.0,-1.0,264.29412841796875,94.63671875,-1.0,-1.0
270.1570129394531,96.90625,260.4380187988281,104.21875,257.1983337402344,104.21875,256.388427734375,120.46875,263.67767333984375,134.28125,264.48760986328125,105.03125,-1.0,-1.0,-1.0,-1.0,256.388427734375,134.28125,255.57850646972656,157.03125,251.5289306640625,174.09375,261.2479248046875,135.09375,257.1983337402344,157.03125,252.33883666992188,173.28125,269.34710693359375,94.46875,-1.0,-1.0,264.48760986328125,94.46875,-1.0,-1.0
-1.0,-1.0,280.9193420410156,89.47265625,286.56451416015625,89.47265625,-1.0,-1.0,-1.0,-1.0,275.2742004394531,88.66796875,273.6612854003906,99.12890625,-1.0,-1.0,284.1451721191406,107.98046875,283.3387145996094,122.46484375,283.3387145996094,136.14453125,276.8870849609375,107.98046875,276.8870849609375,123.26953125,276.8870849609375,136.14453125,-1.0,-1.0,-1.0,-1.0,-1.0,-1.0,-1.0,-1.0
-1.0,-1.0,280.64227294921875,89.3515625,287.0162658691406,89.3515625,290.2032470703125,95.7265625,-1.0,-1.0,275.0650329589844,88.5546875,272.6748046875,98.1171875,-1.0,-1.0,284.6260070800781,108.4765625,283.03253173828125,123.6171875,283.82928466796875,136.3671875,276.6585388183594,107.6796875,277.4552917480469,123.6171875,277.4552917480469,136.3671875,-1.0,-1.0,-1.0,-1.0,-1.0,-1.0,-1.0,-1.0
-1.0,-1.0,281.416015625,89.109375,286.1199951171875,89.109375,290.8240051269531,94.578125,-1.0,-1.0,275.9280090332031,88.328125,-1.0,-1.0,-1.0,-1.0,284.552001953125,107.078125,283.76800537109375,123.484375,282.9840087890625,135.984375,275.9280090332031,107.078125,275.9280090332031,122.703125,275.1440124511719,134.421875,-1.0,-1.0,-1.0,-1.0,-1.0,-1.0,-1.0,-1.0
270.6220397949219,97.49609375,263.6771545410156,103.68359375,261.3622131347656,103.68359375,260.5905456542969,120.69921875,267.5354309082031,135.39453125,265.99212646484375,103.68359375,-1.0,-1.0,-1.0,-1.0,259.81890869140625,133.07421875,258.2756042480469,151.63671875,-1.0,-1.0,263.6771545410156,133.84765625,262.905517578125,152.41015625,-1.0,-1.0,269.85040283203125,95.94921875,-1.0,-1.0,266.7637939453125,94.40234375,-1.0,-1.0
-1.0,-1.0,282.6640625,88.1015625,286.4921875,88.8671875,291.0859375,94.2265625,-1.0,-1.0,277.3046875,88.1015625,-1.0,-1.0,-1.0,-1.0,284.1953125,107.2421875,283.4296875,123.3203125,284.1953125,134.0390625,276.5390625,107.2421875,277.3046875,122.5546875,277.3046875,134.8046875,-1.0,-1.0,-1.0,-1.0,-1.0,-1.0,-1.0,-1.0
-1.0,-1.0,282.030517578125,87.875,277.5419921875,87.125,-1.0,-1.0,-1.0,-1.0,286.5190734863281,88.625,289.5114440917969,94.625,-1.0,-1.0,276.79388427734375,107.375,277.5419921875,122.375,276.79388427734375,135.875,283.5267333984375,107.375,283.5267333984375,123.125,284.2748107910156,135.875,-1.0,-1.0,-1.0,-1.0,-1.0,-1.0,-1.0,-1.0
274.7368469238281,96.7265625,265.8947448730469,104.8046875,265.15789794921875,105.5390625,264.4210510253906,120.9609375,269.5789489746094,134.1796875,268.1052551269531,104.8046875,-1.0,-1.0,-1.0,-1.0,262.9473571777344,134.1796875,267.368408203125,151.0703125,268.84210205078125,165.0234375,265.8947448730469,134.1796875,265.8947448730469,150.3359375,-1.0,-1.0,273.2631530761719,94.5234375,-1.0,-1.0,270.3157958984375,95.2578125,-1.0,-1.0
275.3999938964844,97.98046875,266.68890380859375,104.51953125,265.96295166015625,105.24609375,265.96295166015625,120.50390625,271.7703857421875,135.03515625,268.8666687011719,104.51953125,-1.0,-1.0,-1.0,-1.0,265.2370300292969,135.03515625,271.04443359375,151.01953125,272.4963073730469,165.55078125,268.1407470703125,134.30859375,265.2370300292969,153.92578125,-1.0,-1.0,274.674072265625,95.80078125,-1.0,-1.0,271.7703857421875,95.80078125,-1.0,-1.0
-1.0,-1.0,283.92755126953125,89.73046875,278.9565124511719,89.01953125,-1.0,-1.0,-1.0,-1.0,287.478271484375,89.73046875,290.31884765625,94.70703125,288.8985595703125,93.28515625,278.2463684082031,106.79296875,279.6666564941406,122.43359375,278.9565124511719,134.51953125,284.6376953125,106.79296875,283.92755126953125,123.14453125,284.6376953125,135.23046875,-1.0,-1.0,-1.0,-1.0,-1.0,-1.0,-1.0,-1.0
277.2590026855469,98.0390625,268.7985534667969,103.6640625,268.7985534667969,104.3671875,268.0935363769531,120.5390625,273.73382568359375,135.3046875,266.6834411621094,102.9609375,-1.0,-1.0,-1.0,-1.0,266.6834411621094,135.3046875,-1.0,-1.0,-1.0,-1.0,262.4532470703125,133.8984375,-1.0,-1.0,-1.0,-1.0,276.553955078125,95.9296875,-1.0,-1.0,273.73382568359375,95.9296875,-1.0,-1.0
278.5815734863281,97.81640625,268.85107421875,104.07421875,269.5461120605469,104.76953125,268.85107421875,120.76171875,274.4113464355469,135.36328125,266.7659606933594,103.37890625,-1.0,-1.0,-1.0,-1.0,267.46099853515625,136.05859375,-1.0,-1.0,-1.0,-1.0,263.9858093261719,134.66796875,-1.0,-1.0,-1.0,-1.0,277.88653564453125,95.03515625,-1.0,-1.0,275.10638427734375,95.03515625,-1.0,-1.0
281.5524597167969,97.59375,269.216796875,103.78125,270.58740234375,104.46875,269.902099609375,120.28125,276.0699462890625,135.40625,267.16082763671875,103.09375,-1.0,-1.0,-1.0,-1.0,268.5314636230469,136.09375,278.1258850097656,151.21875,-1.0,-1.0,264.4195861816406,134.03125,-1.0,-1.0,-1.0,-1.0,280.86712646484375,95.53125,-1.0,-1.0,276.7552490234375,95.53125,-1.0,-1.0
282.8904113769531,97.1484375,270.8082275390625,103.1953125,272.15069580078125,103.8671875,272.15069580078125,120.6640625,277.5205383300781,135.4453125,268.123291015625,102.5234375,-1.0,-1.0,-1.0,-1.0,270.1369934082031,134.7734375,-1.0,-1.0,-1.0,-1.0,265.4383544921875,132.7578125,-1.0,-1.0,-1.0,-1.0,281.5479431152344,95.1328125,-1.0,-1.0,278.1917724609375,94.4609375,-1.0,-1.0
283.7843017578125,98.69921875,271.29412841796875,103.50390625,273.2156982421875,104.46484375,272.2549133300781,119.83984375,278.01959228515625,135.21484375,269.37255859375,102.54296875,-1.0,-1.0,-1.0,-1.0,272.2549133300781,134.25390625,-1.0,-1.0,-1.0,-1.0,268.4117736816406,133.29296875,-1.0,-1.0,-1.0,-1.0,283.7843017578125,95.81640625,-1.0,-1.0,280.9019470214844,94.85546875,-1.0,-1.0
