424.893798828125,108.09765625,431.0885009765625,114.27734375,424.893798828125,115.16015625,419.5840759277344,126.63671875,412.5044250488281,129.28515625,438.16815185546875,114.27734375,438.16815185546875,126.63671875,427.5486755371094,131.93359375,424.893798828125,138.99609375,424.893798828125,161.06640625,-1.0,-1.0,433.74334716796875,142.52734375,431.0885009765625,163.71484375,436.3982238769531,184.90234375,424.893798828125,106.33203125,426.6637268066406,105.44921875,-1.0,-1.0,431.0885009765625,105.44921875
424.77874755859375,108.09765625,429.20355224609375,116.04296875,423.893798828125,116.92578125,418.5840759277344,127.51953125,411.5044250488281,129.28515625,435.3982238769531,116.92578125,436.283203125,127.51953125,426.5486755371094,132.81640625,422.1239013671875,139.87890625,416.81414794921875,156.65234375,-1.0,-1.0,430.0885009765625,143.41015625,430.0885009765625,164.59765625,434.5132751464844,185.78515625,424.77874755859375,107.21484375,426.5486755371094,106.33203125,-1.0,-1.0,430.97344970703125,106.33203125
423.893798828125,108.09765625,429.20355224609375,116.92578125,423.00885009765625,116.92578125,418.5840759277344,128.40234375,413.2743225097656,129.28515625,435.3982238769531,116.04296875,437.16815185546875,127.51953125,426.5486755371094,131.93359375,422.1239013671875,142.52734375,416.81414794921875,160.18359375,419.4690246582031,179.60546875,430.97344970703125,145.17578125,429.20355224609375,163.71484375,432.74334716796875,184.90234375,423.893798828125,107.21484375,425.6637268066406,106.33203125,-1.0,-1.0,430.0885009765625,106.33203125
422.893798828125,108.09765625,429.0885009765625,116.04296875,422.893798828125,116.92578125,417.5840759277344,127.51953125,413.1593017578125,129.28515625,435.283203125,116.04296875,437.0531005859375,127.51953125,425.5486755371094,131.93359375,422.00885009765625,142.52734375,416.6991271972656,157.53515625,418.4690246582031,179.60546875,430.8583984375,144.29296875,429.0885009765625,161.94921875,428.20355224609375,183.13671875,-1.0,-1.0,423.77874755859375,106.33203125,-1.0,-1.0,429.0885009765625,106.33203125
422.893798828125,108.09765625,428.20355224609375,116.92578125,422.00885009765625,116.92578125,416.6991271972656,128.40234375,413.1593017578125,130.16796875,435.283203125,116.04296875,436.16815185546875,127.51953125,424.6637268066406,131.93359375,421.1239013671875,144.29296875,416.6991271972656,161.94921875,417.5840759277344,178.72265625,429.97344970703125,145.17578125,428.20355224609375,163.71484375,428.20355224609375,184.01953125,422.893798828125,107.21484375,424.6637268066406,106.33203125,-1.0,-1.0,429.0885009765625,106.33203125
422.77874755859375,108.98046875,428.0885009765625,116.92578125,421.893798828125,116.92578125,417.4690246582031,129.28515625,413.92919921875,131.05078125,435.16815185546875,116.04296875,436.93804931640625,127.51953125,424.5486755371094,131.93359375,421.00885009765625,144.29296875,419.23895263671875,161.06640625,423.6637268066406,183.13671875,430.74334716796875,145.17578125,428.0885009765625,163.71484375,427.20355224609375,183.13671875,422.77874755859375,108.09765625,424.5486755371094,106.33203125,-1.0,-1.0,428.0885009765625,106.33203125
421.893798828125,108.98046875,428.0885009765625,116.04296875,421.00885009765625,116.04296875,417.4690246582031,129.28515625,412.1593017578125,131.05078125,435.16815185546875,116.04296875,436.0531005859375,127.51953125,423.6637268066406,131.93359375,422.77874755859375,143.41015625,415.6991271972656,161.94921875,416.5840759277344,180.48828125,430.74334716796875,144.29296875,427.20355224609375,164.59765625,425.4336242675781,184.01953125,421.893798828125,108.09765625,422.77874755859375,106.33203125,-1.0,-1.0,428.0885009765625,106.33203125
421.77874755859375,108.09765625,427.0885009765625,115.16015625,420.893798828125,116.04296875,416.4690246582031,128.40234375,410.2743225097656,130.16796875,434.16815185546875,115.16015625,435.93804931640625,126.63671875,424.4336242675781,131.05078125,422.6637268066406,140.76171875,418.23895263671875,157.53515625,412.04425048828125,173.42578125,430.6283264160156,143.41015625,426.20355224609375,161.94921875,426.20355224609375,184.01953125,-1.0,-1.0,423.5486755371094,105.44921875,-1.0,-1.0,427.0885009765625,106.33203125
420.893798828125,108.98046875,426.20355224609375,116.04296875,420.00885009765625,116.04296875,414.6991271972656,128.40234375,409.3893737792969,131.05078125,433.283203125,115.16015625,434.16815185546875,127.51953125,420.893798828125,132.81640625,422.6637268066406,142.52734375,423.5486755371094,163.71484375,425.3185729980469,184.90234375,430.6283264160156,143.41015625,426.20355224609375,163.71484375,426.20355224609375,184.01953125,420.00885009765625,108.09765625,422.6637268066406,106.33203125,-1.0,-1.0,427.0885009765625,106.33203125
419.893798828125,108.09765625,426.0885009765625,115.16015625,419.893798828125,116.04296875,413.6991271972656,126.63671875,410.1593017578125,131.05078125,431.3982238769531,114.27734375,433.16815185546875,125.75390625,421.6637268066406,131.93359375,423.4336242675781,138.11328125,420.77874755859375,159.30078125,422.5486755371094,184.01953125,430.5132751464844,140.76171875,425.20355224609375,161.06640625,425.20355224609375,183.13671875,-1.0,-1.0,421.6637268066406,106.33203125,-1.0,-1.0,425.20355224609375,106.33203125
419.893798828125,108.09765625,425.20355224609375,115.16015625,419.893798828125,116.04296875,414.5840759277344,126.63671875,411.04425048828125,131.05078125,430.5132751464844,115.16015625,431.3982238769531,126.63671875,419.893798828125,131.93359375,420.77874755859375,134.58203125,423.4336242675781,158.41796875,-1.0,-1.0,427.8583984375,135.46484375,414.5840759277344,138.99609375,-1.0,-1.0,-1.0,-1.0,421.6637268066406,106.33203125,-1.0,-1.0,425.20355224609375,106.33203125
418.893798828125,108.09765625,424.20355224609375,115.16015625,418.893798828125,116.04296875,412.6991271972656,124.87109375,409.1593017578125,130.16796875,429.5132751464844,115.16015625,429.5132751464844,125.75390625,418.893798828125,131.93359375,419.77874755859375,135.46484375,420.6637268066406,160.18359375,-1.0,-1.0,426.8583984375,138.11328125,424.20355224609375,161.06640625,425.97344970703125,183.13671875,-1.0,-1.0,420.6637268066406,106.33203125,-1.0,-1.0,424.20355224609375,106.33203125
418.893798828125,108.09765625,424.20355224609375,114.27734375,418.00885009765625,115.16015625,412.6991271972656,126.63671875,410.04425048828125,130.16796875,428.6283264160156,114.27734375,429.5132751464844,125.75390625,417.1239013671875,131.93359375,421.5486755371094,141.64453125,420.6637268066406,161.94921875,420.6637268066406,182.25390625,427.74334716796875,141.64453125,424.20355224609375,162.83203125,426.8583984375,182.25390625,-1.0,-1.0,420.6637268066406,106.33203125,-1.0,-1.0,423.3185729980469,106.33203125
-1.0,-1.0,422.3185729980469,115.16015625,417.00885009765625,116.04296875,410.81414794921875,125.75390625,407.2743225097656,130.16796875,427.6283264160156,115.16015625,428.5132751464844,125.75390625,418.77874755859375,131.05078125,417.893798828125,135.46484375,420.5486755371094,161.94921875,426.74334716796875,183.13671875,426.74334716796875,138.99609375,424.0885009765625,161.94921875,426.74334716796875,184.01953125,-1.0,-1.0,-1.0,-1.0,-1.0,-1.0,421.4336242675781,106.33203125
417.00885009765625,108.09765625,421.4336242675781,116.04296875,416.1239013671875,116.92578125,409.04425048828125,126.63671875,405.5044250488281,130.16796875,427.6283264160156,116.04296875,427.6283264160156,127.51953125,412.5840759277344,132.81640625,417.00885009765625,135.46484375,420.5486755371094,162.83203125,426.74334716796875,184.01953125,424.97344970703125,138.11328125,423.20355224609375,162.83203125,426.74334716796875,186.66796875,-1.0,-1.0,419.6637268066406,106.33203125,-1.0,-1.0,422.3185729980469,106.33203125
416.00885009765625,108.09765625,420.4336242675781,115.16015625,415.1239013671875,116.04296875,408.92919921875,125.75390625,406.2743225097656,130.16796875,426.6283264160156,114.27734375,426.6283264160156,126.63671875,413.3539733886719,131.93359375,419.5486755371094,139.87890625,419.5486755371094,161.94921875,417.77874755859375,183.13671875,426.6283264160156,140.76171875,422.20355224609375,161.94921875,426.6283264160156,184.90234375,-1.0,-1.0,418.6637268066406,105.44921875,-1.0,-1.0,420.4336242675781,106.33203125
414.9298095703125,107.9375,420.1929931640625,114.9375,414.0526428222656,115.8125,407.91229248046875,126.3125,404.40350341796875,129.8125,425.4561462402344,114.9375,425.4561462402344,127.1875,412.2982482910156,131.5625,419.3157958984375,141.1875,421.0701904296875,163.9375,426.3333435058594,183.1875,425.4561462402344,141.1875,421.0701904296875,163.0625,426.3333435058594,184.9375,-1.0,-1.0,416.6842041015625,106.1875,-1.0,-1.0,420.1929931640625,106.1875
414.8070068359375,107.9375,418.3157958984375,114.9375,412.1754455566406,115.8125,406.91229248046875,126.3125,402.52630615234375,130.6875,425.3333435058594,114.0625,425.3333435058594,126.3125,413.0526428222656,130.6875,417.4385986328125,140.3125,417.4385986328125,163.9375,417.4385986328125,185.8125,424.4561462402344,141.1875,421.8245544433594,163.9375,427.96490478515625,184.9375,414.8070068359375,106.1875,415.6842041015625,106.1875,-1.0,-1.0,420.0701904296875,106.1875
412.3539733886719,107.98046875,417.6637268066406,115.04296875,411.4690246582031,115.04296875,406.1593017578125,126.51953125,401.7345275878906,130.05078125,422.97344970703125,115.04296875,422.0885009765625,126.51953125,410.5840759277344,130.93359375,415.00885009765625,139.76171875,415.893798828125,164.48046875,416.77874755859375,185.66796875,421.20355224609375,141.52734375,420.3185729980469,165.36328125,419.4336242675781,185.66796875,-1.0,-1.0,414.1239013671875,106.21484375,-1.0,-1.0,417.6637268066406,106.21484375
413.1239013671875,107.98046875,417.5486755371094,115.04296875,412.23895263671875,115.92578125,406.92919921875,126.51953125,401.6194763183594,130.05078125,422.8583984375,115.04296875,422.8583984375,125.63671875,409.5840759277344,130.93359375,415.77874755859375,140.64453125,417.5486755371094,164.48046875,418.4336242675781,185.66796875,421.97344970703125,141.52734375,420.20355224609375,164.48046875,427.283203125,185.66796875,413.1239013671875,106.21484375,414.893798828125,105.33203125,-1.0,-1.0,419.3185729980469,106.21484375
413.1239013671875,107.98046875,417.5486755371094,115.04296875,412.23895263671875,115.92578125,406.92919921875,125.63671875,402.5044250488281,129.16796875,422.8583984375,115.04296875,422.8583984375,125.63671875,409.5840759277344,130.93359375,415.77874755859375,139.76171875,416.6637268066406,163.59765625,418.4336242675781,185.66796875,422.8583984375,141.52734375,421.0885009765625,164.48046875,428.16815185546875,185.66796875,413.1239013671875,106.21484375,414.00885009765625,105.33203125,-1.0,-1.0,419.3185729980469,106.21484375
412.1239013671875,107.09765625,416.5486755371094,115.04296875,410.3539733886719,115.92578125,405.92919921875,126.51953125,400.6194763183594,129.16796875,422.74334716796875,115.04296875,421.8583984375,125.63671875,409.4690246582031,130.93359375,412.1239013671875,136.23046875,416.5486755371094,163.59765625,419.20355224609375,186.55078125,420.0885009765625,137.99609375,420.0885009765625,164.48046875,427.16815185546875,186.55078125,413.00885009765625,106.21484375,413.893798828125,105.33203125,-1.0,-1.0,418.3185729980469,106.21484375
410.3539733886719,107.09765625,414.77874755859375,114.16015625,408.5840759277344,115.04296875,403.2743225097656,126.51953125,399.7345275878906,130.05078125,420.97344970703125,114.16015625,420.97344970703125,125.63671875,410.3539733886719,130.05078125,410.3539733886719,135.34765625,397.964599609375,153.00390625,398.84954833984375,169.77734375,419.20355224609375,137.99609375,418.3185729980469,165.36328125,427.16815185546875,185.66796875,-1.0,-1.0,413.00885009765625,105.33203125,-1.0,-1.0,416.5486755371094,106.21484375
411.1239013671875,107.98046875,413.77874755859375,114.16015625,407.5840759277344,115.04296875,404.04425048828125,127.40234375,398.7345275878906,130.05078125,419.97344970703125,114.16015625,420.8583984375,124.75390625,409.3539733886719,130.05078125,411.1239013671875,134.46484375,413.77874755859375,163.59765625,425.283203125,186.55078125,418.20355224609375,137.11328125,418.20355224609375,166.24609375,419.97344970703125,186.55078125,-1.0,-1.0,412.893798828125,106.21484375,-1.0,-1.0,415.5486755371094,105.33203125
410.23895263671875,107.98046875,414.6637268066406,114.16015625,408.4690246582031,115.04296875,403.1593017578125,127.40234375,397.84954833984375,130.93359375,419.97344970703125,114.16015625,418.20355224609375,124.75390625,407.5840759277344,130.05078125,412.893798828125,140.64453125,416.4336242675781,166.24609375,425.283203125,186.55078125,418.20355224609375,141.52734375,416.4336242675781,167.12890625,417.3185729980469,187.43359375,-1.0,-1.0,412.00885009765625,105.33203125,-1.0,-1.0,414.6637268066406,106.21484375
-1.0,-1.0,414.5486755371094,115.04296875,407.4690246582031,115.04296875,403.92919921875,127.40234375,404.81414794921875,130.05078125,418.97344970703125,114.16015625,418.0885009765625,123.87109375,405.6991271972656,130.93359375,411.893798828125,140.64453125,418.0885009765625,164.48046875,425.16815185546875,183.01953125,417.20355224609375,141.52734375,415.4336242675781,164.48046875,417.20355224609375,186.55078125,-1.0,-1.0,-1.0,-1.0,-1.0,-1.0,413.6637268066406,105.33203125
-1.0,-1.0,413.6637268066406,114.16015625,406.5840759277344,114.16015625,402.1593017578125,126.51953125,397.7345275878906,130.93359375,418.97344970703125,114.16015625,417.20355224609375,124.75390625,405.6991271972656,130.05078125,410.1239013671875,139.76171875,415.4336242675781,165.36328125,421.6283264160156,184.78515625,417.20355224609375,141.52734375,416.3185729980469,167.12890625,417.20355224609375,186.55078125,-1.0,-1.0,-1.0,-1.0,-1.0,-1.0,413.6637268066406,105.33203125
-1.0,-1.0,414.4336242675781,115.04296875,404.6991271972656,115.92578125,400.2743225097656,128.28515625,-1.0,-1.0,417.97344970703125,115.04296875,416.20355224609375,124.75390625,404.6991271972656,130.05078125,412.6637268066406,141.52734375,409.1239013671875,162.71484375,420.6283264160156,183.01953125,417.0885009765625,142.41015625,414.4336242675781,164.48046875,417.0885009765625,185.66796875,-1.0,-1.0,-1.0,-1.0,-1.0,-1.0,-1.0,-1.0
-1.0,-1.0,410.00885009765625,114.16015625,402.04425048828125,115.04296875,400.2743225097656,128.28515625,402.92919921875,130.93359375,417.97344970703125,114.16015625,417.0885009765625,123.87109375,404.6991271972656,130.93359375,408.23895263671875,140.64453125,406.4690246582031,160.94921875,411.77874755859375,182.13671875,416.20355224609375,141.52734375,413.5486755371094,164.48046875,416.20355224609375,184.78515625,-1.0,-1.0,-1.0,-1.0,-1.0,-1.0,-1.0,-1.0
-1.0,-1.0,414.3185729980469,115.04296875,410.77874755859375,115.04296875,-1.0,-1.0,-1.0,-1.0,417.8583984375,115.04296875,412.5486755371094,125.63671875,401.92919921875,130.05078125,408.1239013671875,140.64453125,405.4690246582031,161.83203125,408.1239013671875,181.25390625,415.20355224609375,141.52734375,412.5486755371094,162.71484375,414.3185729980469,183.90234375,-1.0,-1.0,-1.0,-1.0,-1.0,-1.0,-1.0,-1.0
-1.0,-1.0,413.4336242675781,115.04296875,409.00885009765625,115.04296875,-1.0,-1.0,-1.0,-1.0,416.97344970703125,115.04296875,412.5486755371094,125.63671875,401.04425048828125,130.05078125,406.3539733886719,138.87890625,403.6991271972656,163.59765625,406.3539733886719,181.25390625,413.4336242675781,141.52734375,410.77874755859375,163.59765625,410.77874755859375,182.13671875,-1.0,-1.0,-1.0,-1.0,-1.0,-1.0,-1.0,-1.0
-1.0,-1.0,412.4336242675781,115.04296875,408.00885009765625,115.04296875,-1.0,-1.0,-1.0,-1.0,416.8583984375,115.04296875,411.5486755371094,125.63671875,395.6194763183594,130.93359375,405.3539733886719,142.41015625,401.81414794921875,163.59765625,406.23895263671875,182.13671875,414.20355224609375,142.41015625,410.6637268066406,164.48046875,410.6637268066406,183.01953125,-1.0,-1.0,-1.0,-1.0,-1.0,-1.0,-1.0,-1.0
407.1239013671875,107.09765625,412.4336242675781,114.16015625,407.1239013671875,114.16015625,403.5840759277344,124.75390625,-1.0,-1.0,416.8583984375,114.16015625,412.4336242675781,125.63671875,401.81414794921875,127.40234375,405.3539733886719,139.76171875,399.1593017578125,164.48046875,401.81414794921875,182.13671875,414.20355224609375,141.52734375,410.6637268066406,164.48046875,413.3185729980469,182.13671875,-1.0,-1.0,-1.0,-1.0,-1.0,-1.0,410.6637268066406,105.33203125
405.23895263671875,107.98046875,411.4336242675781,114.16015625,407.00885009765625,114.16015625,401.6991271972656,125.63671875,-1.0,-1.0,414.97344970703125,114.16015625,411.4336242675781,124.75390625,399.04425048828125,130.05078125,404.3539733886719,140.64453125,398.1593017578125,163.59765625,399.04425048828125,181.25390625,412.3185729980469,141.52734375,411.4336242675781,164.48046875,413.20355224609375,183.90234375,405.23895263671875,106.21484375,406.1239013671875,106.21484375,-1.0,-1.0,409.6637268066406,105.33203125
403.8648681640625,107.98046875,410.0450439453125,114.16015625,406.5135192871094,114.16015625,401.2162170410156,125.63671875,-1.0,-1.0,414.45947265625,114.16015625,410.92791748046875,125.63671875,395.9189147949219,130.93359375,404.74774169921875,141.52734375,398.56756591796875,163.59765625,397.6846923828125,180.37109375,411.8108215332031,141.52734375,410.92791748046875,163.59765625,412.6936950683594,187.43359375,-1.0,-1.0,405.630615234375,106.21484375,-1.0,-1.0,409.16217041015625,105.33203125
402.8648681640625,107.98046875,409.0450439453125,114.16015625,405.5135192871094,114.16015625,400.2162170410156,125.63671875,395.8017883300781,128.28515625,413.45947265625,114.16015625,409.92791748046875,125.63671875,394.0360412597656,130.93359375,404.630615234375,140.64453125,401.0990905761719,162.71484375,394.9189147949219,182.13671875,411.6936950683594,141.52734375,410.8108215332031,165.36328125,412.5765686035156,187.43359375,402.8648681640625,106.21484375,403.74774169921875,105.33203125,-1.0,-1.0,407.2792663574219,105.33203125
401.6875,107.8125,408.6875,113.9375,404.3125,114.8125,399.0625,126.1875,-1.0,-1.0,412.1875,113.9375,407.8125,127.0625,391.1875,132.3125,402.5625,142.8125,398.1875,166.4375,392.9375,183.9375,409.5625,141.9375,410.4375,164.6875,413.0625,185.6875,-1.0,-1.0,402.5625,106.0625,-1.0,-1.0,406.0625,106.0625
400.8648681640625,107.86328125,407.0450439453125,114.04296875,404.3963928222656,114.04296875,399.0990905761719,124.63671875,-1.0,-1.0,409.6936950683594,114.04296875,403.5135192871094,126.40234375,391.1531677246094,130.81640625,402.630615234375,144.05859375,395.56756591796875,167.01171875,392.9189147949219,183.78515625,407.0450439453125,143.17578125,409.6936950683594,165.24609375,413.2252197265625,185.55078125,-1.0,-1.0,401.74774169921875,106.09765625,-1.0,-1.0,404.3963928222656,106.09765625
398.5840759277344,109.62890625,407.4336242675781,114.04296875,403.893798828125,114.92578125,396.81414794921875,125.51953125,-1.0,-1.0,410.0885009765625,114.04296875,404.77874755859375,126.40234375,390.6194763183594,130.81640625,400.3539733886719,144.05859375,393.2743225097656,166.12890625,392.3893737792969,182.90234375,407.4336242675781,144.94140625,409.20355224609375,163.48046875,413.6283264160156,186.43359375,-1.0,-1.0,399.4690246582031,106.98046875,-1.0,-1.0,403.00885009765625,106.09765625
-1.0,-1.0,405.5486755371094,114.92578125,402.893798828125,115.80859375,-1.0,-1.0,-1.0,-1.0,406.4336242675781,115.80859375,399.3539733886719,129.05078125,-1.0,-1.0,401.1239013671875,145.82421875,393.1593017578125,166.12890625,390.5044250488281,185.55078125,405.5486755371094,145.82421875,409.0885009765625,164.36328125,412.6283264160156,187.31640625,-1.0,-1.0,-1.0,-1.0,-1.0,-1.0,400.23895263671875,107.86328125
396.5840759277344,108.74609375,403.6637268066406,114.92578125,401.893798828125,114.92578125,-1.0,-1.0,-1.0,-1.0,405.4336242675781,114.92578125,401.00885009765625,126.40234375,-1.0,-1.0,399.23895263671875,145.82421875,392.1593017578125,165.24609375,388.6194763183594,183.78515625,405.4336242675781,144.05859375,408.0885009765625,164.36328125,411.6283264160156,186.43359375,-1.0,-1.0,-1.0,-1.0,-1.0,-1.0,399.23895263671875,106.98046875
395.5840759277344,109.62890625,402.6637268066406,114.04296875,400.893798828125,114.04296875,396.4690246582031,124.63671875,-1.0,-1.0,403.5486755371094,114.04296875,400.893798828125,126.40234375,389.3893737792969,131.69921875,401.77874755859375,141.41015625,-1.0,-1.0,-1.0,-1.0,404.4336242675781,133.46484375,-1.0,-1.0,-1.0,-1.0,-1.0,-1.0,396.4690246582031,107.86328125,-1.0,-1.0,398.23895263671875,106.98046875
-1.0,-1.0,401.6637268066406,114.04296875,399.893798828125,114.92578125,-1.0,-1.0,-1.0,-1.0,403.4336242675781,114.04296875,399.893798828125,127.28515625,387.5044250488281,131.69921875,394.5840759277344,146.70703125,389.2743225097656,166.12890625,388.3893737792969,183.78515625,402.5486755371094,145.82421875,406.97344970703125,167.01171875,411.3982238769531,184.66796875,-1.0,-1.0,-1.0,-1.0,-1.0,-1.0,397.23895263671875,106.98046875
392.6991271972656,108.74609375,399.77874755859375,114.04296875,398.00885009765625,114.04296875,-1.0,-1.0,-1.0,-1.0,401.5486755371094,113.16015625,399.77874755859375,126.40234375,385.6194763183594,131.69921875,395.3539733886719,144.94140625,388.2743225097656,165.24609375,387.3893737792969,182.90234375,401.5486755371094,144.05859375,405.97344970703125,165.24609375,411.283203125,185.55078125,-1.0,-1.0,-1.0,-1.0,-1.0,-1.0,395.3539733886719,106.09765625
-1.0,-1.0,-1.0,-1.0,-1.0,-1.0,-1.0,-1.0,-1.0,-1.0,399.6637268066406,113.16015625,398.77874755859375,125.51953125,387.2743225097656,130.81640625,-1.0,-1.0,-1.0,-1.0,-1.0,-1.0,-1.0,-1.0,-1.0,-1.0,-1.0,-1.0,-1.0,-1.0,-1.0,-1.0,-1.0,-1.0,393.4690246582031,106.09765625
389.81414794921875,109.62890625,396.893798828125,114.04296875,394.23895263671875,114.04296875,-1.0,-1.0,-1.0,-1.0,398.6637268066406,113.16015625,395.1239013671875,126.40234375,384.5044250488281,131.69921875,393.3539733886719,144.94140625,387.1593017578125,163.48046875,387.1593017578125,182.01953125,399.5486755371094,144.94140625,403.97344970703125,166.12890625,410.16815185546875,183.78515625,-1.0,-1.0,389.81414794921875,106.98046875,-1.0,-1.0,392.4690246582031,106.09765625
388.81414794921875,108.74609375,396.77874755859375,114.04296875,392.3539733886719,114.04296875,387.04425048828125,128.16796875,-1.0,-1.0,399.4336242675781,113.16015625,397.6637268066406,126.40234375,384.3893737792969,130.81640625,390.5840759277344,145.82421875,387.04425048828125,166.12890625,387.04425048828125,183.78515625,399.4336242675781,144.94140625,402.97344970703125,167.89453125,410.0531005859375,186.43359375,-1.0,-1.0,388.81414794921875,106.98046875,-1.0,-1.0,391.4690246582031,105.21484375
387.81414794921875,107.86328125,394.893798828125,113.16015625,390.4690246582031,114.04296875,389.5840759277344,124.63671875,384.2743225097656,131.69921875,398.4336242675781,112.27734375,399.3185729980469,123.75390625,385.1593017578125,130.81640625,390.4690246582031,133.46484375,-1.0,-1.0,-1.0,-1.0,399.3185729980469,140.52734375,401.0885009765625,164.36328125,409.93804931640625,186.43359375,-1.0,-1.0,387.81414794921875,106.09765625,-1.0,-1.0,391.3539733886719,105.21484375
385.92919921875,107.86328125,393.893798828125,113.16015625,389.4690246582031,114.04296875,387.6991271972656,124.63671875,383.2743225097656,130.81640625,397.4336242675781,112.27734375,398.3185729980469,123.75390625,385.04425048828125,129.93359375,390.3539733886719,133.46484375,387.6991271972656,163.48046875,386.81414794921875,183.78515625,397.4336242675781,132.58203125,387.6991271972656,130.81640625,382.3893737792969,142.29296875,-1.0,-1.0,386.81414794921875,106.09765625,-1.0,-1.0,389.4690246582031,105.21484375
384.92919921875,107.86328125,392.893798828125,113.16015625,387.5840759277344,114.04296875,384.92919921875,127.28515625,-1.0,-1.0,397.3185729980469,112.27734375,397.3185729980469,124.63671875,384.04425048828125,129.93359375,389.3539733886719,141.41015625,388.4690246582031,163.48046875,387.5840759277344,186.43359375,397.3185729980469,141.41015625,396.4336242675781,162.59765625,385.81414794921875,183.78515625,384.04425048828125,106.98046875,385.81414794921875,105.21484375,-1.0,-1.0,389.3539733886719,104.33203125
383.7894592285156,107.6875,390.8070068359375,112.9375,386.4210510253906,113.8125,384.6666564941406,125.1875,-1.0,-1.0,394.3157958984375,112.0625,394.3157958984375,125.1875,382.03509521484375,130.4375,389.0526428222656,142.6875,394.3157958984375,164.5625,407.47369384765625,183.8125,394.3157958984375,141.8125,396.0701904296875,163.6875,405.71929931640625,186.4375,382.91229248046875,106.8125,384.6666564941406,105.9375,-1.0,-1.0,387.2982482910156,104.1875
382.7894592285156,107.6875,390.6842041015625,113.8125,386.2982482910156,114.6875,383.6666564941406,126.9375,-1.0,-1.0,394.1929931640625,112.9375,393.3157958984375,126.0625,382.7894592285156,128.6875,388.9298095703125,142.6875,389.8070068359375,161.0625,-1.0,-1.0,393.3157958984375,141.8125,392.4385986328125,161.9375,-1.0,-1.0,381.03509521484375,106.8125,382.7894592285156,105.9375,-1.0,-1.0,387.1754455566406,104.1875
381.04425048828125,108.62890625,390.77874755859375,113.04296875,386.3539733886719,114.80859375,-1.0,-1.0,-1.0,-1.0,393.4336242675781,113.04296875,391.6637268066406,126.28515625,380.1593017578125,130.69921875,388.1239013671875,142.17578125,386.3539733886719,165.12890625,388.1239013671875,184.55078125,391.6637268066406,142.17578125,390.77874755859375,164.24609375,400.5132751464844,181.90234375,-1.0,-1.0,381.92919921875,105.98046875,-1.0,-1.0,386.3539733886719,104.21484375
380.04425048828125,108.62890625,388.893798828125,113.92578125,384.4690246582031,114.80859375,381.81414794921875,124.51953125,-1.0,-1.0,393.3185729980469,113.04296875,390.6637268066406,125.40234375,379.1593017578125,129.81640625,386.23895263671875,142.17578125,385.3539733886719,163.36328125,388.893798828125,183.66796875,391.5486755371094,142.17578125,388.00885009765625,163.36328125,387.1239013671875,183.66796875,379.1593017578125,106.86328125,380.92919921875,105.98046875,-1.0,-1.0,384.4690246582031,104.21484375
379.92919921875,107.74609375,387.893798828125,113.04296875,383.4690246582031,113.92578125,380.81414794921875,125.40234375,379.04425048828125,141.29296875,391.4336242675781,113.04296875,390.5486755371094,125.40234375,379.92919921875,129.81640625,385.23895263671875,141.29296875,384.3539733886719,164.24609375,387.00885009765625,183.66796875,390.5486755371094,141.29296875,387.893798828125,164.24609375,394.97344970703125,181.90234375,379.04425048828125,106.86328125,379.92919921875,105.09765625,-1.0,-1.0,384.3539733886719,104.21484375
378.92919921875,107.74609375,386.893798828125,113.04296875,383.3539733886719,113.04296875,379.81414794921875,124.51953125,-1.0,-1.0,391.3185729980469,113.04296875,388.6637268066406,125.40234375,378.04425048828125,129.81640625,385.1239013671875,142.17578125,384.23895263671875,164.24609375,387.77874755859375,183.66796875,389.5486755371094,142.17578125,385.1239013671875,165.12890625,387.77874755859375,182.78515625,-1.0,-1.0,378.92919921875,105.09765625,-1.0,-1.0,383.3539733886719,104.21484375
377.92919921875,107.74609375,385.893798828125,113.04296875,381.4690246582031,113.92578125,377.92919921875,124.51953125,-1.0,-1.0,389.4336242675781,113.04296875,387.6637268066406,124.51953125,377.04425048828125,128.93359375,383.23895263671875,142.17578125,381.4690246582031,165.12890625,384.1239013671875,181.90234375,388.5486755371094,143.05859375,384.1239013671875,164.24609375,387.6637268066406,184.55078125,377.04425048828125,105.98046875,377.92919921875,105.09765625,-1.0,-1.0,382.3539733886719,104.21484375
377.450439453125,107.74609375,385.3963928222656,113.04296875,380.98199462890625,113.92578125,377.450439453125,125.40234375,-1.0,-1.0,388.92791748046875,113.04296875,386.2792663574219,126.28515625,375.6846923828125,128.93359375,380.98199462890625,142.17578125,381.8648681640625,165.12890625,382.74774169921875,181.90234375,387.16217041015625,143.05859375,383.630615234375,165.12890625,385.3963928222656,184.55078125,376.56756591796875,105.98046875,377.450439453125,105.09765625,-1.0,-1.0,381.8648681640625,104.21484375
375.56756591796875,107.74609375,383.5135192871094,113.04296875,379.0990905761719,113.04296875,376.450439453125,125.40234375,372.0360412597656,131.58203125,387.0450439453125,113.04296875,385.2792663574219,125.40234375,373.8017883300781,130.69921875,379.98199462890625,142.17578125,379.0990905761719,165.12890625,380.8648681640625,186.31640625,386.16217041015625,141.29296875,383.5135192871094,165.12890625,386.16217041015625,185.43359375,374.6846923828125,105.98046875,376.450439453125,105.09765625,-1.0,-1.0,380.8648681640625,104.21484375
375.450439453125,107.74609375,383.3963928222656,113.04296875,378.98199462890625,113.92578125,375.450439453125,124.51953125,370.1531677246094,130.69921875,386.92791748046875,113.04296875,384.2792663574219,125.40234375,372.8017883300781,130.69921875,377.2162170410156,140.41015625,377.2162170410156,161.59765625,378.0990905761719,181.90234375,384.2792663574219,140.41015625,382.5135192871094,161.59765625,386.0450439453125,181.90234375,374.56756591796875,105.98046875,376.3333435058594,105.09765625,-1.0,-1.0,380.74774169921875,104.21484375
374.450439453125,107.74609375,381.5135192871094,113.92578125,377.98199462890625,113.92578125,374.450439453125,125.40234375,370.0360412597656,129.81640625,385.92791748046875,113.04296875,384.16217041015625,126.28515625,370.9189147949219,130.69921875,377.0990905761719,140.41015625,379.74774169921875,161.59765625,385.92791748046875,181.90234375,384.16217041015625,140.41015625,377.98199462890625,161.59765625,376.2162170410156,181.90234375,373.56756591796875,105.98046875,375.3333435058594,105.09765625,-1.0,-1.0,379.74774169921875,104.21484375
373.04425048828125,107.74609375,381.893798828125,113.92578125,377.4690246582031,114.80859375,373.04425048828125,127.16796875,370.3893737792969,133.34765625,385.4336242675781,113.04296875,382.77874755859375,126.28515625,369.5044250488281,130.69921875,376.5840759277344,141.29296875,382.77874755859375,164.24609375,386.3185729980469,182.78515625,382.77874755859375,142.17578125,374.81414794921875,162.48046875,373.04425048828125,182.78515625,372.1593017578125,106.86328125,373.92919921875,105.98046875,-1.0,-1.0,378.3539733886719,104.21484375
372.04425048828125,108.62890625,380.893798828125,113.04296875,376.4690246582031,113.92578125,373.81414794921875,124.51953125,368.5044250488281,133.34765625,384.4336242675781,113.04296875,380.893798828125,126.28515625,369.3893737792969,131.58203125,376.4690246582031,140.41015625,382.6637268066406,163.36328125,385.3185729980469,181.01953125,381.77874755859375,140.41015625,373.81414794921875,161.59765625,370.2743225097656,181.01953125,371.1593017578125,106.86328125,372.92919921875,105.98046875,-1.0,-1.0,377.3539733886719,104.21484375
371.04425048828125,108.62890625,379.00885009765625,113.92578125,375.4690246582031,113.92578125,372.81414794921875,125.40234375,366.6194763183594,133.34765625,382.5486755371094,113.92578125,379.893798828125,127.16796875,368.3893737792969,131.58203125,375.4690246582031,140.41015625,381.6637268066406,164.24609375,385.20355224609375,181.90234375,380.77874755859375,141.29296875,372.81414794921875,161.59765625,365.7345275878906,181.01953125,370.1593017578125,106.86328125,371.92919921875,105.98046875,-1.0,-1.0,376.3539733886719,105.09765625
370.7894592285156,108.4375,377.8070068359375,114.5625,373.4210510253906,114.5625,370.7894592285156,127.6875,365.52630615234375,133.8125,381.3157958984375,114.5625,378.6842041015625,127.6875,366.40350341796875,131.1875,373.4210510253906,140.8125,380.4385986328125,163.5625,385.7017517089844,183.6875,378.6842041015625,141.6875,371.6666564941406,162.6875,363.7719421386719,182.8125,369.91229248046875,106.6875,371.6666564941406,105.8125,-1.0,-1.0,375.1754455566406,105.8125
368.91229248046875,108.4375,376.8070068359375,114.5625,372.4210510253906,114.5625,370.6666564941406,125.9375,-1.0,-1.0,380.3157958984375,114.5625,376.8070068359375,127.6875,366.28070068359375,132.0625,372.4210510253906,140.8125,378.5614013671875,163.5625,385.5789489746094,183.6875,377.6842041015625,141.6875,369.7894592285156,162.6875,362.7719421386719,184.5625,368.03509521484375,105.8125,370.6666564941406,105.8125,-1.0,-1.0,374.1754455566406,104.9375
368.04425048828125,107.62890625,376.00885009765625,114.69140625,373.3539733886719,114.69140625,371.5840759277344,127.05078125,361.84954833984375,130.58203125,378.6637268066406,114.69140625,376.00885009765625,127.93359375,364.5044250488281,131.46484375,371.5840759277344,141.17578125,378.6637268066406,163.24609375,384.8583984375,183.55078125,376.00885009765625,141.17578125,368.04425048828125,163.24609375,361.84954833984375,184.43359375,-1.0,-1.0,368.92919921875,105.86328125,-1.0,-1.0,372.4690246582031,105.86328125
366.1593017578125,107.62890625,375.00885009765625,114.69140625,371.4690246582031,113.80859375,370.5840759277344,127.05078125,362.6194763183594,135.87890625,377.6637268066406,113.80859375,375.893798828125,128.81640625,361.7345275878906,131.46484375,371.4690246582031,140.29296875,377.6637268066406,164.12890625,384.74334716796875,184.43359375,375.893798828125,141.17578125,366.1593017578125,163.24609375,360.84954833984375,184.43359375,-1.0,-1.0,367.92919921875,105.86328125,-1.0,-1.0,371.4690246582031,104.98046875
366.04425048828125,107.62890625,374.00885009765625,114.69140625,371.3539733886719,114.69140625,369.5840759277344,127.93359375,360.7345275878906,130.58203125,376.6637268066406,114.69140625,373.1239013671875,128.81640625,359.84954833984375,130.58203125,370.4690246582031,141.17578125,375.77874755859375,163.24609375,384.6283264160156,184.43359375,374.00885009765625,142.05859375,364.2743225097656,164.12890625,359.84954833984375,186.19921875,-1.0,-1.0,366.92919921875,104.98046875,-1.0,-1.0,370.4690246582031,104.98046875
365.04425048828125,106.74609375,372.1239013671875,114.69140625,370.3539733886719,114.69140625,369.4690246582031,128.81640625,359.7345275878906,131.46484375,374.77874755859375,114.69140625,372.1239013671875,129.69921875,358.84954833984375,131.46484375,368.5840759277344,142.94140625,375.6637268066406,164.12890625,383.6283264160156,184.43359375,372.1239013671875,142.94140625,363.2743225097656,165.01171875,359.7345275878906,185.31640625,-1.0,-1.0,365.92919921875,104.98046875,-1.0,-1.0,369.4690246582031,104.98046875
363.1593017578125,106.74609375,371.1239013671875,114.69140625,368.4690246582031,114.69140625,-1.0,-1.0,-1.0,-1.0,372.893798828125,114.69140625,371.1239013671875,128.81640625,357.84954833984375,132.34765625,367.5840759277344,142.05859375,372.893798828125,164.12890625,382.6283264160156,184.43359375,371.1239013671875,142.05859375,362.2743225097656,164.12890625,358.7345275878906,185.31640625,-1.0,-1.0,364.04425048828125,104.98046875,-1.0,-1.0,367.5840759277344,104.98046875
362.1593017578125,107.62890625,369.23895263671875,113.80859375,365.6991271972656,114.69140625,363.92919921875,127.05078125,-1.0,-1.0,371.893798828125,114.69140625,370.1239013671875,128.81640625,355.07965087890625,130.58203125,366.5840759277344,141.17578125,371.00885009765625,165.01171875,382.5132751464844,183.55078125,370.1239013671875,141.17578125,371.00885009765625,163.24609375,-1.0,-1.0,-1.0,-1.0,363.04425048828125,104.98046875,-1.0,-1.0,367.4690246582031,104.98046875
361.1593017578125,106.74609375,368.23895263671875,113.80859375,366.4690246582031,113.80859375,364.6991271972656,127.05078125,-1.0,-1.0,370.893798828125,113.80859375,367.3539733886719,127.05078125,354.964599609375,130.58203125,365.5840759277344,140.29296875,370.00885009765625,165.01171875,381.5132751464844,184.43359375,369.1239013671875,139.41015625,362.92919921875,164.12890625,361.1593017578125,185.31640625,-1.0,-1.0,362.04425048828125,104.09765625,-1.0,-1.0,366.4690246582031,104.09765625
360.1593017578125,106.74609375,368.1239013671875,113.80859375,365.4690246582031,113.80859375,363.6991271972656,126.16796875,-1.0,-1.0,369.00885009765625,114.69140625,366.3539733886719,127.05078125,353.964599609375,130.58203125,365.4690246582031,139.41015625,366.3539733886719,164.12890625,378.74334716796875,181.78515625,367.23895263671875,139.41015625,362.81414794921875,165.01171875,360.1593017578125,185.31640625,-1.0,-1.0,361.92919921875,104.98046875,-1.0,-1.0,364.5840759277344,104.98046875
359.1593017578125,107.62890625,366.23895263671875,113.80859375,363.5840759277344,113.80859375,362.6991271972656,126.16796875,-1.0,-1.0,368.00885009765625,113.80859375,366.23895263671875,127.93359375,352.964599609375,130.58203125,363.5840759277344,140.29296875,365.3539733886719,163.24609375,375.97344970703125,180.01953125,366.23895263671875,139.41015625,362.6991271972656,164.12890625,360.04425048828125,184.43359375,-1.0,-1.0,360.92919921875,104.98046875,-1.0,-1.0,364.4690246582031,104.98046875
357.2743225097656,105.86328125,366.1239013671875,112.92578125,363.4690246582031,112.04296875,-1.0,-1.0,-1.0,-1.0,367.893798828125,112.92578125,366.1239013671875,127.05078125,351.964599609375,129.69921875,362.5840759277344,139.41015625,365.23895263671875,163.24609375,374.0885009765625,180.90234375,365.23895263671875,139.41015625,361.6991271972656,164.12890625,360.81414794921875,183.55078125,-1.0,-1.0,359.04425048828125,104.09765625,-1.0,-1.0,361.6991271972656,103.21484375
357.1593017578125,105.86328125,364.23895263671875,112.04296875,362.4690246582031,112.04296875,-1.0,-1.0,-1.0,-1.0,366.893798828125,112.92578125,363.3539733886719,126.16796875,350.964599609375,127.93359375,359.81414794921875,141.17578125,363.3539733886719,163.24609375,371.3185729980469,180.01953125,363.3539733886719,142.05859375,361.5840759277344,164.12890625,360.6991271972656,184.43359375,-1.0,-1.0,358.92919921875,104.09765625,-1.0,-1.0,360.6991271972656,104.09765625
356.1593017578125,105.86328125,364.1239013671875,112.04296875,361.4690246582031,112.04296875,357.04425048828125,122.63671875,351.7345275878906,129.69921875,364.1239013671875,112.04296875,-1.0,-1.0,-1.0,-1.0,359.6991271972656,138.52734375,358.81414794921875,160.59765625,366.77874755859375,180.90234375,363.23895263671875,138.52734375,360.5840759277344,162.36328125,361.4690246582031,181.78515625,-1.0,-1.0,357.92919921875,104.09765625,-1.0,-1.0,359.6991271972656,104.09765625
355.2743225097656,105.86328125,362.3539733886719,112.04296875,359.6991271972656,112.92578125,-1.0,-1.0,-1.0,-1.0,364.1239013671875,112.92578125,363.23895263671875,126.16796875,353.5044250488281,131.46484375,357.92919921875,136.76171875,360.5840759277344,161.48046875,-1.0,-1.0,361.4690246582031,136.76171875,360.5840759277344,158.83203125,361.4690246582031,182.66796875,-1.0,-1.0,-1.0,-1.0,-1.0,-1.0,358.81414794921875,104.09765625
