201.49514770507812,174.4140625,206.7378692626953,184.8828125,197.30096435546875,185.9296875,194.15533447265625,202.6796875,195.20388793945312,217.3359375,216.1747589111328,184.8828125,221.41748046875,199.5390625,221.41748046875,211.0546875,198.34951782226562,220.4765625,200.44659423828125,245.6015625,201.49514770507812,269.6796875,210.93203735351562,219.4296875,214.07766723632812,245.6015625,213.0291290283203,268.6328125,201.49514770507812,173.3671875,203.5922393798828,172.3203125,-1.0,-1.0,207.78640747070312,172.3203125
202.54368591308594,175.4609375,206.7378692626953,185.9296875,197.30096435546875,186.9765625,194.15533447265625,203.7265625,195.20388793945312,219.4296875,216.1747589111328,184.8828125,219.3203887939453,201.6328125,217.22329711914062,213.1484375,199.39805603027344,220.4765625,199.39805603027344,245.6015625,199.39805603027344,269.6796875,211.9805908203125,220.4765625,214.07766723632812,245.6015625,214.07766723632812,269.6796875,201.49514770507812,173.3671875,205.68931579589844,173.3671875,200.44659423828125,173.3671875,208.83494567871094,173.3671875
199.9405975341797,173.3671875,206.2376251220703,185.9296875,196.79208374023438,186.9765625,193.64356994628906,203.7265625,195.74256896972656,218.3828125,215.68316650390625,184.8828125,218.83168029785156,200.5859375,216.732666015625,212.1015625,198.89108276367188,220.4765625,199.9405975341797,245.6015625,198.89108276367188,268.6328125,212.53465270996094,219.4296875,214.6336669921875,245.6015625,214.6336669921875,268.6328125,199.9405975341797,172.3203125,203.089111328125,171.2734375,-1.0,-1.0,207.28712463378906,171.2734375
199.44659423828125,173.3671875,205.7378692626953,185.9296875,196.30096435546875,186.9765625,194.20388793945312,203.7265625,196.30096435546875,217.3359375,215.1747589111328,184.8828125,219.36892700195312,200.5859375,214.126220703125,210.0078125,199.44659423828125,220.4765625,199.44659423828125,245.6015625,198.39805603027344,267.5859375,213.07766723632812,220.4765625,214.126220703125,245.6015625,215.1747589111328,268.6328125,199.44659423828125,171.2734375,202.5922393798828,171.2734375,-1.0,-1.0,207.83494567871094,172.3203125
198.39805603027344,173.3671875,204.68931579589844,185.9296875,194.20388793945312,188.0234375,193.15533447265625,202.6796875,195.25242614746094,218.3828125,215.1747589111328,184.8828125,219.36892700195312,200.5859375,213.07766723632812,208.9609375,198.39805603027344,220.4765625,199.44659423828125,244.5546875,197.34951782226562,268.6328125,212.0291290283203,219.4296875,214.126220703125,245.6015625,215.1747589111328,269.6796875,198.39805603027344,171.2734375,200.49514770507812,171.2734375,-1.0,-1.0,206.78640747070312,172.3203125
197.89108276367188,174.4140625,203.13861083984375,185.9296875,193.6930694580078,186.9765625,191.59405517578125,202.6796875,193.6930694580078,217.3359375,212.58416748046875,184.8828125,215.732666015625,199.5390625,210.4851531982422,207.9140625,196.84158325195312,219.4296875,197.89108276367188,245.6015625,197.89108276367188,270.7265625,210.4851531982422,219.4296875,213.6336669921875,245.6015625,214.68316650390625,269.6796875,196.84158325195312,172.3203125,198.9405975341797,172.3203125,-1.0,-1.0,204.18812561035156,172.3203125
195.30096435546875,173.3671875,201.5922393798828,185.9296875,192.15533447265625,186.9765625,190.05825805664062,202.6796875,191.10679626464844,217.3359375,211.0291290283203,184.8828125,214.1747589111328,199.5390625,209.9805908203125,206.8671875,195.30096435546875,219.4296875,196.34951782226562,245.6015625,196.34951782226562,271.7734375,208.93203735351562,218.3828125,213.126220703125,244.5546875,215.22329711914062,269.6796875,194.25242614746094,171.2734375,197.39805603027344,171.2734375,-1.0,-1.0,202.64077758789062,172.3203125
192.3699951171875,172.65625,199.7899932861328,185.40625,189.19000244140625,187.53125,188.1300048828125,203.46875,189.19000244140625,217.28125,210.38999938964844,184.34375,214.6300048828125,201.34375,218.8699951171875,218.34375,193.42999267578125,220.46875,193.42999267578125,245.96875,195.5500030517578,271.46875,207.20999145507812,219.40625,211.4499969482422,245.96875,213.57000732421875,269.34375,192.3699951171875,170.53125,194.49000549316406,170.53125,-1.0,-1.0,200.85000610351562,171.59375
189.9702911376953,172.80078125,198.52474975585938,184.57421875,187.83168029785156,185.64453125,186.7623748779297,202.76953125,186.7623748779297,217.75390625,208.1485137939453,183.50390625,213.49505615234375,199.55859375,208.1485137939453,208.12109375,191.03961181640625,220.96484375,192.10891723632812,246.65234375,195.31683349609375,271.26953125,204.9405975341797,219.89453125,208.1485137939453,245.58203125,212.42575073242188,266.98828125,189.9702911376953,170.66015625,192.10891723632812,170.66015625,-1.0,-1.0,198.52474975585938,171.73046875
188.5800018310547,171.9453125,197.22000122070312,184.8828125,186.4199981689453,185.9609375,184.25999450683594,203.2109375,185.33999633789062,218.3046875,206.94000244140625,183.8046875,213.4199981689453,199.9765625,208.02000427246094,210.7578125,189.66000366210938,220.4609375,190.74000549316406,247.4140625,195.05999755859375,272.2109375,203.6999969482422,219.3828125,206.94000244140625,245.2578125,211.260009765625,264.6640625,188.5800018310547,169.7890625,190.74000549316406,169.7890625,-1.0,-1.0,197.22000122070312,170.8671875
188.90908813476562,171.234375,195.4545440673828,184.359375,184.5454559326172,184.359375,182.36363220214844,202.953125,183.4545440673828,218.265625,206.36363220214844,183.265625,212.90908813476562,199.671875,208.5454559326172,211.703125,187.81817626953125,220.453125,190.0,247.796875,194.36363220214844,271.859375,202.0,219.359375,205.27273559570312,245.609375,209.63636779785156,264.203125,187.81817626953125,169.046875,191.09091186523438,169.046875,-1.0,-1.0,196.5454559326172,170.140625
187.70103454589844,170.5234375,194.38143920898438,182.7265625,183.24742126464844,183.8359375,182.13401794433594,201.5859375,181.02061462402344,218.2265625,205.5154571533203,182.7265625,212.1958770751953,200.4765625,212.1958770751953,214.8984375,187.70103454589844,219.3359375,189.92782592773438,247.0703125,195.49484252929688,272.5859375,201.06185913085938,219.3359375,204.40206909179688,244.8515625,208.8556671142578,264.8203125,187.70103454589844,168.3046875,189.92782592773438,168.3046875,-1.0,-1.0,195.49484252929688,169.4140625
187.29473876953125,170.66796875,192.87368774414062,182.95703125,181.71578979492188,182.95703125,180.60000610351562,201.94921875,178.36842346191406,219.82421875,204.03158569335938,181.83984375,212.95790100097656,198.59765625,208.49473571777344,214.23828125,186.178955078125,219.82421875,189.5263214111328,246.63671875,193.98947143554688,272.33203125,199.56842041015625,218.70703125,202.91578674316406,245.51953125,206.26315307617188,265.62890625,186.178955078125,168.43359375,189.5263214111328,168.43359375,185.0631561279297,169.55078125,195.1052703857422,168.43359375
187.1443328857422,168.82421875,192.81443786621094,182.41796875,181.47422790527344,182.41796875,179.20619201660156,201.67578125,176.93814086914062,218.66796875,204.15463256835938,181.28515625,212.0927734375,198.27734375,214.36082458496094,215.26953125,186.01031494140625,218.66796875,190.54638671875,246.98828125,193.94845581054688,273.04296875,200.75257873535156,218.66796875,201.8865966796875,245.85546875,204.15463256835938,269.64453125,186.01031494140625,167.69140625,189.41236877441406,167.69140625,184.87628173828125,167.69140625,193.94845581054688,167.69140625
186.01031494140625,168.82421875,191.680419921875,181.28515625,180.3402099609375,182.41796875,178.07215881347656,200.54296875,173.5360870361328,215.26953125,203.02061462402344,181.28515625,212.0927734375,198.27734375,215.49484252929688,215.26953125,186.01031494140625,218.66796875,190.54638671875,245.85546875,193.94845581054688,271.91015625,199.61856079101562,217.53515625,198.48452758789062,244.72265625,201.8865966796875,270.77734375,184.87628173828125,167.69140625,188.27835083007812,166.55859375,183.7422637939453,167.69140625,193.94845581054688,167.69140625
187.90625,168.9609375,192.4895782470703,181.5078125,181.03125,182.6484375,177.59375,199.7578125,176.4479217529297,214.5859375,202.80209350585938,180.3671875,211.96875,197.4765625,216.55209350585938,213.4453125,186.7604217529297,218.0078125,191.34375,245.3828125,194.78125,271.6171875,200.5104217529297,216.8671875,198.21875,245.3828125,199.3645782470703,270.4765625,185.6145782470703,166.6796875,190.1979217529297,166.6796875,183.3229217529297,167.8203125,193.6354217529297,167.8203125
187.47422790527344,169.390625,192.09278869628906,182.109375,180.54638671875,183.265625,177.0824737548828,200.609375,173.61856079101562,213.328125,203.63917541503906,180.953125,212.87628173828125,198.296875,216.3402099609375,215.640625,186.319580078125,219.109375,190.93814086914062,244.546875,195.55670166015625,269.984375,200.17526245117188,217.953125,197.86598205566406,244.546875,199.02061462402344,271.140625,186.319580078125,167.078125,189.78350830078125,167.078125,184.01031494140625,168.234375,194.40206909179688,168.234375
189.4166717529297,169.53515625,191.75,182.33984375,181.25,183.50390625,177.75,202.12890625,173.0833282470703,216.09765625,203.41665649414062,181.17578125,213.91665649414062,198.63671875,218.5833282470703,216.09765625,187.0833282470703,219.58984375,192.9166717529297,246.36328125,196.4166717529297,270.80859375,199.9166717529297,218.42578125,197.5833282470703,246.36328125,198.75,273.13671875,187.0833282470703,167.20703125,190.5833282470703,167.20703125,184.75,168.37109375,195.25,168.37109375
188.5050506591797,168.5078125,193.19192504882812,182.5703125,181.47474670410156,183.7421875,177.9595947265625,202.4921875,176.78787231445312,216.5546875,203.73736572265625,181.3984375,214.2828369140625,198.9765625,220.14141845703125,211.8671875,187.3333282470703,220.0703125,193.19192504882812,245.8515625,196.7070770263672,271.6328125,200.22222900390625,218.8984375,197.8787841796875,247.0234375,199.05050659179688,273.9765625,186.16162109375,167.3359375,190.84848022460938,167.3359375,184.98989868164062,168.5078125,195.5353546142578,167.3359375
189.30612182617188,168.96875,192.85714721679688,182.03125,181.02041625976562,183.21875,178.65306091308594,202.21875,172.7346954345703,216.46875,204.69387817382812,180.84375,214.16326904296875,196.28125,221.2653045654297,209.34375,186.93878173828125,220.03125,191.6734619140625,246.15625,196.40817260742188,269.90625,201.14285278320312,218.84375,197.5918426513672,246.15625,198.7755126953125,272.28125,186.93878173828125,167.78125,190.4897918701172,166.59375,184.57142639160156,167.78125,195.2244873046875,167.78125
189.52577209472656,169.11328125,194.3092803955078,182.26171875,182.3505096435547,183.45703125,176.3711395263672,201.38671875,172.78350830078125,215.73046875,205.07215881347656,181.06640625,214.63917541503906,196.60546875,221.81442260742188,207.36328125,187.13401794433594,220.51171875,193.1134033203125,246.80859375,196.70103454589844,270.71484375,201.48452758789062,219.31640625,197.89691162109375,246.80859375,200.28866577148438,271.91015625,187.13401794433594,166.72265625,191.9175262451172,166.72265625,184.7422637939453,167.91796875,196.70103454589844,167.91796875
189.1999969482422,168.2578125,194.0,181.4921875,183.1999969482422,182.6953125,177.1999969482422,200.7421875,173.60000610351562,215.1796875,206.0,181.4921875,215.60000610351562,195.9296875,222.8000030517578,206.7578125,188.0,219.9921875,192.8000030517578,246.4609375,195.1999969482422,269.3203125,201.1999969482422,218.7890625,198.8000030517578,246.4609375,198.8000030517578,272.9296875,188.0,167.0546875,192.8000030517578,165.8515625,185.60000610351562,167.0546875,197.60000610351562,167.0546875
191.74510192871094,167.40234375,195.39215087890625,180.72265625,183.23529052734375,181.93359375,175.94117736816406,198.88671875,172.2941131591797,213.41796875,207.5490264892578,180.72265625,216.05882263183594,195.25390625,223.35293579101562,206.15234375,188.09803771972656,218.26171875,191.74510192871094,244.90234375,195.39215087890625,269.12109375,202.686279296875,218.26171875,200.25489807128906,246.11328125,200.25489807128906,272.75390625,190.5294189453125,164.98046875,194.1764678955078,164.98046875,188.09803771972656,166.19140625,199.03921508789062,166.19140625
192.00990295410156,166.69140625,195.6930694580078,180.18359375,183.4158477783203,181.41015625,177.2772216796875,198.58203125,172.3663330078125,212.07421875,207.9702911376953,180.18359375,217.79208374023438,194.90234375,225.15841674804688,207.16796875,189.55445861816406,219.43359375,192.00990295410156,247.64453125,195.6930694580078,269.72265625,204.28712463378906,218.20703125,201.83168029785156,247.64453125,200.6039581298828,274.62890625,190.7821807861328,164.23828125,194.46534729003906,164.23828125,188.3267364501953,165.46484375,199.37623596191406,165.46484375
194.13999938964844,165.8359375,196.6199951171875,179.4140625,184.22000122070312,180.6484375,178.02000427246094,197.9296875,175.5399932861328,212.7421875,209.02000427246094,179.4140625,217.6999969482422,194.2265625,225.13999938964844,207.8046875,190.4199981689453,218.9140625,191.66000366210938,248.5390625,200.33999633789062,273.2265625,205.3000030517578,218.9140625,202.82000732421875,248.5390625,201.5800018310547,275.6953125,191.66000366210938,163.3671875,195.3800048828125,163.3671875,189.17999267578125,164.6015625,201.5800018310547,164.6015625
194.63265991210938,164.98046875,198.36734008789062,178.64453125,185.91836547851562,178.64453125,179.69387817382812,197.27734375,175.9591827392578,210.94140625,209.57142639160156,178.64453125,218.28570556640625,194.79296875,224.5102081298828,209.69921875,192.14285278320312,217.15234375,190.89796447753906,246.96484375,199.61224365234375,266.83984375,207.08163452148438,217.15234375,204.59182739257812,246.96484375,202.10203552246094,273.05078125,193.38775634765625,162.49609375,197.12245178222656,162.49609375,190.89796447753906,163.73828125,200.85714721679688,162.49609375
195.43434143066406,162.625,197.93939208984375,177.625,185.4141387939453,178.875,179.15151977539062,197.625,179.15151977539062,212.625,210.4646453857422,176.375,217.97979736328125,193.875,224.242431640625,211.375,192.92929077148438,217.625,190.4242401123047,246.375,199.19192504882812,268.875,207.9595947265625,216.375,205.4545440673828,246.375,204.2020263671875,272.625,194.18182373046875,160.125,197.93939208984375,160.125,190.4242401123047,162.625,202.94949340820312,162.625
196.36734008789062,161.8828125,198.89796447753906,175.8046875,187.5102081298828,177.0703125,181.1836700439453,194.7890625,179.91836547851562,211.2421875,211.551025390625,174.5390625,219.14285278320312,193.5234375,224.20408630371094,209.9765625,192.57142639160156,215.0390625,192.57142639160156,245.4140625,198.89796447753906,269.4609375,209.02041625976562,215.0390625,207.75509643554688,246.6796875,206.4897918701172,273.2578125,195.10203552246094,159.3515625,198.89796447753906,159.3515625,190.0408172607422,161.8828125,203.9591827392578,160.6171875
198.95875549316406,159.73828125,201.5154571533203,175.01953125,188.73196411132812,176.29296875,184.89691162109375,195.39453125,183.61856079101562,211.94921875,213.02061462402344,173.74609375,219.41236877441406,192.84765625,219.41236877441406,211.94921875,193.84536743164062,214.49609375,193.84536743164062,245.05859375,198.95875549316406,271.80078125,209.18556213378906,214.49609375,209.18556213378906,246.33203125,206.6288604736328,275.62109375,196.40206909179688,158.46484375,201.5154571533203,157.19140625,192.5670166015625,159.73828125,205.3505096435547,158.46484375
199.9375,160.26953125,201.22915649414062,175.73828125,189.6041717529297,177.02734375,185.7291717529297,196.36328125,188.3125,210.54296875,214.1458282470703,173.16015625,219.3125,192.49609375,218.0208282470703,209.25390625,194.7708282470703,214.41015625,194.7708282470703,245.34765625,198.6458282470703,273.70703125,210.2708282470703,214.41015625,210.2708282470703,246.63671875,208.97915649414062,276.28515625,197.3541717529297,157.69140625,201.22915649414062,157.69140625,194.7708282470703,158.98046875,205.10415649414062,158.98046875
200.773193359375,159.1015625,202.07215881347656,174.6640625,190.38143920898438,175.9609375,186.48452758789062,196.7109375,187.78350830078125,213.5703125,213.76287841796875,173.3671875,218.95877075195312,192.8203125,217.6597900390625,208.3828125,195.5773162841797,214.8671875,194.27835083007812,245.9921875,196.87628173828125,277.1171875,211.16494750976562,216.1640625,211.16494750976562,245.9921875,209.86598205566406,277.1171875,198.17526245117188,156.5078125,202.07215881347656,156.5078125,194.27835083007812,159.1015625,205.9690704345703,157.8046875
199.47422790527344,158.22265625,202.07215881347656,175.18359375,190.38143920898438,176.48828125,186.48452758789062,196.05859375,189.0824737548828,213.01953125,213.76287841796875,172.57421875,218.95877075195312,189.53515625,216.36082458496094,205.19140625,194.27835083007812,215.62890625,194.27835083007812,246.94140625,195.5773162841797,278.25390625,209.86598205566406,214.32421875,211.16494750976562,245.63671875,211.16494750976562,276.94921875,198.17526245117188,156.91796875,202.07215881347656,155.61328125,194.27835083007812,158.22265625,205.9690704345703,158.22265625
200.49473571777344,158.78515625,203.14736938476562,174.62890625,191.2105255126953,175.94921875,188.55789184570312,195.75390625,189.88421630859375,210.27734375,215.08421325683594,173.30859375,219.0631561279297,190.47265625,215.08421325683594,204.99609375,195.18946838378906,215.55859375,196.5157928466797,247.24609375,195.18946838378906,277.61328125,211.10525512695312,214.23828125,212.43157958984375,245.92578125,212.43157958984375,276.29296875,197.84210205078125,156.14453125,201.821044921875,156.14453125,193.8631591796875,158.78515625,207.12631225585938,157.46484375
198.0,159.37890625,202.0,174.07421875,190.0,175.41015625,188.6666717529297,195.44921875,191.3333282470703,210.14453125,214.0,174.07421875,216.6666717529297,191.44140625,212.6666717529297,204.80078125,195.3333282470703,215.48828125,196.6666717529297,246.21484375,195.3333282470703,276.94140625,210.0,214.15234375,212.6666717529297,246.21484375,212.6666717529297,276.94140625,196.6666717529297,155.37109375,202.0,155.37109375,192.6666717529297,159.37890625,206.0,156.70703125
199.6631622314453,158.515625,202.35789489746094,174.640625,190.23158264160156,175.984375,188.88421630859375,196.140625,191.57894897460938,210.921875,214.4842071533203,173.296875,218.5263214111328,190.765625,210.44210815429688,202.859375,196.96841430664062,216.296875,196.96841430664062,247.203125,196.96841430664062,276.765625,211.7894744873047,216.296875,214.4842071533203,247.203125,214.4842071533203,276.765625,196.96841430664062,155.828125,202.35789489746094,154.484375,194.273681640625,158.515625,206.39999389648438,157.171875
197.96841430664062,158.65234375,202.01052856445312,174.87109375,189.88421630859375,176.22265625,188.53683471679688,193.79296875,189.88421630859375,210.01171875,214.1368408203125,173.51953125,216.83157348632812,191.08984375,211.44210815429688,201.90234375,196.6210479736328,216.76953125,196.6210479736328,247.85546875,197.96841430664062,277.58984375,211.44210815429688,215.41796875,214.1368408203125,246.50390625,215.4842071533203,276.23828125,196.6210479736328,155.94921875,200.6631622314453,155.94921875,193.9263153076172,158.65234375,206.05262756347656,157.30078125
197.5957489013672,156.55859375,201.68084716796875,174.33203125,190.7872314453125,175.69921875,186.70213317871094,194.83984375,188.06382751464844,211.24609375,213.93617248535156,172.96484375,216.65957641601562,190.73828125,211.2127685546875,203.04296875,194.87234497070312,215.34765625,196.23403930664062,246.79296875,197.5957489013672,279.60546875,211.2127685546875,215.34765625,215.29786682128906,245.42578125,216.65957641601562,276.87109375,196.23403930664062,153.82421875,200.31915283203125,153.82421875,192.14894104003906,157.92578125,204.4042510986328,155.19140625
197.05262756347656,157.0625,201.15789794921875,174.9375,188.84210205078125,176.3125,186.10525512695312,196.9375,187.4736785888672,213.4375,214.84210205078125,172.1875,216.2105255126953,192.8125,210.73684692382812,202.4375,194.3157958984375,216.1875,195.6842041015625,247.8125,198.42105102539062,280.8125,210.73684692382812,214.8125,214.84210205078125,246.4375,217.57894897460938,275.3125,194.3157958984375,154.3125,199.7894744873047,152.9375,191.57894897460938,157.0625,205.26315307617188,154.3125
197.13043212890625,154.9453125,201.30435180664062,173.0234375,188.78260803222656,174.4140625,186.0,195.2734375,186.0,210.5703125,215.21739196777344,171.6328125,218.0,191.1015625,213.82608032226562,202.2265625,192.95652770996094,216.1328125,194.3478240966797,248.1171875,198.52174377441406,280.1015625,211.04348754882812,214.7421875,215.21739196777344,246.7265625,218.0,275.9296875,194.3478240966797,152.1640625,198.52174377441406,152.1640625,191.56521606445312,153.5546875,204.0869598388672,153.5546875
197.08511352539062,154.07421875,201.29786682128906,172.25390625,187.25531005859375,173.65234375,185.85105895996094,194.62890625,187.25531005859375,211.41015625,213.93617248535156,170.85546875,218.14892578125,189.03515625,215.34042358398438,203.01953125,192.87234497070312,215.60546875,195.68084716796875,247.76953125,199.89361572265625,279.93359375,209.72340393066406,214.20703125,215.34042358398438,244.97265625,219.55319213867188,274.33984375,194.27659606933594,151.27734375,199.89361572265625,151.27734375,191.46807861328125,154.07421875,204.10638427734375,152.67578125
194.63917541503906,153.203125,200.24742126464844,170.078125,187.6288604736328,172.890625,183.4226837158203,191.171875,184.82473754882812,215.078125,212.86598205566406,168.671875,218.47422790527344,189.765625,215.67010498046875,203.828125,191.83505249023438,215.078125,196.04122924804688,248.828125,200.24742126464844,279.765625,208.6597900390625,213.671875,212.86598205566406,246.015625,218.47422790527344,274.140625,193.2371063232422,150.390625,197.44329833984375,150.390625,190.4329833984375,151.796875,204.45361328125,151.796875
194.5757598876953,152.33203125,198.81817626953125,169.30078125,186.09091186523438,172.12890625,183.26263427734375,194.75390625,184.67677307128906,214.55078125,212.9595947265625,167.88671875,220.03030395507812,189.09765625,218.6161651611328,206.06640625,193.16162109375,214.55078125,195.98989868164062,248.48828125,201.64646911621094,279.59765625,210.13131713867188,213.13671875,211.5454559326172,245.66015625,217.2020263671875,273.94140625,193.16162109375,149.50390625,197.40403747558594,149.50390625,188.919189453125,152.33203125,204.47474670410156,150.91796875
195.11000061035156,150.0390625,197.9499969482422,168.5234375,183.75,171.3671875,180.91000366210938,196.9609375,183.75,216.8671875,212.14999389648438,165.6796875,220.6699981689453,187.0078125,226.35000610351562,202.6484375,192.27000427246094,214.0234375,196.52999877929688,249.5703125,202.20999145507812,280.8515625,209.30999755859375,211.1796875,210.72999572753906,246.7265625,214.989990234375,276.5859375,192.27000427246094,148.6171875,197.9499969482422,147.1953125,189.42999267578125,150.0390625,203.6300048828125,148.6171875
194.5148468017578,152.01953125,197.3663330078125,167.74609375,183.10891723632812,170.60546875,181.68316650390625,196.33984375,183.10891723632812,216.35546875,213.04949951171875,166.31640625,220.17822265625,186.33203125,225.88119506835938,203.48828125,191.66336059570312,214.92578125,197.3663330078125,250.66796875,203.06930541992188,280.69140625,208.77227783203125,212.06640625,211.62376403808594,246.37890625,215.9010009765625,276.40234375,193.089111328125,149.16015625,198.79208374023438,147.73046875,188.8118896484375,150.58984375,203.06930541992188,149.16015625
194.45631408691406,151.15625,198.76699829101562,168.40625,182.96116638183594,169.84375,181.52427673339844,195.71875,184.39805603027344,217.28125,213.13592529296875,165.53125,220.3203887939453,187.09375,226.06796264648438,204.34375,193.01942443847656,214.40625,197.33009338378906,250.34375,203.07766723632812,280.53125,208.8252410888672,212.96875,211.69903564453125,246.03125,216.00970458984375,276.21875,193.01942443847656,148.28125,197.33009338378906,148.28125,188.708740234375,149.71875,203.07766723632812,148.28125
195.84762573242188,150.29296875,197.2952423095703,167.63671875,182.8190460205078,169.08203125,177.028564453125,193.65234375,184.26666259765625,215.33203125,213.21905517578125,164.74609375,221.90475463867188,186.42578125,232.0380859375,203.76953125,190.05714416503906,213.88671875,198.74285888671875,248.57421875,203.08572387695312,278.92578125,207.42857360839844,212.44140625,207.42857360839844,247.12890625,210.3238067626953,280.37109375,192.95237731933594,145.95703125,198.74285888671875,145.95703125,188.60952758789062,148.84765625,203.08572387695312,148.84765625
193.50942993164062,150.8828125,197.867919921875,166.8671875,181.8867950439453,168.3203125,176.07546997070312,193.0234375,174.6226348876953,204.6484375,212.39622497558594,165.4140625,222.5660400390625,185.7578125,232.73583984375,204.6484375,190.60377502441406,213.3671875,197.867919921875,248.2421875,203.6792449951172,280.2109375,208.03773498535156,211.9140625,206.58489990234375,246.7890625,209.49057006835938,280.2109375,192.05661010742188,147.9765625,197.867919921875,147.9765625,187.6981201171875,150.8828125,202.22640991210938,149.4296875
193.90565490722656,151.640625,196.84906005859375,167.796875,182.132080078125,169.265625,176.2452850341797,191.296875,168.8867950439453,204.515625,211.5660400390625,166.328125,223.33963012695312,186.890625,233.64151000976562,204.515625,190.96226501464844,214.796875,198.3207550048828,250.046875,202.73585510253906,279.421875,208.62265014648438,213.328125,207.15093994140625,248.578125,208.62265014648438,280.890625,190.96226501464844,150.171875,196.84906005859375,148.703125,188.0188751220703,151.640625,202.73585510253906,148.703125
193.8518524169922,152.26953125,196.8148193359375,167.03515625,182.0,168.51171875,177.55555725097656,190.66015625,171.62962341308594,199.51953125,213.11111450195312,167.03515625,224.96295166015625,186.23046875,235.3333282470703,205.42578125,190.88888549804688,215.76171875,198.29629516601562,249.72265625,201.25926208496094,279.25390625,207.1851806640625,214.28515625,207.1851806640625,249.72265625,205.70370483398438,280.73046875,190.88888549804688,149.31640625,196.8148193359375,149.31640625,187.92591857910156,150.79296875,202.74073791503906,149.31640625
193.8000030517578,152.9140625,198.27273559570312,167.7578125,181.8727264404297,169.2421875,175.90908813476562,191.5078125,171.43637084960938,209.3203125,213.18182373046875,166.2734375,225.10910034179688,187.0546875,235.5454559326172,204.8671875,190.81817626953125,216.7421875,198.27273559570312,249.3984375,204.23635864257812,279.0859375,207.2181854248047,213.7734375,205.72726440429688,249.3984375,207.2181854248047,282.0546875,190.81817626953125,149.9453125,196.7818145751953,148.4609375,187.83636474609375,151.4296875,202.74545288085938,149.9453125
193.8000030517578,152.9140625,198.27273559570312,167.7578125,183.36363220214844,169.2421875,174.41818237304688,191.5078125,171.43637084960938,213.7734375,213.18182373046875,166.2734375,225.10910034179688,185.5703125,237.03636169433594,204.8671875,190.81817626953125,218.2265625,196.7818145751953,252.3671875,204.23635864257812,282.0546875,207.2181854248047,215.2578125,205.72726440429688,252.3671875,205.72726440429688,283.5390625,190.81817626953125,148.4609375,196.7818145751953,148.4609375,187.83636474609375,151.4296875,204.23635864257812,149.9453125
193.59632873535156,152.25,199.61468505859375,167.25,183.06422424316406,170.25,175.54129028320312,191.25,171.02752685546875,209.25,214.66055297851562,165.75,226.69725036621094,186.75,238.73394775390625,204.75,192.09173583984375,218.25,196.60549926757812,251.25,202.6238555908203,278.25,208.6422119140625,215.25,207.1376190185547,251.25,207.1376190185547,284.25,190.587158203125,149.25,196.60549926757812,149.25,189.0825653076172,149.25,204.12844848632812,149.25
195.1999969482422,151.41796875,199.72726440429688,168.00390625,184.63636779785156,169.51171875,177.09091186523438,190.62109375,171.05455017089844,208.71484375,216.3272705078125,164.98828125,226.89089965820312,186.09765625,238.96363830566406,205.69921875,192.18182373046875,217.76171875,198.2181854248047,253.94921875,207.27273559570312,284.10546875,208.7818145751953,216.25390625,207.27273559570312,252.44140625,207.27273559570312,285.61328125,192.18182373046875,148.40234375,198.2181854248047,146.89453125,189.16363525390625,149.91015625,205.76364135742188,148.40234375
197.1666717529297,150.0703125,201.72222900390625,165.2265625,188.05555725097656,165.2265625,178.94444274902344,187.9609375,171.3518524169922,207.6640625,218.42593383789062,165.2265625,229.05555725097656,186.4453125,239.6851806640625,206.1484375,192.61111450195312,216.7578125,195.6481475830078,251.6171875,204.75926208496094,278.8984375,210.83334350585938,215.2421875,209.3148193359375,251.6171875,209.3148193359375,284.9609375,194.129638671875,147.0390625,200.20370483398438,145.5234375,192.61111450195312,147.0390625,207.79629516601562,147.0390625
199.5504608154297,147.70703125,204.1192626953125,164.46484375,188.88990783691406,164.46484375,181.2752227783203,188.83984375,173.66055297851562,207.12109375,219.34861755371094,164.46484375,230.00917053222656,185.79296875,240.6697235107422,205.59765625,194.98165893554688,216.26171875,196.50457763671875,252.82421875,207.16513061523438,275.67578125,213.2568817138672,214.73828125,213.2568817138672,251.30078125,210.2110137939453,283.29296875,196.50457763671875,146.18359375,202.59632873535156,144.66015625,194.98165893554688,146.18359375,210.2110137939453,146.18359375
201.55140686035156,147.01171875,204.6168212890625,163.94140625,189.2897186279297,163.94140625,181.6261749267578,188.56640625,177.02804565429688,208.57421875,219.9439239501953,162.40234375,230.6728973388672,185.48828125,239.86917114257812,205.49609375,195.42056274414062,214.73046875,195.42056274414062,253.20703125,207.6822509765625,274.75390625,213.81307983398438,213.19140625,213.81307983398438,253.20703125,212.28038024902344,287.06640625,196.95327758789062,145.47265625,203.0841064453125,143.93359375,195.42056274414062,145.47265625,210.74766540527344,145.47265625
201.65740966796875,145.47265625,204.73147583007812,162.40234375,189.36111450195312,163.94140625,181.67593383789062,190.10546875,177.0648193359375,208.57421875,220.1018524169922,160.86328125,232.3981475830078,185.48828125,240.08334350585938,207.03515625,195.50926208496094,214.73046875,197.04629516601562,254.74609375,209.34259033203125,276.29296875,215.49073791503906,213.19140625,215.49073791503906,253.20703125,213.95370483398438,288.60546875,198.5833282470703,142.39453125,203.19444274902344,142.39453125,195.50926208496094,143.93359375,210.87962341308594,142.39453125
202.11111450195312,143.20703125,205.22222900390625,161.86328125,189.6666717529297,163.41796875,183.44444274902344,189.84765625,180.3333282470703,213.16796875,222.33334350585938,160.30859375,231.66665649414062,183.62890625,237.88888549804688,205.39453125,195.88888549804688,213.16796875,197.44444274902344,250.48046875,206.77777099609375,281.57421875,217.6666717529297,211.61328125,217.6666717529297,250.48046875,216.11111450195312,287.79296875,199.0,140.09765625,203.6666717529297,140.09765625,195.88888549804688,141.65234375,209.88888549804688,140.09765625
202.58489990234375,142.34375,205.71697998046875,161.09375,190.05661010742188,162.65625,186.92453002929688,189.21875,186.92453002929688,211.09375,222.94338989257812,159.53125,232.33963012695312,184.53125,237.03773498535156,206.40625,197.8867950439453,212.65625,197.8867950439453,250.15625,205.71697998046875,284.53125,218.2452850341797,211.09375,218.2452850341797,250.15625,218.2452850341797,287.65625,199.4528350830078,139.21875,205.71697998046875,139.21875,196.3207550048828,142.34375,210.41510009765625,139.21875
203.03773498535156,142.6171875,207.79244995117188,158.3984375,191.94338989257812,161.5546875,187.1886749267578,186.8046875,187.1886749267578,208.8984375,223.64151000976562,156.8203125,231.5660400390625,182.0703125,229.98114013671875,204.1640625,196.6981201171875,212.0546875,198.28302001953125,249.9296875,204.62265014648438,287.8046875,217.3018798828125,212.0546875,218.8867950439453,248.3515625,218.8867950439453,290.9609375,199.867919921875,139.4609375,204.62265014648438,137.8828125,196.6981201171875,141.0390625,210.96226501464844,139.4609375
203.39999389648438,141.890625,208.1999969482422,159.421875,192.1999969482422,161.015625,189.0,188.109375,189.0,210.421875,224.1999969482422,156.234375,229.0,181.734375,229.0,202.453125,198.60000610351562,212.015625,198.60000610351562,251.859375,203.39999389648438,290.109375,217.8000030517578,212.015625,219.39999389648438,250.265625,219.39999389648438,290.109375,200.1999969482422,138.703125,206.60000610351562,138.703125,197.0,140.296875,211.39999389648438,138.703125
202.34616088867188,142.91796875,207.1923065185547,159.08984375,191.03846740722656,162.32421875,187.8076934814453,189.81640625,189.42308044433594,212.45703125,223.34616088867188,155.85546875,229.8076934814453,180.11328125,224.96153259277344,201.13671875,197.5,212.45703125,197.5,252.88671875,200.73077392578125,293.31640625,218.5,214.07421875,220.11538696289062,251.26953125,221.73077392578125,291.69921875,200.73077392578125,139.68359375,205.57691955566406,138.06640625,197.5,141.30078125,208.8076934814453,139.68359375
202.69903564453125,141.4375,205.96116638183594,159.3125,189.65048217773438,162.5625,188.01942443847656,190.1875,191.28155517578125,212.9375,223.9029083251953,156.0625,228.79611206054688,180.4375,225.5339813232422,199.9375,197.8058319091797,212.9375,199.4368896484375,251.9375,199.4368896484375,294.1875,219.00970458984375,212.9375,222.2718505859375,251.9375,222.2718505859375,292.5625,201.06796264648438,139.8125,204.33009338378906,136.5625,197.8058319091797,139.8125,209.22329711914062,138.1875
202.23529052734375,140.84765625,207.1764678955078,160.62890625,190.7058868408203,162.27734375,189.05882263183594,190.30078125,190.7058868408203,213.37890625,223.64706420898438,157.33203125,228.58824157714844,180.41015625,225.2941131591797,198.54296875,198.94117736816406,213.37890625,200.58822631835938,254.58984375,200.58822631835938,294.15234375,220.35293579101562,213.37890625,223.64706420898438,252.94140625,223.64706420898438,294.15234375,200.58822631835938,139.19921875,205.5294189453125,137.55078125,197.2941131591797,140.84765625,210.4705810546875,139.19921875
203.13592529296875,142.640625,208.08737182617188,160.859375,191.58251953125,162.515625,188.28155517578125,190.671875,191.58251953125,213.859375,224.59222412109375,159.203125,227.89320373535156,182.390625,222.94174194335938,197.296875,198.18446350097656,215.515625,199.83494567871094,255.265625,198.18446350097656,295.015625,221.291259765625,215.515625,224.59222412109375,253.609375,224.59222412109375,293.359375,199.83494567871094,139.328125,206.4368896484375,139.328125,196.5339813232422,140.984375,213.03883361816406,139.328125
201.44000244140625,142.07421875,208.16000366210938,160.55078125,191.36000061035156,162.23046875,189.67999267578125,189.10546875,191.36000061035156,214.30078125,224.95999145507812,158.87109375,230.0,182.38671875,223.27999877929688,197.50390625,198.0800018310547,215.98046875,199.75999450683594,257.97265625,199.75999450683594,298.28515625,221.60000610351562,215.98046875,224.95999145507812,256.29296875,226.63999938964844,294.92578125,199.75999450683594,140.39453125,204.8000030517578,138.71484375,196.39999389648438,140.39453125,213.1999969482422,138.71484375
201.85000610351562,141.36328125,206.9499969482422,160.01171875,191.64999389648438,161.70703125,189.9499969482422,190.52734375,191.64999389648438,214.26171875,225.64999389648438,158.31640625,230.75,182.05078125,223.9499969482422,195.61328125,198.4499969482422,215.95703125,200.14999389648438,258.33984375,201.85000610351562,300.72265625,222.25,215.95703125,227.35000610351562,256.64453125,229.0500030517578,292.24609375,198.4499969482422,137.97265625,205.25,137.97265625,195.0500030517578,139.66796875,212.0500030517578,137.97265625
200.48484802246094,139.94140625,207.35353088378906,158.76171875,191.89898681640625,160.47265625,190.18182373046875,186.13671875,191.89898681640625,213.51171875,224.52525329589844,155.33984375,231.39393615722656,177.58203125,226.242431640625,194.69140625,198.76766967773438,215.22265625,198.76766967773438,259.70703125,203.919189453125,302.48046875,222.80807495117188,215.22265625,227.9595947265625,254.57421875,231.39393615722656,292.21484375,198.76766967773438,136.51953125,203.919189453125,136.51953125,-1.0,-1.0,210.78787231445312,136.51953125
199.14141845703125,140.0859375,207.82827758789062,157.4296875,190.4545440673828,160.8984375,188.7171630859375,185.1796875,190.4545440673828,214.6640625,225.2020263671875,153.9609375,232.15151977539062,176.5078125,226.93939208984375,195.5859375,197.40403747558594,216.3984375,199.14141845703125,259.7578125,204.35353088378906,303.1171875,221.72726440429688,214.6640625,228.6767578125,254.5546875,233.88888549804688,292.7109375,197.40403747558594,136.6171875,202.6161651611328,136.6171875,193.92929077148438,136.6171875,211.3030242919922,136.6171875
199.51515197753906,140.27734375,208.30303955078125,156.09765625,190.72726440429688,159.61328125,187.21212768554688,187.73828125,190.72726440429688,214.10546875,225.8787841796875,154.33984375,232.90908813476562,177.19140625,227.63636779785156,196.52734375,197.757568359375,215.86328125,199.51515197753906,259.80859375,206.5454559326172,303.75390625,220.60606384277344,214.10546875,225.8787841796875,254.53515625,232.90908813476562,287.93359375,196.0,136.76171875,203.03030395507812,135.00390625,192.48484802246094,136.76171875,211.81817626953125,133.24609375
200.6666717529297,138.734375,207.77777099609375,154.765625,190.0,158.328125,188.22222900390625,188.609375,190.0,215.328125,225.55555725097656,151.203125,234.44444274902344,176.140625,230.88888549804688,199.296875,197.11111450195312,217.109375,200.6666717529297,263.421875,207.77777099609375,302.609375,220.22222900390625,213.546875,225.55555725097656,254.515625,232.66665649414062,288.359375,195.3333282470703,135.171875,204.22222900390625,133.390625,193.55555725097656,135.171875,211.3333282470703,131.609375
202.3265380859375,135.53125,209.59182739257812,153.65625,191.42857360839844,155.46875,187.79591369628906,186.28125,189.61224365234375,217.09375,227.75509643554688,150.03125,236.83673095703125,175.40625,235.02041625976562,200.78125,198.69387817382812,215.28125,202.3265380859375,262.40625,209.59182739257812,302.28125,222.30612182617188,213.46875,225.93878173828125,256.96875,233.20407104492188,289.59375,198.69387817382812,131.90625,205.9591827392578,130.09375,193.24490356445312,133.71875,213.2244873046875,130.09375
200.89794921875,132.12890625,210.08163452148438,150.48828125,191.7142791748047,154.16015625,188.0408172607422,187.20703125,184.36734008789062,216.58203125,228.448974609375,148.65234375,237.63265991210938,176.19140625,237.63265991210938,200.05859375,199.06121826171875,214.74609375,204.57142639160156,262.48046875,211.91836547851562,302.87109375,222.93878173828125,212.91015625,224.7755126953125,258.80859375,230.28570556640625,291.85546875,197.2244873046875,130.29296875,204.57142639160156,128.45703125,193.551025390625,130.29296875,213.75509643554688,126.62109375
201.242431640625,132.3984375,210.5353546142578,150.9921875,191.94949340820312,152.8515625,184.51515197753906,188.1796875,180.7979736328125,214.2109375,229.1212158203125,147.2734375,240.27273559570312,177.0234375,238.4141387939453,199.3359375,199.3838348388672,214.2109375,206.81817626953125,262.5546875,214.25253295898438,303.4609375,221.68685913085938,212.3515625,225.40403747558594,258.8359375,230.97979736328125,296.0234375,199.3838348388672,128.6796875,206.81817626953125,126.8203125,193.80807495117188,128.6796875,214.25253295898438,126.8203125
201.63636779785156,130.83203125,211.03030395507812,149.66015625,190.36363220214844,151.54296875,182.84848022460938,187.31640625,180.96969604492188,213.67578125,229.81817626953125,145.89453125,241.09091186523438,176.01953125,242.96969604492188,198.61328125,199.757568359375,213.67578125,207.27273559570312,258.86328125,214.78787231445312,304.05078125,222.30303955078125,211.79296875,222.30303955078125,255.09765625,229.81817626953125,300.28515625,199.757568359375,127.06640625,207.27273559570312,127.06640625,196.0,127.06640625,214.78787231445312,125.18359375
203.82827758789062,130.265625,209.52525329589844,149.328125,190.5353546142578,153.140625,182.93939208984375,187.453125,181.0404052734375,217.953125,230.4141387939453,147.421875,241.80807495117188,176.015625,243.70706176757812,200.796875,200.03030395507812,214.140625,207.6262664794922,259.890625,215.22222900390625,303.734375,222.81817626953125,212.234375,222.81817626953125,257.984375,228.51515197753906,301.828125,200.03030395507812,128.359375,205.72726440429688,126.453125,196.23233032226562,128.359375,213.3232421875,124.546875
205.18182373046875,129.5546875,210.93939208984375,148.7734375,189.82827758789062,152.6171875,182.15151977539062,185.2890625,178.31312561035156,208.3515625,230.13131713867188,146.8515625,243.56565856933594,171.8359375,247.404052734375,194.8984375,201.3434295654297,214.1171875,209.02020263671875,260.2421875,218.6161651611328,304.4453125,224.3737335205078,210.2734375,222.4545440673828,258.3203125,226.29293823242188,304.4453125,199.4242401123047,127.6328125,207.10101318359375,125.7109375,195.5858612060547,127.6328125,214.77777099609375,123.7890625
203.64999389648438,130.78125,211.41000366210938,150.15625,190.07000732421875,152.09375,180.3699951171875,181.15625,178.42999267578125,206.34375,230.80999755859375,146.28125,244.38999938964844,171.46875,250.20999145507812,196.65625,201.7100067138672,214.09375,211.41000366210938,260.59375,219.1699981689453,305.15625,224.99000549316406,212.15625,221.11000061035156,258.65625,224.99000549316406,307.09375,199.77000427246094,126.90625,205.58999633789062,126.90625,195.88999938964844,126.90625,215.29000854492188,124.96875
203.10000610351562,131.359375,210.94000244140625,149.078125,189.3800048828125,151.046875,181.54000854492188,182.546875,177.6199951171875,204.203125,230.54000854492188,147.109375,246.22000122070312,178.609375,254.05999755859375,204.203125,201.13999938964844,214.046875,210.94000244140625,261.296875,220.74000549316406,302.640625,224.66000366210938,212.078125,220.74000549316406,259.328125,222.6999969482422,306.578125,199.17999267578125,127.421875,207.02000427246094,125.453125,197.22000122070312,125.453125,216.82000732421875,125.453125
204.52999877929688,130.6796875,210.47000122070312,148.5390625,190.6699981689453,150.5234375,180.77000427246094,186.2421875,174.8300018310547,217.9921875,232.25,146.5546875,246.11000061035156,176.3203125,252.0500030517578,202.1171875,200.57000732421875,217.9921875,212.4499969482422,263.6328125,220.3699951171875,303.3203125,226.30999755859375,214.0234375,222.35000610351562,261.6484375,220.3699951171875,305.3046875,200.57000732421875,126.7109375,208.49000549316406,124.7265625,196.61000061035156,126.7109375,216.41000366210938,124.7265625
204.0,130.16015625,210.0,148.23046875,190.0,150.23828125,182.0,182.36328125,-1.0,-1.0,232.0,146.22265625,246.0,174.33203125,256.0,198.42578125,202.0,218.50390625,212.0,264.68359375,218.0,302.83203125,226.0,214.48828125,222.0,262.67578125,220.0,306.84765625,200.0,126.14453125,208.0,124.13671875,196.0,126.14453125,216.0,124.13671875
203.47525024414062,129.48046875,209.53465270996094,149.71484375,189.33663940429688,149.71484375,177.2178192138672,184.11328125,167.11880493164062,218.51171875,231.75247192382812,147.69140625,245.89109802246094,171.97265625,255.9901123046875,196.25390625,199.43563842773438,218.51171875,209.53465270996094,265.05078125,221.65347290039062,307.54296875,223.67327880859375,216.48828125,219.6336669921875,265.05078125,217.61386108398438,311.58984375,199.43563842773438,125.43359375,207.51486206054688,123.41015625,195.3960418701172,125.43359375,217.61386108398438,123.41015625
201.94117736816406,128.80078125,210.09803771972656,149.19140625,187.6666717529297,151.23046875,169.313720703125,192.01171875,173.39215087890625,216.48046875,230.49020385742188,145.11328125,246.80392456054688,173.66015625,257.0,198.12890625,199.90196228027344,216.48046875,210.09803771972656,267.45703125,220.29412841796875,310.27734375,224.37255859375,214.44140625,218.25491333007812,265.41796875,218.25491333007812,312.31640625,197.8627471923828,122.68359375,206.0196075439453,122.68359375,193.78431701660156,122.68359375,216.2156982421875,122.68359375
199.35293579101562,124.15625,207.58824157714844,146.84375,184.94117736816406,148.90625,170.5294189453125,186.03125,172.58824157714844,219.03125,230.23529052734375,144.78125,244.64706420898438,173.65625,257.0,196.34375,197.29412841796875,216.96875,205.5294189453125,268.53125,215.8235321044922,311.84375,222.0,214.90625,217.88235473632812,266.46875,217.88235473632812,313.90625,197.29412841796875,120.03125,205.5294189453125,120.03125,193.1764678955078,122.09375,215.8235321044922,120.03125
198.8252410888672,121.3671875,205.05825805664062,144.2265625,184.28155517578125,146.3046875,173.89320373535156,177.4765625,163.50485229492188,202.4140625,227.91262817382812,142.1484375,242.456298828125,171.2421875,254.92233276367188,198.2578125,192.59222412109375,214.8828125,198.8252410888672,268.9140625,215.44659423828125,312.5546875,221.6796112060547,212.8046875,217.52426147460938,264.7578125,217.52426147460938,316.7109375,194.66990661621094,117.2109375,202.9805908203125,117.2109375,192.59222412109375,119.2890625,213.36892700195312,117.2109375
195.58824157714844,119.05078125,204.05882263183594,142.33984375,180.76470947265625,144.45703125,172.2941131591797,176.21484375,159.58824157714844,203.73828125,225.23529052734375,140.22265625,240.058837890625,171.98046875,254.88235473632812,199.50390625,191.35293579101562,214.32421875,193.4705810546875,269.37109375,212.5294189453125,299.01171875,218.88235473632812,212.20703125,216.76470947265625,265.13671875,214.64706420898438,315.94921875,191.35293579101562,114.81640625,199.8235321044922,114.81640625,189.23529052734375,116.93359375,212.5294189453125,114.81640625
194.48513793945312,116.734375,200.96038818359375,140.453125,177.2178192138672,142.609375,170.74256896972656,179.265625,159.95050048828125,207.296875,224.70297241210938,138.296875,239.8118896484375,170.640625,252.7623748779297,202.984375,188.00990295410156,213.765625,190.16831970214844,269.828125,207.43563842773438,297.859375,216.06930541992188,211.609375,216.06930541992188,267.671875,211.75247192382812,317.265625,190.16831970214844,112.421875,198.80197143554688,112.421875,188.00990295410156,116.734375,209.59405517578125,114.578125
191.15841674804688,113.09375,197.75247192382812,139.34375,175.77227783203125,141.53125,169.17822265625,176.53125,160.38613891601562,211.53125,221.93069458007812,134.96875,237.31683349609375,169.96875,250.50494384765625,202.78125,184.56436157226562,213.71875,186.7623748779297,266.21875,202.1485137939453,303.40625,215.33663940429688,211.53125,215.33663940429688,268.40625,210.94058227539062,318.71875,186.7623748779297,108.71875,195.55445861816406,108.71875,182.3663330078125,110.90625,204.34652709960938,110.90625
188.3564453125,112.96484375,195.00990295410156,137.45703125,172.83168029785156,139.68359375,166.17822265625,177.53515625,163.96038818359375,208.70703125,219.40594482421875,133.00390625,232.71287536621094,168.62890625,243.80197143554688,199.80078125,183.92079162597656,213.16015625,183.92079162597656,268.82421875,197.22772216796875,306.67578125,212.75247192382812,210.93359375,212.75247192382812,268.82421875,212.75247192382812,320.03515625,183.92079162597656,106.28515625,192.79208374023438,106.28515625,179.4851531982422,108.51171875,203.88119506835938,106.28515625
186.07000732421875,110.6484375,195.11000061035156,135.5703125,172.50999450683594,137.8359375,165.72999572753906,176.3515625,161.20999145507812,214.8671875,217.70999145507812,131.0390625,231.26998901367188,167.2890625,238.0500030517578,199.0078125,181.5500030517578,210.3359375,183.80999755859375,271.5078125,192.85000610351562,316.8203125,210.92999267578125,210.3359375,213.19000244140625,269.2421875,210.92999267578125,321.3515625,183.80999755859375,103.8515625,192.85000610351562,103.8515625,177.02999877929688,108.3828125,201.88999938964844,106.1171875
183.60606384277344,109.1953125,192.81817626953125,132.1640625,169.78787231445312,136.7578125,165.18182373046875,175.8046875,165.18182373046875,212.5546875,215.84848022460938,129.8671875,227.36363220214844,164.3203125,231.96969604492188,196.4765625,179.0,210.2578125,179.0,267.6796875,190.51515197753906,320.5078125,211.242431640625,210.2578125,211.242431640625,267.6796875,211.242431640625,322.8046875,181.3030242919922,102.3046875,190.51515197753906,102.3046875,176.69696044921875,106.8984375,199.72726440429688,104.6015625
182.20408630371094,107.7421875,191.5102081298828,131.0234375,170.57142639160156,135.6796875,168.24490356445312,170.6015625,168.24490356445312,207.8515625,214.7755126953125,128.6953125,228.7346954345703,163.6171875,224.08163452148438,196.2109375,177.551025390625,210.1796875,179.87754821777344,270.7109375,184.53060913085938,326.5859375,207.79592895507812,210.1796875,212.448974609375,270.7109375,210.12245178222656,324.2578125,179.87754821777344,103.0859375,186.85714721679688,100.7578125,172.89796447753906,103.0859375,198.48980712890625,103.0859375
180.05154418945312,106.2890625,191.9072265625,129.8828125,168.1958770751953,134.6015625,168.1958770751953,169.9921875,165.82473754882812,205.3828125,215.61856079101562,127.5234375,225.10308837890625,160.5546875,222.73196411132812,191.2265625,177.680419921875,212.4609375,177.680419921875,271.4453125,177.680419921875,328.0703125,208.50515747070312,210.1015625,213.24742126464844,269.0859375,213.24742126464844,323.3515625,177.680419921875,101.5703125,187.16494750976562,99.2109375,172.93814086914062,101.5703125,196.6494903564453,101.5703125
181.1145782470703,104.97265625,190.69790649414062,131.35546875,166.7395782470703,133.75390625,164.34375,167.33203125,-1.0,-1.0,212.26040649414062,128.95703125,221.84375,160.13671875,219.44790649414062,191.31640625,176.32290649414062,212.90234375,176.32290649414062,272.86328125,173.9270782470703,328.02734375,207.46875,210.50390625,214.65625,268.06640625,212.26040649414062,325.62890625,176.32290649414062,100.17578125,183.51040649414062,100.17578125,173.9270782470703,104.97265625,193.09375,100.17578125
178.63157653808594,103.51953125,188.3157958984375,130.24609375,164.10525512695312,135.10546875,161.6842041015625,169.12109375,161.6842041015625,210.42578125,210.10525512695312,127.81640625,219.7894744873047,159.40234375,212.5263214111328,186.12890625,173.7894744873047,212.85546875,176.2105255126953,271.16796875,171.36842346191406,329.48046875,202.84210205078125,210.42578125,212.5263214111328,266.30859375,212.5263214111328,324.62109375,173.7894744873047,101.08984375,181.05262756347656,98.66015625,171.36842346191406,103.51953125,190.73684692382812,98.66015625
173.5806427001953,106.98828125,185.83871459960938,131.59765625,161.3225860595703,134.05859375,158.8709716796875,173.43359375,161.3225860595703,212.80859375,207.90322875976562,124.21484375,217.70968627929688,158.66796875,207.90322875976562,180.81640625,173.5806427001953,215.26953125,171.1290283203125,274.33203125,168.67742919921875,333.39453125,205.4516143798828,212.80859375,210.35484313964844,269.41015625,215.258056640625,323.55078125,168.67742919921875,102.06640625,178.48387145996094,99.60546875,166.22579956054688,102.06640625,188.2903289794922,99.60546875
172.75,103.10546875,182.75,130.51953125,157.75,135.50390625,150.25,172.88671875,155.25,215.25390625,207.75,125.53515625,215.25,157.93359375,205.25,180.36328125,167.75,215.25390625,167.75,277.55859375,170.25,339.86328125,202.75,212.76171875,210.25,272.57421875,215.25,327.40234375,167.75,100.61328125,175.25,98.12109375,162.75,100.61328125,187.75,98.12109375
165.23077392578125,101.828125,177.86813354492188,129.671875,155.12088012695312,134.734375,152.59341430664062,172.703125,155.12088012695312,213.203125,203.14285278320312,122.078125,213.25274658203125,157.515625,200.61538696289062,180.296875,165.23077392578125,215.734375,165.23077392578125,281.546875,167.75823974609375,344.828125,198.08792114257812,213.203125,208.1977996826172,271.421875,215.78021240234375,327.109375,160.1758270263672,99.296875,170.28570556640625,96.765625,155.12088012695312,99.296875,182.92308044433594,94.234375
161.44444274902344,97.84375,174.22222900390625,126.03125,151.22222900390625,131.15625,148.6666717529297,169.59375,148.6666717529297,208.03125,199.77777099609375,120.90625,210.0,156.78125,199.77777099609375,179.84375,158.88888549804688,213.15625,158.88888549804688,282.34375,166.55555725097656,343.84375,192.11111450195312,213.15625,204.88888549804688,272.09375,215.11111450195312,323.34375,158.88888549804688,92.71875,169.11111450195312,92.71875,151.22222900390625,95.28125,179.33334350585938,92.71875
158.93258666992188,96.390625,171.85394287109375,124.921875,146.01123046875,130.109375,143.42697143554688,171.609375,143.42697143554688,210.515625,195.11236572265625,117.140625,210.61798095703125,156.046875,200.28089904785156,181.984375,156.3483123779297,213.109375,156.3483123779297,283.140625,166.68539428710938,345.390625,189.94381713867188,213.109375,202.86517333984375,275.359375,215.78652954101562,322.046875,153.7640380859375,91.203125,164.1011199951172,88.609375,148.5955047607422,93.796875,174.43820190429688,88.609375
155.5,95.07421875,168.68182373046875,121.40234375,142.31817626953125,126.66796875,139.68182373046875,174.05859375,139.68182373046875,213.55078125,195.0454559326172,116.13671875,208.22727966308594,155.62890625,202.95455932617188,187.22265625,152.8636474609375,213.55078125,155.5,284.63671875,166.0454559326172,347.82421875,187.13636779785156,213.55078125,197.68182373046875,274.10546875,210.8636474609375,318.86328125,150.22727966308594,89.80859375,160.77273559570312,87.17578125,144.9545440673828,92.44140625,171.31817626953125,87.17578125
150.11627197265625,90.95703125,166.1627960205078,117.59765625,139.41860961914062,125.58984375,136.7441864013672,173.54296875,136.7441864013672,213.50390625,192.906982421875,112.26953125,206.27908325195312,154.89453125,203.60464477539062,189.52734375,147.44186401367188,216.16796875,155.46511840820312,285.43359375,166.1627960205078,349.37109375,184.88372802734375,213.50390625,192.906982421875,274.77734375,206.27908325195312,320.06640625,144.76744079589844,85.62890625,155.46511840820312,85.62890625,139.41860961914062,85.62890625,168.83721923828125,82.96484375
146.86517333984375,87.98828125,163.31460571289062,115.25390625,135.8988800048828,123.43359375,133.1573028564453,172.51171875,124.93258666992188,213.41015625,190.7303466796875,112.52734375,204.43820190429688,153.42578125,201.69662475585938,188.87109375,146.86517333984375,210.68359375,155.0898895263672,284.30078125,168.79776000976562,347.01171875,182.505615234375,210.68359375,187.98876953125,273.39453125,201.69662475585938,325.19921875,141.38201904296875,82.53515625,152.3483123779297,79.80859375,135.8988800048828,82.53515625,166.05618286132812,79.80859375
146.07608032226562,84.1484375,160.0978240966797,114.9140625,132.05435180664062,120.5078125,129.25,168.0546875,123.64130401611328,212.8046875,188.14129638671875,109.3203125,202.1630401611328,154.0703125,202.1630401611328,190.4296875,146.07608032226562,210.0078125,151.68478393554688,282.7265625,165.70651245117188,349.8515625,179.72825622558594,210.0078125,182.53260803222656,274.3359375,196.55435180664062,327.4765625,140.46739196777344,78.5546875,151.68478393554688,75.7578125,134.85870361328125,81.3515625,165.70651245117188,75.7578125
142.96841430664062,81.1796875,157.28421020507812,112.6328125,125.78947448730469,115.4921875,120.06315612792969,164.1015625,117.19999694824219,204.1328125,185.91580200195312,106.9140625,200.23158264160156,152.6640625,208.82106018066406,189.8359375,142.96841430664062,206.9921875,151.55789184570312,284.1953125,165.87368774414062,347.1015625,177.32632446289062,204.1328125,180.18948364257812,275.6171875,188.77896118164062,335.6640625,137.2421112060547,75.4609375,148.69473266601562,72.6015625,131.5157928466797,75.4609375,163.01052856445312,75.4609375
139.448974609375,78.08203125,154.0408172607422,110.13671875,121.93877410888672,115.96484375,113.18367004394531,162.58984375,110.26530456542969,200.47265625,183.2244873046875,107.22265625,200.7346954345703,153.84765625,215.3265380859375,188.81640625,139.448974609375,209.21484375,154.0408172607422,287.89453125,165.71429443359375,352.00390625,177.38775634765625,206.30078125,174.46939086914062,276.23828125,183.2244873046875,354.91796875,133.61224365234375,72.25390625,148.20408630371094,69.33984375,127.7755126953125,75.16796875,159.87754821777344,69.33984375
139.08999633789062,75.11328125,151.010009765625,107.85546875,118.22999572753906,113.80859375,106.30999755859375,158.45703125,94.38999938964844,203.10546875,180.80999755859375,104.87890625,201.6699981689453,149.52734375,216.57000732421875,191.19921875,139.08999633789062,212.03515625,151.010009765625,286.44921875,162.92999267578125,351.93359375,174.85000610351562,206.08203125,168.88999938964844,277.51953125,177.8300018310547,357.88671875,133.1300048828125,69.16015625,145.0500030517578,69.16015625,124.19000244140625,72.13671875,156.97000122070312,69.16015625
135.0970916748047,73.7578125,150.24270629882812,106.9296875,116.92233276367188,112.9609375,101.77670288085938,155.1796875,89.66019439697266,200.4140625,180.5339813232422,103.9140625,201.7378692626953,149.1484375,219.91261291503906,191.3671875,135.0970916748047,209.4609375,150.24270629882812,287.8671875,165.3883514404297,354.2109375,174.47572326660156,206.4453125,168.41748046875,281.8359375,171.44659423828125,354.2109375,129.03883361816406,67.7265625,144.18446350097656,67.7265625,122.98058319091797,70.7421875,156.30096435546875,67.7265625
132.9065399169922,72.53125,145.16822814941406,106.21875,111.44860076904297,112.34375,96.12149810791016,155.21875,93.05607604980469,222.59375,178.88784790039062,103.15625,200.34579467773438,149.09375,218.7383270263672,191.96875,132.9065399169922,213.40625,148.233642578125,289.96875,160.49533081054688,357.34375,172.75701904296875,207.28125,163.56076049804688,286.90625,169.69158935546875,357.34375,126.77570343017578,66.40625,142.10281372070312,63.34375,120.64485931396484,69.46875,154.36448669433594,66.40625
130.39999389648438,71.17578125,142.83636474609375,108.39453125,108.63636016845703,111.49609375,93.09091186523438,154.91796875,77.54545593261719,189.03515625,177.03636169433594,102.19140625,198.79998779296875,148.71484375,220.56362915039062,192.13671875,130.39999389648438,213.84765625,149.05453491210938,288.28515625,177.03636169433594,356.51953125,167.70909118652344,210.74609375,158.38180541992188,288.28515625,155.27272033691406,359.62109375,124.18181610107422,64.97265625,136.61817932128906,64.97265625,117.96363830566406,68.07421875,152.16363525390625,64.97265625
129.0531005859375,72.9609375,141.58407592773438,107.5078125,107.12389373779297,110.6484375,88.32743835449219,154.6171875,72.6637191772461,186.0234375,176.04425048828125,101.2265625,197.97344970703125,148.3359375,219.90264892578125,192.3046875,125.92035675048828,217.4296875,147.84954833984375,292.8046875,176.04425048828125,352.4765625,163.51327514648438,214.2890625,154.11505126953125,292.8046875,150.9822998046875,368.1796875,122.78761291503906,63.5390625,135.31857299804688,63.5390625,113.3893814086914,69.8203125,150.9822998046875,63.5390625
126.55172729492188,69.3359375,139.2413787841797,107.3984375,104.34483337402344,110.5703125,85.31034851074219,158.1484375,63.10344696044922,186.6953125,174.137939453125,101.0546875,199.51724243164062,148.6328125,221.72413635253906,193.0390625,123.37931060791016,218.4140625,142.41378784179688,294.5390625,174.137939453125,338.9453125,161.44827270507812,215.2421875,151.9310302734375,294.5390625,145.58621215820312,373.8359375,120.20689392089844,62.9921875,132.89654541015625,59.8203125,113.86206817626953,62.9921875,148.7586212158203,59.8203125
125.64705657958984,64.76953125,138.48739624023438,103.30078125,103.17646789550781,106.51171875,83.91596984863281,154.67578125,61.445377349853516,183.57421875,173.79830932617188,100.08984375,199.47898864746094,148.25390625,221.94956970214844,196.41796875,119.22689056396484,215.68359375,135.27731323242188,295.95703125,170.58822631835938,340.91015625,157.74789428710938,215.68359375,148.11764526367188,299.16796875,148.11764526367188,379.44140625,119.22689056396484,58.34765625,132.06723022460938,58.34765625,109.59663391113281,58.34765625,148.11764526367188,58.34765625
120.53845977783203,59.78515625,136.6923065185547,98.50390625,97.92308044433594,104.95703125,81.76922607421875,153.35546875,59.153846740722656,182.39453125,172.23077392578125,95.27734375,198.07691955566406,146.90234375,220.6923065185547,192.07421875,117.30769348144531,214.66015625,130.23077392578125,298.55078125,169.0,343.72265625,159.3076934814453,211.43359375,152.84616088867188,295.32421875,152.84616088867188,379.21484375,117.30769348144531,53.33203125,130.23077392578125,50.10546875,107.61538696289062,56.55859375,146.38461303710938,53.33203125
117.99137878417969,55.6640625,130.887939453125,94.4765625,95.42241668701172,97.7109375,82.52586364746094,149.4609375,56.732757568359375,181.8046875,169.5775909423828,94.4765625,198.59483337402344,146.2265625,217.93966674804688,191.5078125,114.76724243164062,214.1484375,124.43965911865234,301.4765625,153.4569091796875,337.0546875,156.6810302734375,210.9140625,150.23275756835938,298.2421875,150.23275756835938,382.3359375,111.54310607910156,49.1953125,124.43965911865234,45.9609375,105.0948257446289,55.6640625,143.78448486328125,49.1953125
112.89473724365234,50.625,129.122802734375,92.875,93.42105102539062,92.875,80.4385986328125,144.875,54.47368621826172,187.125,168.07017517089844,89.625,194.03509521484375,144.875,210.26315307617188,187.125,109.64912414550781,216.375,112.89473724365234,304.125,145.3508758544922,336.625,155.0877227783203,209.875,148.59649658203125,300.875,148.59649658203125,385.375,109.64912414550781,44.125,119.3859634399414,44.125,-1.0,-1.0,138.85964965820312,44.125
111.34233856201172,45.5546875,124.45945739746094,84.7421875,88.38739013671875,88.0078125,75.27027130126953,143.5234375,52.31531524658203,195.7734375,160.53152465820312,81.4765625,190.0450439453125,143.5234375,203.1621551513672,185.9765625,104.78378295898438,215.3671875,108.06306457519531,303.5390625,137.57656860351562,339.4609375,150.69369506835938,208.8359375,150.69369506835938,300.2734375,147.41441345214844,385.1796875,104.78378295898438,39.0234375,114.62162017822266,39.0234375,-1.0,-1.0,137.57656860351562,39.0234375
103.5412826538086,38.09765625,119.96330261230469,80.65234375,80.55046081542969,83.92578125,70.69725036621094,142.84765625,47.7064208984375,195.22265625,159.3761444091797,80.65234375,185.6513671875,139.57421875,198.7889862060547,185.40234375,96.97247314453125,208.31640625,96.97247314453125,299.97265625,139.6697235107422,355.62109375,146.238525390625,205.04296875,146.238525390625,303.24609375,142.95413208007812,385.08203125,96.97247314453125,31.55078125,110.11009216308594,31.55078125,-1.0,-1.0,129.81651306152344,31.55078125
97.75,36.24609375,114.13888549804688,79.00390625,74.80555725097656,82.29296875,64.97222137451172,144.78515625,55.138885498046875,197.41015625,153.4722137451172,72.42578125,176.41665649414062,134.91796875,189.52777099609375,187.54296875,91.19444274902344,207.27734375,87.91666412353516,302.66015625,120.69444274902344,365.15234375,143.63888549804688,207.27734375,143.63888549804688,305.94921875,143.63888549804688,388.17578125,91.19444274902344,26.37890625,104.30554962158203,26.37890625,-1.0,-1.0,123.97222137451172,26.37890625
89.3396224975586,31.08984375,109.15093994140625,74.05078125,69.52830505371094,77.35546875,62.924530029296875,143.44921875,53.01886749267578,199.62890625,148.77359008789062,67.44140625,168.58489990234375,130.23046875,175.1886749267578,189.71484375,82.73584747314453,209.54296875,79.4339599609375,305.37890625,112.45282745361328,381.38671875,135.5660400390625,206.23828125,142.16981506347656,305.37890625,142.16981506347656,394.60546875,82.73584747314453,24.48046875,99.24528503417969,21.17578125,-1.0,-1.0,115.75471496582031,24.48046875
84.2019271850586,26.84375,100.83654022216797,73.21875,60.9134635925293,76.53125,54.25961685180664,146.09375,54.25961685180664,205.71875,144.0865478515625,66.59375,160.72116088867188,129.53125,164.04808044433594,185.84375,74.22115325927734,209.03125,70.89422607421875,311.71875,97.50961303710938,394.53125,130.77883911132812,209.03125,137.4326934814453,308.40625,137.4326934814453,401.15625,74.22115325927734,20.21875,90.85577392578125,20.21875,-1.0,-1.0,110.81730651855469,20.21875
73.42718505859375,24.9609375,93.3495101928711,68.2265625,53.504852294921875,74.8828125,43.5436897277832,134.7890625,46.864078521728516,198.0234375,133.19418334960938,61.5703125,149.79611206054688,128.1328125,146.47572326660156,184.7109375,63.46601867675781,208.0078125,63.46601867675781,314.5078125,80.06796264648438,424.3359375,119.9126205444336,208.0078125,133.19418334960938,311.1796875,133.19418334960938,401.0390625,63.46601867675781,18.3046875,80.06796264648438,14.9765625,-1.0,-1.0,99.99028778076172,14.9765625
66.33332824707031,21.6328125,86.33332824707031,64.8984375,43.0,71.5546875,39.666664123535156,134.7890625,29.66666603088379,181.3828125,126.33332824707031,61.5703125,139.66665649414062,124.8046875,133.0,178.0546875,56.33333206176758,214.6640625,56.33333206176758,324.4921875,59.666664123535156,424.3359375,113.0,214.6640625,129.66665649414062,314.5078125,129.66665649414062,407.6953125,56.33333206176758,14.9765625,73.0,1.6640625,49.666664123535156,18.3046875,93.0,1.6640625
52.03125,18.3046875,75.21875,64.8984375,32.15625,71.5546875,28.84375,141.4453125,22.21875,178.0546875,114.96875,58.2421875,128.21875,124.8046875,114.96875,174.7265625,45.40625,217.9921875,45.40625,327.8203125,42.09375,424.3359375,101.71875,214.6640625,121.59375,321.1640625,124.90625,424.3359375,45.40625,1.6640625,61.96875,1.6640625,-1.0,-1.0,81.84375,1.6640625
34.923912048339844,1.6640625,61.53260803222656,64.8984375,14.967391967773438,74.8828125,14.967391967773438,141.4453125,-1.0,-1.0,104.77174377441406,58.2421875,118.07608795166016,124.8046875,94.7934799194336,168.0703125,34.923912048339844,221.3203125,31.59782600402832,331.1484375,18.29347801208496,424.3359375,98.11956787109375,221.3203125,114.75,324.4921875,124.72826385498047,411.0234375,31.59782600402832,1.6640625,44.90217590332031,1.6640625,-1.0,-1.0,68.18478393554688,1.6640625
18.29347801208496,1.6640625,51.55434799194336,61.5703125,8.315217971801758,68.2265625,-1.0,-1.0,-1.0,-1.0,94.7934799194336,51.5859375,108.09782409667969,124.8046875,81.48912811279297,164.7421875,21.619565963745117,217.9921875,14.967391967773438,334.4765625,-1.0,-1.0,98.11956787109375,208.0078125,111.42391204833984,327.8203125,121.40217590332031,424.3359375,14.967391967773438,1.6640625,31.59782600402832,1.6640625,-1.0,-1.0,54.880435943603516,1.6640625
