240.39999389648438,202.6953125,245.74545288085938,211.6015625,240.39999389648438,212.4921875,232.38182067871094,218.7265625,227.92727661132812,215.1640625,251.09091186523438,211.6015625,251.09091186523438,225.8515625,239.50909423828125,231.1953125,242.18182373046875,237.4296875,243.07272338867188,257.0234375,243.07272338867188,275.7265625,247.5272674560547,238.3203125,243.07272338867188,257.0234375,250.1999969482422,277.5078125,240.39999389648438,201.8046875,242.18182373046875,200.9140625,-1.0,-1.0,245.74545288085938,201.8046875
240.39999389648438,202.6953125,244.85455322265625,211.6015625,239.50909423828125,212.4921875,240.39999389648438,224.9609375,-1.0,-1.0,250.1999969482422,211.6015625,251.09091186523438,225.8515625,237.72726440429688,231.1953125,241.29090881347656,237.4296875,244.85455322265625,257.0234375,245.74545288085938,275.7265625,247.5272674560547,238.3203125,242.18182373046875,257.0234375,242.18182373046875,275.7265625,240.39999389648438,201.8046875,241.29090881347656,200.9140625,-1.0,-1.0,245.74545288085938,201.8046875
240.39999389648438,202.6953125,244.85455322265625,211.6015625,239.50909423828125,212.4921875,232.38182067871094,218.7265625,227.92727661132812,215.1640625,250.1999969482422,210.7109375,251.9818115234375,224.9609375,240.39999389648438,231.1953125,241.29090881347656,237.4296875,246.63636779785156,257.9140625,250.1999969482422,277.5078125,247.5272674560547,237.4296875,242.18182373046875,257.0234375,242.18182373046875,275.7265625,240.39999389648438,201.8046875,241.29090881347656,200.9140625,-1.0,-1.0,245.74545288085938,201.8046875
240.80357360839844,203.5859375,245.26785278320312,211.6015625,239.91070556640625,212.4921875,232.76785278320312,217.8359375,227.41070556640625,214.2734375,250.625,210.7109375,252.41070556640625,224.9609375,239.91070556640625,231.1953125,241.69642639160156,236.5390625,247.05357360839844,257.9140625,250.625,276.6171875,247.05357360839844,237.4296875,241.69642639160156,257.0234375,242.58929443359375,275.7265625,240.80357360839844,201.8046875,241.69642639160156,201.8046875,-1.0,-1.0,245.26785278320312,202.6953125
240.80357360839844,203.5859375,245.26785278320312,211.6015625,239.91070556640625,212.4921875,231.875,217.8359375,227.41070556640625,215.1640625,250.625,211.6015625,252.41070556640625,224.9609375,240.80357360839844,231.1953125,241.69642639160156,236.5390625,247.05357360839844,257.9140625,250.625,276.6171875,247.05357360839844,236.5390625,241.69642639160156,257.0234375,242.58929443359375,275.7265625,240.80357360839844,202.6953125,241.69642639160156,201.8046875,-1.0,-1.0,245.26785278320312,202.6953125
240.80357360839844,203.5859375,245.26785278320312,211.6015625,239.91070556640625,211.6015625,231.875,217.8359375,227.41070556640625,216.0546875,250.625,210.7109375,252.41070556640625,224.0703125,240.80357360839844,230.3046875,241.69642639160156,236.5390625,247.05357360839844,257.9140625,250.625,277.5078125,247.94642639160156,237.4296875,241.69642639160156,257.0234375,242.58929443359375,275.7265625,240.80357360839844,202.6953125,242.58929443359375,201.8046875,-1.0,-1.0,245.26785278320312,202.6953125
240.80357360839844,203.5859375,245.26785278320312,211.6015625,240.80357360839844,211.6015625,232.76785278320312,216.9453125,232.76785278320312,215.1640625,250.625,210.7109375,252.41070556640625,224.0703125,240.80357360839844,230.3046875,242.58929443359375,236.5390625,247.05357360839844,257.0234375,250.625,277.5078125,247.94642639160156,236.5390625,240.80357360839844,256.1328125,242.58929443359375,275.7265625,-1.0,-1.0,242.58929443359375,201.8046875,-1.0,-1.0,245.26785278320312,201.8046875
240.48695373535156,204.4765625,245.80870056152344,211.6015625,241.37391662597656,211.6015625,232.5043487548828,216.9453125,232.5043487548828,215.1640625,250.24346923828125,211.6015625,252.9043426513672,224.0703125,241.37391662597656,230.3046875,242.2608642578125,236.5390625,246.69564819335938,257.0234375,250.24346923828125,276.6171875,246.69564819335938,236.5390625,240.48695373535156,256.1328125,242.2608642578125,275.7265625,-1.0,-1.0,242.2608642578125,202.6953125,-1.0,-1.0,244.92173767089844,201.8046875
240.48695373535156,204.4765625,245.80870056152344,211.6015625,241.37391662597656,211.6015625,238.71304321289062,218.7265625,-1.0,-1.0,250.24346923828125,211.6015625,252.9043426513672,224.0703125,241.37391662597656,230.3046875,242.2608642578125,236.5390625,246.69564819335938,257.0234375,250.24346923828125,275.7265625,246.69564819335938,236.5390625,241.37391662597656,256.1328125,242.2608642578125,275.7265625,-1.0,-1.0,242.2608642578125,202.6953125,-1.0,-1.0,244.92173767089844,202.6953125
240.48695373535156,204.4765625,245.80870056152344,211.6015625,241.37391662597656,211.6015625,233.39129638671875,216.0546875,-1.0,-1.0,250.24346923828125,211.6015625,252.01739501953125,224.0703125,241.37391662597656,230.3046875,242.2608642578125,236.5390625,246.69564819335938,257.0234375,250.24346923828125,275.7265625,246.69564819335938,236.5390625,241.37391662597656,256.1328125,242.2608642578125,275.7265625,-1.0,-1.0,-1.0,-1.0,-1.0,-1.0,244.92173767089844,201.8046875
240.48695373535156,203.5859375,245.80870056152344,211.6015625,241.37391662597656,211.6015625,232.5043487548828,216.0546875,-1.0,-1.0,250.24346923828125,211.6015625,252.9043426513672,224.0703125,241.37391662597656,230.3046875,243.1478271484375,236.5390625,246.69564819335938,257.0234375,250.24346923828125,275.7265625,247.58261108398438,236.5390625,241.37391662597656,256.1328125,242.2608642578125,275.7265625,-1.0,-1.0,-1.0,-1.0,-1.0,-1.0,244.92173767089844,201.8046875
240.0,203.5859375,245.3333282470703,211.6015625,240.88888549804688,211.6015625,232.88888549804688,216.9453125,-1.0,-1.0,249.77777099609375,211.6015625,252.44444274902344,224.0703125,241.77777099609375,230.3046875,241.77777099609375,236.5390625,246.22222900390625,257.0234375,250.6666717529297,275.7265625,247.11111450195312,236.5390625,240.88888549804688,256.1328125,241.77777099609375,275.7265625,-1.0,-1.0,241.77777099609375,201.8046875,248.88888549804688,201.8046875,244.44444274902344,201.8046875
240.0,203.5859375,245.3333282470703,211.6015625,240.88888549804688,211.6015625,232.88888549804688,216.9453125,-1.0,-1.0,249.77777099609375,211.6015625,252.44444274902344,224.0703125,241.77777099609375,230.3046875,241.77777099609375,236.5390625,247.11111450195312,257.9140625,250.6666717529297,276.6171875,247.11111450195312,236.5390625,240.88888549804688,256.1328125,241.77777099609375,275.7265625,-1.0,-1.0,241.77777099609375,202.6953125,248.0,202.6953125,244.44444274902344,202.6953125
240.0,203.5859375,245.3333282470703,211.6015625,240.0,211.6015625,232.88888549804688,216.0546875,227.55555725097656,213.3828125,249.77777099609375,211.6015625,252.44444274902344,224.0703125,241.77777099609375,230.3046875,241.77777099609375,236.5390625,247.11111450195312,257.9140625,249.77777099609375,275.7265625,247.11111450195312,236.5390625,240.0,256.1328125,240.88888549804688,275.7265625,-1.0,-1.0,240.88888549804688,202.6953125,-1.0,-1.0,244.44444274902344,202.6953125
240.0,203.5859375,245.3333282470703,211.6015625,240.0,211.6015625,232.0,216.0546875,227.55555725097656,213.3828125,249.77777099609375,211.6015625,252.44444274902344,224.0703125,241.77777099609375,230.3046875,241.77777099609375,236.5390625,247.11111450195312,257.9140625,249.77777099609375,277.5078125,247.11111450195312,237.4296875,240.0,257.0234375,240.0,275.7265625,-1.0,-1.0,240.88888549804688,201.8046875,-1.0,-1.0,244.44444274902344,201.8046875
239.51260375976562,203.5859375,244.85714721679688,211.6015625,240.4033660888672,211.6015625,230.60504150390625,216.0546875,226.15126037597656,214.2734375,249.31092834472656,211.6015625,251.98318481445312,224.9609375,241.2941131591797,230.3046875,242.18487548828125,236.5390625,246.63865661621094,258.8046875,250.20167541503906,278.3984375,246.63865661621094,237.4296875,240.4033660888672,257.9140625,239.51260375976562,276.6171875,-1.0,-1.0,240.4033660888672,201.8046875,-1.0,-1.0,243.9663848876953,201.8046875
239.51260375976562,203.5859375,244.85714721679688,211.6015625,241.2941131591797,211.6015625,231.4958038330078,216.0546875,223.47898864746094,215.1640625,249.31092834472656,211.6015625,251.98318481445312,224.9609375,241.2941131591797,230.3046875,242.18487548828125,236.5390625,246.63865661621094,258.8046875,250.20167541503906,278.3984375,246.63865661621094,237.4296875,240.4033660888672,257.9140625,239.51260375976562,276.6171875,-1.0,-1.0,241.2941131591797,201.8046875,-1.0,-1.0,243.9663848876953,202.6953125
239.51260375976562,203.5859375,244.85714721679688,211.6015625,240.4033660888672,210.7109375,230.60504150390625,216.0546875,221.69747924804688,216.0546875,249.31092834472656,211.6015625,251.98318481445312,224.9609375,241.2941131591797,231.1953125,242.18487548828125,237.4296875,246.63865661621094,259.6953125,250.20167541503906,278.3984375,245.74789428710938,237.4296875,240.4033660888672,257.9140625,240.4033660888672,276.6171875,-1.0,-1.0,241.2941131591797,201.8046875,-1.0,-1.0,243.9663848876953,201.8046875
239.51260375976562,203.5859375,243.9663848876953,211.6015625,239.51260375976562,210.7109375,230.60504150390625,216.0546875,218.13446044921875,216.9453125,249.31092834472656,211.6015625,251.98318481445312,224.9609375,241.2941131591797,231.1953125,241.2941131591797,237.4296875,246.63865661621094,259.6953125,250.20167541503906,278.3984375,245.74789428710938,237.4296875,240.4033660888672,257.9140625,239.51260375976562,276.6171875,-1.0,-1.0,241.2941131591797,201.8046875,-1.0,-1.0,243.9663848876953,201.8046875
239.02479553222656,203.5859375,244.38015747070312,211.6015625,239.9173583984375,211.6015625,230.0991668701172,216.0546875,218.49586486816406,216.9453125,248.8429718017578,211.6015625,251.52066040039062,225.8515625,240.80992126464844,231.1953125,240.80992126464844,237.4296875,247.05784606933594,259.6953125,250.6280975341797,278.3984375,245.27273559570312,238.3203125,239.9173583984375,258.8046875,239.02479553222656,278.3984375,-1.0,-1.0,239.9173583984375,201.8046875,-1.0,-1.0,243.48760986328125,202.6953125
238.13223266601562,203.5859375,244.38015747070312,211.6015625,239.9173583984375,211.6015625,230.0991668701172,216.0546875,223.8512420654297,215.1640625,248.8429718017578,211.6015625,251.52066040039062,224.9609375,239.9173583984375,231.1953125,240.80992126464844,237.4296875,246.165283203125,259.6953125,250.6280975341797,278.3984375,245.27273559570312,237.4296875,239.02479553222656,258.8046875,238.13223266601562,279.2890625,-1.0,-1.0,239.9173583984375,201.8046875,-1.0,-1.0,243.48760986328125,202.6953125
238.13223266601562,203.5859375,243.48760986328125,211.6015625,239.02479553222656,211.6015625,230.0991668701172,216.0546875,225.63636779785156,214.2734375,247.95040893554688,211.6015625,252.41322326660156,224.9609375,240.80992126464844,231.1953125,239.9173583984375,237.4296875,245.27273559570312,258.8046875,249.73553466796875,278.3984375,245.27273559570312,237.4296875,238.13223266601562,258.8046875,237.2396697998047,279.2890625,239.02479553222656,201.8046875,239.9173583984375,201.8046875,-1.0,-1.0,243.48760986328125,202.6953125
238.13223266601562,203.5859375,243.48760986328125,211.6015625,238.13223266601562,211.6015625,230.0991668701172,216.0546875,226.5289306640625,213.3828125,247.95040893554688,211.6015625,251.52066040039062,224.9609375,239.02479553222656,231.1953125,239.02479553222656,237.4296875,244.38015747070312,257.9140625,249.73553466796875,278.3984375,244.38015747070312,237.4296875,238.13223266601562,258.8046875,237.2396697998047,279.2890625,-1.0,-1.0,239.02479553222656,201.8046875,-1.0,-1.0,242.59503173828125,202.6953125
237.3790283203125,203.5859375,242.7016143798828,211.6015625,238.26612854003906,211.6015625,230.28225708007812,215.1640625,225.84677124023438,211.6015625,247.13710021972656,211.6015625,249.7983856201172,225.8515625,237.3790283203125,231.1953125,239.15322875976562,238.3203125,244.47579956054688,258.8046875,249.7983856201172,278.3984375,243.58871459960938,238.3203125,237.3790283203125,258.8046875,237.3790283203125,279.2890625,-1.0,-1.0,239.15322875976562,200.9140625,-1.0,-1.0,242.7016143798828,201.8046875
238.26612854003906,203.5859375,242.7016143798828,211.6015625,238.26612854003906,210.7109375,230.28225708007812,215.1640625,226.73387145996094,212.4921875,247.13710021972656,211.6015625,249.7983856201172,224.9609375,237.3790283203125,231.1953125,238.26612854003906,237.4296875,242.7016143798828,257.9140625,249.7983856201172,278.3984375,243.58871459960938,237.4296875,237.3790283203125,258.8046875,236.491943359375,279.2890625,238.26612854003906,201.8046875,240.04031372070312,201.8046875,-1.0,-1.0,243.58871459960938,202.6953125
237.3790283203125,203.5859375,241.81451416015625,211.6015625,237.3790283203125,210.7109375,228.508056640625,215.1640625,220.52420043945312,216.0546875,247.13710021972656,212.4921875,248.91128540039062,225.8515625,236.491943359375,231.1953125,236.491943359375,237.4296875,242.7016143798828,258.8046875,249.7983856201172,278.3984375,242.7016143798828,237.4296875,237.3790283203125,258.8046875,236.491943359375,279.2890625,238.26612854003906,201.8046875,238.26612854003906,201.8046875,-1.0,-1.0,241.81451416015625,202.6953125
236.491943359375,203.5859375,241.81451416015625,211.6015625,236.491943359375,210.7109375,228.508056640625,216.0546875,219.63710021972656,216.9453125,246.25,212.4921875,248.91128540039062,224.9609375,236.491943359375,231.1953125,236.491943359375,237.4296875,242.7016143798828,258.8046875,248.91128540039062,279.2890625,241.81451416015625,237.4296875,236.491943359375,259.6953125,236.491943359375,280.1796875,237.3790283203125,201.8046875,237.3790283203125,201.8046875,-1.0,-1.0,240.9274139404297,202.6953125
235.11111450195312,203.5859375,240.44444274902344,211.6015625,236.0,210.7109375,227.11111450195312,216.0546875,218.22222900390625,216.9453125,246.6666717529297,212.4921875,248.44444274902344,224.9609375,236.0,231.1953125,236.0,236.5390625,242.22222900390625,258.8046875,249.3333282470703,277.5078125,241.3333282470703,237.4296875,236.0,259.6953125,236.88888549804688,278.3984375,236.0,200.9140625,236.0,201.8046875,-1.0,-1.0,240.44444274902344,202.6953125
234.22222900390625,202.6953125,240.44444274902344,211.6015625,235.11111450195312,210.7109375,226.22222900390625,216.0546875,217.3333282470703,216.0546875,245.77777099609375,212.4921875,247.55555725097656,224.9609375,235.11111450195312,231.1953125,235.11111450195312,236.5390625,242.22222900390625,258.8046875,249.3333282470703,276.6171875,241.3333282470703,236.5390625,236.0,258.8046875,236.88888549804688,278.3984375,-1.0,-1.0,236.0,201.8046875,-1.0,-1.0,238.6666717529297,201.8046875
234.22222900390625,202.6953125,240.44444274902344,211.6015625,235.11111450195312,210.7109375,226.22222900390625,216.9453125,217.3333282470703,216.0546875,245.77777099609375,211.6015625,246.6666717529297,224.9609375,234.22222900390625,231.1953125,235.11111450195312,236.5390625,241.3333282470703,258.8046875,248.44444274902344,275.7265625,240.44444274902344,236.5390625,236.0,258.8046875,236.88888549804688,277.5078125,-1.0,-1.0,236.0,200.9140625,-1.0,-1.0,239.55555725097656,201.8046875
233.3333282470703,202.6953125,239.55555725097656,210.7109375,234.22222900390625,210.7109375,225.3333282470703,216.9453125,217.3333282470703,216.0546875,244.88888549804688,211.6015625,245.77777099609375,224.9609375,234.22222900390625,231.1953125,233.3333282470703,236.5390625,240.44444274902344,257.9140625,248.44444274902344,275.7265625,240.44444274902344,236.5390625,235.11111450195312,258.8046875,236.88888549804688,277.5078125,-1.0,-1.0,236.0,200.0234375,-1.0,-1.0,239.55555725097656,200.9140625
233.3333282470703,202.6953125,238.6666717529297,211.6015625,233.3333282470703,210.7109375,225.3333282470703,216.9453125,217.3333282470703,216.0546875,244.0,211.6015625,245.77777099609375,224.9609375,234.22222900390625,231.1953125,233.3333282470703,236.5390625,236.0,257.9140625,237.77777099609375,277.5078125,239.55555725097656,237.4296875,236.0,257.9140625,247.55555725097656,275.7265625,235.11111450195312,200.0234375,235.11111450195312,200.0234375,-1.0,-1.0,238.6666717529297,200.9140625
233.3333282470703,202.6953125,238.6666717529297,211.6015625,233.3333282470703,210.7109375,225.3333282470703,216.9453125,217.3333282470703,216.0546875,244.0,211.6015625,244.88888549804688,225.8515625,233.3333282470703,231.1953125,232.44444274902344,236.5390625,234.22222900390625,258.8046875,237.77777099609375,277.5078125,239.55555725097656,237.4296875,236.88888549804688,257.9140625,247.55555725097656,274.8359375,235.11111450195312,200.0234375,235.11111450195312,200.0234375,-1.0,-1.0,238.6666717529297,200.9140625
233.3333282470703,202.6953125,238.6666717529297,211.6015625,233.3333282470703,210.7109375,224.44444274902344,216.9453125,216.44444274902344,216.0546875,244.0,212.4921875,244.88888549804688,225.8515625,233.3333282470703,231.1953125,231.55555725097656,236.5390625,236.0,257.9140625,246.6666717529297,274.8359375,238.6666717529297,237.4296875,235.11111450195312,257.9140625,237.77777099609375,275.7265625,234.22222900390625,200.9140625,235.11111450195312,200.9140625,-1.0,-1.0,238.6666717529297,200.9140625
233.3333282470703,203.5859375,237.77777099609375,211.6015625,232.44444274902344,210.7109375,223.55555725097656,216.0546875,217.3333282470703,216.0546875,244.0,212.4921875,244.88888549804688,225.8515625,232.44444274902344,231.1953125,231.55555725097656,236.5390625,235.11111450195312,257.9140625,237.77777099609375,277.5078125,238.6666717529297,236.5390625,236.0,257.9140625,245.77777099609375,274.8359375,235.11111450195312,200.9140625,234.22222900390625,200.9140625,-1.0,-1.0,237.77777099609375,201.8046875
232.44444274902344,203.5859375,237.77777099609375,211.6015625,231.55555725097656,210.7109375,223.55555725097656,216.0546875,216.44444274902344,215.1640625,243.11111450195312,211.6015625,244.0,225.8515625,232.44444274902344,231.1953125,231.55555725097656,236.5390625,234.22222900390625,257.0234375,236.88888549804688,278.3984375,238.6666717529297,237.4296875,235.11111450195312,257.0234375,245.77777099609375,274.8359375,232.44444274902344,200.9140625,233.3333282470703,201.8046875,-1.0,-1.0,236.88888549804688,201.8046875
230.6666717529297,203.5859375,237.77777099609375,211.6015625,232.44444274902344,211.6015625,223.55555725097656,216.0546875,217.3333282470703,215.1640625,243.11111450195312,212.4921875,244.0,225.8515625,231.55555725097656,232.0859375,231.55555725097656,237.4296875,235.11111450195312,257.0234375,245.77777099609375,275.7265625,238.6666717529297,237.4296875,234.22222900390625,257.9140625,236.88888549804688,278.3984375,-1.0,-1.0,232.44444274902344,201.8046875,-1.0,-1.0,236.0,201.8046875
230.6666717529297,203.5859375,237.77777099609375,211.6015625,233.3333282470703,211.6015625,228.88888549804688,220.5078125,-1.0,-1.0,242.22222900390625,211.6015625,244.0,225.8515625,231.55555725097656,232.0859375,232.44444274902344,236.5390625,234.22222900390625,257.0234375,244.0,274.8359375,238.6666717529297,237.4296875,235.11111450195312,257.0234375,236.88888549804688,278.3984375,-1.0,-1.0,232.44444274902344,201.8046875,-1.0,-1.0,236.0,201.8046875
229.77777099609375,203.5859375,237.77777099609375,211.6015625,232.44444274902344,211.6015625,228.88888549804688,221.3984375,-1.0,-1.0,242.22222900390625,211.6015625,244.0,225.8515625,231.55555725097656,231.1953125,232.44444274902344,236.5390625,233.3333282470703,257.9140625,242.22222900390625,275.7265625,237.77777099609375,237.4296875,235.11111450195312,257.9140625,237.77777099609375,277.5078125,-1.0,-1.0,230.6666717529297,201.8046875,-1.0,-1.0,235.11111450195312,201.8046875
229.77777099609375,203.5859375,236.88888549804688,211.6015625,231.55555725097656,211.6015625,223.55555725097656,215.1640625,218.22222900390625,215.1640625,242.22222900390625,212.4921875,243.11111450195312,225.8515625,231.55555725097656,231.1953125,231.55555725097656,236.5390625,233.3333282470703,257.9140625,239.55555725097656,275.7265625,237.77777099609375,236.5390625,235.11111450195312,257.9140625,238.6666717529297,276.6171875,-1.0,-1.0,230.6666717529297,201.8046875,-1.0,-1.0,235.11111450195312,201.8046875
229.77777099609375,203.5859375,236.0,211.6015625,230.6666717529297,210.7109375,223.55555725097656,215.1640625,217.3333282470703,215.1640625,242.22222900390625,211.6015625,243.11111450195312,225.8515625,231.55555725097656,231.1953125,231.55555725097656,236.5390625,232.44444274902344,257.0234375,240.44444274902344,274.8359375,237.77777099609375,236.5390625,234.22222900390625,257.0234375,237.77777099609375,277.5078125,-1.0,-1.0,231.55555725097656,201.8046875,-1.0,-1.0,236.0,201.8046875
229.77777099609375,203.5859375,236.0,211.6015625,230.6666717529297,210.7109375,222.6666717529297,215.1640625,217.3333282470703,215.1640625,241.3333282470703,212.4921875,243.11111450195312,225.8515625,231.55555725097656,232.0859375,231.55555725097656,236.5390625,232.44444274902344,257.9140625,236.0,276.6171875,237.77777099609375,236.5390625,234.22222900390625,257.0234375,238.6666717529297,276.6171875,-1.0,-1.0,230.6666717529297,201.8046875,-1.0,-1.0,235.11111450195312,201.8046875
229.77777099609375,203.5859375,236.0,211.6015625,230.6666717529297,210.7109375,222.6666717529297,215.1640625,216.44444274902344,215.1640625,241.3333282470703,212.4921875,243.11111450195312,225.8515625,231.55555725097656,232.0859375,230.6666717529297,236.5390625,232.44444274902344,257.9140625,239.55555725097656,275.7265625,237.77777099609375,236.5390625,235.11111450195312,257.9140625,237.77777099609375,277.5078125,-1.0,-1.0,230.6666717529297,201.8046875,-1.0,-1.0,235.11111450195312,201.8046875
229.77777099609375,203.5859375,236.0,211.6015625,230.6666717529297,210.7109375,222.6666717529297,214.2734375,216.44444274902344,215.1640625,241.3333282470703,212.4921875,243.11111450195312,225.8515625,231.55555725097656,232.0859375,230.6666717529297,236.5390625,232.44444274902344,257.0234375,238.6666717529297,275.7265625,237.77777099609375,236.5390625,235.11111450195312,257.0234375,236.88888549804688,277.5078125,-1.0,-1.0,231.55555725097656,201.8046875,-1.0,-1.0,235.11111450195312,201.8046875
229.77777099609375,203.5859375,236.0,211.6015625,230.6666717529297,210.7109375,222.6666717529297,215.1640625,216.44444274902344,215.1640625,241.3333282470703,212.4921875,243.11111450195312,225.8515625,232.44444274902344,231.1953125,230.6666717529297,236.5390625,232.44444274902344,257.0234375,238.6666717529297,274.8359375,237.77777099609375,236.5390625,235.11111450195312,257.0234375,236.88888549804688,278.3984375,230.6666717529297,201.8046875,231.55555725097656,201.8046875,-1.0,-1.0,235.11111450195312,201.8046875
230.6666717529297,203.5859375,236.0,211.6015625,230.6666717529297,210.7109375,222.6666717529297,214.2734375,216.44444274902344,215.1640625,241.3333282470703,212.4921875,243.11111450195312,225.8515625,232.44444274902344,231.1953125,230.6666717529297,237.4296875,232.44444274902344,258.8046875,236.0,278.3984375,237.77777099609375,237.4296875,235.11111450195312,257.9140625,236.88888549804688,279.2890625,230.6666717529297,201.8046875,231.55555725097656,201.8046875,-1.0,-1.0,236.0,201.8046875
230.6666717529297,203.5859375,236.0,211.6015625,230.6666717529297,210.7109375,222.6666717529297,214.2734375,217.3333282470703,215.1640625,241.3333282470703,212.4921875,243.11111450195312,225.8515625,232.44444274902344,231.1953125,230.6666717529297,237.4296875,232.44444274902344,258.8046875,236.0,277.5078125,237.77777099609375,237.4296875,235.11111450195312,258.8046875,236.88888549804688,280.1796875,230.6666717529297,201.8046875,231.55555725097656,201.8046875,-1.0,-1.0,236.0,201.8046875
230.6666717529297,203.5859375,236.0,211.6015625,230.6666717529297,210.7109375,222.6666717529297,214.2734375,217.3333282470703,215.1640625,241.3333282470703,212.4921875,244.0,225.8515625,232.44444274902344,231.1953125,230.6666717529297,237.4296875,231.55555725097656,258.8046875,231.55555725097656,272.1640625,237.77777099609375,237.4296875,235.11111450195312,259.6953125,236.88888549804688,280.1796875,230.6666717529297,202.6953125,231.55555725097656,201.8046875,-1.0,-1.0,236.0,201.8046875
230.6666717529297,204.4765625,236.0,211.6015625,230.6666717529297,210.7109375,222.6666717529297,214.2734375,217.3333282470703,215.1640625,241.3333282470703,212.4921875,244.0,225.8515625,232.44444274902344,231.1953125,229.77777099609375,237.4296875,231.55555725097656,258.8046875,231.55555725097656,272.1640625,237.77777099609375,237.4296875,235.11111450195312,259.6953125,236.88888549804688,281.0703125,231.55555725097656,202.6953125,231.55555725097656,201.8046875,-1.0,-1.0,236.0,201.8046875
230.6666717529297,204.4765625,236.0,211.6015625,231.55555725097656,210.7109375,223.55555725097656,214.2734375,217.3333282470703,215.1640625,241.3333282470703,212.4921875,244.0,225.8515625,232.44444274902344,231.1953125,230.6666717529297,237.4296875,231.55555725097656,258.8046875,234.22222900390625,277.5078125,237.77777099609375,237.4296875,235.11111450195312,259.6953125,236.88888549804688,281.0703125,231.55555725097656,202.6953125,232.44444274902344,201.8046875,-1.0,-1.0,236.88888549804688,202.6953125
232.44444274902344,203.5859375,236.0,211.6015625,231.55555725097656,210.7109375,222.6666717529297,214.2734375,217.3333282470703,215.1640625,241.3333282470703,212.4921875,244.0,225.8515625,232.44444274902344,231.1953125,230.6666717529297,237.4296875,232.44444274902344,258.8046875,233.3333282470703,276.6171875,237.77777099609375,237.4296875,235.11111450195312,259.6953125,236.88888549804688,280.1796875,232.44444274902344,202.6953125,233.3333282470703,201.8046875,-1.0,-1.0,237.77777099609375,201.8046875
232.44444274902344,203.5859375,236.0,211.6015625,230.6666717529297,211.6015625,222.6666717529297,214.2734375,217.3333282470703,215.1640625,241.3333282470703,212.4921875,244.0,225.8515625,233.3333282470703,231.1953125,229.77777099609375,237.4296875,232.44444274902344,258.8046875,233.3333282470703,273.0546875,237.77777099609375,237.4296875,235.11111450195312,258.8046875,236.88888549804688,280.1796875,232.44444274902344,201.8046875,234.22222900390625,201.8046875,-1.0,-1.0,238.6666717529297,201.8046875
232.44444274902344,203.5859375,236.0,211.6015625,229.77777099609375,211.6015625,221.77777099609375,214.2734375,216.44444274902344,215.1640625,242.22222900390625,212.4921875,244.88888549804688,224.9609375,233.3333282470703,231.1953125,229.77777099609375,237.4296875,232.44444274902344,258.8046875,235.11111450195312,278.3984375,237.77777099609375,237.4296875,235.11111450195312,258.8046875,236.88888549804688,280.1796875,232.44444274902344,201.8046875,234.22222900390625,201.8046875,-1.0,-1.0,238.6666717529297,201.8046875
232.44444274902344,203.5859375,236.0,211.6015625,229.77777099609375,211.6015625,221.77777099609375,214.2734375,216.44444274902344,215.1640625,242.22222900390625,212.4921875,244.88888549804688,224.9609375,233.3333282470703,231.1953125,230.6666717529297,237.4296875,232.44444274902344,258.8046875,235.11111450195312,278.3984375,237.77777099609375,237.4296875,235.11111450195312,258.8046875,236.88888549804688,280.1796875,232.44444274902344,201.8046875,234.22222900390625,201.8046875,-1.0,-1.0,237.77777099609375,201.8046875
231.55555725097656,203.5859375,236.0,211.6015625,229.77777099609375,211.6015625,221.77777099609375,214.2734375,216.44444274902344,215.1640625,241.3333282470703,212.4921875,244.88888549804688,224.9609375,234.22222900390625,231.1953125,230.6666717529297,237.4296875,232.44444274902344,258.8046875,235.11111450195312,278.3984375,237.77777099609375,237.4296875,236.0,258.8046875,236.88888549804688,280.1796875,231.55555725097656,201.8046875,233.3333282470703,201.8046875,-1.0,-1.0,237.77777099609375,201.8046875
231.55555725097656,203.5859375,236.0,211.6015625,229.77777099609375,211.6015625,222.6666717529297,214.2734375,216.44444274902344,215.1640625,241.3333282470703,212.4921875,244.88888549804688,224.9609375,234.22222900390625,231.1953125,230.6666717529297,237.4296875,232.44444274902344,258.8046875,236.0,278.3984375,237.77777099609375,237.4296875,236.0,258.8046875,236.88888549804688,280.1796875,231.55555725097656,201.8046875,233.3333282470703,201.8046875,-1.0,-1.0,237.77777099609375,202.6953125
232.44444274902344,203.5859375,236.0,212.4921875,229.77777099609375,211.6015625,222.6666717529297,214.2734375,216.44444274902344,215.1640625,241.3333282470703,212.4921875,245.77777099609375,224.9609375,234.22222900390625,231.1953125,230.6666717529297,236.5390625,233.3333282470703,257.9140625,236.0,278.3984375,238.6666717529297,237.4296875,236.0,258.8046875,236.88888549804688,280.1796875,232.44444274902344,201.8046875,234.22222900390625,201.8046875,-1.0,-1.0,237.77777099609375,202.6953125
231.55555725097656,203.5859375,236.0,212.4921875,229.77777099609375,212.4921875,228.0,223.1796875,226.22222900390625,232.0859375,241.3333282470703,212.4921875,245.77777099609375,224.9609375,234.22222900390625,231.1953125,231.55555725097656,236.5390625,233.3333282470703,258.8046875,236.0,278.3984375,238.6666717529297,237.4296875,236.0,258.8046875,236.88888549804688,280.1796875,232.44444274902344,202.6953125,233.3333282470703,201.8046875,-1.0,-1.0,237.77777099609375,202.6953125
230.6666717529297,202.6953125,236.0,212.4921875,230.6666717529297,212.4921875,228.0,224.0703125,226.22222900390625,232.0859375,241.3333282470703,212.4921875,245.77777099609375,224.9609375,234.22222900390625,231.1953125,231.55555725097656,236.5390625,233.3333282470703,257.9140625,236.0,278.3984375,238.6666717529297,237.4296875,236.0,258.8046875,236.88888549804688,280.1796875,231.55555725097656,201.8046875,232.44444274902344,200.9140625,-1.0,-1.0,236.88888549804688,202.6953125
230.6666717529297,202.6953125,236.0,212.4921875,229.77777099609375,212.4921875,227.11111450195312,224.9609375,227.11111450195312,231.1953125,241.3333282470703,211.6015625,244.88888549804688,224.9609375,234.22222900390625,231.1953125,231.55555725097656,236.5390625,233.3333282470703,257.9140625,236.0,278.3984375,238.6666717529297,237.4296875,236.0,257.9140625,236.88888549804688,280.1796875,231.55555725097656,201.8046875,232.44444274902344,200.9140625,-1.0,-1.0,236.88888549804688,201.8046875
230.6666717529297,202.6953125,236.0,211.6015625,229.77777099609375,212.4921875,227.11111450195312,224.9609375,227.11111450195312,232.0859375,241.3333282470703,211.6015625,244.88888549804688,224.9609375,234.22222900390625,231.1953125,231.55555725097656,236.5390625,233.3333282470703,257.9140625,236.88888549804688,278.3984375,238.6666717529297,237.4296875,236.0,257.9140625,236.88888549804688,279.2890625,230.6666717529297,201.8046875,232.44444274902344,200.9140625,-1.0,-1.0,236.88888549804688,201.8046875
230.6666717529297,202.6953125,236.0,211.6015625,229.77777099609375,212.4921875,227.11111450195312,224.0703125,226.22222900390625,232.0859375,241.3333282470703,211.6015625,244.88888549804688,224.9609375,234.22222900390625,231.1953125,231.55555725097656,236.5390625,233.3333282470703,257.0234375,236.88888549804688,278.3984375,238.6666717529297,236.5390625,236.0,257.9140625,236.88888549804688,279.2890625,-1.0,-1.0,232.44444274902344,200.9140625,-1.0,-1.0,236.88888549804688,201.8046875
230.6666717529297,203.5859375,236.0,211.6015625,229.77777099609375,211.6015625,222.6666717529297,214.2734375,217.3333282470703,212.4921875,241.3333282470703,211.6015625,244.88888549804688,224.9609375,234.22222900390625,231.1953125,231.55555725097656,236.5390625,233.3333282470703,257.0234375,237.77777099609375,278.3984375,238.6666717529297,236.5390625,236.0,257.0234375,236.88888549804688,279.2890625,230.6666717529297,200.9140625,232.44444274902344,200.9140625,-1.0,-1.0,236.88888549804688,201.8046875
229.77777099609375,203.5859375,236.0,211.6015625,229.77777099609375,211.6015625,227.11111450195312,224.0703125,227.11111450195312,231.1953125,241.3333282470703,211.6015625,244.88888549804688,224.9609375,234.22222900390625,231.1953125,231.55555725097656,236.5390625,234.22222900390625,257.0234375,237.77777099609375,278.3984375,238.6666717529297,237.4296875,236.0,257.0234375,236.88888549804688,279.2890625,230.6666717529297,201.8046875,231.55555725097656,200.9140625,-1.0,-1.0,236.88888549804688,201.8046875
232.44444274902344,203.5859375,236.0,212.4921875,229.77777099609375,213.3828125,227.11111450195312,224.9609375,227.11111450195312,232.0859375,241.3333282470703,212.4921875,244.88888549804688,224.9609375,235.11111450195312,231.1953125,231.55555725097656,237.4296875,234.22222900390625,257.9140625,237.77777099609375,278.3984375,238.6666717529297,237.4296875,236.88888549804688,257.9140625,237.77777099609375,279.2890625,231.55555725097656,201.8046875,234.22222900390625,201.8046875,-1.0,-1.0,237.77777099609375,201.8046875
231.55555725097656,203.5859375,236.0,211.6015625,229.77777099609375,211.6015625,227.11111450195312,224.0703125,226.22222900390625,232.0859375,242.22222900390625,212.4921875,245.77777099609375,224.0703125,235.11111450195312,231.1953125,231.55555725097656,236.5390625,234.22222900390625,257.9140625,237.77777099609375,277.5078125,238.6666717529297,237.4296875,236.88888549804688,257.9140625,237.77777099609375,279.2890625,230.6666717529297,201.8046875,233.3333282470703,200.9140625,-1.0,-1.0,236.88888549804688,201.8046875
230.6666717529297,203.5859375,235.11111450195312,211.6015625,229.77777099609375,211.6015625,222.6666717529297,213.3828125,220.88888549804688,211.6015625,242.22222900390625,212.4921875,244.88888549804688,224.9609375,234.22222900390625,231.1953125,230.6666717529297,237.4296875,234.22222900390625,257.9140625,236.88888549804688,277.5078125,238.6666717529297,237.4296875,236.88888549804688,257.9140625,238.6666717529297,278.3984375,230.6666717529297,201.8046875,232.44444274902344,201.8046875,-1.0,-1.0,236.0,201.8046875
231.55555725097656,202.6953125,236.0,211.6015625,229.77777099609375,211.6015625,222.6666717529297,212.4921875,216.44444274902344,213.3828125,242.22222900390625,212.4921875,245.77777099609375,224.9609375,235.11111450195312,231.1953125,230.6666717529297,237.4296875,234.22222900390625,257.9140625,236.0,277.5078125,238.6666717529297,237.4296875,237.77777099609375,257.9140625,238.6666717529297,279.2890625,232.44444274902344,201.8046875,234.22222900390625,201.8046875,-1.0,-1.0,236.88888549804688,202.6953125
230.6666717529297,201.8046875,235.11111450195312,210.7109375,228.0,209.8203125,220.0,212.4921875,215.55555725097656,213.3828125,243.11111450195312,211.6015625,245.77777099609375,224.0703125,235.11111450195312,231.1953125,229.77777099609375,237.4296875,233.3333282470703,257.9140625,236.0,277.5078125,238.6666717529297,237.4296875,237.77777099609375,258.8046875,238.6666717529297,279.2890625,-1.0,-1.0,231.55555725097656,200.0234375,234.22222900390625,202.6953125,237.77777099609375,201.8046875
228.88888549804688,200.9140625,234.22222900390625,210.7109375,227.11111450195312,209.8203125,217.3333282470703,214.2734375,214.6666717529297,214.2734375,242.22222900390625,211.6015625,245.77777099609375,224.9609375,234.22222900390625,232.0859375,229.77777099609375,237.4296875,233.3333282470703,257.9140625,236.0,277.5078125,238.6666717529297,237.4296875,237.77777099609375,258.8046875,238.6666717529297,279.2890625,-1.0,-1.0,230.6666717529297,200.0234375,-1.0,-1.0,236.0,200.9140625
228.88888549804688,200.9140625,235.11111450195312,210.7109375,227.11111450195312,209.8203125,216.44444274902344,215.1640625,214.6666717529297,214.2734375,242.22222900390625,211.6015625,246.6666717529297,224.9609375,235.11111450195312,232.0859375,229.77777099609375,237.4296875,233.3333282470703,257.9140625,236.0,277.5078125,238.6666717529297,237.4296875,237.77777099609375,257.9140625,238.6666717529297,279.2890625,-1.0,-1.0,230.6666717529297,200.0234375,-1.0,-1.0,235.11111450195312,200.9140625
228.88888549804688,201.8046875,235.11111450195312,211.6015625,228.0,210.7109375,216.44444274902344,215.1640625,212.88888549804688,214.2734375,243.11111450195312,212.4921875,247.55555725097656,224.0703125,236.88888549804688,231.1953125,229.77777099609375,237.4296875,233.3333282470703,257.9140625,236.88888549804688,278.3984375,238.6666717529297,238.3203125,237.77777099609375,258.8046875,237.77777099609375,279.2890625,228.88888549804688,200.9140625,230.6666717529297,200.0234375,-1.0,-1.0,236.88888549804688,201.8046875
229.77777099609375,201.8046875,236.0,211.6015625,228.0,211.6015625,218.22222900390625,217.8359375,228.88888549804688,212.4921875,243.11111450195312,211.6015625,247.55555725097656,224.0703125,237.77777099609375,231.1953125,228.88888549804688,238.3203125,233.3333282470703,258.8046875,236.88888549804688,279.2890625,238.6666717529297,238.3203125,236.88888549804688,258.8046875,236.88888549804688,281.0703125,228.88888549804688,200.9140625,231.55555725097656,200.0234375,-1.0,-1.0,236.0,200.9140625
228.88888549804688,201.8046875,236.0,211.6015625,228.88888549804688,211.6015625,218.22222900390625,216.9453125,229.77777099609375,212.4921875,243.11111450195312,211.6015625,247.55555725097656,224.9609375,237.77777099609375,231.1953125,229.77777099609375,238.3203125,233.3333282470703,258.8046875,236.88888549804688,280.1796875,238.6666717529297,238.3203125,236.88888549804688,259.6953125,236.88888549804688,281.0703125,-1.0,-1.0,230.6666717529297,200.0234375,-1.0,-1.0,236.0,200.9140625
232.44444274902344,205.3671875,236.88888549804688,214.2734375,229.77777099609375,216.0546875,228.0,230.3046875,-1.0,-1.0,244.0,212.4921875,247.55555725097656,224.9609375,239.55555725097656,230.3046875,232.44444274902344,241.8828125,234.22222900390625,260.5859375,236.88888549804688,280.1796875,239.55555725097656,241.8828125,237.77777099609375,260.5859375,236.88888549804688,280.1796875,230.6666717529297,200.9140625,233.3333282470703,200.9140625,-1.0,-1.0,239.55555725097656,202.6953125
230.6666717529297,202.6953125,236.0,212.4921875,228.0,212.4921875,221.77777099609375,220.5078125,229.77777099609375,219.6171875,244.0,212.4921875,247.55555725097656,225.8515625,238.6666717529297,232.0859375,229.77777099609375,239.2109375,232.44444274902344,258.8046875,235.11111450195312,279.2890625,239.55555725097656,238.3203125,236.88888549804688,259.6953125,237.77777099609375,280.1796875,230.6666717529297,200.9140625,232.44444274902344,200.9140625,-1.0,-1.0,237.77777099609375,201.8046875
232.44444274902344,203.5859375,236.0,211.6015625,228.0,211.6015625,223.55555725097656,221.3984375,229.77777099609375,223.1796875,244.88888549804688,212.4921875,247.55555725097656,224.9609375,237.77777099609375,231.1953125,229.77777099609375,238.3203125,231.55555725097656,258.8046875,235.11111450195312,279.2890625,239.55555725097656,238.3203125,236.0,259.6953125,237.77777099609375,280.1796875,231.55555725097656,200.9140625,235.11111450195312,200.9140625,-1.0,-1.0,240.44444274902344,202.6953125
234.22222900390625,202.6953125,236.0,211.6015625,228.0,211.6015625,223.55555725097656,220.5078125,230.6666717529297,224.9609375,244.88888549804688,212.4921875,248.44444274902344,224.9609375,237.77777099609375,231.1953125,230.6666717529297,238.3203125,230.6666717529297,258.8046875,234.22222900390625,278.3984375,240.44444274902344,238.3203125,236.88888549804688,259.6953125,237.77777099609375,279.2890625,231.55555725097656,200.9140625,236.88888549804688,200.9140625,229.77777099609375,200.9140625,240.44444274902344,201.8046875
236.88888549804688,202.6953125,236.88888549804688,212.4921875,228.88888549804688,211.6015625,223.55555725097656,222.2890625,229.77777099609375,225.8515625,244.88888549804688,212.4921875,248.44444274902344,224.9609375,237.77777099609375,231.1953125,230.6666717529297,238.3203125,228.88888549804688,258.8046875,233.3333282470703,277.5078125,240.44444274902344,238.3203125,237.77777099609375,258.8046875,239.55555725097656,277.5078125,235.11111450195312,200.9140625,238.6666717529297,200.9140625,232.44444274902344,200.9140625,240.44444274902344,201.8046875
230.6666717529297,200.0234375,236.88888549804688,211.6015625,228.88888549804688,211.6015625,222.6666717529297,221.3984375,228.88888549804688,226.7421875,244.88888549804688,212.4921875,249.3333282470703,224.9609375,237.77777099609375,232.0859375,229.77777099609375,238.3203125,228.0,259.6953125,233.3333282470703,278.3984375,240.44444274902344,238.3203125,238.6666717529297,259.6953125,239.55555725097656,279.2890625,231.55555725097656,199.1328125,233.3333282470703,199.1328125,-1.0,-1.0,239.55555725097656,200.9140625
230.6666717529297,200.0234375,236.88888549804688,211.6015625,228.0,210.7109375,222.6666717529297,221.3984375,228.0,226.7421875,244.88888549804688,211.6015625,249.3333282470703,224.0703125,238.6666717529297,232.0859375,229.77777099609375,238.3203125,228.0,259.6953125,232.44444274902344,277.5078125,240.44444274902344,238.3203125,238.6666717529297,259.6953125,239.55555725097656,280.1796875,231.55555725097656,199.1328125,233.3333282470703,199.1328125,-1.0,-1.0,239.55555725097656,200.9140625
230.6666717529297,200.0234375,236.88888549804688,211.6015625,228.0,211.6015625,222.6666717529297,222.2890625,228.0,227.6328125,244.88888549804688,212.4921875,249.3333282470703,224.0703125,238.6666717529297,232.0859375,228.88888549804688,239.2109375,227.11111450195312,259.6953125,232.44444274902344,276.6171875,239.55555725097656,239.2109375,238.6666717529297,259.6953125,240.44444274902344,279.2890625,230.6666717529297,198.2421875,232.44444274902344,198.2421875,-1.0,-1.0,239.55555725097656,200.9140625
229.77777099609375,200.0234375,236.0,211.6015625,227.11111450195312,211.6015625,221.77777099609375,222.2890625,227.11111450195312,227.6328125,244.88888549804688,212.4921875,249.3333282470703,224.0703125,238.6666717529297,232.0859375,228.88888549804688,239.2109375,227.11111450195312,259.6953125,230.6666717529297,278.3984375,239.55555725097656,240.1015625,238.6666717529297,259.6953125,239.55555725097656,281.9609375,229.77777099609375,198.2421875,231.55555725097656,198.2421875,-1.0,-1.0,238.6666717529297,200.9140625
229.77777099609375,200.0234375,236.0,211.6015625,227.11111450195312,211.6015625,221.77777099609375,222.2890625,227.11111450195312,227.6328125,244.0,212.4921875,249.3333282470703,224.0703125,239.55555725097656,232.0859375,228.88888549804688,239.2109375,226.22222900390625,259.6953125,228.88888549804688,279.2890625,239.55555725097656,240.1015625,238.6666717529297,260.5859375,239.55555725097656,281.9609375,228.88888549804688,198.2421875,231.55555725097656,198.2421875,-1.0,-1.0,237.77777099609375,200.0234375
228.88888549804688,200.0234375,236.0,211.6015625,227.11111450195312,211.6015625,220.88888549804688,222.2890625,227.11111450195312,227.6328125,244.0,212.4921875,249.3333282470703,224.9609375,239.55555725097656,232.9765625,228.0,239.2109375,226.22222900390625,259.6953125,228.88888549804688,281.0703125,239.55555725097656,240.1015625,238.6666717529297,260.5859375,239.55555725097656,281.9609375,228.88888549804688,198.2421875,231.55555725097656,198.2421875,-1.0,-1.0,238.6666717529297,200.0234375
228.88888549804688,200.0234375,235.11111450195312,211.6015625,227.11111450195312,211.6015625,220.88888549804688,223.1796875,226.22222900390625,227.6328125,244.0,212.4921875,248.44444274902344,224.0703125,240.44444274902344,232.0859375,227.11111450195312,240.1015625,226.22222900390625,260.5859375,227.11111450195312,279.2890625,238.6666717529297,240.1015625,238.6666717529297,260.5859375,240.44444274902344,281.0703125,228.0,198.2421875,231.55555725097656,198.2421875,-1.0,-1.0,238.6666717529297,200.9140625
228.0,200.0234375,234.22222900390625,211.6015625,226.22222900390625,211.6015625,220.88888549804688,223.1796875,227.11111450195312,228.5234375,243.11111450195312,212.4921875,247.55555725097656,224.9609375,239.55555725097656,232.9765625,227.11111450195312,240.1015625,225.3333282470703,260.5859375,226.22222900390625,277.5078125,238.6666717529297,240.1015625,237.77777099609375,260.5859375,240.44444274902344,281.0703125,227.11111450195312,198.2421875,230.6666717529297,198.2421875,-1.0,-1.0,236.0,199.1328125
228.0,200.0234375,234.22222900390625,211.6015625,225.3333282470703,212.4921875,220.0,223.1796875,226.22222900390625,228.5234375,242.22222900390625,212.4921875,245.77777099609375,225.8515625,238.6666717529297,235.6484375,226.22222900390625,240.1015625,225.3333282470703,260.5859375,225.3333282470703,280.1796875,237.77777099609375,240.9921875,237.77777099609375,260.5859375,240.44444274902344,280.1796875,227.11111450195312,198.2421875,229.77777099609375,198.2421875,-1.0,-1.0,235.11111450195312,199.1328125
227.11111450195312,200.0234375,233.3333282470703,212.4921875,225.3333282470703,212.4921875,220.0,224.0703125,225.3333282470703,228.5234375,241.3333282470703,212.4921875,245.77777099609375,225.8515625,240.44444274902344,233.8671875,226.22222900390625,240.1015625,224.44444274902344,260.5859375,224.44444274902344,279.2890625,237.77777099609375,240.9921875,237.77777099609375,259.6953125,240.44444274902344,280.1796875,226.22222900390625,198.2421875,229.77777099609375,198.2421875,-1.0,-1.0,236.0,199.1328125
226.22222900390625,200.0234375,233.3333282470703,212.4921875,224.44444274902344,212.4921875,219.11111450195312,224.0703125,224.44444274902344,229.4140625,241.3333282470703,212.4921875,246.6666717529297,224.9609375,241.3333282470703,232.9765625,225.3333282470703,240.9921875,224.44444274902344,261.4765625,224.44444274902344,279.2890625,236.88888549804688,241.8828125,237.77777099609375,260.5859375,240.44444274902344,280.1796875,226.22222900390625,198.2421875,228.88888549804688,198.2421875,-1.0,-1.0,235.11111450195312,199.1328125
226.22222900390625,200.9140625,231.55555725097656,212.4921875,223.55555725097656,213.3828125,218.22222900390625,224.9609375,223.55555725097656,229.4140625,239.55555725097656,212.4921875,246.6666717529297,224.9609375,241.3333282470703,232.9765625,225.3333282470703,240.9921875,223.55555725097656,260.5859375,223.55555725097656,279.2890625,236.88888549804688,240.9921875,236.88888549804688,260.5859375,239.55555725097656,280.1796875,225.3333282470703,199.1328125,228.0,199.1328125,-1.0,-1.0,234.22222900390625,200.9140625
224.44444274902344,200.9140625,230.6666717529297,212.4921875,222.6666717529297,212.4921875,217.3333282470703,224.0703125,222.6666717529297,229.4140625,238.6666717529297,212.4921875,245.77777099609375,224.9609375,241.3333282470703,232.9765625,224.44444274902344,240.9921875,222.6666717529297,260.5859375,222.6666717529297,278.3984375,236.0,240.9921875,236.88888549804688,260.5859375,239.55555725097656,281.0703125,224.44444274902344,199.1328125,226.22222900390625,199.1328125,-1.0,-1.0,233.3333282470703,200.9140625
