581.1312866210938,54.3359375,587.595947265625,78.4765625,577.8989868164062,78.4765625,566.5858764648438,110.6640625,571.434326171875,131.5859375,598.9090576171875,76.8671875,598.9090576171875,110.6640625,589.2120971679688,131.5859375,571.434326171875,133.1953125,566.5858764648438,171.8203125,568.2020263671875,208.8359375,585.9797973632812,136.4140625,582.7474975585938,173.4296875,587.595947265625,210.4453125,579.51513671875,51.1171875,585.9797973632812,51.1171875,-1.0,-1.0,594.0606079101562,54.3359375
576.6831665039062,54.3359375,584.7029418945312,76.8671875,573.4752197265625,78.4765625,563.8515014648438,109.0546875,565.4554443359375,129.9765625,594.3267211914062,76.8671875,594.3267211914062,109.0546875,589.5148315429688,131.5859375,568.6633911132812,131.5859375,562.2474975585938,171.8203125,573.4752197265625,208.8359375,583.0989990234375,134.8046875,586.3069458007812,173.4296875,587.910888671875,208.8359375,575.0792236328125,51.1171875,581.4950561523438,51.1171875,-1.0,-1.0,589.5148315429688,54.3359375
571.0792236328125,54.3359375,577.4950561523438,78.4765625,566.267333984375,78.4765625,558.2474975585938,109.0546875,555.0396118164062,133.1953125,590.3267211914062,76.8671875,593.53466796875,109.0546875,590.3267211914062,133.1953125,563.0593872070312,133.1953125,555.0396118164062,173.4296875,559.8515014648438,208.8359375,580.7029418945312,134.8046875,580.7029418945312,175.0390625,585.5148315429688,213.6640625,569.4752197265625,51.1171875,575.89111328125,51.1171875,-1.0,-1.0,585.5148315429688,54.3359375
567.7647094726562,54.3359375,574.1961059570312,80.0859375,562.941162109375,81.6953125,556.5098266601562,109.0546875,551.686279296875,128.3671875,587.058837890625,76.8671875,590.2745361328125,107.4453125,587.058837890625,133.1953125,559.7254638671875,133.1953125,553.2941284179688,173.4296875,553.2941284179688,210.4453125,575.8038940429688,133.1953125,575.8038940429688,171.8203125,575.8038940429688,204.0078125,566.1568603515625,51.1171875,572.5882568359375,51.1171875,-1.0,-1.0,580.62744140625,55.9453125
563.6505126953125,55.9453125,570.0971069335938,78.4765625,558.8155517578125,78.4765625,553.9805908203125,107.4453125,542.6990356445312,113.8828125,581.378662109375,76.8671875,586.213623046875,107.4453125,582.9902954101562,133.1953125,557.203857421875,133.1953125,549.1456298828125,173.4296875,542.6990356445312,208.8359375,573.3203735351562,134.8046875,576.543701171875,175.0390625,587.8252563476562,213.6640625,562.038818359375,52.7265625,568.4854125976562,52.7265625,-1.0,-1.0,576.543701171875,55.9453125
558.038818359375,53.44921875,567.708740234375,77.70703125,558.038818359375,77.70703125,554.8155517578125,110.05078125,540.3106689453125,108.43359375,577.378662109375,76.08984375,582.213623046875,106.81640625,580.6019287109375,135.92578125,553.203857421875,135.92578125,543.5339965820312,177.97265625,532.25244140625,210.31640625,567.708740234375,137.54296875,567.708740234375,179.58984375,561.2621459960938,208.69921875,558.038818359375,51.83203125,564.4854125976562,51.83203125,-1.0,-1.0,572.543701171875,56.68359375
554.7307739257812,55.06640625,564.423095703125,79.32421875,554.7307739257812,79.32421875,549.8846435546875,106.81640625,536.9615478515625,106.81640625,572.5,77.70703125,578.9615478515625,110.05078125,575.7307739257812,137.54296875,549.8846435546875,135.92578125,540.1923217773438,176.35546875,527.2692260742188,210.31640625,564.423095703125,137.54296875,561.1923217773438,179.58984375,554.7307739257812,210.31640625,553.1153564453125,51.83203125,559.576904296875,51.83203125,-1.0,-1.0,569.2692260742188,56.68359375
550.6190185546875,55.06640625,558.7142944335938,79.32421875,549.0,79.32421875,547.3809814453125,105.19921875,532.8095092773438,108.43359375,568.4285888671875,79.32421875,573.2857055664062,110.05078125,573.2857055664062,137.54296875,545.7619018554688,135.92578125,536.047607421875,177.97265625,521.4761962890625,215.16796875,558.7142944335938,137.54296875,560.3333129882812,179.58984375,553.8571166992188,215.16796875,549.0,51.83203125,555.4761962890625,51.83203125,-1.0,-1.0,563.5714111328125,58.30078125
546.6190185546875,55.06640625,554.7142944335938,79.32421875,545.0,79.32421875,-1.0,-1.0,-1.0,-1.0,564.4285888671875,79.32421875,569.2857055664062,110.05078125,567.6666870117188,135.92578125,541.7619018554688,134.30859375,533.6666870117188,176.35546875,520.7142944335938,210.31640625,556.3333129882812,137.54296875,562.8095092773438,176.35546875,572.5238037109375,210.31640625,545.0,51.83203125,551.4761962890625,53.44921875,-1.0,-1.0,559.5714111328125,58.30078125
543.3207397460938,55.06640625,549.8113403320312,77.70703125,540.0755004882812,77.70703125,-1.0,-1.0,-1.0,-1.0,559.5471801757812,77.70703125,564.4151000976562,108.43359375,564.4151000976562,134.30859375,536.8302001953125,134.30859375,530.339599609375,179.58984375,517.3585205078125,216.78515625,551.4339599609375,137.54296875,553.0565795898438,179.58984375,544.9434204101562,216.78515625,540.0755004882812,51.83203125,546.5660400390625,51.83203125,-1.0,-1.0,554.6792602539062,58.30078125
538.861083984375,55.06640625,546.9166870117188,79.32421875,537.25,79.32421875,524.361083984375,110.05078125,-1.0,-1.0,554.9722290039062,79.32421875,559.8055419921875,110.05078125,558.1944580078125,134.30859375,527.5833129882812,134.30859375,524.361083984375,177.97265625,513.0833129882812,218.40234375,546.9166870117188,137.54296875,548.5277709960938,179.58984375,545.3055419921875,210.31640625,535.638916015625,51.83203125,542.0833129882812,51.83203125,-1.0,-1.0,550.138916015625,56.68359375
534.861083984375,54.06640625,542.9166870117188,76.70703125,533.25,76.70703125,-1.0,-1.0,-1.0,-1.0,550.9722290039062,76.70703125,555.8055419921875,107.43359375,554.1944580078125,133.30859375,523.5833129882812,134.92578125,518.75,176.97265625,512.3055419921875,214.16796875,541.3055419921875,136.54296875,546.138916015625,176.97265625,562.25,207.69921875,533.25,50.83203125,539.6944580078125,52.44921875,-1.0,-1.0,546.138916015625,55.68359375
530.7523193359375,54.06640625,538.82568359375,76.70703125,529.1376342773438,76.70703125,-1.0,-1.0,-1.0,-1.0,545.284423828125,76.70703125,550.12841796875,107.43359375,548.5137329101562,133.30859375,519.4495239257812,133.30859375,517.8348388671875,176.97265625,514.6055297851562,215.78515625,535.5963134765625,136.54296875,538.82568359375,176.97265625,540.4403686523438,210.93359375,527.52294921875,50.83203125,535.5963134765625,50.83203125,525.9082641601562,50.83203125,543.6697387695312,55.68359375
527.4545288085938,52.44921875,533.92724609375,75.08984375,525.8363647460938,76.70703125,516.1272583007812,104.19921875,-1.0,-1.0,542.0181884765625,75.08984375,545.2545166015625,109.05078125,543.6363525390625,136.54296875,512.8909301757812,131.69140625,514.5090942382812,173.73828125,512.8909301757812,212.55078125,529.07275390625,134.92578125,524.2182006835938,173.73828125,520.9818115234375,207.69921875,524.2182006835938,49.21484375,530.69091796875,50.83203125,-1.0,-1.0,538.7817993164062,54.06640625
523.4545288085938,52.44921875,528.30908203125,75.08984375,520.2182006835938,76.70703125,512.1272583007812,100.96484375,505.654541015625,97.73046875,538.0181884765625,75.08984375,541.2545166015625,107.43359375,538.0181884765625,133.30859375,512.1272583007812,130.07421875,508.8908996582031,172.12109375,512.1272583007812,212.55078125,526.69091796875,131.69140625,516.9818115234375,172.12109375,513.7454833984375,212.55078125,520.2182006835938,49.21484375,528.30908203125,49.21484375,-1.0,-1.0,534.7817993164062,54.06640625
519.3513793945312,52.44921875,525.8378295898438,75.08984375,516.1080932617188,75.08984375,508.0,102.58203125,498.270263671875,104.19921875,533.9459228515625,75.08984375,538.810791015625,105.81640625,533.9459228515625,133.30859375,509.6216125488281,130.07421875,504.7567443847656,170.50390625,514.4865112304688,210.93359375,522.5946044921875,133.30859375,514.4865112304688,172.12109375,519.3513793945312,202.84765625,516.1080932617188,49.21484375,524.2161865234375,49.21484375,512.8648681640625,50.83203125,530.7026977539062,54.06640625
514.8760986328125,52.44921875,521.318603515625,75.08984375,513.2655029296875,75.08984375,505.21240234375,100.96484375,493.93804931640625,104.19921875,529.3717041015625,75.08984375,534.2035522460938,102.58203125,524.539794921875,126.83984375,505.21240234375,128.45703125,505.21240234375,170.50390625,511.6548767089844,212.55078125,518.0973510742188,131.69140625,505.21240234375,172.12109375,503.6017761230469,204.46484375,513.2655029296875,49.21484375,519.7079467773438,49.21484375,508.4336242675781,50.83203125,526.1504516601562,52.44921875
510.4375,51.5625,518.5625,75.9375,510.4375,75.9375,502.3125,103.5625,489.3125,105.1875,528.3125,74.3125,531.5625,105.1875,520.1875,129.5625,502.3125,131.1875,507.1875,171.8125,523.4375,209.1875,515.3125,132.8125,502.3125,171.8125,500.6875,202.6875,508.8125,48.3125,515.3125,48.3125,-1.0,-1.0,523.4375,53.1875
506.3362731933594,51.5625,514.4779052734375,75.9375,506.3362731933594,75.9375,496.5663757324219,108.4375,481.9114990234375,129.5625,524.247802734375,74.3125,525.8760986328125,106.8125,516.106201171875,129.5625,504.70794677734375,132.8125,506.3362731933594,171.8125,501.4513244628906,207.5625,514.4779052734375,132.8125,494.93804931640625,170.1875,499.822998046875,199.4375,504.70794677734375,48.3125,511.22125244140625,48.3125,-1.0,-1.0,519.3628540039062,51.5625
503.0526428222656,49.9375,511.21051025390625,75.9375,501.4210510253906,75.9375,491.631591796875,110.0625,483.47369384765625,108.4375,521.0,72.6875,522.631591796875,106.8125,512.8421020507812,129.5625,499.78948974609375,136.0625,506.3157958984375,175.0625,512.8421020507812,210.8125,511.21051025390625,136.0625,490.0,171.8125,504.6842041015625,217.3125,501.4210510253906,46.6875,507.9473571777344,48.3125,-1.0,-1.0,514.4736938476562,51.5625
499.0526428222656,49.9375,507.21051025390625,75.9375,497.4210510253906,77.5625,487.631591796875,106.8125,477.84210205078125,103.5625,517.0,72.6875,518.631591796875,105.1875,508.84210205078125,129.5625,495.78948974609375,132.8125,507.21051025390625,175.0625,523.5263061523438,204.3125,507.21051025390625,132.8125,484.368408203125,171.8125,489.2631530761719,214.0625,497.4210510253906,46.6875,503.9473571777344,48.3125,-1.0,-1.0,510.47369384765625,51.5625
495.4700927734375,51.5625,501.9658203125,77.5625,490.5982971191406,79.1875,482.4786376953125,110.0625,474.3589782714844,103.5625,513.3333129882812,74.3125,514.957275390625,106.8125,503.5897521972656,129.5625,493.8461608886719,134.4375,505.21368408203125,176.6875,510.0854797363281,214.0625,503.5897521972656,134.4375,482.4786376953125,171.8125,479.23077392578125,215.6875,493.8461608886719,48.3125,500.3418884277344,48.3125,-1.0,-1.0,506.8376159667969,51.5625
490.9831848144531,51.44921875,499.0504150390625,77.32421875,487.75628662109375,80.55859375,476.4621887207031,108.05078125,455.4873962402344,122.60546875,508.7310791015625,75.70703125,513.5714111328125,106.43359375,505.50421142578125,129.07421875,487.75628662109375,135.54296875,495.8235168457031,174.35546875,503.8907470703125,208.31640625,500.66387939453125,135.54296875,478.07562255859375,172.73828125,466.7815246582031,214.78515625,489.3697509765625,48.21484375,495.8235168457031,49.83203125,-1.0,-1.0,503.8907470703125,53.06640625
488.1864318847656,52.1875,496.322021484375,76.5625,484.93218994140625,79.8125,475.16949462890625,107.4375,455.6440734863281,117.1875,506.0847473144531,74.9375,509.3389892578125,107.4375,501.2033996582031,130.1875,483.3050842285156,135.0625,473.5423583984375,174.0625,-1.0,-1.0,494.6949157714844,136.6875,473.5423583984375,175.6875,460.5254211425781,211.4375,484.93218994140625,48.9375,493.06781005859375,48.9375,-1.0,-1.0,499.5762634277344,53.8125
482.4621887207031,52.1875,490.6134338378906,78.1875,480.8319396972656,79.8125,466.15966796875,110.6875,454.7478942871094,110.6875,502.02520751953125,76.5625,503.65545654296875,105.8125,495.50421142578125,128.5625,482.4621887207031,131.8125,471.0504150390625,170.8125,-1.0,-1.0,492.24371337890625,133.4375,471.0504150390625,172.4375,454.7478942871094,213.0625,480.8319396972656,50.5625,487.3529357910156,48.9375,-1.0,-1.0,495.50421142578125,55.4375
477.9752197265625,52.1875,486.0743713378906,78.1875,474.73553466796875,81.4375,468.2561950683594,107.4375,447.1983337402344,118.8125,497.4132080078125,76.5625,500.65289306640625,107.4375,495.79339599609375,133.4375,474.73553466796875,131.8125,466.6363525390625,170.8125,452.057861328125,191.9375,486.0743713378906,135.0625,465.01654052734375,172.4375,453.67767333984375,214.6875,476.3553771972656,48.9375,482.834716796875,50.5625,-1.0,-1.0,490.93389892578125,53.8125
474.68853759765625,52.1875,482.80328369140625,78.1875,471.442626953125,81.4375,464.9508056640625,107.4375,448.7213134765625,115.5625,492.5409851074219,76.5625,495.786865234375,109.0625,490.91802978515625,133.4375,469.8196716308594,135.0625,458.4590148925781,169.1875,453.59014892578125,213.0625,482.80328369140625,136.6875,460.08197021484375,174.0625,450.3442687988281,216.3125,473.0655822753906,48.9375,479.557373046875,48.9375,-1.0,-1.0,487.672119140625,53.8125
472.31146240234375,53.8125,480.4262390136719,76.5625,470.68853759765625,76.5625,459.327880859375,107.4375,-1.0,-1.0,488.5409851074219,76.5625,490.1639404296875,107.4375,485.2950744628906,131.8125,464.19671630859375,133.4375,452.8360595703125,169.1875,449.59014892578125,211.4375,475.557373046875,135.0625,457.7049255371094,172.4375,451.2131042480469,214.6875,469.0655822753906,50.5625,477.1803283691406,50.5625,-1.0,-1.0,483.672119140625,55.4375
468.2195129394531,52.1875,473.0975646972656,76.5625,463.3414611816406,76.5625,451.9593505859375,107.4375,443.8292541503906,117.1875,484.47967529296875,74.9375,486.1056823730469,107.4375,477.9756164550781,130.1875,458.4634094238281,131.8125,455.2113952636719,172.4375,448.7073059082031,214.6875,471.4715576171875,133.4375,453.5853576660156,172.4375,448.7073059082031,216.3125,466.593505859375,48.9375,473.0975646972656,50.5625,-1.0,-1.0,479.60162353515625,55.4375
458.42742919921875,51.30859375,466.57257080078125,74.16796875,456.79840087890625,75.80078125,445.3951721191406,110.08984375,432.3629150390625,123.15234375,474.7177429199219,74.16796875,477.9757995605469,103.55859375,469.8306579589844,128.05078125,451.9112854003906,129.68359375,448.6532287597656,170.50390625,-1.0,-1.0,463.31451416015625,129.68359375,448.6532287597656,170.50390625,448.6532287597656,214.58984375,458.42742919921875,48.04296875,463.31451416015625,48.04296875,-1.0,-1.0,471.4596862792969,52.94140625
459.31451416015625,51.30859375,465.8306579589844,74.16796875,456.05645751953125,75.80078125,-1.0,-1.0,-1.0,-1.0,475.6048278808594,74.16796875,477.23388671875,103.55859375,470.7177429199219,129.68359375,452.79840087890625,129.68359375,447.9112854003906,170.50390625,-1.0,-1.0,464.20159912109375,129.68359375,449.5403137207031,170.50390625,447.9112854003906,216.22265625,457.68548583984375,48.04296875,464.20159912109375,48.04296875,454.42742919921875,49.67578125,470.7177429199219,52.94140625
450.3280029296875,49.67578125,456.8559875488281,74.16796875,448.69598388671875,74.16796875,440.5360107421875,106.82421875,435.6400146484375,118.25390625,466.64801025390625,72.53515625,468.2799987792969,103.55859375,465.0159912109375,128.05078125,445.4320068359375,129.68359375,442.1679992675781,168.87109375,448.69598388671875,209.69140625,456.8559875488281,131.31640625,440.5360107421875,167.23828125,437.2720031738281,193.36328125,448.69598388671875,46.41015625,455.2239990234375,46.41015625,445.4320068359375,49.67578125,463.3840026855469,51.30859375
447.047607421875,48.04296875,453.5873107910156,72.53515625,445.4126892089844,74.16796875,435.6031799316406,110.08984375,430.69842529296875,128.05078125,461.76190185546875,70.90234375,463.3968200683594,105.19140625,460.1269836425781,128.05078125,438.8730163574219,129.68359375,433.96826171875,165.60546875,433.96826171875,198.26171875,450.31744384765625,131.31640625,438.8730163574219,165.60546875,440.5079345703125,199.89453125,445.4126892089844,44.77734375,451.952392578125,46.41015625,440.5079345703125,48.04296875,458.4920654296875,51.30859375
441.85040283203125,47.9375,449.96063232421875,72.3125,441.85040283203125,72.3125,430.4960632324219,104.8125,-1.0,-1.0,456.4488220214844,70.6875,459.6929016113281,104.8125,456.4488220214844,127.5625,433.7401428222656,127.5625,427.251953125,168.1875,435.3622131347656,200.6875,445.094482421875,130.8125,435.3622131347656,166.5625,449.96063232421875,208.8125,440.22833251953125,44.6875,446.7165222167969,46.3125,435.3622131347656,47.9375,454.8267822265625,49.5625
438.5625,47.9375,446.6875,70.6875,436.9375,72.3125,427.1875,103.1875,-1.0,-1.0,453.1875,70.6875,454.8125,104.8125,451.5625,127.5625,430.4375,129.1875,422.3125,169.8125,433.6875,200.6875,443.4375,130.8125,443.4375,174.6875,448.3125,208.8125,436.9375,44.6875,443.4375,44.6875,432.0625,46.3125,449.9375,49.5625
432.83721923828125,47.9375,442.6046447753906,70.6875,434.4651184082031,72.3125,429.5813903808594,106.4375,423.06976318359375,124.3125,449.11627197265625,70.6875,452.3721008300781,104.8125,447.4883728027344,129.1875,427.9534912109375,130.8125,419.81396484375,174.6875,427.9534912109375,208.8125,440.97674560546875,132.4375,440.97674560546875,176.3125,445.8604736328125,212.0625,431.20928955078125,44.6875,437.7209167480469,44.6875,426.3255920410156,46.3125,445.8604736328125,49.5625
433.7209167480469,47.04296875,441.8604736328125,71.53515625,433.7209167480469,73.16796875,425.5813903808594,110.72265625,-1.0,-1.0,448.3721008300781,69.90234375,451.6278991699219,105.82421875,448.3721008300781,130.31640625,425.5813903808594,131.94921875,419.06976318359375,172.76953125,427.20928955078125,208.69140625,440.2325439453125,133.58203125,438.6046447753906,176.03515625,446.74420166015625,216.85546875,430.4651184082031,43.77734375,438.6046447753906,43.77734375,428.83721923828125,47.04296875,445.11627197265625,48.67578125
428.81536865234375,48.67578125,436.96923828125,71.53515625,430.4461669921875,73.16796875,425.5538330078125,104.19140625,412.5076904296875,102.55859375,445.1230773925781,71.53515625,448.3846130371094,105.82421875,443.4923095703125,133.58203125,420.6615295410156,131.94921875,412.5076904296875,172.76953125,414.1384582519531,211.95703125,435.3384704589844,135.21484375,440.23077392578125,179.30078125,446.75384521484375,213.58984375,425.5538330078125,45.41015625,433.70770263671875,45.41015625,423.9230651855469,47.04296875,441.8615417480469,48.67578125
388.7862548828125,105.82421875,387.1526794433594,122.15234375,374.083984375,120.51953125,-1.0,-1.0,-1.0,-1.0,400.22137451171875,123.78515625,406.7557373046875,141.74609375,396.9541931152344,138.48046875,370.8168029785156,162.97265625,-1.0,-1.0,-1.0,-1.0,388.7862548828125,166.23828125,-1.0,-1.0,-1.0,-1.0,383.885498046875,100.92578125,392.0534362792969,102.55859375,380.6183166503906,104.19140625,395.32061767578125,105.82421875
388.0534362792969,105.82421875,388.0534362792969,120.51953125,376.6183166503906,118.88671875,-1.0,-1.0,-1.0,-1.0,399.4885559082031,123.78515625,404.3893127441406,140.11328125,392.9541931152344,138.48046875,374.9847412109375,154.80859375,-1.0,-1.0,-1.0,-1.0,389.68701171875,156.44140625,-1.0,-1.0,-1.0,-1.0,384.7862548828125,100.92578125,391.32061767578125,102.55859375,379.885498046875,104.19140625,396.22137451171875,104.19140625
415.81817626953125,48.67578125,424.0,73.16796875,417.45452880859375,73.16796875,-1.0,-1.0,-1.0,-1.0,430.54547119140625,71.53515625,437.0909118652344,105.82421875,430.54547119140625,135.21484375,412.54547119140625,131.94921875,402.7272644042969,174.40234375,383.0909118652344,211.95703125,425.6363525390625,133.58203125,435.45452880859375,179.30078125,445.2727355957031,211.95703125,412.54547119140625,45.41015625,420.7272644042969,45.41015625,410.9090881347656,47.04296875,427.2727355957031,50.30859375
411.31341552734375,48.67578125,421.0746154785156,73.16796875,414.5671691894531,73.16796875,-1.0,-1.0,-1.0,-1.0,425.9552307128906,71.53515625,430.8358154296875,105.82421875,425.9552307128906,135.21484375,406.4328308105469,130.31640625,396.671630859375,174.40234375,377.1492614746094,211.95703125,419.44775390625,133.58203125,425.9552307128906,172.76953125,443.8507385253906,208.69140625,408.0596923828125,47.04296875,414.5671691894531,47.04296875,-1.0,-1.0,422.70147705078125,50.30859375
406.0902099609375,49.4296875,415.9248046875,72.3984375,407.72930908203125,72.3984375,409.368408203125,101.9296875,-1.0,-1.0,422.481201171875,72.3984375,425.7593994140625,105.2109375,422.481201171875,133.1015625,402.81201171875,129.8203125,391.3383483886719,175.7578125,378.2255554199219,211.8515625,412.6466064453125,133.1015625,422.481201171875,174.1171875,-1.0,-1.0,404.45111083984375,46.1484375,411.00750732421875,46.1484375,-1.0,-1.0,417.56390380859375,51.0703125
402.8208923339844,49.4296875,411.02984619140625,72.3984375,404.4626770019531,74.0390625,-1.0,-1.0,-1.0,-1.0,417.5970153808594,72.3984375,420.8805847167969,105.2109375,417.5970153808594,133.1015625,396.25372314453125,133.1015625,388.0447692871094,172.4765625,376.55224609375,215.1328125,409.3880615234375,133.1015625,422.52239990234375,172.4765625,425.80596923828125,202.0078125,399.5373229980469,46.1484375,407.74627685546875,46.1484375,397.8955078125,47.7890625,414.31341552734375,51.0703125
398.31341552734375,49.30859375,408.0746154785156,72.16796875,399.9403076171875,72.16796875,-1.0,-1.0,-1.0,-1.0,412.9552307128906,72.16796875,416.2089538574219,104.82421875,414.58209228515625,130.94921875,393.4328308105469,132.58203125,382.0447692871094,176.66796875,373.91046142578125,215.85546875,401.5671691894531,134.21484375,380.41790771484375,175.03515625,372.2835693359375,220.75390625,395.0596923828125,46.04296875,401.5671691894531,46.04296875,-1.0,-1.0,409.70147705078125,50.94140625
-1.0,-1.0,434.9850769042969,95.02734375,441.4925231933594,96.66015625,444.74627685546875,114.62109375,-1.0,-1.0,430.1044921875,95.02734375,428.47760009765625,122.78515625,428.47760009765625,139.11328125,439.86566162109375,134.21484375,-1.0,-1.0,-1.0,-1.0,430.1044921875,134.21484375,-1.0,-1.0,-1.0,-1.0,-1.0,-1.0,-1.0,-1.0,444.74627685546875,83.59765625,-1.0,-1.0
387.4580078125,47.67578125,397.2595520019531,72.16796875,390.7251892089844,72.16796875,-1.0,-1.0,-1.0,-1.0,405.427490234375,70.53515625,408.69464111328125,104.82421875,403.79388427734375,129.31640625,380.9236755371094,130.94921875,376.02288818359375,175.03515625,372.7557373046875,214.22265625,392.3587646484375,132.58203125,380.9236755371094,171.76953125,-1.0,-1.0,385.8244323730469,44.41015625,392.3587646484375,44.41015625,-1.0,-1.0,400.5267333984375,47.67578125
385.81536865234375,47.67578125,393.96923828125,70.53515625,387.4461669921875,70.53515625,-1.0,-1.0,-1.0,-1.0,400.4923095703125,70.53515625,403.75384521484375,104.82421875,398.8615417480469,127.68359375,377.6615295410156,129.31640625,374.3999938964844,171.76953125,374.3999938964844,214.22265625,387.4461669921875,130.94921875,376.03076171875,173.40234375,372.76922607421875,212.58984375,382.5538330078125,44.41015625,389.0769348144531,44.41015625,379.29229736328125,46.04296875,397.23077392578125,47.67578125
381.7209167480469,46.04296875,389.8604736328125,70.53515625,381.7209167480469,70.53515625,-1.0,-1.0,-1.0,-1.0,396.3721008300781,68.90234375,399.6278991699219,103.19140625,394.74420166015625,129.31640625,376.83721923828125,129.31640625,373.5813903808594,171.76953125,373.5813903808594,209.32421875,388.2325439453125,132.58203125,373.5813903808594,170.13671875,373.5813903808594,209.32421875,378.4651184082031,42.77734375,384.97674560546875,42.77734375,376.83721923828125,46.04296875,393.11627197265625,47.67578125
376.093017578125,46.04296875,385.8604736328125,68.90234375,379.3488464355469,70.53515625,-1.0,-1.0,-1.0,-1.0,392.3721008300781,68.90234375,397.25579833984375,104.82421875,390.74420166015625,129.31640625,371.20928955078125,130.94921875,371.20928955078125,176.66796875,371.20928955078125,209.32421875,382.6046447753906,132.58203125,392.3721008300781,171.76953125,400.5116271972656,197.89453125,374.4651184082031,44.41015625,380.97674560546875,42.77734375,-1.0,-1.0,389.11627197265625,47.67578125
373.22833251953125,46.04296875,381.4173278808594,68.90234375,374.86614990234375,70.53515625,-1.0,-1.0,-1.0,-1.0,387.968505859375,67.26953125,391.24407958984375,101.55859375,387.968505859375,126.05078125,369.9527587890625,129.31640625,368.3149719238281,171.76953125,371.5905456542969,210.95703125,378.1417236328125,130.94921875,369.9527587890625,170.13671875,373.22833251953125,217.48828125,371.5905456542969,42.77734375,378.1417236328125,42.77734375,-1.0,-1.0,386.3307189941406,47.67578125
368.7165222167969,47.5625,378.4488220214844,68.6875,371.96063232421875,68.6875,-1.0,-1.0,-1.0,-1.0,384.93701171875,67.0625,384.93701171875,101.1875,383.31494140625,123.9375,367.094482421875,127.1875,367.094482421875,172.6875,-1.0,-1.0,373.5826721191406,128.8125,368.7165222167969,167.8125,-1.0,-1.0,367.094482421875,44.3125,373.5826721191406,44.3125,-1.0,-1.0,381.6929016113281,47.5625
363.5920104980469,46.67578125,375.0159912109375,67.90234375,368.4880065917969,67.90234375,-1.0,-1.0,-1.0,-1.0,379.9119873046875,67.90234375,383.1759948730469,100.55859375,379.9119873046875,123.41796875,360.3280029296875,128.31640625,358.69598388671875,170.76953125,371.75201416015625,209.95703125,370.1199951171875,129.94921875,366.8559875488281,175.66796875,373.3840026855469,211.58984375,361.9599914550781,43.41015625,368.4880065917969,43.41015625,-1.0,-1.0,376.64801025390625,46.67578125
361.94354248046875,45.04296875,371.7177429199219,67.90234375,363.57257080078125,69.53515625,-1.0,-1.0,-1.0,-1.0,376.6048278808594,67.90234375,379.8629150390625,102.19140625,365.20159912109375,125.05078125,358.68548583984375,128.31640625,350.5403137207031,165.87109375,-1.0,-1.0,365.20159912109375,129.94921875,353.79840087890625,164.23828125,-1.0,-1.0,360.31451416015625,41.77734375,366.8306579589844,41.77734375,355.42742919921875,45.04296875,373.3467712402344,46.67578125
357.4590148925781,46.67578125,367.2950744628906,69.53515625,359.0983581542969,69.53515625,347.6229553222656,107.08984375,-1.0,-1.0,373.8524475097656,67.90234375,377.13116455078125,103.82421875,373.8524475097656,125.05078125,354.1803283691406,131.58203125,344.3442687988281,169.13671875,350.9016418457031,216.48828125,364.0163879394531,133.21484375,345.9836120605469,169.13671875,345.9836120605469,209.95703125,355.8196716308594,41.77734375,362.3770446777344,43.41015625,-1.0,-1.0,370.5737609863281,46.67578125
353.4590148925781,46.67578125,363.2950744628906,67.90234375,355.0983581542969,69.53515625,351.8196716308594,98.92578125,-1.0,-1.0,369.8524475097656,67.90234375,373.13116455078125,100.55859375,361.6557312011719,125.05078125,348.5409851074219,128.31640625,340.3442687988281,160.97265625,335.4262390136719,183.83203125,358.3770446777344,129.94921875,343.6229553222656,160.97265625,-1.0,-1.0,351.8196716308594,43.41015625,358.3770446777344,43.41015625,-1.0,-1.0,364.9344177246094,46.67578125
349.3636474609375,46.67578125,359.18182373046875,67.90234375,351.0,69.53515625,339.54547119140625,100.55859375,331.3636474609375,107.08984375,365.7272644042969,67.90234375,369.0,100.55859375,360.81817626953125,125.05078125,346.0909118652344,129.94921875,337.9090881347656,164.23828125,-1.0,-1.0,354.2727355957031,131.58203125,-1.0,-1.0,-1.0,-1.0,347.7272644042969,43.41015625,354.2727355957031,43.41015625,-1.0,-1.0,362.45452880859375,46.67578125
344.45001220703125,46.67578125,354.25,69.53515625,346.0833435058594,71.16796875,334.6499938964844,100.55859375,318.316650390625,111.98828125,360.7833251953125,69.53515625,364.04998779296875,103.82421875,360.7833251953125,125.05078125,339.54998779296875,129.94921875,331.3833312988281,170.76953125,-1.0,-1.0,350.98333740234375,131.58203125,365.683349609375,180.56640625,368.95001220703125,214.85546875,342.816650390625,43.41015625,349.3500061035156,43.41015625,-1.0,-1.0,357.51666259765625,46.67578125
340.440673828125,48.30859375,350.2033996582031,71.16796875,342.06781005859375,72.80078125,327.4237365722656,103.82421875,306.27117919921875,113.62109375,356.71185302734375,71.16796875,359.9660949707031,107.08984375,351.83050537109375,129.94921875,333.93218994140625,134.84765625,324.16949462890625,182.19921875,322.5423583984375,188.73046875,342.06781005859375,136.48046875,324.16949462890625,185.46484375,309.5254211425781,214.85546875,340.440673828125,45.04296875,345.322021484375,45.04296875,-1.0,-1.0,353.4576416015625,48.30859375
295.7627258300781,101.8125,302.27117919921875,116.4375,292.50848388671875,116.4375,292.50848388671875,127.8125,-1.0,-1.0,310.4067687988281,116.4375,313.6610107421875,132.6875,312.0339050292969,148.9375,294.1355895996094,145.6875,295.7627258300781,171.6875,297.38983154296875,196.0625,305.5254211425781,147.3125,308.7796630859375,170.0625,313.6610107421875,189.5625,-1.0,-1.0,297.38983154296875,100.1875,-1.0,-1.0,303.8983154296875,101.8125
294.991455078125,101.8125,299.8632507324219,114.8125,291.74359130859375,113.1875,286.8717956542969,124.5625,-1.0,-1.0,306.3589782714844,114.8125,307.98291015625,131.0625,306.3589782714844,145.6875,291.74359130859375,144.0625,293.3675231933594,168.4375,294.991455078125,189.5625,301.4871826171875,145.6875,301.4871826171875,168.4375,301.4871826171875,186.3125,294.991455078125,98.5625,296.6153869628906,100.1875,-1.0,-1.0,299.8632507324219,101.8125
295.0172424316406,101.8125,299.8793029785156,114.8125,291.7758483886719,114.8125,288.53448486328125,129.4375,286.9137878417969,140.8125,307.9827575683594,114.8125,309.60345458984375,131.0625,307.9827575683594,145.6875,293.39654541015625,144.0625,293.39654541015625,168.4375,293.39654541015625,189.5625,303.1206970214844,145.6875,304.74139404296875,170.0625,303.1206970214844,189.5625,295.0172424316406,98.5625,295.0172424316406,98.5625,-1.0,-1.0,299.8793029785156,100.1875
318.5689697265625,46.5625,329.9137878417969,69.3125,325.0517272949219,69.3125,316.9482727050781,101.8125,-1.0,-1.0,334.7758483886719,69.3125,334.7758483886719,101.8125,329.9137878417969,124.5625,313.7069091796875,126.1875,300.74139404296875,168.4375,303.9827575683594,209.0625,321.8103332519531,126.1875,303.9827575683594,170.0625,302.362060546875,212.3125,316.9482727050781,43.3125,323.4310302734375,43.3125,-1.0,-1.0,331.53448486328125,48.1875
314.0526428222656,44.9375,325.47369384765625,67.6875,318.9473571777344,67.6875,310.78948974609375,101.8125,299.368408203125,106.6875,328.7368469238281,69.3125,330.368408203125,100.1875,325.47369384765625,124.5625,307.52630615234375,124.5625,297.7368469238281,166.8125,302.631591796875,196.0625,315.6842041015625,126.1875,302.631591796875,166.8125,301.0,213.9375,314.0526428222656,41.6875,318.9473571777344,43.3125,-1.0,-1.0,327.1052551269531,46.5625
308.3362731933594,44.04296875,321.3628234863281,66.90234375,316.4778747558594,66.90234375,-1.0,-1.0,-1.0,-1.0,324.6194763183594,68.53515625,324.6194763183594,101.19140625,319.7344970703125,124.05078125,306.70794677734375,124.05078125,298.5663757324219,166.50390625,300.1947021484375,192.62890625,313.22125244140625,125.68359375,301.822998046875,166.50390625,301.822998046875,208.95703125,306.70794677734375,40.77734375,313.22125244140625,40.77734375,-1.0,-1.0,321.3628234863281,45.67578125
304.8108215332031,44.04296875,316.2882995605469,66.90234375,313.0090026855469,66.90234375,-1.0,-1.0,-1.0,-1.0,319.56756591796875,68.53515625,319.56756591796875,99.55859375,314.6486511230469,122.41796875,304.8108215332031,125.68359375,298.25225830078125,164.87109375,-1.0,-1.0,308.090087890625,125.68359375,303.1711730957031,163.23828125,301.5315246582031,220.38671875,304.8108215332031,39.14453125,309.729736328125,40.77734375,-1.0,-1.0,317.92791748046875,45.67578125
300.3513488769531,43.9375,311.70269775390625,66.6875,308.45947265625,65.0625,-1.0,-1.0,-1.0,-1.0,314.9459533691406,66.6875,313.3243408203125,97.5625,310.0810852050781,123.5625,303.5946044921875,125.1875,318.1891784667969,188.5625,329.54052734375,206.4375,310.0810852050781,125.1875,297.10809326171875,162.5625,332.7837829589844,203.1875,300.3513488769531,40.6875,305.2162170410156,40.6875,-1.0,-1.0,313.3243408203125,45.5625
297.0727233886719,43.9375,306.7818298339844,65.0625,303.54547119140625,65.0625,-1.0,-1.0,-1.0,-1.0,310.0181884765625,65.0625,310.0181884765625,97.5625,306.7818298339844,125.1875,300.30908203125,123.5625,-1.0,-1.0,-1.0,-1.0,306.7818298339844,123.5625,-1.0,-1.0,-1.0,-1.0,295.45452880859375,39.0625,301.9272766113281,40.6875,-1.0,-1.0,310.0181884765625,43.9375
292.5555419921875,43.9375,303.96295166015625,65.0625,300.7037048339844,65.0625,294.1851806640625,92.6875,284.40740966796875,84.5625,305.59259033203125,66.6875,303.96295166015625,99.1875,300.7037048339844,123.5625,302.3333435058594,123.5625,292.5555419921875,164.1875,307.22222900390625,206.4375,303.96295166015625,123.5625,295.8148193359375,164.1875,-1.0,-1.0,290.9259338378906,39.0625,297.4444580078125,40.6875,-1.0,-1.0,305.59259033203125,43.9375
286.9259338378906,42.3125,298.3333435058594,65.0625,293.4444580078125,65.0625,-1.0,-1.0,-1.0,-1.0,301.59259033203125,65.0625,301.59259033203125,99.1875,296.7037048339844,123.5625,296.7037048339844,125.1875,290.1851806640625,170.6875,299.96295166015625,211.3125,301.59259033203125,126.8125,291.8148193359375,170.6875,296.7037048339844,211.3125,286.9259338378906,39.0625,291.8148193359375,39.0625,-1.0,-1.0,299.96295166015625,43.9375
282.84112548828125,42.3125,292.59814453125,65.0625,287.7196350097656,65.0625,284.46728515625,91.0625,276.3364562988281,87.8125,297.47662353515625,65.0625,295.8504638671875,95.9375,292.59814453125,121.9375,287.7196350097656,118.6875,273.0841064453125,173.9375,-1.0,-1.0,295.8504638671875,120.3125,297.47662353515625,173.9375,302.3551330566406,214.5625,282.84112548828125,39.0625,287.7196350097656,40.6875,-1.0,-1.0,295.8504638671875,45.5625
278.8571472167969,43.9375,290.19049072265625,65.0625,288.5714416503906,63.4375,-1.0,-1.0,-1.0,-1.0,291.80950927734375,65.0625,291.80950927734375,95.9375,286.952392578125,118.6875,296.6666564941406,118.6875,-1.0,-1.0,-1.0,-1.0,290.19049072265625,118.6875,-1.0,-1.0,-1.0,-1.0,277.23809814453125,40.6875,283.71429443359375,40.6875,-1.0,-1.0,291.80950927734375,43.9375
274.8571472167969,43.9375,284.5714416503906,65.0625,279.71429443359375,66.6875,-1.0,-1.0,-1.0,-1.0,287.80950927734375,66.6875,287.80950927734375,97.5625,281.3333435058594,121.9375,291.047607421875,123.5625,287.80950927734375,170.6875,-1.0,-1.0,286.19049072265625,123.5625,295.9047546386719,177.1875,300.76190185546875,212.9375,273.23809814453125,40.6875,279.71429443359375,40.6875,-1.0,-1.0,286.19049072265625,45.5625
274.0952453613281,43.9375,287.047607421875,66.6875,282.19049072265625,66.6875,-1.0,-1.0,-1.0,-1.0,288.6666564941406,66.6875,287.047607421875,99.1875,282.19049072265625,123.5625,295.1428527832031,121.9375,296.76190185546875,188.5625,300.0,214.5625,283.80950927734375,123.5625,298.3809509277344,190.1875,300.0,214.5625,274.0952453613281,40.6875,278.952392578125,40.6875,-1.0,-1.0,287.047607421875,45.5625
-1.0,-1.0,250.6666717529297,120.3125,255.5238037109375,120.3125,-1.0,-1.0,-1.0,-1.0,244.1904754638672,121.9375,-1.0,-1.0,-1.0,-1.0,257.1428527832031,143.0625,255.5238037109375,170.6875,245.8095245361328,209.6875,245.8095245361328,143.0625,242.57142639160156,162.5625,242.57142639160156,178.8125,-1.0,-1.0,-1.0,-1.0,-1.0,-1.0,-1.0,-1.0
264.0480651855469,44.67578125,275.4903869628906,65.90234375,270.5865478515625,65.90234375,-1.0,-1.0,-1.0,-1.0,282.0288391113281,67.53515625,280.39422607421875,95.29296875,275.4903869628906,119.78515625,270.5865478515625,121.41796875,277.125,163.87109375,-1.0,-1.0,280.39422607421875,121.41796875,285.2980651855469,163.87109375,300.0096130371094,209.58984375,264.0480651855469,41.41015625,268.9519348144531,43.04296875,-1.0,-1.0,278.7596130371094,46.30859375
258.4134521484375,44.67578125,274.7596130371094,67.53515625,268.2211608886719,67.53515625,-1.0,-1.0,-1.0,-1.0,274.7596130371094,69.16796875,274.7596130371094,100.19140625,271.4903869628906,126.31640625,276.39422607421875,124.68359375,250.24038696289062,162.23828125,-1.0,-1.0,271.4903869628906,127.94921875,279.6634521484375,165.50390625,-1.0,-1.0,258.4134521484375,41.41015625,263.31732177734375,43.04296875,-1.0,-1.0,271.4903869628906,46.30859375
256.0480651855469,44.67578125,269.125,69.16796875,264.2211608886719,67.53515625,-1.0,-1.0,-1.0,-1.0,270.7596130371094,69.16796875,269.125,98.55859375,267.4903869628906,124.68359375,274.0288391113281,124.68359375,-1.0,-1.0,-1.0,-1.0,264.2211608886719,126.31640625,277.2980651855469,170.40234375,-1.0,-1.0,254.41346740722656,43.04296875,259.31732177734375,43.04296875,-1.0,-1.0,267.4903869628906,46.30859375
-1.0,-1.0,224.23301696777344,108.35546875,214.44659423828125,108.35546875,-1.0,-1.0,-1.0,-1.0,-1.0,-1.0,-1.0,-1.0,-1.0,-1.0,217.708740234375,141.01171875,219.33981323242188,165.50390625,222.60194396972656,186.73046875,222.60194396972656,141.01171875,225.86407470703125,163.87109375,227.49514770507812,185.09765625,-1.0,-1.0,-1.0,-1.0,-1.0,-1.0,-1.0,-1.0
246.33009338378906,44.67578125,262.6407775878906,69.16796875,265.9029235839844,67.53515625,-1.0,-1.0,-1.0,-1.0,261.00970458984375,69.16796875,261.00970458984375,98.55859375,257.74755859375,121.41796875,270.7961120605469,121.41796875,275.6893310546875,163.87109375,-1.0,-1.0,262.6407775878906,123.05078125,264.2718505859375,163.87109375,-1.0,-1.0,244.69903564453125,41.41015625,251.22329711914062,41.41015625,-1.0,-1.0,259.3786315917969,46.30859375
-1.0,-1.0,220.16346740722656,108.35546875,213.625,108.35546875,-1.0,-1.0,-1.0,-1.0,223.4326934814453,108.35546875,228.33653259277344,121.41796875,-1.0,-1.0,221.79808044433594,134.48046875,223.4326934814453,160.60546875,228.33653259277344,196.52734375,225.0673065185547,132.84765625,234.875,158.97265625,228.33653259277344,193.26171875,-1.0,-1.0,-1.0,-1.0,-1.0,-1.0,215.25961303710938,95.29296875
239.04808044433594,43.04296875,252.125,65.90234375,247.22116088867188,65.90234375,-1.0,-1.0,-1.0,-1.0,252.125,67.53515625,252.125,93.66015625,250.49038696289062,118.15234375,253.75961303710938,114.88671875,260.2980651855469,157.33984375,-1.0,-1.0,248.85577392578125,116.51953125,245.5865478515625,157.33984375,-1.0,-1.0,235.77883911132812,39.77734375,242.3173065185547,39.77734375,-1.0,-1.0,250.49038696289062,44.67578125
233.41346740722656,42.1484375,248.125,65.1171875,244.85577392578125,65.1171875,-1.0,-1.0,-1.0,-1.0,248.125,66.7578125,248.125,94.6484375,243.22116088867188,115.9765625,251.39422607421875,115.9765625,254.66346740722656,158.6328125,262.8365478515625,186.5234375,244.85577392578125,115.9765625,233.41346740722656,161.9140625,231.77883911132812,198.0078125,231.77883911132812,38.8671875,238.3173065185547,38.8671875,-1.0,-1.0,248.125,43.7890625
231.04808044433594,42.1484375,244.125,65.1171875,239.22116088867188,63.4765625,-1.0,-1.0,-1.0,-1.0,244.125,65.1171875,-1.0,-1.0,-1.0,-1.0,244.125,119.2578125,253.9326934814453,163.5546875,263.7403869628906,196.3671875,242.49038696289062,120.8984375,232.6826934814453,166.8359375,229.41346740722656,206.2109375,229.41346740722656,38.8671875,235.95191955566406,38.8671875,-1.0,-1.0,244.125,43.7890625
227.04808044433594,42.1484375,240.125,65.1171875,236.85577392578125,63.4765625,-1.0,-1.0,-1.0,-1.0,241.75961303710938,65.1171875,241.75961303710938,94.6484375,235.22116088867188,119.2578125,233.5865478515625,122.5390625,228.6826934814453,165.1953125,227.04808044433594,214.4140625,241.75961303710938,122.5390625,245.02883911132812,168.4765625,259.7403869628906,199.6484375,225.41346740722656,37.2265625,231.95191955566406,38.8671875,-1.0,-1.0,240.125,43.7890625
227.95191955566406,40.5078125,239.39422607421875,65.1171875,236.125,63.4765625,-1.0,-1.0,-1.0,-1.0,241.02883911132812,65.1171875,242.66346740722656,94.6484375,236.125,120.8984375,231.22116088867188,122.5390625,227.95191955566406,163.5546875,259.0096130371094,202.9296875,239.39422607421875,124.1796875,245.9326934814453,168.4765625,-1.0,-1.0,226.3173065185547,37.2265625,232.85577392578125,38.8671875,-1.0,-1.0,241.02883911132812,43.7890625
223.95191955566406,42.1484375,235.39422607421875,63.4765625,232.125,63.4765625,-1.0,-1.0,-1.0,-1.0,237.02883911132812,63.4765625,240.29808044433594,94.6484375,232.125,122.5390625,235.39422607421875,122.5390625,-1.0,-1.0,-1.0,-1.0,235.39422607421875,124.1796875,235.39422607421875,168.4765625,228.85577392578125,209.4921875,222.3173065185547,37.2265625,228.85577392578125,38.8671875,-1.0,-1.0,237.02883911132812,43.7890625
219.95191955566406,40.5078125,231.39422607421875,63.4765625,228.125,63.4765625,-1.0,-1.0,-1.0,-1.0,234.66346740722656,63.4765625,236.29808044433594,94.6484375,228.125,120.8984375,223.22116088867188,124.1796875,219.95191955566406,165.1953125,228.125,207.8515625,233.02883911132812,124.1796875,231.39422607421875,166.8359375,228.125,206.2109375,218.3173065185547,37.2265625,224.85577392578125,37.2265625,-1.0,-1.0,233.02883911132812,42.1484375
215.95191955566406,40.5078125,229.02883911132812,63.4765625,225.75961303710938,63.4765625,222.49038696289062,89.7265625,-1.0,-1.0,230.66346740722656,63.4765625,232.29808044433594,94.6484375,224.125,120.8984375,220.85577392578125,122.5390625,215.95191955566406,158.6328125,230.66346740722656,204.5703125,229.02883911132812,122.5390625,227.39422607421875,163.5546875,225.75961303710938,209.4921875,214.3173065185547,37.2265625,220.85577392578125,37.2265625,-1.0,-1.0,229.02883911132812,42.1484375
212.3883514404297,41.25390625,225.59222412109375,64.33203125,223.94174194335938,62.68359375,212.3883514404297,102.24609375,199.18446350097656,117.08203125,227.2427215576172,64.33203125,227.2427215576172,98.94921875,222.291259765625,122.02734375,215.68931579589844,125.32421875,225.59222412109375,163.23828125,227.2427215576172,207.74609375,222.291259765625,126.97265625,225.59222412109375,166.53515625,228.89320373535156,199.50390625,210.73785400390625,37.95703125,217.33981323242188,37.95703125,-1.0,-1.0,225.59222412109375,42.90234375
208.3883514404297,41.25390625,221.59222412109375,64.33203125,218.291259765625,64.33203125,206.73785400390625,100.59765625,188.58251953125,118.73046875,223.2427215576172,65.98046875,223.2427215576172,97.30078125,219.94174194335938,123.67578125,211.68931579589844,126.97265625,200.13592529296875,161.58984375,203.4368896484375,214.33984375,221.59222412109375,126.97265625,223.2427215576172,164.88671875,226.54368591308594,214.33984375,206.73785400390625,37.95703125,213.33981323242188,37.95703125,-1.0,-1.0,221.59222412109375,41.25390625
204.3883514404297,41.25390625,217.59222412109375,64.33203125,214.291259765625,64.33203125,209.33981323242188,89.05859375,192.83494567871094,89.05859375,219.2427215576172,64.33203125,220.89320373535156,97.30078125,215.94174194335938,123.67578125,212.64077758789062,123.67578125,197.78640747070312,161.58984375,-1.0,-1.0,220.89320373535156,123.67578125,222.54368591308594,163.23828125,227.49514770507812,201.15234375,202.73785400390625,37.95703125,209.33981323242188,37.95703125,-1.0,-1.0,217.59222412109375,42.90234375
200.3883514404297,41.25390625,213.59222412109375,64.33203125,210.291259765625,64.33203125,205.33981323242188,89.05859375,-1.0,-1.0,215.2427215576172,65.98046875,216.89320373535156,94.00390625,213.59222412109375,120.37890625,206.99029541015625,123.67578125,220.19418334960938,169.83203125,221.84466552734375,206.09765625,211.94174194335938,123.67578125,193.78640747070312,168.18359375,178.93203735351562,207.74609375,200.3883514404297,37.95703125,205.33981323242188,39.60546875,-1.0,-1.0,213.59222412109375,44.55078125
196.3883514404297,42.90234375,209.59222412109375,64.33203125,206.291259765625,64.33203125,202.99029541015625,90.70703125,-1.0,-1.0,211.2427215576172,65.98046875,212.89320373535156,94.00390625,209.59222412109375,118.73046875,201.33981323242188,123.67578125,209.59222412109375,166.53515625,-1.0,-1.0,207.94174194335938,123.67578125,214.54368591308594,166.53515625,229.39805603027344,207.74609375,194.73785400390625,39.60546875,201.33981323242188,39.60546875,-1.0,-1.0,209.59222412109375,44.55078125
194.03883361816406,42.90234375,205.59222412109375,65.98046875,202.291259765625,64.33203125,-1.0,-1.0,-1.0,-1.0,207.2427215576172,65.98046875,208.89320373535156,95.65234375,203.94174194335938,120.37890625,197.33981323242188,125.32421875,-1.0,-1.0,-1.0,-1.0,205.59222412109375,125.32421875,-1.0,-1.0,-1.0,-1.0,192.3883514404297,39.60546875,197.33981323242188,41.25390625,-1.0,-1.0,205.59222412109375,44.55078125
188.3883514404297,42.90234375,199.94174194335938,65.98046875,194.99029541015625,65.98046875,191.68931579589844,95.65234375,-1.0,-1.0,203.2427215576172,67.62890625,203.2427215576172,98.94921875,198.291259765625,123.67578125,191.68931579589844,125.32421875,213.1456298828125,168.18359375,203.2427215576172,194.55859375,203.2427215576172,125.32421875,206.54368591308594,168.18359375,-1.0,-1.0,188.3883514404297,39.60546875,193.33981323242188,41.25390625,-1.0,-1.0,201.59222412109375,44.55078125
184.3883514404297,43.671875,195.94174194335938,66.859375,192.64077758789062,65.203125,186.03883361816406,95.015625,-1.0,-1.0,199.2427215576172,66.859375,199.2427215576172,98.328125,194.291259765625,123.171875,204.19418334960938,124.828125,207.49514770507812,167.890625,-1.0,-1.0,194.291259765625,124.828125,174.48544311523438,166.234375,159.63107299804688,205.984375,184.3883514404297,40.359375,189.33981323242188,40.359375,-1.0,-1.0,197.59222412109375,43.671875
180.3883514404297,43.671875,191.94174194335938,66.859375,188.64077758789062,66.859375,-1.0,-1.0,-1.0,-1.0,193.59222412109375,66.859375,193.59222412109375,98.328125,186.99029541015625,123.171875,198.54368591308594,123.171875,193.59222412109375,171.203125,188.64077758789062,199.359375,186.99029541015625,123.171875,168.83494567871094,164.578125,158.93203735351562,205.984375,178.73785400390625,40.359375,183.68931579589844,40.359375,-1.0,-1.0,193.59222412109375,45.328125
176.3883514404297,42.015625,189.59222412109375,66.859375,196.19418334960938,66.859375,197.84466552734375,98.328125,-1.0,-1.0,187.94174194335938,66.859375,187.94174194335938,98.328125,182.99029541015625,123.171875,194.54368591308594,121.515625,187.94174194335938,167.890625,187.94174194335938,194.390625,179.68931579589844,123.171875,166.48544311523438,164.578125,164.83494567871094,197.703125,174.73785400390625,38.703125,179.68931579589844,40.359375,-1.0,-1.0,187.94174194335938,43.671875
-1.0,-1.0,-1.0,-1.0,-1.0,-1.0,-1.0,-1.0,-1.0,-1.0,183.94174194335938,65.203125,183.94174194335938,96.671875,177.33981323242188,119.859375,-1.0,-1.0,-1.0,-1.0,-1.0,-1.0,-1.0,-1.0,-1.0,-1.0,-1.0,-1.0,-1.0,-1.0,-1.0,-1.0,-1.0,-1.0,183.94174194335938,42.015625
168.3883514404297,40.359375,178.291259765625,63.546875,176.64077758789062,63.546875,-1.0,-1.0,-1.0,-1.0,179.94174194335938,63.546875,178.291259765625,95.015625,173.33981323242188,118.203125,183.2427215576172,121.515625,160.13592529296875,166.234375,156.83494567871094,214.265625,173.33981323242188,123.171875,178.291259765625,162.921875,158.48544311523438,202.671875,165.08737182617188,38.703125,171.68931579589844,38.703125,-1.0,-1.0,179.94174194335938,42.015625
162.73785400390625,40.359375,174.291259765625,63.546875,-1.0,-1.0,-1.0,-1.0,-1.0,-1.0,175.94174194335938,63.546875,172.64077758789062,95.015625,169.33981323242188,121.515625,175.94174194335938,119.859375,170.99029541015625,167.890625,169.33981323242188,196.046875,169.33981323242188,121.515625,159.4368896484375,166.234375,154.48544311523438,194.390625,161.08737182617188,37.046875,166.03883361816406,37.046875,-1.0,-1.0,174.291259765625,42.015625
157.08737182617188,40.359375,170.291259765625,61.890625,-1.0,-1.0,-1.0,-1.0,-1.0,-1.0,170.291259765625,63.546875,168.64077758789062,96.671875,163.68931579589844,119.859375,171.94174194335938,119.859375,170.291259765625,164.578125,173.59222412109375,189.421875,162.03883361816406,123.171875,158.73785400390625,166.234375,155.4368896484375,187.765625,155.4368896484375,37.046875,160.3883514404297,37.046875,-1.0,-1.0,170.291259765625,40.359375
152.66665649414062,39.46484375,166.0,61.09765625,-1.0,-1.0,-1.0,-1.0,-1.0,-1.0,167.66665649414062,62.76171875,164.3333282470703,96.04296875,159.3333282470703,121.00390625,167.66665649414062,121.00390625,169.3333282470703,167.59765625,-1.0,-1.0,159.3333282470703,121.00390625,154.3333282470703,164.26953125,154.3333282470703,195.88671875,151.0,36.13671875,157.66665649414062,36.13671875,-1.0,-1.0,166.0,41.12890625
148.66665649414062,39.46484375,163.66665649414062,61.09765625,165.3333282470703,61.09765625,-1.0,-1.0,-1.0,-1.0,162.0,62.76171875,160.3333282470703,96.04296875,157.0,119.33984375,167.0,121.00390625,165.3333282470703,167.59765625,170.3333282470703,194.22265625,155.3333282470703,121.00390625,150.3333282470703,162.60546875,148.66665649414062,187.56640625,147.0,36.13671875,152.0,36.13671875,-1.0,-1.0,162.0,41.12890625
144.66665649414062,39.46484375,159.66665649414062,61.09765625,-1.0,-1.0,-1.0,-1.0,-1.0,-1.0,158.0,62.76171875,156.3333282470703,96.04296875,153.0,121.00390625,166.3333282470703,117.67578125,159.66665649414062,160.94140625,159.66665649414062,195.88671875,156.3333282470703,119.33984375,148.0,160.94140625,166.3333282470703,205.87109375,143.0,34.47265625,148.0,36.13671875,-1.0,-1.0,158.0,39.46484375
140.58416748046875,37.80078125,153.89108276367188,61.09765625,155.55445861816406,59.43359375,-1.0,-1.0,-1.0,-1.0,153.89108276367188,62.76171875,152.22772216796875,94.37890625,150.56436157226562,121.00390625,162.20791625976562,116.01171875,160.5445556640625,162.60546875,165.53465270996094,192.55859375,153.89108276367188,117.67578125,147.2376251220703,164.26953125,153.89108276367188,210.86328125,138.92079162597656,34.47265625,143.910888671875,34.47265625,-1.0,-1.0,153.89108276367188,39.46484375
134.92079162597656,39.46484375,149.89108276367188,61.09765625,153.2178192138672,59.43359375,-1.0,-1.0,-1.0,-1.0,148.22772216796875,62.76171875,148.22772216796875,96.04296875,143.2376251220703,121.00390625,159.87127685546875,116.01171875,154.88119506835938,160.94140625,151.55445861816406,190.89453125,148.22772216796875,117.67578125,126.60395812988281,154.28515625,134.92079162597656,189.23046875,133.25741577148438,34.47265625,139.910888671875,36.13671875,-1.0,-1.0,148.22772216796875,39.46484375
131.66665649414062,37.80078125,145.0,61.09765625,-1.0,-1.0,-1.0,-1.0,-1.0,-1.0,145.0,62.76171875,143.3333282470703,99.37109375,140.0,124.33203125,153.3333282470703,121.00390625,155.0,165.93359375,155.0,199.21484375,145.0,122.66796875,123.33332824707031,159.27734375,128.3333282470703,199.21484375,130.0,34.47265625,136.66665649414062,34.47265625,-1.0,-1.0,145.0,39.46484375
127.66666412353516,37.80078125,141.0,61.09765625,144.3333282470703,61.09765625,-1.0,-1.0,-1.0,-1.0,141.0,61.09765625,-1.0,-1.0,-1.0,-1.0,149.3333282470703,117.67578125,152.66665649414062,165.93359375,-1.0,-1.0,142.66665649414062,119.33984375,149.3333282470703,165.93359375,152.66665649414062,200.87890625,126.0,34.47265625,131.0,34.47265625,-1.0,-1.0,139.3333282470703,39.46484375
123.66666412353516,38.5703125,137.0,61.9765625,-1.0,-1.0,-1.0,-1.0,-1.0,-1.0,135.3333282470703,63.6484375,135.3333282470703,93.7421875,133.66665649414062,120.4921875,145.3333282470703,117.1484375,112.0,160.6171875,107.0,205.7578125,138.66665649414062,118.8203125,145.3333282470703,163.9609375,-1.0,-1.0,122.0,35.2265625,127.0,35.2265625,-1.0,-1.0,135.3333282470703,40.2421875
118.0,38.5703125,131.3333282470703,61.9765625,-1.0,-1.0,-1.0,-1.0,-1.0,-1.0,131.3333282470703,63.6484375,131.3333282470703,93.7421875,129.66665649414062,120.4921875,141.3333282470703,115.4765625,148.0,158.9453125,151.3333282470703,199.0703125,133.0,117.1484375,138.0,157.2734375,-1.0,-1.0,116.33332824707031,35.2265625,123.0,36.8984375,-1.0,-1.0,131.3333282470703,40.2421875
114.0,40.2421875,129.0,61.9765625,132.3333282470703,61.9765625,-1.0,-1.0,-1.0,-1.0,127.33332824707031,63.6484375,127.33332824707031,95.4140625,124.0,122.1640625,139.0,117.1484375,142.3333282470703,157.2734375,145.66665649414062,187.3671875,130.66665649414062,118.8203125,124.0,155.6015625,-1.0,-1.0,112.33332824707031,36.8984375,117.33332824707031,38.5703125,-1.0,-1.0,125.66666412353516,41.9140625
110.0,40.2421875,123.33332824707031,63.6484375,128.3333282470703,61.9765625,-1.0,-1.0,-1.0,-1.0,123.33332824707031,63.6484375,-1.0,-1.0,-1.0,-1.0,133.3333282470703,118.8203125,140.0,162.2890625,138.3333282470703,192.3828125,126.66666412353516,118.8203125,131.66665649414062,155.6015625,-1.0,-1.0,108.33332824707031,36.8984375,113.33332824707031,36.8984375,-1.0,-1.0,121.66666412353516,40.2421875
104.33332824707031,40.2421875,119.33332824707031,61.9765625,114.33332824707031,61.9765625,-1.0,-1.0,-1.0,-1.0,119.33332824707031,63.6484375,117.66666412353516,98.7578125,116.0,123.8359375,129.3333282470703,117.1484375,-1.0,-1.0,-1.0,-1.0,117.66666412353516,118.8203125,-1.0,-1.0,-1.0,-1.0,102.66666412353516,36.8984375,109.33332824707031,36.8984375,-1.0,-1.0,117.66666412353516,40.2421875
102.0,40.2421875,115.33332824707031,63.6484375,118.66666412353516,61.9765625,-1.0,-1.0,-1.0,-1.0,115.33332824707031,63.6484375,-1.0,-1.0,-1.0,-1.0,125.33332824707031,117.1484375,133.66665649414062,163.9609375,-1.0,-1.0,117.0,118.8203125,-1.0,-1.0,-1.0,-1.0,100.33332824707031,36.8984375,107.0,36.8984375,-1.0,-1.0,113.66666412353516,41.9140625
98.0,38.5703125,108.0,61.9765625,104.66666412353516,63.6484375,-1.0,-1.0,-1.0,-1.0,109.66666412353516,63.6484375,111.33332824707031,95.4140625,108.0,122.1640625,118.0,123.8359375,-1.0,-1.0,-1.0,-1.0,104.66666412353516,123.8359375,84.66666412353516,162.2890625,79.66666412353516,204.0859375,96.33332824707031,33.5546875,103.0,35.2265625,-1.0,-1.0,111.33332824707031,40.2421875
92.71287536621094,37.67578125,106.17822265625,61.19140625,-1.0,-1.0,-1.0,-1.0,-1.0,-1.0,106.17822265625,62.87109375,106.17822265625,94.78515625,104.49504852294922,121.66015625,112.910888671875,119.98046875,119.64356231689453,156.93359375,126.37623596191406,183.80859375,102.81188201904297,119.98046875,97.76237487792969,155.25390625,-1.0,-1.0,91.02970123291016,34.31640625,96.07920837402344,35.99609375,-1.0,-1.0,106.17822265625,39.35546875
88.71287536621094,35.99609375,100.49504852294922,61.19140625,95.44554138183594,61.19140625,-1.0,-1.0,-1.0,-1.0,102.17822265625,61.19140625,102.17822265625,93.10546875,98.81188201904297,118.30078125,100.49504852294922,118.30078125,-1.0,-1.0,-1.0,-1.0,103.86138916015625,119.98046875,112.2772216796875,156.93359375,119.00990295410156,185.48828125,87.02970123291016,32.63671875,93.76237487792969,34.31640625,-1.0,-1.0,102.17822265625,39.35546875
84.71287536621094,35.99609375,94.81188201904297,59.51171875,91.44554138183594,59.51171875,-1.0,-1.0,-1.0,-1.0,99.86138916015625,61.19140625,99.86138916015625,91.42578125,96.49504852294922,119.98046875,88.07920837402344,119.98046875,83.02970123291016,161.97265625,83.02970123291016,210.68359375,101.5445556640625,121.66015625,106.59405517578125,153.57421875,113.32672882080078,182.12890625,84.71287536621094,32.63671875,89.76237487792969,34.31640625,-1.0,-1.0,98.17822265625,37.67578125
80.71287536621094,35.99609375,92.49504852294922,59.51171875,87.44554138183594,59.51171875,-1.0,-1.0,-1.0,-1.0,94.17822265625,59.51171875,94.17822265625,89.74609375,87.44554138183594,116.62109375,92.49504852294922,114.94140625,85.76237487792969,155.25390625,102.59405517578125,185.48828125,94.17822265625,116.62109375,99.22772216796875,153.57421875,109.32672882080078,182.12890625,80.71287536621094,30.95703125,85.76237487792969,32.63671875,-1.0,-1.0,94.17822265625,37.67578125
76.71287536621094,35.99609375,88.49504852294922,59.51171875,83.44554138183594,59.51171875,-1.0,-1.0,-1.0,-1.0,91.86138916015625,59.51171875,88.49504852294922,91.42578125,81.76237487792969,116.62109375,91.86138916015625,116.62109375,78.39604187011719,156.93359375,-1.0,-1.0,90.17822265625,116.62109375,95.22772216796875,156.93359375,98.59405517578125,190.52734375,76.71287536621094,32.63671875,81.76237487792969,32.63671875,-1.0,-1.0,90.17822265625,37.67578125
72.47058868408203,35.99609375,84.27450561523438,59.51171875,79.21568298339844,59.51171875,-1.0,-1.0,-1.0,-1.0,89.33333587646484,59.51171875,85.96078491210938,91.42578125,82.5882339477539,118.30078125,72.47058868408203,116.62109375,69.09803771972656,151.89453125,-1.0,-1.0,85.96078491210938,118.30078125,87.64706420898438,156.93359375,-1.0,-1.0,70.78431701660156,32.63671875,77.52941131591797,32.63671875,-1.0,-1.0,84.27450561523438,37.67578125
68.1568603515625,35.99609375,81.64706420898438,57.83203125,74.90196228027344,57.83203125,-1.0,-1.0,-1.0,-1.0,85.01960754394531,59.51171875,81.64706420898438,89.74609375,73.21568298339844,114.94140625,73.21568298339844,116.62109375,74.90196228027344,155.25390625,79.96078491210938,193.88671875,83.33333587646484,116.62109375,83.33333587646484,155.25390625,85.01960754394531,202.28515625,66.47058868408203,32.63671875,71.52941131591797,32.63671875,-1.0,-1.0,81.64706420898438,37.67578125
64.33653259277344,35.99609375,77.72115325927734,57.83203125,76.04808044433594,57.83203125,-1.0,-1.0,-1.0,-1.0,77.72115325927734,59.51171875,77.72115325927734,88.06640625,67.68269348144531,113.26171875,84.41345977783203,114.94140625,81.06730651855469,165.33203125,84.41345977783203,210.68359375,72.70191955566406,116.62109375,64.33653259277344,168.69140625,67.68269348144531,207.32421875,62.66345977783203,32.63671875,67.68269348144531,32.63671875,-1.0,-1.0,76.04808044433594,35.99609375
59.3365364074707,35.99609375,71.04808044433594,57.83203125,64.35576629638672,57.83203125,55.99038314819336,96.46484375,42.60576629638672,111.58203125,74.39422607421875,59.51171875,74.39422607421875,88.06640625,69.375,113.26171875,74.39422607421875,116.62109375,77.74038696289062,163.65234375,81.08653259277344,209.00390625,71.04808044433594,116.62109375,54.31730651855469,161.97265625,57.66345977783203,209.00390625,57.66345977783203,32.63671875,62.68268966674805,32.63671875,-1.0,-1.0,71.04808044433594,37.67578125
53.3365364074707,35.99609375,70.06730651855469,59.51171875,66.72115325927734,57.83203125,53.3365364074707,89.74609375,-1.0,-1.0,70.06730651855469,59.51171875,-1.0,-1.0,-1.0,-1.0,80.10576629638672,119.98046875,75.08653259277344,165.33203125,81.77884674072266,207.32421875,63.375,121.66015625,46.644229888916016,165.33203125,44.971153259277344,210.68359375,53.3365364074707,30.95703125,58.35576629638672,32.63671875,-1.0,-1.0,68.39422607421875,35.99609375
49.5384635925293,36.78125,69.84615325927734,60.40625,78.30769348144531,60.40625,-1.0,-1.0,-1.0,-1.0,63.07692337036133,60.40625,61.38461685180664,94.15625,61.38461685180664,117.78125,78.30769348144531,119.46875,73.23076629638672,159.96875,80.0,208.90625,59.69230651855469,117.78125,42.769229888916016,158.28125,32.615386962890625,203.84375,49.5384635925293,31.71875,54.615386962890625,33.40625,-1.0,-1.0,64.76922607421875,36.78125
46.153846740722656,35.09375,64.76922607421875,60.40625,69.84615325927734,60.40625,-1.0,-1.0,-1.0,-1.0,59.69230651855469,62.09375,58.0,92.46875,54.615386962890625,112.71875,73.23076629638672,119.46875,59.69230651855469,158.28125,54.615386962890625,195.40625,56.30769348144531,119.46875,39.38461685180664,158.28125,22.461538314819336,203.84375,44.46154022216797,31.71875,49.5384635925293,31.71875,-1.0,-1.0,59.69230651855469,36.78125
41.699031829833984,36.09375,58.59223556518555,59.71875,-1.0,-1.0,-1.0,-1.0,-1.0,-1.0,58.59223556518555,61.40625,56.902915954589844,90.09375,50.145633697509766,113.71875,67.03883361816406,117.09375,68.72815704345703,164.34375,75.48544311523438,203.15625,56.902915954589844,118.78125,50.145633697509766,159.28125,53.52427291870117,194.71875,40.009708404541016,32.71875,45.07767105102539,32.71875,-1.0,-1.0,55.213592529296875,37.78125
