-1.0,-1.0,448.0859375,221.7734375,454.1015625,223.4921875,456.6796875,238.1015625,-1.0,-1.0,442.0703125,220.9140625,433.4765625,232.9453125,426.6015625,234.6640625,450.6640625,248.4140625,448.9453125,272.4765625,450.6640625,293.1015625,440.3515625,247.5546875,438.6328125,272.4765625,440.3515625,293.9609375,-1.0,-1.0,-1.0,-1.0,-1.0,-1.0,-1.0,-1.0
-1.0,-1.0,447.0859375,221.7734375,453.9609375,222.6328125,456.5390625,237.2421875,-1.0,-1.0,441.0703125,220.9140625,431.6171875,232.9453125,423.8828125,234.6640625,449.6640625,249.2734375,449.6640625,271.6171875,451.3828125,293.1015625,438.4921875,247.5546875,437.6328125,273.3359375,438.4921875,293.1015625,-1.0,-1.0,-1.0,-1.0,-1.0,-1.0,441.9296875,211.4609375
-1.0,-1.0,444.4803161621094,221.84765625,450.5433044433594,221.84765625,454.8740234375,233.12109375,-1.0,-1.0,438.4173278808594,221.84765625,428.02362060546875,234.85546875,421.094482421875,234.85546875,447.94488525390625,247.86328125,447.0787353515625,271.27734375,450.5433044433594,291.22265625,438.4173278808594,246.99609375,432.3543395996094,270.41015625,425.4252014160156,292.08984375,-1.0,-1.0,-1.0,-1.0,445.3464660644531,210.57421875,437.5511779785156,211.44140625
-1.0,-1.0,444.3464660644531,221.84765625,451.27557373046875,222.71484375,453.00787353515625,235.72265625,-1.0,-1.0,438.2834777832031,221.84765625,427.02362060546875,233.98828125,420.094482421875,236.58984375,445.21258544921875,248.73046875,442.6141662597656,269.54296875,450.4094543457031,292.95703125,435.6850280761719,247.86328125,431.3543395996094,271.27734375,423.5590515136719,290.35546875,-1.0,-1.0,-1.0,-1.0,-1.0,-1.0,436.5511779785156,211.44140625
-1.0,-1.0,440.748046875,222.71484375,446.81103515625,222.71484375,-1.0,-1.0,-1.0,-1.0,434.6850280761719,222.71484375,425.157470703125,233.98828125,419.094482421875,235.72265625,443.3464660644531,249.59765625,445.0787353515625,271.27734375,449.4094543457031,292.95703125,433.81890869140625,248.73046875,427.75592041015625,271.27734375,422.5590515136719,292.08984375,-1.0,-1.0,-1.0,-1.0,-1.0,-1.0,432.9527587890625,213.17578125
-1.0,-1.0,438.88189697265625,223.58203125,444.94488525390625,223.58203125,-1.0,-1.0,-1.0,-1.0,433.6850280761719,222.71484375,424.157470703125,232.25390625,417.22833251953125,236.58984375,442.3464660644531,249.59765625,443.21258544921875,271.27734375,447.5433044433594,292.08984375,431.08660888671875,249.59765625,428.4881896972656,271.27734375,422.4252014160156,291.22265625,-1.0,-1.0,-1.0,-1.0,-1.0,-1.0,433.6850280761719,212.30859375
-1.0,-1.0,436.28570556640625,224.2109375,441.4285888671875,225.0703125,444.0,240.5390625,-1.0,-1.0,431.1428527832031,223.3515625,420.8571472167969,234.5234375,415.71429443359375,235.3828125,439.71429443359375,249.9921875,438.0,272.3359375,436.28570556640625,289.5234375,428.5714416503906,249.1328125,425.1428527832031,271.4765625,423.4285583496094,291.2421875,-1.0,-1.0,-1.0,-1.0,-1.0,-1.0,430.28570556640625,213.8984375
-1.0,-1.0,434.7890625,222.4921875,440.8046875,222.4921875,-1.0,-1.0,-1.0,-1.0,428.7734375,222.4921875,419.3203125,233.6640625,413.3046875,236.2421875,437.3671875,249.1328125,433.9296875,274.0546875,436.5078125,292.9609375,427.0546875,247.4140625,421.8984375,272.3359375,419.3203125,293.8203125,-1.0,-1.0,-1.0,-1.0,-1.0,-1.0,-1.0,-1.0
-1.0,-1.0,432.0703125,221.6328125,437.2265625,221.6328125,-1.0,-1.0,-1.0,-1.0,428.6328125,221.6328125,418.3203125,231.9453125,412.3046875,237.1015625,434.6484375,249.1328125,433.7890625,272.3359375,432.0703125,292.1015625,424.3359375,248.2734375,420.8984375,269.7578125,418.3203125,292.9609375,-1.0,-1.0,-1.0,-1.0,-1.0,-1.0,427.7734375,211.3203125
-1.0,-1.0,432.28570556640625,222.4921875,439.1428527832031,222.4921875,440.8571472167969,235.3828125,-1.0,-1.0,425.4285583496094,221.6328125,417.71429443359375,231.9453125,409.1428527832031,237.1015625,434.0,249.1328125,432.28570556640625,271.4765625,432.28570556640625,290.3828125,422.8571472167969,247.4140625,419.4285583496094,268.0390625,417.71429443359375,288.6640625,-1.0,-1.0,-1.0,-1.0,-1.0,-1.0,425.4285583496094,212.1796875
-1.0,-1.0,430.4285583496094,222.4921875,438.1428527832031,223.3515625,439.0,235.3828125,-1.0,-1.0,423.5714416503906,221.6328125,413.28570556640625,231.0859375,409.0,235.3828125,431.28570556640625,247.4140625,429.5714416503906,268.8984375,434.71429443359375,285.2265625,421.0,246.5546875,418.4285583496094,266.3203125,417.5714416503906,285.2265625,-1.0,-1.0,-1.0,-1.0,-1.0,-1.0,422.71429443359375,213.0390625
-1.0,-1.0,428.5714416503906,222.4921875,436.28570556640625,222.4921875,438.0,233.6640625,-1.0,-1.0,420.8571472167969,221.6328125,412.28570556640625,231.0859375,413.1428527832031,249.9921875,430.28570556640625,247.4140625,428.5714416503906,268.8984375,430.28570556640625,286.9453125,419.1428527832031,246.5546875,418.28570556640625,268.0390625,417.4285583496094,288.6640625,-1.0,-1.0,-1.0,-1.0,432.0,210.4609375,-1.0,-1.0
-1.0,-1.0,426.5714416503906,222.4921875,435.1428527832031,222.4921875,441.1428527832031,231.0859375,-1.0,-1.0,418.8571472167969,222.4921875,406.8571472167969,233.6640625,407.71429443359375,246.5546875,430.0,249.1328125,430.8571472167969,271.4765625,435.1428527832031,290.3828125,418.0,249.1328125,418.8571472167969,272.3359375,418.8571472167969,292.9609375,-1.0,-1.0,-1.0,-1.0,431.71429443359375,210.4609375,419.71429443359375,212.1796875
-1.0,-1.0,424.71429443359375,221.6328125,432.4285888671875,220.7734375,440.1428527832031,229.3671875,-1.0,-1.0,417.0,221.6328125,405.0,233.6640625,406.71429443359375,247.4140625,429.0,248.2734375,429.8571472167969,269.7578125,432.4285888671875,289.5234375,417.0,248.2734375,418.71429443359375,270.6171875,418.71429443359375,292.1015625,-1.0,-1.0,-1.0,-1.0,430.71429443359375,212.1796875,419.5714416503906,213.0390625
-1.0,-1.0,423.71429443359375,219.9140625,432.28570556640625,219.9140625,437.4285888671875,230.2265625,-1.0,-1.0,416.0,219.9140625,409.1428527832031,228.5078125,402.28570556640625,233.6640625,428.0,247.4140625,426.28570556640625,268.0390625,428.8571472167969,285.2265625,416.8571472167969,246.5546875,417.71429443359375,269.7578125,418.5714416503906,292.1015625,-1.0,-1.0,-1.0,-1.0,429.71429443359375,210.4609375,417.71429443359375,211.3203125
-1.0,-1.0,420.508056640625,221.41796875,429.9112854003906,220.56640625,438.4596862792969,229.08203125,-1.0,-1.0,412.81451416015625,222.26953125,400.8467712402344,235.04296875,-1.0,-1.0,428.20159912109375,247.81640625,428.20159912109375,267.40234375,431.6209716796875,285.28515625,416.23388671875,248.66796875,417.0887145996094,270.80859375,417.94354248046875,292.09765625,-1.0,-1.0,-1.0,-1.0,421.3629150390625,211.19921875,412.81451416015625,212.90234375
-1.0,-1.0,418.6532287597656,222.26953125,424.6370849609375,222.26953125,429.76611328125,235.04296875,-1.0,-1.0,411.81451416015625,222.26953125,400.70159912109375,233.33984375,-1.0,-1.0,424.6370849609375,247.81640625,428.05645751953125,269.10546875,432.3306579589844,285.28515625,414.3790283203125,248.66796875,416.0887145996094,271.66015625,417.79840087890625,292.94921875,-1.0,-1.0,-1.0,-1.0,420.3629150390625,211.19921875,410.9596862792969,212.90234375
-1.0,-1.0,417.3858337402344,221.41796875,423.3385925292969,221.41796875,428.4409484863281,234.19140625,430.1417236328125,244.41015625,410.5826721191406,221.41796875,399.5275573730469,233.33984375,-1.0,-1.0,423.3385925292969,246.11328125,426.74017333984375,266.55078125,430.1417236328125,291.24609375,413.13385009765625,246.96484375,415.6850280761719,270.80859375,416.5354309082031,292.09765625,-1.0,-1.0,-1.0,-1.0,419.08660888671875,211.19921875,409.7322692871094,212.05078125
-1.0,-1.0,417.2362060546875,220.56640625,424.03936767578125,221.41796875,429.1417236328125,235.04296875,-1.0,-1.0,410.4330749511719,220.56640625,399.3779602050781,233.33984375,395.1259765625,241.85546875,424.03936767578125,246.96484375,428.2913513183594,269.10546875,430.842529296875,292.09765625,412.9842529296875,246.96484375,414.6850280761719,271.66015625,414.6850280761719,292.09765625,-1.0,-1.0,-1.0,-1.0,418.93701171875,210.34765625,409.5826721191406,212.05078125
-1.0,-1.0,416.3629150390625,221.41796875,423.20159912109375,221.41796875,427.4757995605469,235.04296875,425.76611328125,243.55859375,409.5242004394531,221.41796875,397.55645751953125,234.19140625,-1.0,-1.0,422.3467712402344,246.96484375,427.4757995605469,269.10546875,430.8951721191406,279.32421875,412.0887145996094,247.81640625,413.79840087890625,273.36328125,415.508056640625,292.94921875,-1.0,-1.0,-1.0,-1.0,417.2177429199219,210.34765625,407.81451416015625,212.90234375
-1.0,-1.0,414.508056640625,222.26953125,421.3467712402344,222.26953125,426.4757995605469,235.89453125,425.6209716796875,244.41015625,407.6693420410156,222.26953125,396.55645751953125,234.19140625,396.55645751953125,248.66796875,421.3467712402344,247.81640625,428.18548583984375,269.10546875,431.6048278808594,281.02734375,410.23388671875,248.66796875,411.94354248046875,273.36328125,414.508056640625,292.09765625,-1.0,-1.0,-1.0,-1.0,415.3629150390625,211.19921875,406.81451416015625,212.90234375
-1.0,-1.0,412.6532287597656,222.26953125,419.491943359375,221.41796875,424.6209716796875,236.74609375,423.76611328125,244.41015625,405.81451416015625,222.26953125,395.55645751953125,234.19140625,394.70159912109375,246.96484375,420.3467712402344,247.81640625,427.18548583984375,266.55078125,429.75,277.62109375,408.3790283203125,249.51953125,411.79840087890625,272.51171875,415.2177429199219,291.24609375,-1.0,-1.0,-1.0,-1.0,414.3629150390625,211.19921875,404.9596862792969,212.90234375
-1.0,-1.0,412.3629150390625,222.26953125,419.20159912109375,222.26953125,422.6209716796875,235.04296875,-1.0,-1.0,404.6693420410156,222.26953125,393.55645751953125,235.04296875,-1.0,-1.0,419.20159912109375,247.81640625,426.0403137207031,264.84765625,428.6048278808594,275.91796875,407.23388671875,248.66796875,411.508056640625,270.80859375,415.7822570800781,290.39453125,-1.0,-1.0,-1.0,-1.0,413.2177429199219,211.19921875,404.6693420410156,212.05078125
-1.0,-1.0,410.508056640625,222.26953125,417.3467712402344,222.26953125,421.6209716796875,235.89453125,423.3306579589844,245.26171875,403.6693420410156,222.26953125,391.70159912109375,235.04296875,393.4112854003906,250.37109375,418.20159912109375,247.81640625,420.76611328125,265.69921875,424.18548583984375,277.62109375,406.23388671875,248.66796875,407.94354248046875,268.25390625,413.92742919921875,289.54296875,-1.0,-1.0,-1.0,-1.0,412.2177429199219,211.19921875,402.81451416015625,212.90234375
-1.0,-1.0,408.71429443359375,222.890625,415.4444580078125,222.046875,419.6507873535156,236.390625,-1.0,-1.0,401.984130859375,222.890625,390.20635986328125,235.546875,391.8888854980469,253.265625,414.6031799316406,248.203125,411.23809814453125,269.296875,410.3968200683594,288.703125,403.6666564941406,249.046875,406.19049072265625,271.828125,408.71429443359375,292.078125,-1.0,-1.0,-1.0,-1.0,411.23809814453125,211.921875,401.984130859375,214.453125
-1.0,-1.0,407.406494140625,222.890625,414.1707458496094,222.890625,416.7073059082031,234.703125,-1.0,-1.0,401.48779296875,222.890625,388.80487060546875,235.546875,-1.0,-1.0,412.47967529296875,248.203125,409.9430847167969,268.453125,409.9430847167969,287.859375,402.3333435058594,249.046875,404.86993408203125,270.984375,405.7154541015625,291.234375,-1.0,-1.0,-1.0,-1.0,409.9430847167969,211.921875,399.7967529296875,212.765625
-1.0,-1.0,406.406494140625,222.890625,413.1707458496094,222.890625,417.39837646484375,236.390625,-1.0,-1.0,399.64227294921875,222.890625,387.80487060546875,235.546875,390.3414611816406,253.265625,409.7886047363281,249.046875,407.2520446777344,268.453125,408.9430847167969,285.328125,400.48779296875,249.890625,402.1788635253906,270.140625,404.7154541015625,290.390625,-1.0,-1.0,-1.0,-1.0,408.0975646972656,211.078125,398.7967529296875,211.921875
-1.0,-1.0,405.5555419921875,222.046875,412.28570556640625,222.046875,415.6507873535156,235.546875,-1.0,-1.0,398.8254089355469,222.046875,386.20635986328125,234.703125,-1.0,-1.0,409.76190185546875,246.515625,408.9206237792969,263.390625,421.5396728515625,277.734375,399.6666564941406,247.359375,398.8254089355469,269.296875,405.5555419921875,288.703125,-1.0,-1.0,-1.0,-1.0,407.23809814453125,210.234375,397.984130859375,211.078125
-1.0,-1.0,404.2520446777344,221.203125,410.1707458496094,222.046875,413.5528564453125,235.546875,-1.0,-1.0,397.48779296875,221.203125,387.3414611816406,232.171875,383.9593505859375,235.546875,408.47967529296875,245.671875,408.47967529296875,262.546875,422.00811767578125,278.578125,398.3333435058594,246.515625,396.64227294921875,269.296875,403.406494140625,288.703125,-1.0,-1.0,-1.0,-1.0,405.9430847167969,210.234375,396.64227294921875,211.078125
-1.0,-1.0,403.2520446777344,222.046875,410.0162658691406,222.046875,414.243896484375,234.703125,-1.0,-1.0,396.48779296875,221.203125,384.6504211425781,233.859375,382.11383056640625,234.703125,407.47967529296875,246.515625,405.7886047363281,265.078125,420.16259765625,278.578125,397.3333435058594,247.359375,394.7967529296875,268.453125,402.406494140625,287.015625,-1.0,-1.0,-1.0,-1.0,404.0975646972656,211.921875,395.64227294921875,212.765625
-1.0,-1.0,402.2520446777344,222.046875,409.8617858886719,222.890625,413.243896484375,235.546875,-1.0,-1.0,395.48779296875,221.203125,384.4959411621094,233.015625,381.9593505859375,234.703125,406.47967529296875,247.359375,404.7886047363281,266.765625,406.47967529296875,287.859375,395.48779296875,246.515625,392.1056823730469,265.078125,392.95123291015625,282.796875,-1.0,-1.0,-1.0,-1.0,403.9430847167969,211.078125,394.64227294921875,212.765625
-1.0,-1.0,401.2520446777344,220.359375,407.1707458496094,221.203125,412.243896484375,234.703125,-1.0,-1.0,394.48779296875,220.359375,384.3414611816406,230.484375,380.11383056640625,233.015625,404.6341552734375,245.671875,402.9430847167969,266.765625,403.7886047363281,287.015625,394.48779296875,245.671875,389.4146423339844,264.234375,392.7967529296875,282.796875,-1.0,-1.0,-1.0,-1.0,402.9430847167969,211.078125,392.7967529296875,210.234375
-1.0,-1.0,399.2520446777344,220.359375,406.0162658691406,221.203125,410.243896484375,233.015625,-1.0,-1.0,393.3333435058594,219.515625,382.3414611816406,231.328125,378.9593505859375,231.328125,403.47967529296875,245.671875,401.7886047363281,266.765625,403.47967529296875,286.171875,393.3333435058594,245.671875,387.4146423339844,264.234375,389.95123291015625,285.328125,-1.0,-1.0,-1.0,-1.0,400.9430847167969,209.390625,391.64227294921875,211.078125
-1.0,-1.0,398.06451416015625,220.15234375,403.93548583984375,220.98828125,409.80645751953125,233.52734375,-1.0,-1.0,392.19354248046875,220.15234375,381.2903137207031,231.01953125,-1.0,-1.0,402.258056640625,246.90234375,402.258056640625,268.63671875,403.93548583984375,288.69921875,391.3548278808594,246.90234375,385.4838562011719,267.80078125,389.67742919921875,287.02734375,-1.0,-1.0,-1.0,-1.0,399.741943359375,210.12109375,390.51611328125,210.95703125
-1.0,-1.0,396.2257995605469,220.98828125,402.0967712402344,220.98828125,407.9677429199219,232.69140625,-1.0,-1.0,390.3548278808594,220.15234375,379.45159912109375,231.85546875,-1.0,-1.0,401.258056640625,246.90234375,401.258056640625,268.63671875,402.0967712402344,290.37109375,389.51611328125,246.90234375,384.4838562011719,266.96484375,385.32257080078125,287.86328125,-1.0,-1.0,-1.0,-1.0,398.741943359375,210.12109375,389.51611328125,210.95703125
-1.0,-1.0,394.7377014160156,220.98828125,400.59014892578125,220.98828125,406.442626953125,234.36328125,-1.0,-1.0,388.88525390625,220.15234375,377.1803283691406,231.01953125,-1.0,-1.0,400.59014892578125,246.06640625,400.59014892578125,268.63671875,400.59014892578125,290.37109375,388.88525390625,246.06640625,383.03277587890625,266.96484375,379.68853759765625,287.86328125,-1.0,-1.0,-1.0,-1.0,395.5737609863281,210.12109375,387.2131042480469,210.95703125
-1.0,-1.0,392.0655822753906,220.98828125,397.91802978515625,220.98828125,406.2786865234375,234.36328125,-1.0,-1.0,386.2131042480469,220.98828125,375.3442687988281,231.85546875,-1.0,-1.0,399.59014892578125,245.23046875,399.59014892578125,267.80078125,403.7705078125,287.02734375,387.88525390625,245.23046875,382.03277587890625,266.96484375,377.0163879394531,286.19140625,-1.0,-1.0,-1.0,-1.0,392.9016418457031,210.95703125,385.3770446777344,210.95703125
-1.0,-1.0,391.3870849609375,220.98828125,397.258056640625,221.82421875,404.80645751953125,232.69140625,408.1612854003906,234.36328125,385.51611328125,220.98828125,373.7742004394531,231.85546875,377.1290283203125,247.73828125,398.0967712402344,245.23046875,406.48388671875,260.27734375,416.54840087890625,276.16015625,385.51611328125,246.06640625,380.4838562011719,267.80078125,377.1290283203125,284.51953125,-1.0,-1.0,-1.0,-1.0,392.2257995605469,210.95703125,383.8387145996094,211.79296875
-1.0,-1.0,389.9016418457031,221.82421875,396.59014892578125,222.66015625,404.9508056640625,234.36328125,-1.0,-1.0,383.2131042480469,221.82421875,373.1803283691406,231.85546875,375.68853759765625,247.73828125,394.91802978515625,246.06640625,396.59014892578125,268.63671875,399.0983581542969,289.53515625,383.2131042480469,246.06640625,379.8688659667969,266.12890625,380.7049255371094,281.17578125,-1.0,-1.0,-1.0,-1.0,390.7377014160156,211.79296875,382.3770446777344,211.79296875
-1.0,-1.0,388.0655822753906,221.82421875,394.75408935546875,221.82421875,402.2786865234375,233.52734375,405.6229553222656,236.03515625,381.3770446777344,220.98828125,371.3442687988281,231.01953125,-1.0,-1.0,392.24591064453125,246.06640625,393.91802978515625,266.96484375,398.0983581542969,290.37109375,381.3770446777344,246.06640625,378.03277587890625,266.96484375,374.68853759765625,286.19140625,-1.0,-1.0,-1.0,-1.0,389.7377014160156,210.95703125,381.3770446777344,211.79296875
-1.0,-1.0,387.0655822753906,220.98828125,393.75408935546875,221.82421875,402.11474609375,231.85546875,-1.0,-1.0,380.3770446777344,220.15234375,370.3442687988281,229.34765625,-1.0,-1.0,392.08197021484375,245.23046875,392.91802978515625,267.80078125,397.0983581542969,291.20703125,380.3770446777344,245.23046875,376.19671630859375,267.80078125,372.8524475097656,287.02734375,-1.0,-1.0,-1.0,-1.0,388.7377014160156,210.12109375,379.5409851074219,210.95703125
-1.0,-1.0,385.5833435058594,220.15234375,392.25,220.98828125,402.25,231.01953125,-1.0,-1.0,378.9166564941406,220.15234375,368.9166564941406,229.34765625,-1.0,-1.0,390.5833435058594,244.39453125,390.5833435058594,268.63671875,396.4166564941406,291.20703125,378.9166564941406,245.23046875,375.5833435058594,267.80078125,373.0833435058594,287.86328125,-1.0,-1.0,-1.0,-1.0,388.0833435058594,210.12109375,378.9166564941406,210.12109375
-1.0,-1.0,384.31707763671875,220.7734375,391.7804870605469,220.7734375,401.731689453125,230.7109375,-1.0,-1.0,377.68292236328125,219.9453125,367.7317199707031,229.0546875,-1.0,-1.0,389.2926940917969,244.7890625,387.6341552734375,269.6328125,394.2682800292969,288.6796875,377.68292236328125,245.6171875,375.19512939453125,268.8046875,372.7073059082031,288.6796875,-1.0,-1.0,-1.0,-1.0,386.80487060546875,210.0078125,376.8536682128906,210.8359375
-1.0,-1.0,383.0655822753906,221.66015625,389.75408935546875,221.66015625,400.6229553222656,230.85546875,403.13116455078125,231.69140625,375.5409851074219,221.66015625,366.3442687988281,230.01953125,-1.0,-1.0,387.24591064453125,245.90234375,383.9016418457031,268.47265625,390.59014892578125,285.19140625,376.3770446777344,245.06640625,373.8688659667969,269.30859375,375.5409851074219,291.04296875,-1.0,-1.0,-1.0,-1.0,384.7377014160156,212.46484375,375.5409851074219,213.30078125
-1.0,-1.0,381.5833435058594,220.82421875,388.25,221.66015625,399.0833435058594,230.01953125,400.75,231.69140625,374.0833435058594,219.98828125,364.9166564941406,229.18359375,-1.0,-1.0,385.75,245.90234375,382.4166564941406,267.63671875,386.5833435058594,284.35546875,374.0833435058594,245.06640625,372.4166564941406,268.47265625,374.0833435058594,288.53515625,-1.0,-1.0,-1.0,-1.0,383.25,211.62890625,374.0833435058594,211.62890625
-1.0,-1.0,379.75,219.15234375,387.25,219.98828125,397.25,229.18359375,398.9166564941406,229.18359375,373.0833435058594,219.15234375,363.0833435058594,226.67578125,-1.0,-1.0,384.75,244.23046875,383.9166564941406,262.62109375,386.4166564941406,279.33984375,373.0833435058594,244.23046875,373.0833435058594,265.96484375,373.0833435058594,286.86328125,-1.0,-1.0,-1.0,-1.0,382.25,209.12109375,373.0833435058594,209.95703125
-1.0,-1.0,377.9166564941406,218.31640625,385.4166564941406,218.31640625,396.25,228.34765625,399.5833435058594,229.18359375,370.4166564941406,219.15234375,362.9166564941406,225.83984375,-1.0,-1.0,383.75,242.55859375,383.75,262.62109375,383.75,282.68359375,372.0833435058594,243.39453125,372.9166564941406,265.96484375,372.9166564941406,286.86328125,-1.0,-1.0,-1.0,-1.0,380.4166564941406,208.28515625,372.9166564941406,209.12109375
-1.0,-1.0,377.2295227050781,219.98828125,384.75408935546875,220.82421875,394.7868957519531,229.18359375,397.2950744628906,230.01953125,370.5409851074219,219.15234375,362.1803283691406,226.67578125,-1.0,-1.0,382.24591064453125,245.06640625,383.08197021484375,265.12890625,383.08197021484375,284.35546875,370.5409851074219,245.06640625,371.3770446777344,267.63671875,373.0491943359375,287.69921875,-1.0,-1.0,-1.0,-1.0,382.24591064453125,214.13671875,374.7213134765625,213.30078125
-1.0,-1.0,376.5833435058594,221.66015625,384.0833435058594,222.49609375,394.0833435058594,231.69140625,397.4166564941406,232.52734375,369.9166564941406,220.82421875,360.75,227.51171875,365.75,231.69140625,380.75,246.73828125,381.5833435058594,265.12890625,381.5833435058594,282.68359375,369.9166564941406,245.90234375,370.75,267.63671875,372.4166564941406,286.86328125,-1.0,-1.0,-1.0,-1.0,382.4166564941406,215.80859375,374.0833435058594,214.97265625
-1.0,-1.0,375.5833435058594,222.49609375,383.0833435058594,223.33203125,393.0833435058594,231.69140625,-1.0,-1.0,368.0833435058594,222.49609375,358.9166564941406,229.18359375,-1.0,-1.0,379.75,246.73828125,380.5833435058594,264.29296875,381.4166564941406,281.01171875,368.9166564941406,246.73828125,370.5833435058594,266.80078125,372.25,284.35546875,-1.0,-1.0,-1.0,-1.0,378.0833435058594,214.97265625,370.5833435058594,214.13671875
-1.0,-1.0,373.75,221.66015625,381.25,222.49609375,391.25,231.69140625,386.25,236.70703125,365.4166564941406,220.82421875,359.5833435058594,228.34765625,-1.0,-1.0,377.9166564941406,245.90234375,378.75,264.29296875,378.75,282.68359375,367.0833435058594,246.73828125,369.5833435058594,266.80078125,370.4166564941406,284.35546875,-1.0,-1.0,-1.0,-1.0,377.9166564941406,214.13671875,370.4166564941406,213.30078125
-1.0,-1.0,373.1016845703125,221.4296875,380.5762634277344,222.2578125,390.5423583984375,232.1953125,385.559326171875,237.9921875,365.6271057128906,220.6015625,358.9830627441406,226.3984375,-1.0,-1.0,378.0847473144531,245.4453125,381.4067687988281,264.4921875,382.2372741699219,281.0546875,366.4576416015625,246.2734375,368.11865234375,264.4921875,368.94915771484375,284.3671875,-1.0,-1.0,-1.0,-1.0,379.7457580566406,214.8046875,-1.0,-1.0
-1.0,-1.0,372.6611633300781,221.4296875,380.09918212890625,222.2578125,389.1900939941406,233.0234375,-1.0,-1.0,366.0495910644531,220.6015625,359.4380187988281,226.3984375,-1.0,-1.0,375.9669494628906,246.2734375,378.4462890625,265.3203125,376.79339599609375,285.1953125,365.22314453125,246.2734375,367.7024841308594,266.1484375,368.5289306640625,285.1953125,-1.0,-1.0,-1.0,-1.0,-1.0,-1.0,-1.0,-1.0
-1.0,-1.0,370.834716796875,223.0859375,377.4462890625,223.0859375,386.5372009277344,233.8515625,390.66943359375,236.3359375,362.57025146484375,223.9140625,354.3057861328125,232.1953125,-1.0,-1.0,375.79339599609375,247.9296875,375.79339599609375,267.8046875,377.4462890625,285.1953125,364.22314453125,247.9296875,366.7024841308594,266.9765625,368.3553771972656,285.1953125,-1.0,-1.0,-1.0,-1.0,374.1405029296875,212.3203125,366.7024841308594,211.4921875
-1.0,-1.0,369.1016845703125,224.7421875,376.5762634277344,224.7421875,384.05084228515625,235.5078125,388.2033996582031,238.8203125,361.6271057128906,224.7421875,353.322021484375,234.6796875,-1.0,-1.0,375.7457580566406,247.9296875,376.5762634277344,268.6328125,376.5762634277344,286.0234375,364.11865234375,248.7578125,366.61016845703125,267.8046875,367.440673828125,286.0234375,-1.0,-1.0,-1.0,-1.0,371.5932312011719,213.9765625,365.7796630859375,214.8046875
-1.0,-1.0,368.93218994140625,224.7421875,375.5762634277344,224.7421875,383.05084228515625,235.5078125,388.8644104003906,237.1640625,361.4576416015625,224.7421875,353.15252685546875,233.8515625,-1.0,-1.0,373.9152526855469,247.9296875,374.7457580566406,266.9765625,373.9152526855469,285.1953125,363.94915771484375,248.7578125,364.7796630859375,266.9765625,365.61016845703125,286.0234375,-1.0,-1.0,-1.0,-1.0,373.0847473144531,214.8046875,364.7796630859375,214.8046875
-1.0,-1.0,367.1016845703125,224.7421875,373.7457580566406,224.7421875,378.72882080078125,236.3359375,-1.0,-1.0,360.4576416015625,225.5703125,352.15252685546875,233.8515625,-1.0,-1.0,373.7457580566406,247.9296875,374.5762634277344,269.4609375,376.2372741699219,287.6796875,362.94915771484375,248.7578125,363.7796630859375,268.6328125,365.440673828125,289.3359375,-1.0,-1.0,-1.0,-1.0,372.9152526855469,216.4609375,363.7796630859375,213.9765625
-1.0,-1.0,365.93218994140625,224.7421875,372.5762634277344,224.7421875,376.72882080078125,235.5078125,-1.0,-1.0,359.28814697265625,224.7421875,355.9660949707031,237.1640625,355.9660949707031,247.1015625,372.5762634277344,247.9296875,372.5762634277344,267.8046875,374.2372741699219,286.0234375,361.7796630859375,247.9296875,361.7796630859375,267.8046875,365.93218994140625,286.8515625,-1.0,-1.0,-1.0,-1.0,370.0847473144531,216.4609375,362.61016845703125,214.8046875
-1.0,-1.0,365.7627258300781,224.7421875,371.5762634277344,224.7421875,375.72882080078125,235.5078125,-1.0,-1.0,359.11865234375,224.7421875,348.322021484375,231.3671875,-1.0,-1.0,370.7457580566406,247.9296875,369.0847473144531,266.9765625,369.9152526855469,284.3671875,360.7796630859375,247.9296875,361.61016845703125,267.8046875,363.27117919921875,286.0234375,-1.0,-1.0,-1.0,-1.0,-1.0,-1.0,-1.0,-1.0
-1.0,-1.0,364.7627258300781,224.7421875,370.5762634277344,225.5703125,376.38983154296875,235.5078125,-1.0,-1.0,358.94915771484375,224.7421875,347.322021484375,232.1953125,-1.0,-1.0,369.7457580566406,247.1015625,368.0847473144531,266.1484375,368.9152526855469,281.0546875,359.7796630859375,247.9296875,359.7796630859375,265.3203125,363.1016845703125,281.8828125,-1.0,-1.0,-1.0,-1.0,-1.0,-1.0,362.27117919921875,216.4609375
-1.0,-1.0,364.8235168457031,225.30078125,370.5882263183594,226.94140625,373.058837890625,240.88671875,373.058837890625,252.37109375,359.058837890625,224.48046875,346.70587158203125,232.68359375,-1.0,-1.0,368.1176452636719,249.91015625,367.29412841796875,267.13671875,368.1176452636719,282.72265625,359.058837890625,249.91015625,359.058837890625,267.95703125,362.3529357910156,281.90234375,-1.0,-1.0,-1.0,-1.0,-1.0,-1.0,-1.0,-1.0
-1.0,-1.0,363.3333435058594,225.30078125,369.8974304199219,226.12109375,373.1794738769531,236.78515625,371.5384521484375,249.08984375,357.5897521972656,224.48046875,346.9230651855469,233.50390625,-1.0,-1.0,367.4359130859375,248.26953125,366.6153869628906,266.31640625,366.6153869628906,281.90234375,357.5897521972656,248.26953125,356.76922607421875,266.31640625,360.05126953125,281.08203125,-1.0,-1.0,-1.0,-1.0,-1.0,-1.0,360.8717956542969,215.45703125
-1.0,-1.0,362.6470642089844,224.48046875,368.4117736816406,224.48046875,372.5294189453125,237.60546875,371.70587158203125,249.08984375,356.8823547363281,223.66015625,347.0,232.68359375,-1.0,-1.0,366.76470947265625,248.26953125,365.941162109375,267.13671875,365.941162109375,285.18359375,356.8823547363281,248.26953125,356.8823547363281,267.13671875,359.3529357910156,282.72265625,-1.0,-1.0,-1.0,-1.0,365.1176452636719,212.99609375,358.5294189453125,213.81640625
-1.0,-1.0,362.4705810546875,224.48046875,369.058837890625,223.66015625,372.3529357910156,238.42578125,372.3529357910156,249.08984375,356.70587158203125,223.66015625,346.0,232.68359375,-1.0,-1.0,367.4117736816406,248.26953125,366.5882263183594,267.13671875,365.76470947265625,285.18359375,357.5294189453125,248.26953125,357.5294189453125,266.31640625,361.6470642089844,283.54296875,-1.0,-1.0,-1.0,-1.0,365.76470947265625,212.17578125,358.3529357910156,213.81640625
-1.0,-1.0,361.1538391113281,224.48046875,367.71795654296875,224.48046875,371.0,237.60546875,-1.0,-1.0,355.4102478027344,224.48046875,345.5641174316406,232.68359375,348.8461608886719,246.62890625,366.0769348144531,248.26953125,365.25640869140625,268.77734375,365.25640869140625,285.18359375,356.23077392578125,248.26953125,357.8717956542969,267.95703125,359.5128173828125,284.36328125,-1.0,-1.0,-1.0,-1.0,-1.0,-1.0,357.8717956542969,214.63671875
-1.0,-1.0,360.1538391113281,224.48046875,366.71795654296875,224.48046875,370.8205261230469,235.96484375,-1.0,-1.0,353.5897521972656,225.30078125,346.20513916015625,231.86328125,347.8461608886719,247.44921875,365.8974304199219,246.62890625,365.0769348144531,267.95703125,364.25640869140625,286.82421875,356.05126953125,247.44921875,360.974365234375,267.95703125,362.6153869628906,286.00390625,-1.0,-1.0,-1.0,-1.0,-1.0,-1.0,-1.0,-1.0
-1.0,-1.0,358.3333435058594,224.48046875,364.8974304199219,224.48046875,369.8205261230469,235.96484375,-1.0,-1.0,352.5897521972656,224.48046875,345.20513916015625,232.68359375,-1.0,-1.0,364.8974304199219,247.44921875,364.0769348144531,269.59765625,363.25640869140625,286.82421875,355.8717956542969,248.26953125,360.79486083984375,269.59765625,360.79486083984375,285.18359375,-1.0,-1.0,-1.0,-1.0,361.6153869628906,215.45703125,354.23077392578125,214.63671875
-1.0,-1.0,357.5128173828125,225.30078125,362.4359130859375,226.12109375,368.1794738769531,236.78515625,-1.0,-1.0,351.76922607421875,225.30078125,343.5641174316406,233.50390625,-1.0,-1.0,362.4359130859375,249.91015625,362.4359130859375,270.41796875,361.6153869628906,287.64453125,353.4102478027344,249.08984375,350.1282043457031,269.59765625,346.8461608886719,286.82421875,-1.0,-1.0,-1.0,-1.0,360.79486083984375,216.27734375,353.4102478027344,215.45703125
-1.0,-1.0,357.3333435058594,226.12109375,362.25640869140625,226.12109375,367.1794738769531,237.60546875,-1.0,-1.0,350.76922607421875,226.12109375,341.74359130859375,235.14453125,336.8205261230469,233.50390625,361.4359130859375,250.73046875,361.4359130859375,271.23828125,361.4359130859375,287.64453125,351.5897521972656,249.91015625,349.94873046875,270.41796875,344.20513916015625,287.64453125,-1.0,-1.0,-1.0,-1.0,359.79486083984375,216.27734375,353.23077392578125,216.27734375
-1.0,-1.0,354.39129638671875,226.94140625,360.930419921875,226.94140625,365.83477783203125,238.42578125,-1.0,-1.0,347.8521728515625,226.12109375,339.6782531738281,235.14453125,-1.0,-1.0,358.478271484375,250.73046875,360.113037109375,271.23828125,360.930419921875,287.64453125,349.4869689941406,249.91015625,348.6695556640625,269.59765625,344.5826110839844,287.64453125,-1.0,-1.0,-1.0,-1.0,359.295654296875,216.27734375,351.9391174316406,216.27734375
-1.0,-1.0,354.5254211425781,226.84375,360.2203369140625,226.84375,364.28814697265625,238.21875,-1.0,-1.0,348.0169372558594,226.03125,339.06781005859375,234.15625,-1.0,-1.0,356.9660949707031,250.40625,359.4067687988281,271.53125,360.2203369140625,286.96875,348.0169372558594,249.59375,347.2033996582031,271.53125,343.1355895996094,288.59375,-1.0,-1.0,-1.0,-1.0,358.5932312011719,217.09375,352.0847473144531,217.09375
-1.0,-1.0,352.9579772949219,226.56640625,359.4117736816406,226.56640625,363.44537353515625,238.63671875,-1.0,-1.0,346.50421142578125,225.76171875,339.2436828613281,233.00390625,-1.0,-1.0,356.18487548828125,249.90234375,358.60504150390625,270.01953125,360.2184753417969,286.11328125,346.50421142578125,249.09765625,345.6974792480469,270.01953125,343.2773132324219,287.72265625,-1.0,-1.0,-1.0,-1.0,357.7983093261719,217.71484375,350.5378112792969,218.51953125
-1.0,-1.0,352.4786376953125,226.56640625,358.1025695800781,227.37109375,362.1196594238281,237.83203125,-1.0,-1.0,346.05126953125,226.56640625,337.21368408203125,235.41796875,-1.0,-1.0,355.69232177734375,250.70703125,356.4957275390625,268.41015625,358.9059753417969,283.69921875,346.05126953125,249.90234375,345.24786376953125,268.41015625,342.8376159667969,287.72265625,-1.0,-1.0,-1.0,-1.0,356.4957275390625,220.12890625,349.26495361328125,219.32421875
-1.0,-1.0,351.4786376953125,226.56640625,357.9059753417969,227.37109375,361.1196594238281,238.63671875,-1.0,-1.0,345.05126953125,226.56640625,335.4102478027344,235.41796875,-1.0,-1.0,354.69232177734375,250.70703125,354.69232177734375,268.41015625,357.1025695800781,283.69921875,345.05126953125,250.70703125,344.24786376953125,270.01953125,341.8376159667969,286.91796875,-1.0,-1.0,-1.0,-1.0,353.8888854980469,217.71484375,347.4615478515625,217.71484375
-1.0,-1.0,350.9579772949219,226.56640625,357.4117736816406,226.56640625,360.638671875,238.63671875,-1.0,-1.0,344.50421142578125,226.56640625,334.8235168457031,235.41796875,-1.0,-1.0,354.9916076660156,250.70703125,354.9916076660156,267.60546875,356.60504150390625,282.08984375,344.50421142578125,249.90234375,343.6974792480469,270.01953125,341.2773132324219,287.72265625,-1.0,-1.0,-1.0,-1.0,353.3781433105469,217.71484375,346.92437744140625,218.51953125
-1.0,-1.0,349.6752014160156,225.76171875,356.9059753417969,225.76171875,359.3162536621094,236.22265625,-1.0,-1.0,342.4444580078125,225.76171875,336.01708984375,233.80859375,-1.0,-1.0,353.69232177734375,249.09765625,354.4957275390625,267.60546875,354.4957275390625,283.69921875,343.24786376953125,249.09765625,343.24786376953125,270.01953125,341.6410217285156,287.72265625,-1.0,-1.0,-1.0,-1.0,352.0854797363281,215.30078125,344.8547058105469,216.10546875
-1.0,-1.0,349.4786376953125,225.76171875,355.9059753417969,225.76171875,358.3162536621094,237.02734375,358.3162536621094,246.68359375,342.24786376953125,225.76171875,333.4102478027344,234.61328125,-1.0,-1.0,352.69232177734375,249.90234375,351.8888854980469,269.21484375,353.4957275390625,286.91796875,343.05126953125,249.09765625,342.24786376953125,270.82421875,340.6410217285156,290.13671875,-1.0,-1.0,-1.0,-1.0,351.8888854980469,216.10546875,344.6581115722656,216.10546875
-1.0,-1.0,348.1512451171875,225.76171875,355.4117736816406,225.76171875,358.638671875,237.02734375,359.44537353515625,247.48828125,340.8907470703125,225.76171875,333.6302490234375,233.80859375,340.8907470703125,237.83203125,352.18487548828125,248.29296875,350.5714416503906,267.60546875,351.3781433105469,284.50390625,342.50421142578125,248.29296875,342.50421142578125,269.21484375,340.8907470703125,288.52734375,-1.0,-1.0,-1.0,-1.0,350.5714416503906,216.10546875,343.3109130859375,216.10546875
-1.0,-1.0,347.6752014160156,225.76171875,355.70941162109375,225.76171875,358.1196594238281,237.02734375,-1.0,-1.0,340.4444580078125,225.76171875,333.21368408203125,233.00390625,-1.0,-1.0,351.69232177734375,249.90234375,349.28204345703125,270.01953125,350.0854797363281,286.11328125,342.05126953125,249.90234375,342.05126953125,270.01953125,340.4444580078125,289.33203125,-1.0,-1.0,-1.0,-1.0,349.28204345703125,215.30078125,342.05126953125,216.91015625
-1.0,-1.0,345.8717956542969,225.76171875,351.4957275390625,225.76171875,356.3162536621094,237.02734375,-1.0,-1.0,338.6410217285156,225.76171875,332.21368408203125,234.61328125,338.6410217285156,237.83203125,351.4957275390625,249.09765625,349.8888854980469,266.80078125,348.28204345703125,282.08984375,341.05126953125,249.09765625,341.8547058105469,267.60546875,341.8547058105469,282.08984375,-1.0,-1.0,-1.0,-1.0,348.28204345703125,216.10546875,341.8547058105469,216.10546875
-1.0,-1.0,344.3333435058594,224.95703125,351.59649658203125,225.76171875,355.631591796875,236.22265625,-1.0,-1.0,337.877197265625,225.76171875,331.4210510253906,234.61328125,337.877197265625,238.63671875,350.78948974609375,248.29296875,349.1754455566406,265.99609375,347.5614013671875,280.48046875,341.1052551269531,248.29296875,341.1052551269531,266.80078125,341.91229248046875,282.08984375,-1.0,-1.0,-1.0,-1.0,348.368408203125,215.30078125,341.1052551269531,216.10546875
-1.0,-1.0,343.26495361328125,224.95703125,349.69232177734375,224.95703125,354.5128173828125,236.22265625,356.9230651855469,242.66015625,336.8376159667969,225.76171875,332.8205261230469,234.61328125,-1.0,-1.0,349.69232177734375,248.29296875,348.8888854980469,265.19140625,348.0854797363281,278.06640625,340.8547058105469,248.29296875,341.6581115722656,266.80078125,341.6581115722656,281.28515625,-1.0,-1.0,-1.0,-1.0,347.28204345703125,216.10546875,340.05126953125,216.10546875
-1.0,-1.0,342.93218994140625,225.4921875,349.3050842285156,225.4921875,354.88134765625,236.6484375,354.88134765625,246.2109375,335.7627258300781,225.4921875,330.9830627441406,235.8515625,-1.0,-1.0,349.3050842285156,247.8046875,348.50848388671875,264.5390625,347.71185302734375,278.0859375,339.7457580566406,248.6015625,341.3389892578125,266.1328125,340.5423583984375,281.2734375,-1.0,-1.0,-1.0,-1.0,346.11865234375,215.9296875,338.94915771484375,215.9296875
-1.0,-1.0,342.72650146484375,225.43359375,349.80340576171875,225.43359375,354.5213623046875,236.48046875,-1.0,-1.0,335.6495666503906,225.43359375,330.9316101074219,235.69140625,335.6495666503906,242.79296875,348.23077392578125,247.52734375,348.23077392578125,264.88671875,346.6581115722656,279.87890625,339.5812072753906,248.31640625,340.3675231933594,266.46484375,340.3675231933594,281.45703125,-1.0,-1.0,-1.0,-1.0,346.6581115722656,215.96484375,338.79486083984375,215.96484375
-1.0,-1.0,342.1932678222656,226.22265625,349.3025207519531,226.22265625,354.0420227050781,237.26953125,352.4621887207031,246.73828125,335.87396240234375,226.22265625,332.71429443359375,238.05859375,335.08404541015625,245.16015625,347.7226867675781,249.10546875,347.7226867675781,264.88671875,347.7226867675781,279.08984375,338.24371337890625,249.10546875,339.8235168457031,265.67578125,341.4033508300781,281.45703125,-1.0,-1.0,-1.0,-1.0,346.1428527832031,216.75390625,339.0335998535156,216.75390625
-1.0,-1.0,342.7731018066406,226.22265625,349.0924377441406,226.22265625,354.6218566894531,236.48046875,-1.0,-1.0,335.66387939453125,226.22265625,332.50421142578125,237.26953125,334.08404541015625,245.16015625,347.5126037597656,249.89453125,346.7226867675781,265.67578125,344.3529357910156,283.03515625,338.0335998535156,249.10546875,339.6134338378906,266.46484375,340.4033508300781,283.03515625,-1.0,-1.0,-1.0,-1.0,345.9327697753906,217.54296875,338.0335998535156,216.75390625
-1.0,-1.0,341.5128173828125,226.22265625,348.5897521972656,226.22265625,353.30767822265625,236.48046875,-1.0,-1.0,335.22222900390625,226.22265625,332.0769348144531,236.48046875,332.0769348144531,242.79296875,346.23077392578125,249.89453125,346.23077392578125,267.25390625,343.0854797363281,284.61328125,337.5812072753906,249.89453125,339.1538391113281,268.04296875,339.940185546875,283.82421875,-1.0,-1.0,-1.0,-1.0,344.6581115722656,217.54296875,337.5812072753906,217.54296875
-1.0,-1.0,341.29913330078125,226.22265625,347.5897521972656,226.22265625,352.30767822265625,236.48046875,357.025634765625,239.63671875,335.008544921875,226.22265625,330.29058837890625,234.90234375,-1.0,-1.0,345.23077392578125,249.10546875,344.4444580078125,266.46484375,342.8717956542969,284.61328125,336.5812072753906,249.10546875,338.940185546875,268.04296875,340.5128173828125,285.40234375,-1.0,-1.0,-1.0,-1.0,345.23077392578125,217.54296875,338.1538391113281,217.54296875
-1.0,-1.0,341.5630187988281,225.43359375,347.8823547363281,226.22265625,352.6218566894531,236.48046875,357.361328125,239.63671875,334.45379638671875,225.43359375,330.50421142578125,234.90234375,324.97479248046875,236.48046875,345.5126037597656,249.10546875,344.7226867675781,267.25390625,342.3529357910156,285.40234375,336.0335998535156,249.10546875,339.1932678222656,268.04296875,339.9831848144531,286.19140625,-1.0,-1.0,-1.0,-1.0,344.7226867675781,216.75390625,338.4033508300781,217.54296875
-1.0,-1.0,341.0854797363281,225.43359375,347.3760681152344,226.22265625,353.6666564941406,237.26953125,356.81195068359375,239.63671875,334.79486083984375,225.43359375,330.8632507324219,234.90234375,326.1452941894531,239.63671875,345.01708984375,247.52734375,345.01708984375,264.09765625,344.23077392578125,281.45703125,335.5812072753906,247.52734375,337.940185546875,265.67578125,339.5128173828125,282.24609375,-1.0,-1.0,-1.0,-1.0,345.01708984375,217.54296875,337.940185546875,217.54296875
-1.0,-1.0,340.8717956542969,226.22265625,347.1623840332031,226.22265625,352.6666564941406,237.26953125,356.5982971191406,239.63671875,334.5812072753906,226.22265625,330.6495666503906,234.90234375,325.1452941894531,239.63671875,345.5897521972656,245.94921875,344.01708984375,264.88671875,342.4444580078125,282.24609375,335.3675231933594,246.73828125,336.940185546875,265.67578125,339.29913330078125,283.03515625,-1.0,-1.0,-1.0,-1.0,344.01708984375,217.54296875,336.940185546875,217.54296875
-1.0,-1.0,340.9473571777344,226.22265625,346.47369384765625,226.22265625,352.78948974609375,238.84765625,349.631591796875,245.94921875,333.84210205078125,226.22265625,329.8947448730469,234.11328125,325.15789794921875,239.63671875,345.6842041015625,247.52734375,344.8947448730469,267.25390625,342.52630615234375,284.61328125,335.4210510253906,246.73828125,336.2105407714844,267.25390625,337.78948974609375,283.03515625,-1.0,-1.0,-1.0,-1.0,344.1052551269531,217.54296875,336.2105407714844,218.33203125
-1.0,-1.0,339.8717956542969,225.43359375,346.1623840332031,226.22265625,351.6666564941406,238.84765625,349.30767822265625,246.73828125,333.5812072753906,225.43359375,328.8632507324219,234.11328125,324.1452941894531,240.42578125,345.3760681152344,247.52734375,344.5897521972656,268.83203125,340.6581115722656,286.98046875,335.1538391113281,247.52734375,333.5812072753906,268.04296875,334.3675231933594,286.19140625,-1.0,-1.0,-1.0,-1.0,343.01708984375,217.54296875,335.940185546875,218.33203125
-1.0,-1.0,338.8717956542969,225.43359375,345.1623840332031,225.43359375,351.4530029296875,238.05859375,349.0940246582031,246.73828125,332.5812072753906,225.43359375,327.8632507324219,234.11328125,323.1452941894531,240.42578125,344.3760681152344,247.52734375,343.5897521972656,268.83203125,342.01708984375,285.40234375,334.940185546875,247.52734375,332.5812072753906,268.04296875,333.3675231933594,284.61328125,-1.0,-1.0,-1.0,-1.0,342.80340576171875,217.54296875,334.940185546875,217.54296875
-1.0,-1.0,339.1739196777344,225.953125,344.65216064453125,225.953125,350.13043212890625,238.453125,349.34783935546875,247.828125,332.9130554199219,225.953125,327.4347839355469,234.546875,322.7391357421875,240.796875,344.65216064453125,247.828125,343.86956787109375,267.359375,341.521728515625,282.984375,335.2608642578125,247.828125,332.13043212890625,267.359375,333.6956481933594,282.984375,-1.0,-1.0,-1.0,-1.0,342.3043518066406,218.140625,334.478271484375,217.359375
-1.0,-1.0,338.49151611328125,225.171875,343.94915771484375,225.171875,349.4067687988281,236.890625,349.4067687988281,245.484375,332.2542419433594,225.953125,326.7966003417969,234.546875,322.11865234375,241.578125,344.72882080078125,247.046875,343.16949462890625,267.359375,341.61016845703125,284.546875,334.5932312011719,247.828125,330.6949157714844,266.578125,332.2542419433594,285.328125,-1.0,-1.0,-1.0,-1.0,340.83050537109375,216.578125,333.8135681152344,217.359375
-1.0,-1.0,338.4873962402344,225.13671875,343.899169921875,225.13671875,348.5378112792969,237.51171875,348.5378112792969,245.24609375,332.3025207519531,225.13671875,326.8907470703125,235.19140625,321.47900390625,242.92578125,344.6722717285156,246.79296875,343.12603759765625,267.67578125,341.579833984375,284.69140625,333.8487548828125,247.56640625,329.2100830078125,266.90234375,331.5294189453125,285.46484375,-1.0,-1.0,-1.0,-1.0,340.8067321777344,216.62890625,333.07562255859375,217.40234375
-1.0,-1.0,337.00860595703125,225.13671875,343.21551513671875,224.36328125,347.8706970214844,235.96484375,348.64654541015625,246.79296875,330.8017272949219,225.13671875,325.3706970214844,236.73828125,320.71551513671875,244.47265625,343.99139404296875,246.79296875,343.21551513671875,266.90234375,340.887939453125,284.69140625,333.9051818847656,247.56640625,329.25,266.12890625,331.57757568359375,283.91796875,-1.0,-1.0,-1.0,-1.0,339.3362121582031,215.08203125,332.35345458984375,216.62890625
-1.0,-1.0,336.78448486328125,225.91015625,342.99139404296875,225.13671875,346.8706970214844,236.73828125,347.64654541015625,247.56640625,330.57757568359375,225.91015625,325.92242431640625,235.96484375,322.0430908203125,241.37890625,343.7672424316406,246.79296875,343.7672424316406,266.90234375,342.99139404296875,282.37109375,333.6810302734375,247.56640625,329.0258483886719,266.12890625,327.4741516113281,280.05078125,-1.0,-1.0,-1.0,-1.0,339.112060546875,216.62890625,331.35345458984375,217.40234375
-1.0,-1.0,336.00860595703125,225.91015625,342.99139404296875,225.13671875,346.8706970214844,235.96484375,347.64654541015625,247.56640625,329.0258483886719,226.68359375,325.14654541015625,237.51171875,322.0430908203125,242.15234375,342.99139404296875,246.79296875,342.99139404296875,267.67578125,342.21551513671875,283.91796875,332.1293029785156,247.56640625,329.0258483886719,266.90234375,326.6982727050781,283.14453125,-1.0,-1.0,-1.0,-1.0,338.3362121582031,216.62890625,331.35345458984375,218.17578125
-1.0,-1.0,335.78448486328125,225.91015625,342.7672424316406,225.13671875,345.8706970214844,236.73828125,347.42242431640625,255.30078125,329.57757568359375,226.68359375,324.92242431640625,239.05859375,322.5948181152344,246.79296875,341.21551513671875,246.01953125,341.21551513671875,267.67578125,342.7672424316406,284.69140625,331.1293029785156,246.79296875,328.0258483886719,266.90234375,326.4741516113281,284.69140625,-1.0,-1.0,-1.0,-1.0,338.112060546875,216.62890625,331.1293029785156,218.17578125
-1.0,-1.0,335.5603332519531,225.91015625,342.5430908203125,225.13671875,345.64654541015625,235.96484375,-1.0,-1.0,328.57757568359375,225.91015625,324.6982727050781,238.28515625,322.3706970214844,246.79296875,340.99139404296875,247.56640625,340.99139404296875,269.22265625,340.99139404296875,287.01171875,330.9051818847656,247.56640625,327.0258483886719,268.44921875,324.6982727050781,286.23828125,-1.0,-1.0,-1.0,-1.0,337.887939453125,217.40234375,330.9051818847656,218.17578125
-1.0,-1.0,334.78448486328125,226.68359375,340.99139404296875,226.68359375,344.8706970214844,239.83203125,345.64654541015625,252.98046875,327.8017272949219,227.45703125,323.92242431640625,239.83203125,321.5948181152344,248.33984375,340.21551513671875,249.11328125,339.4396667480469,269.99609375,339.4396667480469,287.01171875,330.1293029785156,249.11328125,326.25,269.22265625,323.14654541015625,286.23828125,-1.0,-1.0,-1.0,-1.0,337.112060546875,218.94921875,330.1293029785156,219.72265625
-1.0,-1.0,333.00860595703125,226.68359375,339.99139404296875,225.91015625,342.3189697265625,235.96484375,-1.0,-1.0,326.0258483886719,227.45703125,323.6982727050781,239.05859375,322.92242431640625,248.33984375,339.21551513671875,248.33984375,338.4396667480469,268.44921875,339.21551513671875,287.01171875,329.1293029785156,249.11328125,326.0258483886719,268.44921875,322.92242431640625,287.78515625,-1.0,-1.0,-1.0,-1.0,333.78448486328125,218.94921875,327.57757568359375,219.72265625
-1.0,-1.0,331.2327575683594,226.68359375,337.4396667480469,225.91015625,343.64654541015625,226.68359375,-1.0,-1.0,323.4741516113281,228.23046875,321.92242431640625,239.83203125,320.3706970214844,248.33984375,338.21551513671875,248.33984375,336.6637878417969,269.22265625,332.78448486328125,288.55859375,328.1293029785156,249.11328125,323.4741516113281,267.67578125,321.92242431640625,287.78515625,-1.0,-1.0,-1.0,-1.0,331.2327575683594,218.94921875,325.0258483886719,219.72265625
-1.0,-1.0,330.98260498046875,227.1796875,337.1043395996094,225.6484375,343.22607421875,226.4140625,-1.0,-1.0,324.09564208984375,227.9453125,321.79998779296875,239.4296875,321.0347900390625,248.6171875,337.86956787109375,248.6171875,336.3391418457031,269.2890625,332.5130310058594,286.8984375,328.68695068359375,249.3828125,323.3304443359375,267.7578125,322.5652160644531,286.8984375,-1.0,-1.0,-1.0,-1.0,331.7478332519531,218.7578125,324.8608703613281,219.5234375
-1.0,-1.0,329.5423583984375,227.9453125,334.88134765625,227.1796875,339.4576416015625,240.1953125,-1.0,-1.0,322.677978515625,228.7109375,321.15252685546875,240.9609375,318.8644104003906,248.6171875,336.4067687988281,249.3828125,335.6440734863281,268.5234375,336.4067687988281,286.1328125,327.2542419433594,249.3828125,323.440673828125,267.7578125,322.677978515625,283.8359375,-1.0,-1.0,-1.0,-1.0,331.06781005859375,219.5234375,324.9660949707031,220.2890625
-1.0,-1.0,328.5423583984375,228.7109375,334.6440734863281,227.9453125,338.4576416015625,239.4296875,339.9830627441406,250.1484375,322.440673828125,228.7109375,320.9152526855469,240.9609375,317.1016845703125,250.1484375,335.4067687988281,249.3828125,333.11865234375,267.7578125,333.88134765625,285.3671875,326.2542419433594,248.6171875,323.2033996582031,266.9921875,322.440673828125,285.3671875,-1.0,-1.0,-1.0,-1.0,330.83050537109375,220.2890625,323.9660949707031,220.2890625
-1.0,-1.0,327.4521789550781,227.9453125,333.57391357421875,227.9453125,337.3999938964844,238.6640625,339.6956481933594,250.1484375,321.3304443359375,227.9453125,319.0347900390625,240.9609375,316.7391357421875,250.9140625,334.3391418457031,248.6171875,332.0434875488281,266.9921875,332.8086853027344,285.3671875,324.39129638671875,248.6171875,322.8608703613281,266.9921875,321.3304443359375,285.3671875,-1.0,-1.0,-1.0,-1.0,328.98260498046875,218.7578125,322.8608703613281,219.5234375
-1.0,-1.0,327.0168151855469,228.66015625,333.0672302246094,227.90234375,336.8487548828125,238.51171875,339.1176452636719,249.87890625,320.2100830078125,229.41796875,317.18487548828125,242.30078125,315.6722717285156,252.15234375,333.0672302246094,249.12109375,331.55462646484375,267.30859375,332.3109130859375,284.73828125,323.9916076660156,249.12109375,321.7226867675781,267.30859375,321.7226867675781,286.25390625,-1.0,-1.0,-1.0,-1.0,328.5294189453125,219.56640625,321.7226867675781,220.32421875
-1.0,-1.0,326.3103332519531,227.90234375,332.3793029785156,227.90234375,336.17242431640625,239.26953125,336.9310302734375,249.87890625,319.4827575683594,228.66015625,315.6896667480469,241.54296875,313.4137878417969,254.42578125,333.137939453125,248.36328125,330.862060546875,268.06640625,331.6206970214844,285.49609375,323.2758483886719,249.12109375,321.75860595703125,268.82421875,322.5172424316406,287.76953125,-1.0,-1.0,-1.0,-1.0,328.5862121582031,219.56640625,321.75860595703125,220.32421875
-1.0,-1.0,325.3103332519531,227.90234375,332.137939453125,227.90234375,335.17242431640625,238.51171875,-1.0,-1.0,318.4827575683594,227.90234375,316.2069091796875,238.51171875,-1.0,-1.0,331.3793029785156,248.36328125,329.862060546875,266.55078125,329.10345458984375,281.70703125,321.5172424316406,248.36328125,320.75860595703125,267.30859375,322.2758483886719,285.49609375,-1.0,-1.0,-1.0,-1.0,328.3448181152344,219.56640625,321.5172424316406,220.32421875
-1.0,-1.0,324.3103332519531,227.90234375,331.137939453125,228.66015625,334.17242431640625,239.26953125,-1.0,-1.0,317.4827575683594,227.90234375,315.2069091796875,239.26953125,-1.0,-1.0,329.6206970214844,248.36328125,328.10345458984375,267.30859375,326.5862121582031,282.46484375,319.75860595703125,248.36328125,321.2758483886719,268.06640625,322.7930908203125,285.49609375,-1.0,-1.0,-1.0,-1.0,328.10345458984375,218.80859375,321.2758483886719,220.32421875
-1.0,-1.0,324.3103332519531,228.66015625,330.3793029785156,227.90234375,333.4137878417969,237.75390625,-1.0,-1.0,317.4827575683594,227.90234375,315.96551513671875,240.02734375,-1.0,-1.0,328.862060546875,247.60546875,328.10345458984375,266.55078125,327.3448181152344,281.70703125,319.75860595703125,247.60546875,320.5172424316406,267.30859375,322.03448486328125,283.98046875,-1.0,-1.0,-1.0,-1.0,327.3448181152344,218.80859375,320.5172424316406,220.32421875
-1.0,-1.0,323.3103332519531,227.90234375,328.6206970214844,227.90234375,333.17242431640625,237.75390625,-1.0,-1.0,317.24139404296875,227.90234375,313.4482727050781,237.75390625,-1.0,-1.0,328.6206970214844,248.36328125,327.862060546875,267.30859375,326.3448181152344,283.22265625,320.2758483886719,248.36328125,321.03448486328125,267.30859375,321.7930908203125,284.73828125,-1.0,-1.0,-1.0,-1.0,326.3448181152344,219.56640625,320.2758483886719,219.56640625
-1.0,-1.0,322.3103332519531,227.90234375,328.3793029785156,227.90234375,332.9310302734375,238.51171875,-1.0,-1.0,316.24139404296875,227.90234375,313.96551513671875,236.99609375,-1.0,-1.0,328.3793029785156,247.60546875,329.137939453125,265.79296875,329.89654541015625,280.19140625,319.2758483886719,248.36328125,320.03448486328125,267.30859375,322.3103332519531,283.98046875,-1.0,-1.0,-1.0,-1.0,325.3448181152344,218.80859375,320.03448486328125,218.80859375
-1.0,-1.0,321.5517272949219,227.90234375,327.6206970214844,227.90234375,330.6551818847656,237.75390625,-1.0,-1.0,314.7241516113281,227.14453125,311.6896667480469,237.75390625,310.9310302734375,248.36328125,327.6206970214844,248.36328125,328.3793029785156,266.55078125,327.6206970214844,280.94921875,317.75860595703125,248.36328125,320.03448486328125,267.30859375,321.5517272949219,283.98046875,-1.0,-1.0,-1.0,-1.0,324.5862121582031,218.05078125,317.75860595703125,219.56640625
-1.0,-1.0,320.79486083984375,227.625,327.5640869140625,227.625,330.5726623535156,238.125,331.3247985839844,247.875,314.025634765625,227.625,311.01708984375,237.375,308.008544921875,244.875,327.5640869140625,248.625,327.5640869140625,265.125,326.81195068359375,281.625,317.78631591796875,248.625,319.29058837890625,265.875,321.5469970703125,283.875,-1.0,-1.0,-1.0,-1.0,324.5555419921875,218.625,317.0341796875,219.375
-1.0,-1.0,320.5469970703125,228.375,326.5640869140625,228.375,330.3247985839844,239.625,332.5812072753906,247.875,313.77777099609375,227.625,310.76922607421875,238.125,311.5213623046875,248.625,326.5640869140625,249.375,326.5640869140625,266.625,324.30767822265625,283.125,317.5384521484375,249.375,319.042724609375,266.625,321.29913330078125,283.875,-1.0,-1.0,-1.0,-1.0,323.5555419921875,217.875,318.29058837890625,218.625
-1.0,-1.0,319.3304443359375,228.375,326.0608825683594,228.375,329.79998779296875,239.625,330.5478210449219,249.375,313.34783935546875,227.625,311.1043395996094,238.125,312.6000061035156,250.125,325.31304931640625,249.375,325.31304931640625,266.625,325.31304931640625,281.625,317.0869445800781,249.375,318.5826110839844,266.625,321.57391357421875,283.875,-1.0,-1.0,-1.0,-1.0,323.069580078125,218.625,317.0869445800781,218.625
-1.0,-1.0,319.5469970703125,228.375,325.5640869140625,228.375,329.3247985839844,240.375,331.5812072753906,250.125,312.77777099609375,227.625,309.76922607421875,237.375,309.01708984375,245.625,324.81195068359375,249.375,324.059814453125,265.875,324.059814453125,282.375,315.0341796875,249.375,317.29058837890625,266.625,321.05126953125,283.125,-1.0,-1.0,-1.0,-1.0,323.30767822265625,218.625,316.5384521484375,218.625
-1.0,-1.0,319.0782470703125,228.375,325.0608825683594,228.375,328.79998779296875,239.625,329.5478210449219,248.625,312.34783935546875,227.625,309.35650634765625,237.375,310.1043395996094,250.125,324.31304931640625,249.375,324.31304931640625,266.625,325.0608825683594,281.625,314.59130859375,249.375,316.83477783203125,267.375,320.57391357421875,283.125,-1.0,-1.0,-1.0,-1.0,322.8173828125,218.625,316.0869445800781,218.625
-1.0,-1.0,318.6810302734375,228.34765625,325.35345458984375,229.08984375,329.0603332519531,240.96484375,329.8017272949219,252.09765625,312.75,227.60546875,308.3017272949219,237.25390625,-1.0,-1.0,323.1293029785156,249.87109375,323.1293029785156,266.94140625,323.1293029785156,281.78515625,313.49139404296875,249.12890625,315.71551513671875,266.94140625,319.42242431640625,282.52734375,-1.0,-1.0,-1.0,-1.0,323.1293029785156,219.44140625,315.71551513671875,219.44140625
-1.0,-1.0,318.42242431640625,228.34765625,325.0948181152344,228.34765625,328.8017272949219,241.70703125,328.8017272949219,254.32421875,311.75,227.60546875,308.78448486328125,237.25390625,305.07757568359375,242.44921875,322.8706970214844,249.87109375,322.1293029785156,267.68359375,321.387939453125,282.52734375,313.9741516113281,249.12890625,313.9741516113281,266.19921875,318.42242431640625,280.30078125,-1.0,-1.0,-1.0,-1.0,322.8706970214844,219.44140625,315.4569091796875,219.44140625
-1.0,-1.0,318.42242431640625,228.34765625,324.35345458984375,228.34765625,328.8017272949219,242.44921875,329.5430908203125,255.06640625,311.75,227.60546875,308.0430908203125,237.99609375,305.07757568359375,242.44921875,322.8706970214844,250.61328125,321.387939453125,268.42578125,318.42242431640625,286.98046875,313.9741516113281,249.87109375,311.75,266.19921875,310.2672424316406,281.78515625,-1.0,-1.0,-1.0,-1.0,322.1293029785156,219.44140625,314.71551513671875,219.44140625
-1.0,-1.0,318.1637878417969,228.34765625,324.0948181152344,228.34765625,327.8017272949219,240.22265625,328.5430908203125,252.09765625,312.2327575683594,227.60546875,308.5258483886719,237.25390625,305.5603332519531,243.19140625,321.8706970214844,249.12890625,321.1293029785156,266.94140625,318.9051818847656,284.01171875,313.71551513671875,248.38671875,311.49139404296875,265.45703125,310.75,280.30078125,-1.0,-1.0,-1.0,-1.0,321.8706970214844,219.44140625,315.1982727050781,218.69921875
-1.0,-1.0,317.1637878417969,227.60546875,323.0948181152344,228.34765625,326.8017272949219,240.22265625,327.5430908203125,250.61328125,311.9741516113281,227.60546875,307.5258483886719,237.25390625,305.3017272949219,244.67578125,320.8706970214844,249.87109375,320.1293029785156,266.19921875,319.387939453125,281.04296875,311.9741516113281,249.12890625,311.2327575683594,265.45703125,311.2327575683594,279.55859375,-1.0,-1.0,-1.0,-1.0,321.612060546875,218.69921875,314.9396667480469,218.69921875
-1.0,-1.0,317.1637878417969,227.60546875,323.0948181152344,228.34765625,326.0603332519531,239.48046875,327.5430908203125,249.12890625,311.2327575683594,227.60546875,306.78448486328125,237.25390625,306.0430908203125,246.90234375,320.1293029785156,249.87109375,320.1293029785156,266.19921875,318.64654541015625,280.30078125,311.2327575683594,248.38671875,309.75,265.45703125,311.2327575683594,280.30078125,-1.0,-1.0,-1.0,-1.0,321.612060546875,218.69921875,314.9396667480469,218.69921875
-1.0,-1.0,316.9051818847656,227.60546875,322.0948181152344,228.34765625,325.8017272949219,238.73828125,326.5430908203125,248.38671875,310.2327575683594,226.86328125,306.5258483886719,237.25390625,305.78448486328125,246.90234375,320.612060546875,248.38671875,319.8706970214844,263.97265625,319.8706970214844,278.07421875,310.9741516113281,247.64453125,309.49139404296875,264.71484375,311.71551513671875,279.55859375,-1.0,-1.0,-1.0,-1.0,320.612060546875,218.69921875,314.6810302734375,218.69921875
-1.0,-1.0,316.4210510253906,227.3359375,321.5789489746094,228.0703125,326.0,238.3515625,325.2631530761719,247.1640625,309.7894592285156,227.3359375,306.84210205078125,237.6171875,305.368408203125,246.4296875,320.1052551269531,248.6328125,319.368408203125,264.0546875,320.1052551269531,277.2734375,310.52630615234375,247.8984375,309.0526428222656,263.3203125,311.2631530761719,278.7421875,-1.0,-1.0,-1.0,-1.0,320.1052551269531,219.2578125,313.47369384765625,219.2578125
-1.0,-1.0,315.4210510253906,227.3359375,321.3157958984375,228.0703125,325.0,239.0859375,325.0,248.6328125,309.52630615234375,226.6015625,305.1052551269531,237.6171875,304.368408203125,250.1015625,319.1052551269531,249.3671875,319.1052551269531,264.0546875,319.84210205078125,277.2734375,310.2631530761719,247.8984375,308.0526428222656,264.0546875,309.52630615234375,278.7421875,-1.0,-1.0,-1.0,-1.0,319.1052551269531,219.2578125,313.21051025390625,219.2578125
-1.0,-1.0,315.1111145019531,227.3359375,320.25640869140625,228.0703125,323.931640625,238.3515625,324.6666564941406,247.8984375,309.23077392578125,227.3359375,307.025634765625,239.0859375,305.5555419921875,249.3671875,318.78631591796875,247.8984375,318.78631591796875,264.0546875,319.5213623046875,277.2734375,310.70086669921875,247.1640625,307.76068115234375,263.3203125,305.5555419921875,280.2109375,-1.0,-1.0,-1.0,-1.0,317.3162536621094,219.9921875,311.4359130859375,219.9921875
-1.0,-1.0,314.4210510253906,227.3359375,319.5789489746094,228.0703125,323.2631530761719,236.8828125,-1.0,-1.0,308.52630615234375,227.3359375,306.3157958984375,238.3515625,305.5789489746094,248.6328125,318.84210205078125,247.1640625,318.84210205078125,263.3203125,318.84210205078125,276.5390625,310.7368469238281,246.4296875,307.7894592285156,262.5859375,306.3157958984375,279.4765625,-1.0,-1.0,-1.0,-1.0,316.631591796875,220.7265625,310.7368469238281,220.7265625
-1.0,-1.0,313.4210510253906,228.0703125,318.5789489746094,228.0703125,322.2631530761719,237.6171875,322.2631530761719,247.1640625,307.52630615234375,228.0703125,306.0526428222656,239.0859375,306.7894592285156,248.6328125,317.84210205078125,247.1640625,317.84210205078125,262.5859375,317.84210205078125,276.5390625,311.21051025390625,247.1640625,307.52630615234375,261.8515625,306.0526428222656,280.9453125,-1.0,-1.0,-1.0,-1.0,315.631591796875,220.7265625,309.7368469238281,220.7265625
-1.0,-1.0,313.1111145019531,227.3359375,318.25640869140625,227.3359375,321.931640625,236.8828125,322.6666564941406,247.1640625,307.9658203125,226.6015625,305.76068115234375,238.3515625,306.4957275390625,248.6328125,317.5213623046875,247.1640625,317.5213623046875,263.3203125,318.25640869140625,279.4765625,310.9059753417969,246.4296875,305.76068115234375,262.5859375,305.76068115234375,282.4140625,-1.0,-1.0,-1.0,-1.0,315.3162536621094,219.9921875,309.4359130859375,220.7265625
-1.0,-1.0,311.74139404296875,227.33984375,316.8103332519531,227.33984375,320.4310302734375,238.23828125,322.60345458984375,246.95703125,306.67242431640625,227.33984375,304.5,238.23828125,305.2241516113281,248.41015625,316.0862121582031,248.41015625,316.8103332519531,265.12109375,318.25860595703125,283.28515625,308.1206970214844,247.68359375,304.5,263.66796875,305.2241516113281,283.28515625,-1.0,-1.0,-1.0,-1.0,314.637939453125,220.07421875,308.8448181152344,220.07421875
-1.0,-1.0,310.74139404296875,227.33984375,316.53448486328125,227.33984375,319.4310302734375,238.23828125,319.4310302734375,243.32421875,305.67242431640625,228.06640625,303.5,238.23828125,304.2241516113281,248.41015625,315.0862121582031,248.41015625,315.8103332519531,265.12109375,317.25860595703125,282.55859375,307.1206970214844,247.68359375,303.5,263.66796875,304.2241516113281,282.55859375,-1.0,-1.0,-1.0,-1.0,314.362060546875,220.07421875,307.8448181152344,220.07421875
-1.0,-1.0,309.74139404296875,227.33984375,315.53448486328125,227.33984375,319.8793029785156,239.69140625,321.32757568359375,250.58984375,303.9482727050781,227.33984375,301.0517272949219,237.51171875,300.32757568359375,248.41015625,314.0862121582031,248.41015625,313.362060546875,265.84765625,316.25860595703125,281.10546875,304.67242431640625,246.95703125,303.2241516113281,263.66796875,303.2241516113281,281.10546875,-1.0,-1.0,-1.0,-1.0,312.637939453125,220.07421875,306.8448181152344,219.34765625
-1.0,-1.0,309.74139404296875,227.33984375,315.53448486328125,227.33984375,319.8793029785156,239.69140625,322.0517272949219,251.31640625,303.9482727050781,227.33984375,301.0517272949219,237.51171875,298.8793029785156,249.86328125,314.0862121582031,249.13671875,313.362060546875,266.57421875,316.25860595703125,281.10546875,304.67242431640625,247.68359375,302.5,264.39453125,303.2241516113281,281.10546875,-1.0,-1.0,-1.0,-1.0,313.362060546875,220.07421875,306.8448181152344,219.34765625
-1.0,-1.0,308.74139404296875,227.33984375,314.53448486328125,228.06640625,318.8793029785156,240.41796875,320.32757568359375,250.58984375,302.9482727050781,227.33984375,299.32757568359375,239.69140625,297.8793029785156,251.31640625,312.362060546875,249.13671875,312.362060546875,265.84765625,315.25860595703125,281.10546875,303.67242431640625,248.41015625,302.9482727050781,265.12109375,304.39654541015625,283.28515625,-1.0,-1.0,-1.0,-1.0,311.637939453125,219.34765625,305.1206970214844,219.34765625
-1.0,-1.0,307.6902770996094,227.33984375,314.22125244140625,227.33984375,316.3982238769531,238.96484375,318.5752258300781,249.13671875,301.1593017578125,227.33984375,298.2566223144531,238.96484375,296.8052978515625,251.31640625,311.3185729980469,249.13671875,312.7698974609375,266.57421875,313.4955749511719,282.55859375,302.6106262207031,248.41015625,302.6106262207031,265.12109375,304.06195068359375,282.55859375,-1.0,-1.0,-1.0,-1.0,310.5929260253906,218.62109375,304.06195068359375,218.62109375
-1.0,-1.0,307.23077392578125,226.359375,313.69232177734375,226.359375,315.1282043457031,237.140625,316.5641174316406,246.484375,300.76922607421875,226.359375,297.1794738769531,239.296875,295.025634765625,250.796875,310.1025695800781,246.484375,310.1025695800781,263.015625,309.3846130371094,277.390625,302.20513916015625,246.484375,301.4871826171875,263.015625,302.20513916015625,278.828125,-1.0,-1.0,-1.0,-1.0,310.8205261230469,218.453125,304.3589782714844,217.734375
-1.0,-1.0,306.94873046875,226.359375,313.4102478027344,226.359375,315.5641174316406,237.859375,317.0,247.203125,300.4871826171875,226.359375,296.8974304199219,238.578125,294.025634765625,250.796875,309.8205261230469,246.484375,307.6666564941406,263.734375,306.23077392578125,280.984375,301.9230651855469,245.765625,301.20513916015625,263.015625,302.6410217285156,280.984375,-1.0,-1.0,-1.0,-1.0,311.25640869140625,218.453125,304.79486083984375,217.015625
-1.0,-1.0,306.2631530761719,226.359375,312.7368469238281,226.359375,315.6140441894531,236.421875,316.3333435058594,245.765625,299.7894592285156,225.640625,294.75439453125,237.859375,294.03509521484375,247.203125,309.8596496582031,245.046875,307.7017517089844,262.296875,305.5438537597656,278.828125,301.9473571777344,245.046875,301.2280578613281,260.859375,301.9473571777344,278.109375,-1.0,-1.0,-1.0,-1.0,310.5789489746094,218.453125,304.1052551269531,217.015625
-1.0,-1.0,305.9824523925781,225.640625,311.7368469238281,225.640625,314.6140441894531,235.703125,315.3333435058594,245.046875,298.7894592285156,225.640625,293.75439453125,237.140625,295.1929931640625,242.171875,309.5789489746094,245.765625,307.4210510253906,262.296875,304.5438537597656,278.828125,300.9473571777344,245.046875,300.9473571777344,261.578125,301.6666564941406,279.546875,-1.0,-1.0,-1.0,-1.0,309.5789489746094,218.453125,303.1052551269531,217.734375
-1.0,-1.0,304.94873046875,225.640625,311.4102478027344,225.640625,315.0,236.421875,316.4359130859375,246.484375,297.76922607421875,225.640625,292.74359130859375,237.140625,290.5897521972656,240.015625,309.25640869140625,245.765625,307.1025695800781,263.015625,304.94873046875,278.828125,300.6410217285156,245.765625,300.6410217285156,262.296875,302.0769348144531,279.546875,-1.0,-1.0,-1.0,-1.0,309.25640869140625,218.453125,302.0769348144531,217.734375
-1.0,-1.0,304.9824523925781,225.640625,311.4561462402344,225.640625,314.3333435058594,236.421875,316.4912414550781,242.890625,297.7894592285156,225.640625,290.59649658203125,237.140625,294.91229248046875,246.484375,309.2982482910156,246.484375,306.4210510253906,263.734375,304.9824523925781,280.265625,300.6666564941406,246.484375,301.3859558105469,263.015625,302.1052551269531,279.546875,-1.0,-1.0,-1.0,-1.0,308.5789489746094,217.734375,301.3859558105469,217.734375
-1.0,-1.0,304.7017517089844,225.640625,310.4561462402344,225.640625,313.3333435058594,235.703125,-1.0,-1.0,297.5087585449219,225.640625,291.03509521484375,235.703125,288.877197265625,239.296875,308.2982482910156,245.765625,306.8596496582031,263.015625,304.7017517089844,280.265625,300.3859558105469,245.765625,301.1052551269531,263.015625,301.8245544433594,279.546875,-1.0,-1.0,-1.0,-1.0,308.2982482910156,219.171875,301.1052551269531,218.453125
-1.0,-1.0,304.2203369140625,226.39453125,310.6271057128906,226.39453125,312.7627258300781,236.34765625,-1.0,-1.0,297.1016845703125,226.39453125,290.6949157714844,236.34765625,295.677978515625,241.32421875,308.49151611328125,245.58984375,307.06781005859375,261.94140625,304.93218994140625,278.29296875,299.2372741699219,245.58984375,299.94915771484375,261.94140625,301.3728942871094,278.29296875,-1.0,-1.0,-1.0,-1.0,307.06781005859375,217.86328125,299.94915771484375,218.57421875
-1.0,-1.0,303.8956604003906,226.39453125,309.6000061035156,227.10546875,311.7391357421875,237.05859375,-1.0,-1.0,296.7652282714844,226.39453125,291.0608825683594,235.63671875,286.7826232910156,238.48046875,307.46087646484375,245.58984375,306.7478332519531,261.94140625,304.60870361328125,278.29296875,298.90435791015625,245.58984375,298.90435791015625,260.51953125,301.0434875488281,279.00390625,-1.0,-1.0,-1.0,-1.0,306.7478332519531,219.28515625,299.6174011230469,219.28515625
-1.0,-1.0,302.8956604003906,227.10546875,309.31304931640625,227.10546875,311.4521789550781,237.05859375,-1.0,-1.0,295.7652282714844,227.10546875,288.6347961425781,236.34765625,286.49566650390625,242.03515625,307.1739196777344,246.30078125,306.46087646484375,262.65234375,304.3217468261719,280.42578125,298.6174011230469,245.58984375,299.3304443359375,261.94140625,300.75653076171875,279.71484375,-1.0,-1.0,-1.0,-1.0,305.7478332519531,219.99609375,298.6174011230469,219.99609375
-1.0,-1.0,302.4070739746094,227.81640625,308.77874755859375,227.81640625,313.7344970703125,231.37109375,-1.0,-1.0,296.035400390625,227.10546875,288.247802734375,237.05859375,-1.0,-1.0,305.9468994140625,247.01171875,305.9468994140625,263.36328125,303.822998046875,280.42578125,297.4513244628906,247.01171875,298.1593017578125,263.36328125,299.5752258300781,279.71484375,-1.0,-1.0,-1.0,-1.0,305.23895263671875,219.99609375,298.86724853515625,219.99609375
-1.0,-1.0,301.9230651855469,228.2578125,308.23077392578125,228.2578125,310.3333435058594,237.3984375,-1.0,-1.0,295.6153869628906,227.5546875,289.30767822265625,235.9921875,285.80340576171875,239.5078125,306.1282043457031,247.2421875,305.4273376464844,261.3046875,306.1282043457031,273.2578125,297.01708984375,246.5390625,295.6153869628906,259.8984375,295.6153869628906,269.7421875,-1.0,-1.0,-1.0,-1.0,305.4273376464844,219.8203125,298.4187927246094,220.5234375
-1.0,-1.0,302.3247985839844,228.2578125,307.931640625,228.2578125,310.0341796875,238.1015625,-1.0,-1.0,296.01708984375,227.5546875,288.30767822265625,237.3984375,285.5042724609375,240.2109375,305.8290710449219,247.2421875,304.4273376464844,262.7109375,302.3247985839844,277.4765625,297.4187927246094,247.2421875,295.3162536621094,262.0078125,296.71795654296875,275.3671875,-1.0,-1.0,-1.0,-1.0,305.8290710449219,220.5234375,298.8205261230469,219.8203125
-1.0,-1.0,301.64910888671875,228.2578125,307.2631530761719,228.2578125,310.0701904296875,238.1015625,-1.0,-1.0,295.3333435058594,227.5546875,289.0175476074219,236.6953125,285.5087585449219,239.5078125,305.8596496582031,247.2421875,304.4561462402344,264.8203125,302.35089111328125,278.8828125,296.7368469238281,246.5390625,294.631591796875,262.7109375,292.52630615234375,271.1484375,-1.0,-1.0,-1.0,-1.0,305.15789794921875,220.5234375,298.1403503417969,219.8203125
-1.0,-1.0,300.64910888671875,227.5546875,306.2631530761719,227.5546875,308.368408203125,237.3984375,-1.0,-1.0,294.3333435058594,227.5546875,288.71929931640625,235.9921875,285.91229248046875,240.2109375,304.8596496582031,246.5390625,303.4561462402344,262.7109375,302.0526428222656,276.0703125,295.7368469238281,246.5390625,295.7368469238281,262.0078125,295.03509521484375,273.9609375,-1.0,-1.0,-1.0,-1.0,304.15789794921875,220.5234375,297.1403503417969,219.8203125
-1.0,-1.0,300.13043212890625,227.59765625,305.6956481933594,227.59765625,307.7826232910156,236.63671875,-1.0,-1.0,293.86956787109375,226.90234375,289.0,235.94140625,285.521728515625,239.41796875,304.3043518066406,246.37109375,302.9130554199219,263.05859375,301.521728515625,277.66015625,295.2608642578125,246.37109375,294.5652160644531,262.36328125,295.2608642578125,274.18359375,-1.0,-1.0,-1.0,-1.0,302.9130554199219,219.94921875,297.34783935546875,220.64453125
-1.0,-1.0,299.8260803222656,227.59765625,306.0869445800781,228.29296875,308.1739196777344,237.33203125,-1.0,-1.0,293.5652160644531,226.90234375,288.0,236.63671875,285.2173767089844,240.11328125,304.0,247.06640625,303.3043518066406,263.05859375,302.60870361328125,277.66015625,294.9565124511719,246.37109375,294.2608642578125,263.05859375,297.0434875488281,275.57421875,-1.0,-1.0,-1.0,-1.0,-1.0,-1.0,296.34783935546875,219.94921875
-1.0,-1.0,299.3274230957031,227.65625,304.84954833984375,227.65625,306.92034912109375,237.28125,-1.0,-1.0,293.11505126953125,226.96875,288.97344970703125,235.90625,284.83184814453125,240.03125,303.4690246582031,246.90625,302.77874755859375,263.40625,302.77874755859375,278.53125,294.4955749511719,246.90625,293.8052978515625,262.71875,297.25665283203125,277.84375,-1.0,-1.0,-1.0,-1.0,-1.0,-1.0,-1.0,-1.0
-1.0,-1.0,298.1441345214844,227.65625,304.9909973144531,227.65625,307.0450439453125,237.96875,-1.0,-1.0,291.98199462890625,226.96875,287.1891784667969,237.28125,283.7657775878906,240.71875,302.25225830078125,247.59375,302.25225830078125,263.40625,301.56756591796875,278.53125,293.3513488769531,246.90625,293.3513488769531,262.71875,295.4053955078125,276.46875,-1.0,-1.0,-1.0,-1.0,303.6216125488281,219.40625,296.090087890625,219.40625
-1.0,-1.0,298.3304443359375,227.05078125,304.4347839355469,227.05078125,306.4695739746094,237.24609375,-1.0,-1.0,291.5478210449219,227.05078125,286.79998779296875,236.56640625,282.7304382324219,240.64453125,302.3999938964844,246.76171875,301.72174072265625,262.39453125,301.0434875488281,278.02734375,292.90435791015625,246.76171875,293.5826110839844,262.39453125,294.2608642578125,277.34765625,-1.0,-1.0,-1.0,-1.0,301.72174072265625,220.25390625,294.9391174316406,219.57421875
-1.0,-1.0,298.5044250488281,227.4921875,304.5575256347656,227.4921875,305.90264892578125,236.8984375,-1.0,-1.0,292.4513244628906,226.8203125,286.3982238769531,236.2265625,283.035400390625,240.9296875,301.86724853515625,246.9765625,301.1947021484375,263.1015625,301.86724853515625,279.2265625,293.1239013671875,246.9765625,293.1239013671875,263.1015625,295.81414794921875,278.5546875,-1.0,-1.0,-1.0,-1.0,-1.0,-1.0,-1.0,-1.0
-1.0,-1.0,298.0,227.58984375,304.0,227.58984375,306.0,238.87890625,306.0,247.51171875,292.0,226.92578125,287.3333435058594,235.55859375,282.6666564941406,241.53515625,301.3333435058594,247.51171875,301.3333435058594,264.11328125,300.6666564941406,278.72265625,292.0,246.84765625,291.3333435058594,262.78515625,291.3333435058594,278.72265625,-1.0,-1.0,-1.0,-1.0,-1.0,-1.0,-1.0,-1.0
-1.0,-1.0,297.6666564941406,228.25390625,303.6666564941406,228.91796875,305.0,238.87890625,-1.0,-1.0,291.0,228.25390625,286.3333435058594,236.22265625,282.3333435058594,242.19921875,301.0,247.51171875,300.3333435058594,264.11328125,300.3333435058594,280.05078125,291.0,247.51171875,290.3333435058594,264.11328125,289.6666564941406,280.05078125,-1.0,-1.0,-1.0,-1.0,-1.0,-1.0,-1.0,-1.0
-1.0,-1.0,296.3272705078125,229.015625,302.2181701660156,229.671875,305.49090576171875,237.546875,-1.0,-1.0,290.4363708496094,229.015625,286.50909423828125,236.890625,282.5818176269531,240.171875,300.2545471191406,247.390625,299.6000061035156,263.796875,300.2545471191406,279.546875,291.0909118652344,247.390625,289.12725830078125,263.796875,287.16363525390625,280.203125,-1.0,-1.0,-1.0,-1.0,-1.0,-1.0,-1.0,-1.0
-1.0,-1.0,295.99114990234375,230.328125,301.2301025390625,230.328125,303.1947021484375,239.515625,303.1947021484375,248.046875,290.09735107421875,229.671875,286.822998046875,238.203125,-1.0,-1.0,298.6106262207031,248.046875,297.95574951171875,263.796875,298.6106262207031,279.546875,290.09735107421875,247.390625,288.78759765625,264.453125,286.822998046875,279.546875,-1.0,-1.0,-1.0,-1.0,297.95574951171875,222.453125,292.06195068359375,223.109375
-1.0,-1.0,294.83782958984375,230.42578125,300.02703857421875,230.42578125,303.270263671875,239.50390625,-1.0,-1.0,289.6486511230469,230.42578125,285.7567443847656,239.50390625,-1.0,-1.0,297.43243408203125,249.87890625,298.0810852050781,265.44140625,299.3783874511719,279.70703125,289.6486511230469,249.87890625,287.70269775390625,265.44140625,287.0540466308594,281.00390625,-1.0,-1.0,-1.0,-1.0,296.7837829589844,223.29296875,291.5946044921875,223.29296875
-1.0,-1.0,293.1891784667969,231.72265625,299.02703857421875,231.72265625,301.6216125488281,240.80078125,-1.0,-1.0,286.70269775390625,232.37109375,283.45947265625,240.15234375,282.16217041015625,245.98828125,297.729736328125,249.23046875,297.0810852050781,265.44140625,298.3783874511719,279.70703125,288.0,249.87890625,286.0540466308594,264.79296875,285.4053955078125,280.35546875,-1.0,-1.0,-1.0,-1.0,295.1351318359375,223.94140625,289.9459533691406,224.58984375
-1.0,-1.0,292.54052734375,230.42578125,298.3783874511719,230.42578125,300.97296142578125,240.15234375,-1.0,-1.0,286.70269775390625,231.07421875,283.45947265625,240.15234375,282.8108215332031,247.93359375,296.43243408203125,247.28515625,294.4864807128906,264.14453125,293.83782958984375,280.35546875,287.3513488769531,247.93359375,286.0540466308594,264.14453125,286.0540466308594,280.35546875,-1.0,-1.0,-1.0,-1.0,294.4864807128906,221.99609375,288.6486511230469,223.29296875
