598.0714111328125,68.1875,611.8809814453125,80.5625,611.8809814453125,79.1875,602.2142944335938,103.9375,581.5,91.5625,611.8809814453125,80.5625,-1.0,-1.0,-1.0,-1.0,610.5,136.9375,600.8333129882812,179.5625,602.2142944335938,205.6875,604.9761962890625,138.3125,-1.0,-1.0,-1.0,-1.0,595.3095092773438,65.4375,600.8333129882812,65.4375,-1.0,-1.0,610.5,65.4375
599.452392578125,68.1875,613.2619018554688,80.5625,611.8809814453125,79.1875,-1.0,-1.0,-1.0,-1.0,613.2619018554688,80.5625,-1.0,-1.0,-1.0,-1.0,609.1190185546875,141.0625,599.452392578125,178.1875,602.2142944335938,205.6875,604.9761962890625,145.1875,607.7380981445312,178.1875,610.5,208.4375,596.6904907226562,65.4375,600.8333129882812,65.4375,-1.0,-1.0,610.5,65.4375
-1.0,-1.0,609.1190185546875,116.3125,613.2619018554688,117.6875,-1.0,-1.0,-1.0,-1.0,607.7380981445312,116.3125,599.452392578125,138.3125,591.1666870117188,138.3125,609.1190185546875,142.4375,599.452392578125,176.8125,600.8333129882812,207.0625,606.3571166992188,145.1875,607.7380981445312,176.8125,610.5,208.4375,-1.0,-1.0,-1.0,-1.0,-1.0,-1.0,-1.0,-1.0
-1.0,-1.0,609.1190185546875,116.3125,611.8809814453125,117.6875,-1.0,-1.0,-1.0,-1.0,607.7380981445312,116.3125,600.8333129882812,138.3125,591.1666870117188,138.3125,604.9761962890625,149.3125,599.452392578125,176.8125,600.8333129882812,207.0625,606.3571166992188,149.3125,607.7380981445312,178.1875,610.5,208.4375,-1.0,-1.0,-1.0,-1.0,-1.0,-1.0,-1.0,-1.0
-1.0,-1.0,609.1190185546875,116.3125,613.2619018554688,117.6875,-1.0,-1.0,-1.0,-1.0,607.7380981445312,116.3125,600.8333129882812,138.3125,591.1666870117188,139.6875,606.3571166992188,146.5625,596.6904907226562,174.0625,602.2142944335938,207.0625,607.7380981445312,147.9375,609.1190185546875,176.8125,610.5,208.4375,-1.0,-1.0,-1.0,-1.0,-1.0,-1.0,-1.0,-1.0
-1.0,-1.0,609.1190185546875,116.3125,613.2619018554688,116.3125,-1.0,-1.0,-1.0,-1.0,607.7380981445312,117.6875,602.2142944335938,136.9375,591.1666870117188,139.6875,604.9761962890625,146.5625,595.3095092773438,172.6875,600.8333129882812,205.6875,607.7380981445312,146.5625,610.5,175.4375,610.5,208.4375,-1.0,-1.0,-1.0,-1.0,-1.0,-1.0,-1.0,-1.0
599.452392578125,70.9375,614.6428833007812,81.9375,614.6428833007812,80.5625,-1.0,-1.0,-1.0,-1.0,614.6428833007812,83.3125,610.5,106.6875,588.40478515625,98.4375,604.9761962890625,145.1875,595.3095092773438,172.6875,600.8333129882812,205.6875,-1.0,-1.0,-1.0,-1.0,-1.0,-1.0,598.0714111328125,68.1875,602.2142944335938,66.8125,-1.0,-1.0,611.8809814453125,66.8125
600.8333129882812,70.9375,614.6428833007812,81.9375,616.0238037109375,80.5625,-1.0,-1.0,-1.0,-1.0,614.6428833007812,83.3125,609.1190185546875,105.3125,596.6904907226562,102.5625,-1.0,-1.0,-1.0,-1.0,-1.0,-1.0,-1.0,-1.0,-1.0,-1.0,-1.0,-1.0,598.0714111328125,68.1875,602.2142944335938,66.8125,-1.0,-1.0,611.8809814453125,66.8125
600.8333129882812,70.9375,616.0238037109375,81.9375,616.0238037109375,80.5625,-1.0,-1.0,-1.0,-1.0,616.0238037109375,83.3125,607.7380981445312,105.3125,598.0714111328125,102.5625,-1.0,-1.0,-1.0,-1.0,-1.0,-1.0,-1.0,-1.0,-1.0,-1.0,-1.0,-1.0,599.452392578125,68.1875,602.2142944335938,66.8125,-1.0,-1.0,611.8809814453125,65.4375
600.8333129882812,70.9375,616.0238037109375,83.3125,613.2619018554688,83.3125,-1.0,-1.0,-1.0,-1.0,616.0238037109375,84.6875,607.7380981445312,105.3125,593.9285888671875,99.8125,-1.0,-1.0,-1.0,-1.0,-1.0,-1.0,-1.0,-1.0,-1.0,-1.0,-1.0,-1.0,599.452392578125,68.1875,603.59521484375,66.8125,-1.0,-1.0,613.2619018554688,66.8125
600.8333129882812,70.9375,614.6428833007812,84.6875,611.8809814453125,84.6875,-1.0,-1.0,-1.0,-1.0,616.0238037109375,86.0625,607.7380981445312,105.3125,598.0714111328125,101.1875,-1.0,-1.0,-1.0,-1.0,-1.0,-1.0,-1.0,-1.0,-1.0,-1.0,-1.0,-1.0,599.452392578125,68.1875,603.59521484375,66.8125,-1.0,-1.0,613.2619018554688,66.8125
600.8333129882812,72.3125,614.6428833007812,86.0625,611.8809814453125,84.6875,-1.0,-1.0,-1.0,-1.0,617.40478515625,86.0625,607.7380981445312,103.9375,596.6904907226562,99.8125,-1.0,-1.0,-1.0,-1.0,-1.0,-1.0,-1.0,-1.0,-1.0,-1.0,-1.0,-1.0,599.452392578125,68.1875,603.59521484375,68.1875,-1.0,-1.0,613.2619018554688,66.8125
602.2142944335938,70.9375,614.6428833007812,84.6875,611.8809814453125,84.6875,-1.0,-1.0,-1.0,-1.0,618.7857055664062,84.6875,609.1190185546875,103.9375,598.0714111328125,99.8125,-1.0,-1.0,-1.0,-1.0,-1.0,-1.0,-1.0,-1.0,-1.0,-1.0,-1.0,-1.0,599.452392578125,68.1875,603.59521484375,68.1875,-1.0,-1.0,614.6428833007812,68.1875
602.2142944335938,70.9375,614.6428833007812,84.6875,611.8809814453125,84.6875,-1.0,-1.0,-1.0,-1.0,618.7857055664062,84.6875,609.1190185546875,105.3125,598.0714111328125,99.8125,-1.0,-1.0,-1.0,-1.0,-1.0,-1.0,-1.0,-1.0,-1.0,-1.0,-1.0,-1.0,599.452392578125,68.1875,603.59521484375,66.8125,-1.0,-1.0,614.6428833007812,68.1875
602.2142944335938,70.9375,614.6428833007812,84.6875,610.5,84.6875,-1.0,-1.0,-1.0,-1.0,618.7857055664062,84.6875,610.5,105.3125,600.8333129882812,101.1875,-1.0,-1.0,-1.0,-1.0,-1.0,-1.0,-1.0,-1.0,-1.0,-1.0,-1.0,-1.0,599.452392578125,68.1875,603.59521484375,68.1875,-1.0,-1.0,614.6428833007812,68.1875
602.2142944335938,70.9375,614.6428833007812,84.6875,610.5,84.6875,-1.0,-1.0,-1.0,-1.0,618.7857055664062,84.6875,609.1190185546875,105.3125,599.452392578125,101.1875,-1.0,-1.0,-1.0,-1.0,-1.0,-1.0,-1.0,-1.0,-1.0,-1.0,-1.0,-1.0,599.452392578125,68.1875,604.9761962890625,68.1875,-1.0,-1.0,614.6428833007812,68.1875
602.2142944335938,70.9375,614.6428833007812,84.6875,610.5,84.6875,-1.0,-1.0,-1.0,-1.0,618.7857055664062,84.6875,609.1190185546875,105.3125,599.452392578125,99.8125,-1.0,-1.0,-1.0,-1.0,-1.0,-1.0,-1.0,-1.0,-1.0,-1.0,-1.0,-1.0,599.452392578125,68.1875,604.9761962890625,68.1875,-1.0,-1.0,614.6428833007812,68.1875
602.2142944335938,70.9375,614.6428833007812,84.6875,610.5,84.6875,-1.0,-1.0,-1.0,-1.0,618.7857055664062,83.3125,609.1190185546875,105.3125,599.452392578125,99.8125,-1.0,-1.0,-1.0,-1.0,-1.0,-1.0,-1.0,-1.0,-1.0,-1.0,-1.0,-1.0,599.452392578125,68.1875,603.59521484375,68.1875,-1.0,-1.0,614.6428833007812,68.1875
602.2142944335938,70.9375,614.6428833007812,84.6875,610.5,84.6875,-1.0,-1.0,-1.0,-1.0,618.7857055664062,83.3125,610.5,105.3125,599.452392578125,99.8125,-1.0,-1.0,-1.0,-1.0,-1.0,-1.0,-1.0,-1.0,-1.0,-1.0,-1.0,-1.0,599.452392578125,68.1875,603.59521484375,68.1875,-1.0,-1.0,614.6428833007812,68.1875
602.2142944335938,70.9375,613.2619018554688,84.6875,606.3571166992188,86.0625,604.9761962890625,103.9375,-1.0,-1.0,618.7857055664062,83.3125,610.5,105.3125,595.3095092773438,98.4375,-1.0,-1.0,-1.0,-1.0,-1.0,-1.0,613.2619018554688,143.8125,613.2619018554688,174.0625,611.8809814453125,208.4375,600.8333129882812,68.1875,604.9761962890625,68.1875,-1.0,-1.0,614.6428833007812,68.1875
602.2142944335938,72.3125,611.8809814453125,84.6875,606.3571166992188,86.0625,604.9761962890625,102.5625,-1.0,-1.0,618.7857055664062,83.3125,610.5,105.3125,596.6904907226562,98.4375,604.9761962890625,139.6875,593.9285888671875,169.9375,600.8333129882812,205.6875,614.6428833007812,141.0625,613.2619018554688,172.6875,611.8809814453125,208.4375,600.8333129882812,68.1875,604.9761962890625,68.1875,-1.0,-1.0,613.2619018554688,68.1875
602.2142944335938,72.3125,611.8809814453125,84.6875,606.3571166992188,86.0625,604.9761962890625,102.5625,-1.0,-1.0,618.7857055664062,83.3125,610.5,106.6875,596.6904907226562,99.8125,603.59521484375,141.0625,593.9285888671875,169.9375,600.8333129882812,205.6875,614.6428833007812,141.0625,613.2619018554688,174.0625,611.8809814453125,208.4375,600.8333129882812,68.1875,604.9761962890625,68.1875,-1.0,-1.0,613.2619018554688,68.1875
602.2142944335938,72.3125,613.2619018554688,84.6875,606.3571166992188,87.4375,604.9761962890625,102.5625,-1.0,-1.0,620.1666870117188,83.3125,610.5,106.6875,595.3095092773438,99.8125,603.59521484375,139.6875,593.9285888671875,169.9375,600.8333129882812,205.6875,616.0238037109375,141.0625,613.2619018554688,172.6875,611.8809814453125,208.4375,600.8333129882812,68.1875,604.9761962890625,68.1875,-1.0,-1.0,614.6428833007812,68.1875
602.2142944335938,72.3125,613.2619018554688,84.6875,606.3571166992188,87.4375,604.9761962890625,103.9375,-1.0,-1.0,620.1666870117188,83.3125,610.5,106.6875,593.9285888671875,98.4375,603.59521484375,141.0625,593.9285888671875,169.9375,600.8333129882812,205.6875,614.6428833007812,142.4375,613.2619018554688,174.0625,611.8809814453125,208.4375,602.2142944335938,68.1875,604.9761962890625,68.1875,-1.0,-1.0,614.6428833007812,68.1875
602.2142944335938,72.3125,613.2619018554688,84.6875,607.7380981445312,86.0625,604.9761962890625,103.9375,-1.0,-1.0,620.1666870117188,83.3125,610.5,106.6875,592.547607421875,98.4375,603.59521484375,141.0625,593.9285888671875,169.9375,600.8333129882812,205.6875,614.6428833007812,142.4375,613.2619018554688,174.0625,611.8809814453125,208.4375,602.2142944335938,68.1875,604.9761962890625,68.1875,-1.0,-1.0,614.6428833007812,68.1875
602.2142944335938,72.3125,613.2619018554688,84.6875,607.7380981445312,86.0625,604.9761962890625,103.9375,-1.0,-1.0,620.1666870117188,83.3125,610.5,106.6875,592.547607421875,98.4375,603.59521484375,141.0625,593.9285888671875,169.9375,602.2142944335938,205.6875,614.6428833007812,142.4375,613.2619018554688,174.0625,613.2619018554688,208.4375,600.8333129882812,68.1875,604.9761962890625,68.1875,-1.0,-1.0,614.6428833007812,68.1875
602.2142944335938,72.3125,613.2619018554688,84.6875,607.7380981445312,86.0625,604.9761962890625,103.9375,-1.0,-1.0,620.1666870117188,83.3125,610.5,106.6875,592.547607421875,98.4375,603.59521484375,142.4375,593.9285888671875,169.9375,602.2142944335938,205.6875,614.6428833007812,142.4375,613.2619018554688,174.0625,613.2619018554688,208.4375,600.8333129882812,68.1875,604.9761962890625,68.1875,-1.0,-1.0,614.6428833007812,68.1875
602.2142944335938,72.3125,613.2619018554688,84.6875,607.7380981445312,86.0625,604.9761962890625,103.9375,-1.0,-1.0,620.1666870117188,83.3125,610.5,106.6875,592.547607421875,98.4375,603.59521484375,141.0625,593.9285888671875,169.9375,602.2142944335938,205.6875,614.6428833007812,142.4375,613.2619018554688,174.0625,613.2619018554688,208.4375,600.8333129882812,68.1875,604.9761962890625,68.1875,-1.0,-1.0,614.6428833007812,69.5625
602.2142944335938,72.3125,613.2619018554688,84.6875,607.7380981445312,86.0625,604.9761962890625,103.9375,-1.0,-1.0,620.1666870117188,83.3125,609.1190185546875,106.6875,592.547607421875,98.4375,603.59521484375,141.0625,593.9285888671875,169.9375,602.2142944335938,205.6875,614.6428833007812,142.4375,613.2619018554688,174.0625,613.2619018554688,208.4375,602.2142944335938,68.1875,604.9761962890625,68.1875,-1.0,-1.0,614.6428833007812,69.5625
602.2142944335938,72.3125,613.2619018554688,84.6875,607.7380981445312,86.0625,604.9761962890625,103.9375,-1.0,-1.0,620.1666870117188,84.6875,609.1190185546875,106.6875,592.547607421875,98.4375,604.9761962890625,141.0625,593.9285888671875,169.9375,602.2142944335938,205.6875,614.6428833007812,142.4375,613.2619018554688,174.0625,613.2619018554688,208.4375,600.8333129882812,68.1875,604.9761962890625,68.1875,-1.0,-1.0,613.2619018554688,69.5625
602.2142944335938,72.3125,613.2619018554688,84.6875,607.7380981445312,86.0625,604.9761962890625,105.3125,-1.0,-1.0,618.7857055664062,84.6875,610.5,106.6875,592.547607421875,98.4375,604.9761962890625,141.0625,593.9285888671875,169.9375,602.2142944335938,205.6875,614.6428833007812,142.4375,613.2619018554688,174.0625,613.2619018554688,208.4375,602.2142944335938,68.1875,604.9761962890625,68.1875,-1.0,-1.0,613.2619018554688,69.5625
602.2142944335938,72.3125,613.2619018554688,86.0625,607.7380981445312,87.4375,604.9761962890625,99.8125,-1.0,-1.0,618.7857055664062,84.6875,610.5,106.6875,593.9285888671875,99.8125,604.9761962890625,142.4375,593.9285888671875,169.9375,602.2142944335938,205.6875,614.6428833007812,143.8125,613.2619018554688,174.0625,613.2619018554688,208.4375,602.2142944335938,68.1875,604.9761962890625,68.1875,-1.0,-1.0,614.6428833007812,68.1875
602.2142944335938,72.3125,613.2619018554688,84.6875,607.7380981445312,86.0625,607.7380981445312,109.4375,-1.0,-1.0,618.7857055664062,84.6875,610.5,106.6875,593.9285888671875,99.8125,603.59521484375,142.4375,593.9285888671875,169.9375,602.2142944335938,205.6875,614.6428833007812,142.4375,613.2619018554688,174.0625,613.2619018554688,208.4375,602.2142944335938,68.1875,604.9761962890625,68.1875,-1.0,-1.0,614.6428833007812,68.1875
602.2142944335938,72.3125,613.2619018554688,84.6875,607.7380981445312,86.0625,607.7380981445312,109.4375,-1.0,-1.0,618.7857055664062,83.3125,610.5,106.6875,593.9285888671875,98.4375,603.59521484375,141.0625,593.9285888671875,169.9375,602.2142944335938,205.6875,614.6428833007812,142.4375,613.2619018554688,174.0625,613.2619018554688,208.4375,602.2142944335938,68.1875,604.9761962890625,68.1875,-1.0,-1.0,614.6428833007812,68.1875
602.2142944335938,72.3125,613.2619018554688,84.6875,607.7380981445312,86.0625,604.9761962890625,103.9375,-1.0,-1.0,620.1666870117188,83.3125,610.5,106.6875,593.9285888671875,99.8125,603.59521484375,141.0625,593.9285888671875,169.9375,602.2142944335938,205.6875,614.6428833007812,142.4375,613.2619018554688,174.0625,613.2619018554688,208.4375,602.2142944335938,68.1875,604.9761962890625,68.1875,-1.0,-1.0,614.6428833007812,68.1875
602.2142944335938,72.3125,613.2619018554688,84.6875,607.7380981445312,86.0625,604.9761962890625,113.5625,-1.0,-1.0,620.1666870117188,83.3125,610.5,106.6875,593.9285888671875,98.4375,603.59521484375,141.0625,593.9285888671875,169.9375,602.2142944335938,205.6875,614.6428833007812,142.4375,613.2619018554688,174.0625,613.2619018554688,208.4375,602.2142944335938,68.1875,604.9761962890625,68.1875,-1.0,-1.0,614.6428833007812,68.1875
602.2142944335938,72.3125,613.2619018554688,84.6875,606.3571166992188,86.0625,-1.0,-1.0,-1.0,-1.0,620.1666870117188,83.3125,610.5,106.6875,593.9285888671875,98.4375,603.59521484375,141.0625,593.9285888671875,169.9375,602.2142944335938,205.6875,614.6428833007812,142.4375,613.2619018554688,174.0625,613.2619018554688,208.4375,602.2142944335938,68.1875,604.9761962890625,68.1875,-1.0,-1.0,614.6428833007812,68.1875
602.2142944335938,72.3125,613.2619018554688,84.6875,607.7380981445312,86.0625,604.9761962890625,105.3125,-1.0,-1.0,620.1666870117188,83.3125,610.5,106.6875,593.9285888671875,99.8125,603.59521484375,141.0625,593.9285888671875,169.9375,602.2142944335938,205.6875,614.6428833007812,142.4375,613.2619018554688,174.0625,613.2619018554688,208.4375,602.2142944335938,68.1875,604.9761962890625,68.1875,-1.0,-1.0,614.6428833007812,68.1875
602.2142944335938,72.3125,613.2619018554688,84.6875,607.7380981445312,86.0625,607.7380981445312,109.4375,-1.0,-1.0,620.1666870117188,83.3125,610.5,106.6875,593.9285888671875,99.8125,604.9761962890625,141.0625,593.9285888671875,169.9375,602.2142944335938,205.6875,614.6428833007812,142.4375,613.2619018554688,174.0625,613.2619018554688,208.4375,602.2142944335938,68.1875,604.9761962890625,68.1875,-1.0,-1.0,614.6428833007812,69.5625
602.2142944335938,72.3125,613.2619018554688,84.6875,607.7380981445312,86.0625,607.7380981445312,108.0625,-1.0,-1.0,620.1666870117188,83.3125,610.5,106.6875,593.9285888671875,99.8125,604.9761962890625,141.0625,593.9285888671875,169.9375,602.2142944335938,205.6875,614.6428833007812,142.4375,613.2619018554688,174.0625,613.2619018554688,208.4375,602.2142944335938,68.1875,604.9761962890625,68.1875,-1.0,-1.0,614.6428833007812,69.5625
603.59521484375,72.3125,613.2619018554688,84.6875,606.3571166992188,87.4375,609.1190185546875,109.4375,-1.0,-1.0,620.1666870117188,84.6875,610.5,106.6875,593.9285888671875,99.8125,604.9761962890625,141.0625,593.9285888671875,169.9375,602.2142944335938,205.6875,614.6428833007812,142.4375,613.2619018554688,174.0625,613.2619018554688,208.4375,602.2142944335938,68.1875,604.9761962890625,68.1875,-1.0,-1.0,614.6428833007812,69.5625
603.59521484375,72.3125,613.2619018554688,84.6875,607.7380981445312,86.0625,607.7380981445312,109.4375,-1.0,-1.0,620.1666870117188,84.6875,610.5,106.6875,593.9285888671875,99.8125,604.9761962890625,141.0625,593.9285888671875,169.9375,602.2142944335938,205.6875,614.6428833007812,142.4375,613.2619018554688,174.0625,613.2619018554688,208.4375,602.2142944335938,68.1875,604.9761962890625,68.1875,-1.0,-1.0,614.6428833007812,69.5625
602.2142944335938,72.3125,613.2619018554688,84.6875,607.7380981445312,86.0625,607.7380981445312,108.0625,-1.0,-1.0,620.1666870117188,83.3125,610.5,106.6875,592.547607421875,99.8125,604.9761962890625,141.0625,593.9285888671875,169.9375,602.2142944335938,205.6875,614.6428833007812,142.4375,613.2619018554688,174.0625,613.2619018554688,208.4375,602.2142944335938,68.1875,604.9761962890625,68.1875,-1.0,-1.0,614.6428833007812,69.5625
602.2142944335938,72.3125,613.2619018554688,84.6875,607.7380981445312,86.0625,607.7380981445312,108.0625,-1.0,-1.0,620.1666870117188,83.3125,610.5,106.6875,593.9285888671875,99.8125,604.9761962890625,141.0625,593.9285888671875,169.9375,602.2142944335938,205.6875,614.6428833007812,142.4375,613.2619018554688,174.0625,613.2619018554688,208.4375,602.2142944335938,68.1875,604.9761962890625,68.1875,-1.0,-1.0,614.6428833007812,69.5625
602.2142944335938,72.3125,613.2619018554688,84.6875,607.7380981445312,86.0625,607.7380981445312,108.0625,-1.0,-1.0,620.1666870117188,83.3125,610.5,106.6875,593.9285888671875,99.8125,-1.0,-1.0,-1.0,-1.0,-1.0,-1.0,614.6428833007812,143.8125,613.2619018554688,174.0625,613.2619018554688,208.4375,602.2142944335938,68.1875,604.9761962890625,68.1875,-1.0,-1.0,614.6428833007812,69.5625
602.2142944335938,72.3125,613.2619018554688,84.6875,607.7380981445312,86.0625,607.7380981445312,108.0625,-1.0,-1.0,620.1666870117188,83.3125,610.5,106.6875,593.9285888671875,99.8125,604.9761962890625,141.0625,593.9285888671875,169.9375,602.2142944335938,205.6875,614.6428833007812,142.4375,613.2619018554688,174.0625,613.2619018554688,208.4375,602.2142944335938,68.1875,604.9761962890625,68.1875,-1.0,-1.0,614.6428833007812,69.5625
602.2142944335938,72.3125,613.2619018554688,84.6875,607.7380981445312,86.0625,607.7380981445312,108.0625,-1.0,-1.0,620.1666870117188,83.3125,610.5,106.6875,593.9285888671875,99.8125,604.9761962890625,141.0625,593.9285888671875,169.9375,602.2142944335938,205.6875,614.6428833007812,142.4375,613.2619018554688,174.0625,613.2619018554688,208.4375,602.2142944335938,68.1875,604.9761962890625,68.1875,-1.0,-1.0,614.6428833007812,69.5625
602.2142944335938,70.9375,613.2619018554688,84.6875,607.7380981445312,86.0625,606.3571166992188,105.3125,593.9285888671875,99.8125,620.1666870117188,83.3125,610.5,106.6875,593.9285888671875,99.8125,604.9761962890625,141.0625,593.9285888671875,169.9375,602.2142944335938,205.6875,614.6428833007812,142.4375,613.2619018554688,174.0625,613.2619018554688,208.4375,602.2142944335938,68.1875,604.9761962890625,68.1875,-1.0,-1.0,614.6428833007812,69.5625
602.2142944335938,70.9375,613.2619018554688,84.6875,607.7380981445312,86.0625,606.3571166992188,105.3125,593.9285888671875,106.6875,620.1666870117188,83.3125,610.5,106.6875,593.9285888671875,99.8125,604.9761962890625,141.0625,593.9285888671875,169.9375,600.8333129882812,207.0625,614.6428833007812,142.4375,613.2619018554688,174.0625,613.2619018554688,208.4375,602.2142944335938,66.8125,604.9761962890625,68.1875,-1.0,-1.0,614.6428833007812,69.5625
602.2142944335938,70.9375,613.2619018554688,84.6875,607.7380981445312,86.0625,606.3571166992188,105.3125,-1.0,-1.0,620.1666870117188,83.3125,610.5,106.6875,593.9285888671875,98.4375,603.59521484375,142.4375,593.9285888671875,169.9375,600.8333129882812,207.0625,613.2619018554688,143.8125,613.2619018554688,174.0625,613.2619018554688,208.4375,602.2142944335938,66.8125,604.9761962890625,68.1875,-1.0,-1.0,614.6428833007812,69.5625
602.2142944335938,70.9375,613.2619018554688,84.6875,607.7380981445312,86.0625,606.3571166992188,106.6875,-1.0,-1.0,620.1666870117188,83.3125,610.5,106.6875,593.9285888671875,98.4375,-1.0,-1.0,-1.0,-1.0,-1.0,-1.0,613.2619018554688,145.1875,613.2619018554688,175.4375,613.2619018554688,208.4375,602.2142944335938,66.8125,604.9761962890625,68.1875,-1.0,-1.0,614.6428833007812,69.5625
603.59521484375,70.9375,613.2619018554688,84.6875,607.7380981445312,86.0625,607.7380981445312,108.0625,-1.0,-1.0,620.1666870117188,83.3125,610.5,106.6875,593.9285888671875,98.4375,-1.0,-1.0,-1.0,-1.0,-1.0,-1.0,613.2619018554688,145.1875,613.2619018554688,175.4375,613.2619018554688,208.4375,602.2142944335938,66.8125,604.9761962890625,68.1875,-1.0,-1.0,614.6428833007812,69.5625
603.59521484375,70.9375,613.2619018554688,84.6875,607.7380981445312,86.0625,606.3571166992188,105.3125,-1.0,-1.0,620.1666870117188,83.3125,610.5,106.6875,593.9285888671875,98.4375,-1.0,-1.0,-1.0,-1.0,-1.0,-1.0,613.2619018554688,145.1875,613.2619018554688,175.4375,613.2619018554688,208.4375,602.2142944335938,66.8125,604.9761962890625,68.1875,-1.0,-1.0,614.6428833007812,68.1875
603.59521484375,70.9375,613.2619018554688,84.6875,607.7380981445312,86.0625,606.3571166992188,105.3125,-1.0,-1.0,620.1666870117188,83.3125,610.5,106.6875,593.9285888671875,98.4375,603.59521484375,142.4375,593.9285888671875,169.9375,602.2142944335938,207.0625,613.2619018554688,145.1875,613.2619018554688,175.4375,613.2619018554688,208.4375,602.2142944335938,66.8125,604.9761962890625,68.1875,-1.0,-1.0,614.6428833007812,68.1875
603.59521484375,70.9375,613.2619018554688,84.6875,607.7380981445312,86.0625,606.3571166992188,105.3125,-1.0,-1.0,620.1666870117188,83.3125,610.5,106.6875,592.547607421875,98.4375,-1.0,-1.0,-1.0,-1.0,-1.0,-1.0,613.2619018554688,145.1875,613.2619018554688,175.4375,613.2619018554688,208.4375,602.2142944335938,66.8125,604.9761962890625,68.1875,-1.0,-1.0,614.6428833007812,68.1875
603.59521484375,70.9375,613.2619018554688,84.6875,606.3571166992188,86.0625,604.9761962890625,103.9375,593.9285888671875,98.4375,620.1666870117188,83.3125,609.1190185546875,106.6875,592.547607421875,98.4375,-1.0,-1.0,-1.0,-1.0,-1.0,-1.0,613.2619018554688,145.1875,613.2619018554688,175.4375,614.6428833007812,208.4375,602.2142944335938,66.8125,604.9761962890625,68.1875,-1.0,-1.0,614.6428833007812,68.1875
603.59521484375,70.9375,613.2619018554688,84.6875,607.7380981445312,86.0625,604.9761962890625,105.3125,-1.0,-1.0,620.1666870117188,83.3125,610.5,136.9375,599.452392578125,141.0625,-1.0,-1.0,-1.0,-1.0,-1.0,-1.0,-1.0,-1.0,-1.0,-1.0,-1.0,-1.0,602.2142944335938,66.8125,604.9761962890625,68.1875,-1.0,-1.0,614.6428833007812,68.1875
603.59521484375,70.9375,613.2619018554688,84.6875,607.7380981445312,86.0625,607.7380981445312,112.1875,-1.0,-1.0,620.1666870117188,83.3125,609.1190185546875,106.6875,593.9285888671875,98.4375,-1.0,-1.0,-1.0,-1.0,-1.0,-1.0,-1.0,-1.0,-1.0,-1.0,-1.0,-1.0,602.2142944335938,66.8125,604.9761962890625,68.1875,-1.0,-1.0,614.6428833007812,68.1875
603.59521484375,70.9375,613.2619018554688,84.6875,607.7380981445312,86.0625,-1.0,-1.0,-1.0,-1.0,620.1666870117188,83.3125,609.1190185546875,106.6875,593.9285888671875,98.4375,-1.0,-1.0,-1.0,-1.0,-1.0,-1.0,-1.0,-1.0,-1.0,-1.0,-1.0,-1.0,603.59521484375,68.1875,604.9761962890625,68.1875,-1.0,-1.0,614.6428833007812,68.1875
603.59521484375,70.9375,613.2619018554688,84.6875,607.7380981445312,86.0625,-1.0,-1.0,-1.0,-1.0,620.1666870117188,84.6875,609.1190185546875,106.6875,593.9285888671875,98.4375,-1.0,-1.0,-1.0,-1.0,-1.0,-1.0,-1.0,-1.0,-1.0,-1.0,-1.0,-1.0,603.59521484375,68.1875,604.9761962890625,68.1875,-1.0,-1.0,614.6428833007812,68.1875
603.59521484375,70.9375,613.2619018554688,84.6875,607.7380981445312,86.0625,-1.0,-1.0,-1.0,-1.0,618.7857055664062,84.6875,609.1190185546875,106.6875,593.9285888671875,98.4375,-1.0,-1.0,-1.0,-1.0,-1.0,-1.0,-1.0,-1.0,-1.0,-1.0,-1.0,-1.0,603.59521484375,68.1875,604.9761962890625,68.1875,-1.0,-1.0,614.6428833007812,68.1875
603.59521484375,70.9375,613.2619018554688,84.6875,609.1190185546875,86.0625,-1.0,-1.0,-1.0,-1.0,618.7857055664062,84.6875,609.1190185546875,105.3125,593.9285888671875,98.4375,-1.0,-1.0,-1.0,-1.0,-1.0,-1.0,-1.0,-1.0,-1.0,-1.0,-1.0,-1.0,603.59521484375,66.8125,604.9761962890625,68.1875,-1.0,-1.0,614.6428833007812,68.1875
603.59521484375,70.9375,613.2619018554688,84.6875,609.1190185546875,86.0625,-1.0,-1.0,-1.0,-1.0,618.7857055664062,84.6875,609.1190185546875,105.3125,593.9285888671875,98.4375,-1.0,-1.0,-1.0,-1.0,-1.0,-1.0,-1.0,-1.0,-1.0,-1.0,-1.0,-1.0,603.59521484375,66.8125,604.9761962890625,68.1875,-1.0,-1.0,614.6428833007812,68.1875
603.59521484375,70.9375,613.2619018554688,84.6875,610.5,84.6875,-1.0,-1.0,-1.0,-1.0,618.7857055664062,84.6875,609.1190185546875,106.6875,595.3095092773438,98.4375,-1.0,-1.0,-1.0,-1.0,-1.0,-1.0,-1.0,-1.0,-1.0,-1.0,-1.0,-1.0,603.59521484375,66.8125,604.9761962890625,68.1875,-1.0,-1.0,614.6428833007812,68.1875
603.59521484375,70.9375,614.6428833007812,84.6875,610.5,86.0625,-1.0,-1.0,-1.0,-1.0,618.7857055664062,84.6875,609.1190185546875,105.3125,595.3095092773438,98.4375,-1.0,-1.0,-1.0,-1.0,-1.0,-1.0,-1.0,-1.0,-1.0,-1.0,-1.0,-1.0,603.59521484375,68.1875,606.3571166992188,68.1875,-1.0,-1.0,614.6428833007812,68.1875
603.59521484375,70.9375,614.6428833007812,84.6875,610.5,84.6875,-1.0,-1.0,-1.0,-1.0,618.7857055664062,84.6875,609.1190185546875,105.3125,595.3095092773438,98.4375,-1.0,-1.0,-1.0,-1.0,-1.0,-1.0,-1.0,-1.0,-1.0,-1.0,-1.0,-1.0,603.59521484375,68.1875,606.3571166992188,68.1875,-1.0,-1.0,614.6428833007812,68.1875
603.59521484375,70.9375,614.6428833007812,84.6875,610.5,84.6875,-1.0,-1.0,-1.0,-1.0,618.7857055664062,84.6875,609.1190185546875,105.3125,595.3095092773438,98.4375,-1.0,-1.0,-1.0,-1.0,-1.0,-1.0,-1.0,-1.0,-1.0,-1.0,-1.0,-1.0,603.59521484375,68.1875,604.9761962890625,68.1875,-1.0,-1.0,614.6428833007812,68.1875
603.59521484375,70.9375,614.6428833007812,84.6875,610.5,84.6875,-1.0,-1.0,-1.0,-1.0,620.1666870117188,83.3125,609.1190185546875,106.6875,593.9285888671875,98.4375,-1.0,-1.0,-1.0,-1.0,-1.0,-1.0,-1.0,-1.0,-1.0,-1.0,-1.0,-1.0,603.59521484375,68.1875,604.9761962890625,68.1875,-1.0,-1.0,614.6428833007812,68.1875
603.59521484375,70.9375,614.6428833007812,84.6875,611.8809814453125,84.6875,609.1190185546875,112.1875,-1.0,-1.0,620.1666870117188,83.3125,609.1190185546875,106.6875,593.9285888671875,98.4375,-1.0,-1.0,-1.0,-1.0,-1.0,-1.0,-1.0,-1.0,-1.0,-1.0,-1.0,-1.0,603.59521484375,68.1875,604.9761962890625,68.1875,-1.0,-1.0,614.6428833007812,68.1875
603.59521484375,70.9375,614.6428833007812,84.6875,611.8809814453125,84.6875,609.1190185546875,110.8125,-1.0,-1.0,620.1666870117188,83.3125,609.1190185546875,106.6875,593.9285888671875,98.4375,-1.0,-1.0,-1.0,-1.0,-1.0,-1.0,-1.0,-1.0,-1.0,-1.0,-1.0,-1.0,603.59521484375,68.1875,604.9761962890625,68.1875,-1.0,-1.0,614.6428833007812,68.1875
603.59521484375,70.9375,614.6428833007812,84.6875,611.8809814453125,84.6875,609.1190185546875,110.8125,-1.0,-1.0,620.1666870117188,83.3125,609.1190185546875,105.3125,593.9285888671875,98.4375,-1.0,-1.0,-1.0,-1.0,-1.0,-1.0,-1.0,-1.0,-1.0,-1.0,-1.0,-1.0,603.59521484375,68.1875,604.9761962890625,68.1875,-1.0,-1.0,614.6428833007812,68.1875
603.59521484375,72.3125,614.6428833007812,84.6875,611.8809814453125,84.6875,607.7380981445312,110.8125,-1.0,-1.0,618.7857055664062,83.3125,609.1190185546875,105.3125,593.9285888671875,98.4375,-1.0,-1.0,-1.0,-1.0,-1.0,-1.0,-1.0,-1.0,-1.0,-1.0,-1.0,-1.0,603.59521484375,66.8125,604.9761962890625,68.1875,-1.0,-1.0,614.6428833007812,68.1875
603.59521484375,72.3125,614.6428833007812,84.6875,611.8809814453125,84.6875,607.7380981445312,110.8125,-1.0,-1.0,620.1666870117188,83.3125,609.1190185546875,105.3125,593.9285888671875,98.4375,-1.0,-1.0,-1.0,-1.0,-1.0,-1.0,-1.0,-1.0,-1.0,-1.0,-1.0,-1.0,603.59521484375,66.8125,604.9761962890625,68.1875,-1.0,-1.0,614.6428833007812,68.1875
603.59521484375,72.3125,614.6428833007812,84.6875,611.8809814453125,84.6875,609.1190185546875,110.8125,-1.0,-1.0,620.1666870117188,83.3125,609.1190185546875,105.3125,593.9285888671875,98.4375,-1.0,-1.0,-1.0,-1.0,-1.0,-1.0,-1.0,-1.0,-1.0,-1.0,-1.0,-1.0,603.59521484375,68.1875,604.9761962890625,68.1875,-1.0,-1.0,614.6428833007812,68.1875
603.59521484375,72.3125,614.6428833007812,84.6875,611.8809814453125,84.6875,609.1190185546875,109.4375,-1.0,-1.0,620.1666870117188,83.3125,609.1190185546875,106.6875,595.3095092773438,98.4375,-1.0,-1.0,-1.0,-1.0,-1.0,-1.0,-1.0,-1.0,-1.0,-1.0,-1.0,-1.0,603.59521484375,68.1875,604.9761962890625,68.1875,-1.0,-1.0,614.6428833007812,68.1875
603.59521484375,72.3125,614.6428833007812,84.6875,611.8809814453125,84.6875,609.1190185546875,109.4375,-1.0,-1.0,620.1666870117188,83.3125,610.5,105.3125,595.3095092773438,99.8125,603.59521484375,142.4375,592.547607421875,169.9375,600.8333129882812,207.0625,614.6428833007812,143.8125,613.2619018554688,176.8125,613.2619018554688,208.4375,603.59521484375,68.1875,604.9761962890625,68.1875,-1.0,-1.0,614.6428833007812,68.1875
603.59521484375,72.3125,614.6428833007812,84.6875,610.5,86.0625,609.1190185546875,109.4375,593.9285888671875,99.8125,620.1666870117188,83.3125,610.5,105.3125,595.3095092773438,99.8125,603.59521484375,142.4375,592.547607421875,169.9375,600.8333129882812,207.0625,614.6428833007812,143.8125,613.2619018554688,176.8125,613.2619018554688,208.4375,603.59521484375,68.1875,604.9761962890625,68.1875,-1.0,-1.0,614.6428833007812,68.1875
603.59521484375,72.3125,613.2619018554688,84.6875,610.5,84.6875,607.7380981445312,108.0625,593.9285888671875,99.8125,620.1666870117188,83.3125,610.5,106.6875,593.9285888671875,99.8125,603.59521484375,142.4375,592.547607421875,169.9375,600.8333129882812,207.0625,614.6428833007812,143.8125,613.2619018554688,176.8125,613.2619018554688,208.4375,602.2142944335938,68.1875,604.9761962890625,68.1875,-1.0,-1.0,614.6428833007812,69.5625
603.59521484375,72.3125,613.2619018554688,84.6875,610.5,84.6875,607.7380981445312,108.0625,593.9285888671875,101.1875,620.1666870117188,83.3125,610.5,105.3125,593.9285888671875,99.8125,603.59521484375,142.4375,592.547607421875,169.9375,600.8333129882812,207.0625,614.6428833007812,143.8125,613.2619018554688,176.8125,614.6428833007812,208.4375,602.2142944335938,68.1875,604.9761962890625,68.1875,-1.0,-1.0,614.6428833007812,69.5625
603.59521484375,72.3125,613.2619018554688,84.6875,610.5,84.6875,607.7380981445312,106.6875,593.9285888671875,101.1875,620.1666870117188,83.3125,610.5,106.6875,595.3095092773438,98.4375,603.59521484375,142.4375,592.547607421875,168.5625,600.8333129882812,207.0625,614.6428833007812,142.4375,613.2619018554688,175.4375,613.2619018554688,208.4375,602.2142944335938,68.1875,604.9761962890625,68.1875,-1.0,-1.0,614.6428833007812,69.5625
603.59521484375,72.3125,613.2619018554688,84.6875,610.5,84.6875,607.7380981445312,106.6875,593.9285888671875,101.1875,620.1666870117188,83.3125,610.5,106.6875,595.3095092773438,98.4375,603.59521484375,141.0625,592.547607421875,168.5625,600.8333129882812,207.0625,614.6428833007812,142.4375,613.2619018554688,175.4375,614.6428833007812,208.4375,602.2142944335938,68.1875,604.9761962890625,68.1875,-1.0,-1.0,614.6428833007812,69.5625
603.59521484375,70.9375,613.2619018554688,84.6875,610.5,84.6875,606.3571166992188,105.3125,593.9285888671875,101.1875,620.1666870117188,83.3125,610.5,106.6875,593.9285888671875,98.4375,603.59521484375,141.0625,592.547607421875,168.5625,600.8333129882812,207.0625,616.0238037109375,141.0625,613.2619018554688,175.4375,614.6428833007812,208.4375,602.2142944335938,68.1875,604.9761962890625,68.1875,-1.0,-1.0,614.6428833007812,69.5625
603.59521484375,72.3125,613.2619018554688,84.6875,610.5,84.6875,606.3571166992188,105.3125,593.9285888671875,101.1875,620.1666870117188,83.3125,610.5,106.6875,593.9285888671875,98.4375,603.59521484375,141.0625,592.547607421875,168.5625,600.8333129882812,207.0625,616.0238037109375,141.0625,613.2619018554688,175.4375,614.6428833007812,208.4375,602.2142944335938,68.1875,604.9761962890625,68.1875,-1.0,-1.0,614.6428833007812,69.5625
603.59521484375,70.9375,613.2619018554688,84.6875,610.5,84.6875,606.3571166992188,105.3125,593.9285888671875,101.1875,620.1666870117188,83.3125,610.5,106.6875,593.9285888671875,98.4375,603.59521484375,141.0625,592.547607421875,168.5625,600.8333129882812,207.0625,614.6428833007812,141.0625,613.2619018554688,175.4375,614.6428833007812,208.4375,602.2142944335938,68.1875,604.9761962890625,68.1875,-1.0,-1.0,614.6428833007812,69.5625
603.59521484375,72.3125,613.2619018554688,84.6875,610.5,84.6875,606.3571166992188,105.3125,593.9285888671875,101.1875,620.1666870117188,83.3125,610.5,106.6875,593.9285888671875,98.4375,603.59521484375,141.0625,593.9285888671875,169.9375,600.8333129882812,207.0625,614.6428833007812,142.4375,613.2619018554688,175.4375,614.6428833007812,208.4375,602.2142944335938,68.1875,604.9761962890625,68.1875,-1.0,-1.0,614.6428833007812,69.5625
602.2142944335938,72.3125,613.2619018554688,84.6875,610.5,84.6875,607.7380981445312,105.3125,592.547607421875,101.1875,618.7857055664062,83.3125,610.5,106.6875,592.547607421875,98.4375,603.59521484375,141.0625,593.9285888671875,169.9375,600.8333129882812,207.0625,614.6428833007812,142.4375,613.2619018554688,175.4375,614.6428833007812,208.4375,602.2142944335938,68.1875,604.9761962890625,68.1875,-1.0,-1.0,613.2619018554688,69.5625
602.2142944335938,72.3125,614.6428833007812,84.6875,610.5,84.6875,606.3571166992188,106.6875,593.9285888671875,102.5625,618.7857055664062,83.3125,610.5,106.6875,593.9285888671875,99.8125,604.9761962890625,141.0625,593.9285888671875,169.9375,600.8333129882812,207.0625,614.6428833007812,142.4375,613.2619018554688,175.4375,614.6428833007812,208.4375,600.8333129882812,68.1875,604.9761962890625,68.1875,-1.0,-1.0,613.2619018554688,68.1875
602.2142944335938,70.9375,614.6428833007812,84.6875,611.8809814453125,84.6875,606.3571166992188,105.3125,593.9285888671875,102.5625,618.7857055664062,83.3125,609.1190185546875,106.6875,593.9285888671875,99.8125,604.9761962890625,141.0625,593.9285888671875,169.9375,600.8333129882812,207.0625,614.6428833007812,142.4375,613.2619018554688,176.8125,614.6428833007812,208.4375,599.452392578125,68.1875,604.9761962890625,66.8125,-1.0,-1.0,613.2619018554688,68.1875
600.8333129882812,70.9375,614.6428833007812,84.6875,610.5,84.6875,606.3571166992188,106.6875,593.9285888671875,102.5625,618.7857055664062,83.3125,609.1190185546875,106.6875,593.9285888671875,101.1875,603.59521484375,142.4375,593.9285888671875,169.9375,600.8333129882812,205.6875,616.0238037109375,143.8125,613.2619018554688,175.4375,613.2619018554688,208.4375,599.452392578125,68.1875,603.59521484375,68.1875,-1.0,-1.0,613.2619018554688,68.1875
600.8333129882812,70.9375,614.6428833007812,84.6875,610.5,84.6875,607.7380981445312,108.0625,593.9285888671875,102.5625,618.7857055664062,83.3125,610.5,106.6875,592.547607421875,101.1875,603.59521484375,142.4375,593.9285888671875,169.9375,600.8333129882812,207.0625,616.0238037109375,143.8125,614.6428833007812,176.8125,613.2619018554688,208.4375,599.452392578125,68.1875,603.59521484375,68.1875,-1.0,-1.0,613.2619018554688,68.1875
600.8333129882812,72.3125,613.2619018554688,83.3125,609.1190185546875,84.6875,606.3571166992188,106.6875,585.6428833007812,98.4375,618.7857055664062,83.3125,609.1190185546875,108.0625,588.40478515625,99.8125,603.59521484375,141.0625,593.9285888671875,169.9375,602.2142944335938,205.6875,616.0238037109375,142.4375,614.6428833007812,175.4375,613.2619018554688,208.4375,599.452392578125,69.5625,602.2142944335938,68.1875,-1.0,-1.0,611.8809814453125,68.1875
599.452392578125,70.9375,613.2619018554688,83.3125,610.5,84.6875,606.3571166992188,106.6875,585.6428833007812,98.4375,618.7857055664062,83.3125,609.1190185546875,108.0625,589.7857055664062,101.1875,603.59521484375,139.6875,593.9285888671875,169.9375,602.2142944335938,205.6875,616.0238037109375,141.0625,614.6428833007812,175.4375,613.2619018554688,208.4375,598.0714111328125,68.1875,602.2142944335938,68.1875,-1.0,-1.0,611.8809814453125,68.1875
598.0714111328125,72.3125,613.2619018554688,84.6875,607.7380981445312,86.0625,607.7380981445312,108.0625,591.1666870117188,102.5625,617.40478515625,86.0625,609.1190185546875,109.4375,591.1666870117188,102.5625,604.9761962890625,142.4375,595.3095092773438,168.5625,602.2142944335938,205.6875,617.40478515625,142.4375,614.6428833007812,174.0625,613.2619018554688,207.0625,596.6904907226562,68.1875,599.452392578125,68.1875,-1.0,-1.0,610.5,68.1875
596.6904907226562,72.3125,610.5,84.6875,603.59521484375,86.0625,607.7380981445312,109.4375,593.9285888671875,105.3125,617.40478515625,87.4375,609.1190185546875,109.4375,591.1666870117188,103.9375,604.9761962890625,142.4375,596.6904907226562,168.5625,600.8333129882812,205.6875,617.40478515625,142.4375,614.6428833007812,174.0625,613.2619018554688,207.0625,593.9285888671875,69.5625,599.452392578125,68.1875,-1.0,-1.0,609.1190185546875,70.9375
593.9285888671875,72.3125,611.8809814453125,86.0625,604.9761962890625,86.0625,-1.0,-1.0,-1.0,-1.0,617.40478515625,87.4375,610.5,109.4375,591.1666870117188,103.9375,606.3571166992188,143.8125,596.6904907226562,168.5625,600.8333129882812,205.6875,618.7857055664062,142.4375,616.0238037109375,174.0625,614.6428833007812,207.0625,593.9285888671875,69.5625,598.0714111328125,69.5625,-1.0,-1.0,609.1190185546875,70.9375
593.9285888671875,75.0625,611.8809814453125,84.6875,606.3571166992188,84.6875,604.9761962890625,103.9375,-1.0,-1.0,614.6428833007812,84.6875,610.5,109.4375,592.547607421875,105.3125,607.7380981445312,142.4375,596.6904907226562,168.5625,602.2142944335938,205.6875,618.7857055664062,141.0625,616.0238037109375,175.4375,614.6428833007812,207.0625,592.547607421875,70.9375,596.6904907226562,70.9375,-1.0,-1.0,604.9761962890625,69.5625
593.9285888671875,75.0625,610.5,84.6875,606.3571166992188,86.0625,606.3571166992188,110.8125,-1.0,-1.0,614.6428833007812,84.6875,610.5,109.4375,592.547607421875,105.3125,606.3571166992188,141.0625,598.0714111328125,168.5625,602.2142944335938,205.6875,618.7857055664062,139.6875,616.0238037109375,175.4375,614.6428833007812,207.0625,592.547607421875,72.3125,595.3095092773438,72.3125,-1.0,-1.0,603.59521484375,70.9375
592.547607421875,76.4375,610.5,86.0625,606.3571166992188,86.0625,604.9761962890625,105.3125,591.1666870117188,102.5625,614.6428833007812,86.0625,610.5,110.8125,593.9285888671875,108.0625,607.7380981445312,139.6875,598.0714111328125,168.5625,602.2142944335938,205.6875,620.1666870117188,139.6875,617.40478515625,174.0625,614.6428833007812,207.0625,592.547607421875,72.3125,595.3095092773438,72.3125,-1.0,-1.0,603.59521484375,72.3125
592.547607421875,76.4375,609.1190185546875,86.0625,603.59521484375,87.4375,-1.0,-1.0,-1.0,-1.0,613.2619018554688,86.0625,610.5,110.8125,589.7857055664062,109.4375,607.7380981445312,135.5625,599.452392578125,168.5625,603.59521484375,205.6875,620.1666870117188,138.3125,618.7857055664062,174.0625,614.6428833007812,207.0625,591.1666870117188,73.6875,593.9285888671875,73.6875,-1.0,-1.0,603.59521484375,72.3125
591.1666870117188,79.1875,606.3571166992188,86.0625,602.2142944335938,87.4375,602.2142944335938,105.3125,-1.0,-1.0,610.5,86.0625,609.1190185546875,110.8125,588.40478515625,109.4375,607.7380981445312,136.9375,599.452392578125,168.5625,603.59521484375,205.6875,618.7857055664062,136.9375,618.7857055664062,175.4375,617.40478515625,208.4375,588.40478515625,76.4375,592.547607421875,75.0625,-1.0,-1.0,600.8333129882812,72.3125
589.7857055664062,77.8125,606.3571166992188,86.0625,600.8333129882812,87.4375,602.2142944335938,105.3125,-1.0,-1.0,610.5,86.0625,610.5,110.8125,591.1666870117188,109.4375,606.3571166992188,127.3125,599.452392578125,168.5625,603.59521484375,205.6875,618.7857055664062,135.5625,618.7857055664062,175.4375,616.0238037109375,208.4375,588.40478515625,75.0625,592.547607421875,73.6875,-1.0,-1.0,600.8333129882812,73.6875
589.7857055664062,79.1875,606.3571166992188,87.4375,600.8333129882812,88.8125,-1.0,-1.0,-1.0,-1.0,609.1190185546875,86.0625,611.8809814453125,110.8125,592.547607421875,110.8125,607.7380981445312,134.1875,599.452392578125,169.9375,603.59521484375,205.6875,618.7857055664062,136.9375,618.7857055664062,175.4375,616.0238037109375,208.4375,588.40478515625,76.4375,592.547607421875,75.0625,-1.0,-1.0,600.8333129882812,73.6875
588.40478515625,79.1875,606.3571166992188,87.4375,602.2142944335938,88.8125,-1.0,-1.0,-1.0,-1.0,609.1190185546875,87.4375,611.8809814453125,110.8125,593.9285888671875,109.4375,606.3571166992188,132.8125,600.8333129882812,171.3125,603.59521484375,205.6875,618.7857055664062,136.9375,618.7857055664062,174.0625,616.0238037109375,207.0625,587.0238037109375,75.0625,591.1666870117188,75.0625,-1.0,-1.0,599.452392578125,73.6875
588.40478515625,79.1875,604.9761962890625,87.4375,599.452392578125,90.1875,-1.0,-1.0,-1.0,-1.0,609.1190185546875,87.4375,611.8809814453125,112.1875,593.9285888671875,110.8125,606.3571166992188,138.3125,600.8333129882812,171.3125,603.59521484375,205.6875,620.1666870117188,138.3125,618.7857055664062,175.4375,616.0238037109375,207.0625,587.0238037109375,76.4375,591.1666870117188,75.0625,-1.0,-1.0,599.452392578125,75.0625
587.0238037109375,79.1875,602.2142944335938,88.8125,596.6904907226562,90.1875,-1.0,-1.0,-1.0,-1.0,609.1190185546875,87.4375,613.2619018554688,112.1875,593.9285888671875,109.4375,606.3571166992188,131.4375,-1.0,-1.0,-1.0,-1.0,620.1666870117188,136.9375,620.1666870117188,175.4375,616.0238037109375,207.0625,585.6428833007812,76.4375,589.7857055664062,75.0625,-1.0,-1.0,599.452392578125,75.0625
588.40478515625,79.1875,593.9285888671875,91.5625,580.1190185546875,91.5625,-1.0,-1.0,-1.0,-1.0,607.7380981445312,90.1875,610.5,112.1875,595.3095092773438,110.8125,-1.0,-1.0,-1.0,-1.0,-1.0,-1.0,-1.0,-1.0,-1.0,-1.0,-1.0,-1.0,587.0238037109375,75.0625,591.1666870117188,75.0625,-1.0,-1.0,598.0714111328125,76.4375
587.0238037109375,79.1875,592.547607421875,91.5625,580.1190185546875,91.5625,-1.0,-1.0,-1.0,-1.0,604.9761962890625,91.5625,609.1190185546875,112.1875,593.9285888671875,110.8125,-1.0,-1.0,-1.0,-1.0,-1.0,-1.0,-1.0,-1.0,-1.0,-1.0,-1.0,-1.0,587.0238037109375,76.4375,591.1666870117188,76.4375,-1.0,-1.0,598.0714111328125,76.4375
587.0238037109375,79.1875,592.547607421875,91.5625,580.1190185546875,91.5625,-1.0,-1.0,-1.0,-1.0,606.3571166992188,90.1875,607.7380981445312,113.5625,593.9285888671875,110.8125,-1.0,-1.0,-1.0,-1.0,-1.0,-1.0,-1.0,-1.0,-1.0,-1.0,-1.0,-1.0,585.6428833007812,76.4375,589.7857055664062,76.4375,-1.0,-1.0,596.6904907226562,77.8125
587.0238037109375,80.5625,592.547607421875,91.5625,578.7380981445312,91.5625,571.8333129882812,106.6875,-1.0,-1.0,606.3571166992188,90.1875,609.1190185546875,112.1875,593.9285888671875,110.8125,581.5,127.3125,-1.0,-1.0,-1.0,-1.0,600.8333129882812,128.6875,-1.0,-1.0,-1.0,-1.0,585.6428833007812,76.4375,589.7857055664062,76.4375,-1.0,-1.0,598.0714111328125,76.4375
587.0238037109375,79.1875,591.1666870117188,91.5625,578.7380981445312,90.1875,571.8333129882812,105.3125,-1.0,-1.0,606.3571166992188,90.1875,609.1190185546875,112.1875,593.9285888671875,110.8125,581.5,127.3125,-1.0,-1.0,-1.0,-1.0,600.8333129882812,128.6875,-1.0,-1.0,-1.0,-1.0,585.6428833007812,76.4375,589.7857055664062,76.4375,-1.0,-1.0,598.0714111328125,77.8125
587.0238037109375,79.1875,593.9285888671875,90.1875,580.1190185546875,90.1875,574.59521484375,109.4375,-1.0,-1.0,606.3571166992188,88.8125,610.5,110.8125,592.547607421875,110.8125,588.40478515625,128.6875,-1.0,-1.0,-1.0,-1.0,610.5,128.6875,-1.0,-1.0,-1.0,-1.0,585.6428833007812,76.4375,589.7857055664062,76.4375,-1.0,-1.0,596.6904907226562,76.4375
585.6428833007812,80.5625,595.3095092773438,90.1875,582.8809814453125,90.1875,578.7380981445312,112.1875,-1.0,-1.0,606.3571166992188,88.8125,611.8809814453125,110.8125,593.9285888671875,110.8125,603.59521484375,128.6875,599.452392578125,168.5625,604.9761962890625,205.6875,620.1666870117188,134.1875,618.7857055664062,172.6875,617.40478515625,207.0625,585.6428833007812,77.8125,588.40478515625,76.4375,-1.0,-1.0,596.6904907226562,76.4375
585.6428833007812,80.5625,595.3095092773438,90.1875,581.5,90.1875,580.1190185546875,109.4375,-1.0,-1.0,606.3571166992188,88.8125,611.8809814453125,110.8125,592.547607421875,110.8125,603.59521484375,128.6875,599.452392578125,168.5625,604.9761962890625,205.6875,613.2619018554688,128.6875,-1.0,-1.0,-1.0,-1.0,584.2619018554688,77.8125,588.40478515625,76.4375,-1.0,-1.0,596.6904907226562,76.4375
585.6428833007812,80.5625,598.0714111328125,90.1875,584.2619018554688,90.1875,578.7380981445312,112.1875,-1.0,-1.0,606.3571166992188,88.8125,611.8809814453125,110.8125,592.547607421875,110.8125,604.9761962890625,131.4375,599.452392578125,169.9375,604.9761962890625,205.6875,618.7857055664062,135.5625,618.7857055664062,172.6875,617.40478515625,207.0625,584.2619018554688,76.4375,588.40478515625,76.4375,-1.0,-1.0,596.6904907226562,76.4375
585.6428833007812,80.5625,599.452392578125,90.1875,588.40478515625,91.5625,-1.0,-1.0,-1.0,-1.0,606.3571166992188,87.4375,611.8809814453125,110.8125,592.547607421875,110.8125,604.9761962890625,132.8125,599.452392578125,169.9375,604.9761962890625,205.6875,618.7857055664062,135.5625,618.7857055664062,174.0625,617.40478515625,207.0625,584.2619018554688,76.4375,588.40478515625,76.4375,-1.0,-1.0,596.6904907226562,76.4375
585.6428833007812,80.5625,599.452392578125,90.1875,588.40478515625,91.5625,-1.0,-1.0,-1.0,-1.0,606.3571166992188,88.8125,611.8809814453125,112.1875,592.547607421875,110.8125,604.9761962890625,134.1875,599.452392578125,169.9375,604.9761962890625,205.6875,618.7857055664062,136.9375,618.7857055664062,174.0625,616.0238037109375,207.0625,584.2619018554688,76.4375,588.40478515625,76.4375,-1.0,-1.0,596.6904907226562,76.4375
585.6428833007812,80.5625,598.0714111328125,90.1875,584.2619018554688,91.5625,-1.0,-1.0,-1.0,-1.0,606.3571166992188,88.8125,611.8809814453125,112.1875,592.547607421875,110.8125,604.9761962890625,134.1875,599.452392578125,169.9375,604.9761962890625,205.6875,620.1666870117188,136.9375,618.7857055664062,174.0625,617.40478515625,207.0625,584.2619018554688,76.4375,588.40478515625,76.4375,-1.0,-1.0,596.6904907226562,76.4375
585.6428833007812,80.5625,598.0714111328125,90.1875,584.2619018554688,91.5625,-1.0,-1.0,-1.0,-1.0,606.3571166992188,88.8125,610.5,112.1875,592.547607421875,110.8125,603.59521484375,132.8125,599.452392578125,168.5625,604.9761962890625,205.6875,618.7857055664062,135.5625,618.7857055664062,172.6875,616.0238037109375,207.0625,584.2619018554688,76.4375,588.40478515625,76.4375,-1.0,-1.0,596.6904907226562,76.4375
585.6428833007812,80.5625,598.0714111328125,90.1875,582.8809814453125,91.5625,-1.0,-1.0,-1.0,-1.0,607.7380981445312,88.8125,610.5,112.1875,592.547607421875,110.8125,604.9761962890625,132.8125,599.452392578125,168.5625,604.9761962890625,205.6875,620.1666870117188,135.5625,618.7857055664062,172.6875,616.0238037109375,207.0625,584.2619018554688,76.4375,588.40478515625,76.4375,-1.0,-1.0,596.6904907226562,76.4375
585.6428833007812,80.5625,598.0714111328125,90.1875,582.8809814453125,91.5625,-1.0,-1.0,-1.0,-1.0,607.7380981445312,87.4375,610.5,112.1875,592.547607421875,110.8125,604.9761962890625,131.4375,599.452392578125,168.5625,603.59521484375,205.6875,620.1666870117188,135.5625,618.7857055664062,174.0625,616.0238037109375,207.0625,584.2619018554688,76.4375,588.40478515625,76.4375,-1.0,-1.0,596.6904907226562,76.4375
584.2619018554688,80.5625,596.6904907226562,90.1875,584.2619018554688,91.5625,571.8333129882812,103.9375,-1.0,-1.0,606.3571166992188,88.8125,611.8809814453125,113.5625,591.1666870117188,110.8125,603.59521484375,134.1875,599.452392578125,168.5625,602.2142944335938,204.3125,618.7857055664062,134.1875,617.40478515625,172.6875,613.2619018554688,207.0625,582.8809814453125,77.8125,587.0238037109375,76.4375,-1.0,-1.0,595.3095092773438,76.4375
584.2619018554688,80.5625,596.6904907226562,90.1875,582.8809814453125,90.1875,-1.0,-1.0,-1.0,-1.0,606.3571166992188,88.8125,611.8809814453125,113.5625,591.1666870117188,110.8125,603.59521484375,134.1875,599.452392578125,168.5625,602.2142944335938,204.3125,618.7857055664062,134.1875,617.40478515625,172.6875,613.2619018554688,207.0625,582.8809814453125,77.8125,587.0238037109375,76.4375,-1.0,-1.0,595.3095092773438,76.4375
584.2619018554688,80.5625,596.6904907226562,90.1875,582.8809814453125,90.1875,-1.0,-1.0,-1.0,-1.0,606.3571166992188,88.8125,611.8809814453125,113.5625,591.1666870117188,110.8125,604.9761962890625,134.1875,599.452392578125,168.5625,602.2142944335938,204.3125,618.7857055664062,135.5625,617.40478515625,172.6875,613.2619018554688,207.0625,582.8809814453125,77.8125,587.0238037109375,76.4375,-1.0,-1.0,595.3095092773438,76.4375
584.2619018554688,80.5625,596.6904907226562,88.8125,582.8809814453125,90.1875,571.8333129882812,103.9375,-1.0,-1.0,604.9761962890625,88.8125,610.5,112.1875,591.1666870117188,110.8125,604.9761962890625,134.1875,599.452392578125,168.5625,602.2142944335938,204.3125,618.7857055664062,135.5625,617.40478515625,172.6875,613.2619018554688,207.0625,582.8809814453125,77.8125,587.0238037109375,76.4375,-1.0,-1.0,595.3095092773438,76.4375
584.2619018554688,80.5625,596.6904907226562,90.1875,582.8809814453125,90.1875,571.8333129882812,101.1875,-1.0,-1.0,604.9761962890625,88.8125,611.8809814453125,113.5625,591.1666870117188,110.8125,604.9761962890625,135.5625,599.452392578125,168.5625,602.2142944335938,205.6875,618.7857055664062,135.5625,617.40478515625,172.6875,614.6428833007812,207.0625,582.8809814453125,77.8125,587.0238037109375,76.4375,-1.0,-1.0,595.3095092773438,76.4375
584.2619018554688,80.5625,596.6904907226562,90.1875,581.5,90.1875,577.3571166992188,110.8125,-1.0,-1.0,604.9761962890625,88.8125,611.8809814453125,112.1875,591.1666870117188,110.8125,604.9761962890625,134.1875,599.452392578125,168.5625,602.2142944335938,205.6875,618.7857055664062,135.5625,617.40478515625,172.6875,613.2619018554688,207.0625,582.8809814453125,77.8125,587.0238037109375,76.4375,-1.0,-1.0,595.3095092773438,76.4375
584.2619018554688,80.5625,595.3095092773438,90.1875,581.5,90.1875,575.9761962890625,108.0625,-1.0,-1.0,604.9761962890625,88.8125,611.8809814453125,112.1875,591.1666870117188,109.4375,604.9761962890625,134.1875,599.452392578125,168.5625,602.2142944335938,205.6875,618.7857055664062,135.5625,617.40478515625,172.6875,613.2619018554688,207.0625,582.8809814453125,77.8125,587.0238037109375,76.4375,-1.0,-1.0,595.3095092773438,76.4375
584.2619018554688,80.5625,595.3095092773438,90.1875,581.5,90.1875,577.3571166992188,109.4375,588.40478515625,109.4375,604.9761962890625,88.8125,611.8809814453125,112.1875,592.547607421875,110.8125,604.9761962890625,134.1875,599.452392578125,168.5625,602.2142944335938,205.6875,618.7857055664062,135.5625,617.40478515625,172.6875,613.2619018554688,207.0625,582.8809814453125,77.8125,587.0238037109375,76.4375,-1.0,-1.0,595.3095092773438,76.4375
582.8809814453125,80.5625,595.3095092773438,90.1875,581.5,90.1875,577.3571166992188,110.8125,-1.0,-1.0,604.9761962890625,88.8125,611.8809814453125,112.1875,592.547607421875,110.8125,603.59521484375,135.5625,598.0714111328125,167.1875,602.2142944335938,205.6875,617.40478515625,135.5625,617.40478515625,172.6875,613.2619018554688,207.0625,582.8809814453125,77.8125,587.0238037109375,76.4375,-1.0,-1.0,595.3095092773438,76.4375
584.2619018554688,80.5625,593.9285888671875,90.1875,580.1190185546875,90.1875,577.3571166992188,109.4375,591.1666870117188,108.0625,604.9761962890625,88.8125,611.8809814453125,113.5625,591.1666870117188,109.4375,604.9761962890625,135.5625,598.0714111328125,167.1875,602.2142944335938,205.6875,618.7857055664062,135.5625,617.40478515625,172.6875,613.2619018554688,207.0625,582.8809814453125,77.8125,587.0238037109375,76.4375,-1.0,-1.0,595.3095092773438,76.4375
582.8809814453125,80.5625,593.9285888671875,90.1875,580.1190185546875,90.1875,577.3571166992188,109.4375,591.1666870117188,108.0625,604.9761962890625,88.8125,611.8809814453125,113.5625,591.1666870117188,109.4375,604.9761962890625,134.1875,598.0714111328125,167.1875,603.59521484375,205.6875,618.7857055664062,135.5625,617.40478515625,172.6875,613.2619018554688,207.0625,582.8809814453125,77.8125,587.0238037109375,76.4375,-1.0,-1.0,595.3095092773438,76.4375
582.8809814453125,80.5625,593.9285888671875,90.1875,580.1190185546875,91.5625,578.7380981445312,109.4375,592.547607421875,108.0625,604.9761962890625,88.8125,611.8809814453125,112.1875,591.1666870117188,109.4375,588.40478515625,131.4375,-1.0,-1.0,-1.0,-1.0,611.8809814453125,128.6875,599.452392578125,167.1875,-1.0,-1.0,582.8809814453125,77.8125,587.0238037109375,76.4375,-1.0,-1.0,595.3095092773438,76.4375
582.8809814453125,80.5625,593.9285888671875,90.1875,580.1190185546875,91.5625,577.3571166992188,110.8125,591.1666870117188,109.4375,604.9761962890625,88.8125,611.8809814453125,112.1875,592.547607421875,109.4375,589.7857055664062,132.8125,-1.0,-1.0,-1.0,-1.0,610.5,132.8125,599.452392578125,165.8125,-1.0,-1.0,582.8809814453125,77.8125,587.0238037109375,76.4375,-1.0,-1.0,595.3095092773438,76.4375
582.8809814453125,80.5625,593.9285888671875,90.1875,580.1190185546875,91.5625,577.3571166992188,109.4375,589.7857055664062,109.4375,604.9761962890625,88.8125,611.8809814453125,112.1875,592.547607421875,109.4375,591.1666870117188,132.8125,-1.0,-1.0,-1.0,-1.0,611.8809814453125,135.5625,617.40478515625,172.6875,613.2619018554688,208.4375,582.8809814453125,77.8125,587.0238037109375,76.4375,-1.0,-1.0,593.9285888671875,76.4375
582.8809814453125,80.5625,595.3095092773438,90.1875,581.5,91.5625,577.3571166992188,109.4375,-1.0,-1.0,604.9761962890625,88.8125,611.8809814453125,112.1875,592.547607421875,109.4375,603.59521484375,135.5625,599.452392578125,168.5625,603.59521484375,204.3125,614.6428833007812,135.5625,617.40478515625,172.6875,613.2619018554688,207.0625,582.8809814453125,79.1875,585.6428833007812,76.4375,-1.0,-1.0,593.9285888671875,76.4375
582.8809814453125,80.5625,595.3095092773438,90.1875,581.5,91.5625,577.3571166992188,112.1875,-1.0,-1.0,604.9761962890625,88.8125,611.8809814453125,112.1875,592.547607421875,110.8125,591.1666870117188,134.1875,-1.0,-1.0,-1.0,-1.0,611.8809814453125,134.1875,617.40478515625,172.6875,613.2619018554688,208.4375,582.8809814453125,79.1875,585.6428833007812,77.8125,-1.0,-1.0,593.9285888671875,77.8125
582.8809814453125,80.5625,593.9285888671875,91.5625,581.5,92.9375,577.3571166992188,112.1875,-1.0,-1.0,604.9761962890625,88.8125,611.8809814453125,112.1875,592.547607421875,110.8125,588.40478515625,131.4375,-1.0,-1.0,-1.0,-1.0,609.1190185546875,131.4375,617.40478515625,172.6875,613.2619018554688,208.4375,582.8809814453125,79.1875,587.0238037109375,77.8125,-1.0,-1.0,593.9285888671875,77.8125
582.8809814453125,80.5625,593.9285888671875,91.5625,581.5,91.5625,577.3571166992188,110.8125,-1.0,-1.0,604.9761962890625,88.8125,611.8809814453125,112.1875,592.547607421875,110.8125,588.40478515625,131.4375,-1.0,-1.0,-1.0,-1.0,609.1190185546875,130.0625,617.40478515625,172.6875,613.2619018554688,208.4375,582.8809814453125,79.1875,587.0238037109375,76.4375,-1.0,-1.0,593.9285888671875,77.8125
582.8809814453125,80.5625,593.9285888671875,90.1875,581.5,91.5625,577.3571166992188,110.8125,-1.0,-1.0,604.9761962890625,88.8125,611.8809814453125,113.5625,591.1666870117188,110.8125,588.40478515625,130.0625,-1.0,-1.0,-1.0,-1.0,610.5,131.4375,617.40478515625,172.6875,613.2619018554688,208.4375,582.8809814453125,79.1875,587.0238037109375,77.8125,-1.0,-1.0,593.9285888671875,77.8125
582.8809814453125,80.5625,595.3095092773438,90.1875,581.5,91.5625,577.3571166992188,109.4375,-1.0,-1.0,604.9761962890625,88.8125,610.5,113.5625,591.1666870117188,109.4375,604.9761962890625,127.3125,598.0714111328125,168.5625,603.59521484375,207.0625,611.8809814453125,128.6875,599.452392578125,168.5625,-1.0,-1.0,582.8809814453125,79.1875,585.6428833007812,77.8125,-1.0,-1.0,593.9285888671875,77.8125
582.8809814453125,81.9375,596.6904907226562,90.1875,582.8809814453125,92.9375,577.3571166992188,109.4375,-1.0,-1.0,604.9761962890625,88.8125,610.5,113.5625,591.1666870117188,109.4375,604.9761962890625,128.6875,598.0714111328125,168.5625,603.59521484375,207.0625,618.7857055664062,135.5625,617.40478515625,172.6875,613.2619018554688,208.4375,582.8809814453125,79.1875,585.6428833007812,77.8125,-1.0,-1.0,593.9285888671875,77.8125
582.8809814453125,81.9375,596.6904907226562,90.1875,584.2619018554688,92.9375,577.3571166992188,109.4375,-1.0,-1.0,604.9761962890625,88.8125,610.5,113.5625,591.1666870117188,109.4375,604.9761962890625,127.3125,-1.0,-1.0,-1.0,-1.0,617.40478515625,135.5625,616.0238037109375,172.6875,613.2619018554688,208.4375,582.8809814453125,79.1875,585.6428833007812,77.8125,-1.0,-1.0,593.9285888671875,76.4375
582.8809814453125,81.9375,598.0714111328125,90.1875,589.7857055664062,92.9375,-1.0,-1.0,-1.0,-1.0,604.9761962890625,88.8125,610.5,113.5625,591.1666870117188,109.4375,606.3571166992188,135.5625,599.452392578125,168.5625,603.59521484375,205.6875,617.40478515625,136.9375,616.0238037109375,172.6875,613.2619018554688,208.4375,582.8809814453125,79.1875,585.6428833007812,77.8125,-1.0,-1.0,593.9285888671875,76.4375
582.8809814453125,81.9375,598.0714111328125,91.5625,584.2619018554688,92.9375,577.3571166992188,110.8125,-1.0,-1.0,604.9761962890625,88.8125,611.8809814453125,113.5625,591.1666870117188,109.4375,604.9761962890625,135.5625,599.452392578125,168.5625,603.59521484375,205.6875,617.40478515625,136.9375,616.0238037109375,172.6875,613.2619018554688,208.4375,581.5,79.1875,585.6428833007812,77.8125,-1.0,-1.0,593.9285888671875,76.4375
582.8809814453125,81.9375,599.452392578125,90.1875,591.1666870117188,92.9375,-1.0,-1.0,-1.0,-1.0,604.9761962890625,88.8125,611.8809814453125,113.5625,591.1666870117188,110.8125,606.3571166992188,135.5625,599.452392578125,168.5625,603.59521484375,205.6875,617.40478515625,136.9375,617.40478515625,172.6875,613.2619018554688,207.0625,581.5,79.1875,585.6428833007812,77.8125,-1.0,-1.0,593.9285888671875,77.8125
582.8809814453125,81.9375,598.0714111328125,91.5625,589.7857055664062,92.9375,-1.0,-1.0,-1.0,-1.0,604.9761962890625,88.8125,611.8809814453125,113.5625,592.547607421875,110.8125,604.9761962890625,135.5625,599.452392578125,168.5625,603.59521484375,205.6875,617.40478515625,136.9375,617.40478515625,172.6875,613.2619018554688,207.0625,581.5,79.1875,585.6428833007812,77.8125,-1.0,-1.0,593.9285888671875,77.8125
582.8809814453125,81.9375,596.6904907226562,91.5625,584.2619018554688,92.9375,577.3571166992188,110.8125,-1.0,-1.0,604.9761962890625,90.1875,611.8809814453125,113.5625,592.547607421875,110.8125,604.9761962890625,128.6875,-1.0,-1.0,-1.0,-1.0,618.7857055664062,135.5625,617.40478515625,172.6875,614.6428833007812,207.0625,582.8809814453125,79.1875,585.6428833007812,77.8125,-1.0,-1.0,593.9285888671875,77.8125
582.8809814453125,81.9375,596.6904907226562,91.5625,582.8809814453125,94.3125,575.9761962890625,109.4375,-1.0,-1.0,604.9761962890625,90.1875,611.8809814453125,113.5625,592.547607421875,110.8125,604.9761962890625,131.4375,599.452392578125,168.5625,603.59521484375,205.6875,618.7857055664062,135.5625,617.40478515625,172.6875,614.6428833007812,207.0625,582.8809814453125,79.1875,585.6428833007812,77.8125,-1.0,-1.0,593.9285888671875,77.8125
582.8809814453125,81.9375,595.3095092773438,91.5625,582.8809814453125,94.3125,577.3571166992188,109.4375,-1.0,-1.0,604.9761962890625,90.1875,611.8809814453125,113.5625,592.547607421875,110.8125,604.9761962890625,132.8125,599.452392578125,168.5625,602.2142944335938,205.6875,618.7857055664062,135.5625,617.40478515625,172.6875,614.6428833007812,207.0625,581.5,79.1875,585.6428833007812,77.8125,-1.0,-1.0,593.9285888671875,77.8125
582.8809814453125,81.9375,593.9285888671875,91.5625,581.5,92.9375,575.9761962890625,109.4375,-1.0,-1.0,604.9761962890625,90.1875,611.8809814453125,113.5625,592.547607421875,110.8125,587.0238037109375,130.0625,-1.0,-1.0,-1.0,-1.0,600.8333129882812,132.8125,599.452392578125,167.1875,-1.0,-1.0,581.5,79.1875,585.6428833007812,77.8125,-1.0,-1.0,592.547607421875,77.8125
582.8809814453125,80.5625,593.9285888671875,91.5625,581.5,92.9375,575.9761962890625,109.4375,-1.0,-1.0,604.9761962890625,90.1875,611.8809814453125,114.9375,592.547607421875,110.8125,585.6428833007812,130.0625,-1.0,-1.0,-1.0,-1.0,600.8333129882812,132.8125,598.0714111328125,167.1875,-1.0,-1.0,582.8809814453125,79.1875,587.0238037109375,77.8125,-1.0,-1.0,592.547607421875,77.8125
582.8809814453125,80.5625,593.9285888671875,91.5625,581.5,92.9375,575.9761962890625,109.4375,-1.0,-1.0,604.9761962890625,90.1875,611.8809814453125,114.9375,591.1666870117188,109.4375,585.6428833007812,130.0625,-1.0,-1.0,-1.0,-1.0,599.452392578125,131.4375,598.0714111328125,167.1875,-1.0,-1.0,582.8809814453125,79.1875,587.0238037109375,77.8125,-1.0,-1.0,592.547607421875,77.8125
582.8809814453125,80.5625,593.9285888671875,91.5625,581.5,92.9375,575.9761962890625,109.4375,-1.0,-1.0,603.59521484375,90.1875,610.5,114.9375,591.1666870117188,109.4375,585.6428833007812,130.0625,-1.0,-1.0,-1.0,-1.0,599.452392578125,131.4375,598.0714111328125,167.1875,-1.0,-1.0,582.8809814453125,79.1875,587.0238037109375,77.8125,-1.0,-1.0,592.547607421875,77.8125
582.8809814453125,81.9375,593.9285888671875,91.5625,581.5,94.3125,577.3571166992188,109.4375,-1.0,-1.0,603.59521484375,90.1875,610.5,113.5625,591.1666870117188,109.4375,584.2619018554688,128.6875,-1.0,-1.0,-1.0,-1.0,598.0714111328125,130.0625,-1.0,-1.0,-1.0,-1.0,582.8809814453125,79.1875,585.6428833007812,77.8125,-1.0,-1.0,592.547607421875,77.8125
582.8809814453125,81.9375,592.547607421875,91.5625,581.5,94.3125,577.3571166992188,109.4375,-1.0,-1.0,603.59521484375,90.1875,610.5,113.5625,591.1666870117188,109.4375,584.2619018554688,128.6875,-1.0,-1.0,-1.0,-1.0,598.0714111328125,130.0625,-1.0,-1.0,-1.0,-1.0,581.5,79.1875,585.6428833007812,77.8125,-1.0,-1.0,592.547607421875,77.8125
582.8809814453125,81.9375,593.9285888671875,91.5625,581.5,94.3125,577.3571166992188,109.4375,-1.0,-1.0,603.59521484375,90.1875,610.5,113.5625,591.1666870117188,109.4375,584.2619018554688,130.0625,-1.0,-1.0,-1.0,-1.0,599.452392578125,131.4375,-1.0,-1.0,-1.0,-1.0,581.5,79.1875,585.6428833007812,77.8125,-1.0,-1.0,592.547607421875,77.8125
582.8809814453125,81.9375,592.547607421875,91.5625,580.1190185546875,92.9375,577.3571166992188,109.4375,-1.0,-1.0,603.59521484375,90.1875,610.5,113.5625,592.547607421875,110.8125,584.2619018554688,130.0625,581.5,154.8125,-1.0,-1.0,596.6904907226562,131.4375,598.0714111328125,167.1875,-1.0,-1.0,581.5,79.1875,585.6428833007812,77.8125,-1.0,-1.0,592.547607421875,77.8125
582.8809814453125,81.9375,592.547607421875,91.5625,580.1190185546875,92.9375,577.3571166992188,108.0625,-1.0,-1.0,603.59521484375,90.1875,609.1190185546875,113.5625,592.547607421875,110.8125,582.8809814453125,130.0625,581.5,154.8125,-1.0,-1.0,595.3095092773438,131.4375,598.0714111328125,167.1875,-1.0,-1.0,581.5,79.1875,585.6428833007812,77.8125,-1.0,-1.0,592.547607421875,77.8125
582.8809814453125,81.9375,591.1666870117188,91.5625,580.1190185546875,92.9375,577.3571166992188,108.0625,-1.0,-1.0,602.2142944335938,90.1875,609.1190185546875,113.5625,591.1666870117188,110.8125,582.8809814453125,130.0625,581.5,154.8125,-1.0,-1.0,595.3095092773438,131.4375,598.0714111328125,167.1875,-1.0,-1.0,581.5,79.1875,585.6428833007812,77.8125,-1.0,-1.0,592.547607421875,77.8125
582.8809814453125,81.9375,591.1666870117188,91.5625,580.1190185546875,92.9375,577.3571166992188,109.4375,-1.0,-1.0,603.59521484375,90.1875,609.1190185546875,113.5625,591.1666870117188,109.4375,584.2619018554688,131.4375,-1.0,-1.0,-1.0,-1.0,596.6904907226562,131.4375,598.0714111328125,167.1875,-1.0,-1.0,581.5,79.1875,585.6428833007812,77.8125,-1.0,-1.0,592.547607421875,77.8125
582.8809814453125,81.9375,592.547607421875,91.5625,580.1190185546875,92.9375,577.3571166992188,109.4375,-1.0,-1.0,603.59521484375,88.8125,610.5,113.5625,591.1666870117188,109.4375,584.2619018554688,131.4375,-1.0,-1.0,-1.0,-1.0,596.6904907226562,131.4375,598.0714111328125,167.1875,-1.0,-1.0,581.5,79.1875,585.6428833007812,77.8125,-1.0,-1.0,592.547607421875,76.4375
582.8809814453125,81.9375,593.9285888671875,91.5625,580.1190185546875,92.9375,577.3571166992188,109.4375,589.7857055664062,109.4375,604.9761962890625,88.8125,610.5,112.1875,592.547607421875,109.4375,587.0238037109375,130.0625,-1.0,-1.0,-1.0,-1.0,616.0238037109375,135.5625,617.40478515625,174.0625,613.2619018554688,207.0625,581.5,79.1875,585.6428833007812,77.8125,-1.0,-1.0,593.9285888671875,76.4375
582.8809814453125,81.9375,596.6904907226562,90.1875,581.5,92.9375,577.3571166992188,108.0625,-1.0,-1.0,604.9761962890625,88.8125,611.8809814453125,112.1875,592.547607421875,110.8125,604.9761962890625,134.1875,598.0714111328125,168.5625,603.59521484375,205.6875,616.0238037109375,135.5625,617.40478515625,174.0625,613.2619018554688,207.0625,581.5,79.1875,585.6428833007812,77.8125,-1.0,-1.0,593.9285888671875,76.4375
584.2619018554688,81.9375,596.6904907226562,90.1875,582.8809814453125,92.9375,575.9761962890625,108.0625,-1.0,-1.0,604.9761962890625,88.8125,611.8809814453125,112.1875,592.547607421875,110.8125,604.9761962890625,134.1875,598.0714111328125,168.5625,603.59521484375,205.6875,617.40478515625,135.5625,617.40478515625,174.0625,613.2619018554688,207.0625,581.5,79.1875,585.6428833007812,77.8125,-1.0,-1.0,593.9285888671875,76.4375
584.2619018554688,81.9375,595.3095092773438,90.1875,581.5,92.9375,575.9761962890625,108.0625,592.547607421875,109.4375,603.59521484375,88.8125,610.5,112.1875,592.547607421875,110.8125,604.9761962890625,134.1875,598.0714111328125,168.5625,602.2142944335938,205.6875,617.40478515625,135.5625,617.40478515625,172.6875,613.2619018554688,207.0625,581.5,79.1875,587.0238037109375,77.8125,-1.0,-1.0,593.9285888671875,76.4375
584.2619018554688,81.9375,596.6904907226562,90.1875,582.8809814453125,91.5625,575.9761962890625,108.0625,592.547607421875,109.4375,604.9761962890625,88.8125,610.5,112.1875,592.547607421875,110.8125,604.9761962890625,135.5625,598.0714111328125,168.5625,603.59521484375,205.6875,618.7857055664062,135.5625,617.40478515625,172.6875,613.2619018554688,207.0625,582.8809814453125,79.1875,587.0238037109375,77.8125,-1.0,-1.0,593.9285888671875,76.4375
584.2619018554688,81.9375,596.6904907226562,90.1875,582.8809814453125,91.5625,575.9761962890625,108.0625,593.9285888671875,109.4375,604.9761962890625,88.8125,610.5,112.1875,591.1666870117188,110.8125,604.9761962890625,135.5625,598.0714111328125,168.5625,603.59521484375,205.6875,618.7857055664062,135.5625,617.40478515625,172.6875,613.2619018554688,207.0625,582.8809814453125,79.1875,587.0238037109375,77.8125,-1.0,-1.0,595.3095092773438,76.4375
584.2619018554688,81.9375,595.3095092773438,90.1875,582.8809814453125,91.5625,575.9761962890625,108.0625,593.9285888671875,109.4375,604.9761962890625,88.8125,611.8809814453125,112.1875,592.547607421875,110.8125,604.9761962890625,135.5625,598.0714111328125,167.1875,603.59521484375,205.6875,618.7857055664062,136.9375,617.40478515625,172.6875,614.6428833007812,207.0625,582.8809814453125,79.1875,587.0238037109375,77.8125,-1.0,-1.0,595.3095092773438,76.4375
585.6428833007812,80.5625,593.9285888671875,90.1875,581.5,91.5625,575.9761962890625,108.0625,593.9285888671875,109.4375,604.9761962890625,88.8125,611.8809814453125,112.1875,592.547607421875,112.1875,587.0238037109375,127.3125,-1.0,-1.0,-1.0,-1.0,610.5,127.3125,598.0714111328125,167.1875,-1.0,-1.0,582.8809814453125,79.1875,588.40478515625,76.4375,-1.0,-1.0,595.3095092773438,76.4375
585.6428833007812,80.5625,595.3095092773438,90.1875,581.5,91.5625,574.59521484375,106.6875,592.547607421875,109.4375,604.9761962890625,88.8125,611.8809814453125,112.1875,592.547607421875,110.8125,588.40478515625,128.6875,-1.0,-1.0,-1.0,-1.0,610.5,127.3125,598.0714111328125,167.1875,-1.0,-1.0,582.8809814453125,77.8125,587.0238037109375,76.4375,-1.0,-1.0,595.3095092773438,76.4375
585.6428833007812,80.5625,596.6904907226562,90.1875,582.8809814453125,91.5625,575.9761962890625,106.6875,593.9285888671875,109.4375,604.9761962890625,88.8125,611.8809814453125,112.1875,592.547607421875,110.8125,604.9761962890625,138.3125,598.0714111328125,167.1875,603.59521484375,204.3125,617.40478515625,138.3125,617.40478515625,172.6875,614.6428833007812,207.0625,582.8809814453125,77.8125,587.0238037109375,76.4375,-1.0,-1.0,596.6904907226562,76.4375
585.6428833007812,80.5625,599.452392578125,90.1875,582.8809814453125,91.5625,575.9761962890625,106.6875,-1.0,-1.0,606.3571166992188,88.8125,610.5,112.1875,592.547607421875,110.8125,604.9761962890625,139.6875,598.0714111328125,168.5625,602.2142944335938,204.3125,617.40478515625,138.3125,617.40478515625,172.6875,614.6428833007812,207.0625,584.2619018554688,77.8125,588.40478515625,76.4375,-1.0,-1.0,596.6904907226562,76.4375
585.6428833007812,80.5625,600.8333129882812,90.1875,589.7857055664062,91.5625,577.3571166992188,106.6875,-1.0,-1.0,606.3571166992188,88.8125,610.5,112.1875,591.1666870117188,110.8125,604.9761962890625,139.6875,598.0714111328125,168.5625,602.2142944335938,204.3125,617.40478515625,138.3125,617.40478515625,174.0625,614.6428833007812,207.0625,584.2619018554688,77.8125,588.40478515625,76.4375,-1.0,-1.0,596.6904907226562,76.4375
585.6428833007812,80.5625,600.8333129882812,90.1875,595.3095092773438,91.5625,-1.0,-1.0,-1.0,-1.0,606.3571166992188,88.8125,610.5,110.8125,592.547607421875,110.8125,604.9761962890625,139.6875,598.0714111328125,168.5625,603.59521484375,204.3125,617.40478515625,138.3125,617.40478515625,174.0625,614.6428833007812,207.0625,584.2619018554688,77.8125,588.40478515625,76.4375,-1.0,-1.0,596.6904907226562,76.4375
585.6428833007812,80.5625,600.8333129882812,90.1875,592.547607421875,91.5625,-1.0,-1.0,-1.0,-1.0,606.3571166992188,88.8125,610.5,110.8125,592.547607421875,110.8125,604.9761962890625,139.6875,598.0714111328125,168.5625,602.2142944335938,205.6875,618.7857055664062,138.3125,617.40478515625,172.6875,614.6428833007812,207.0625,584.2619018554688,77.8125,588.40478515625,76.4375,-1.0,-1.0,596.6904907226562,76.4375
585.6428833007812,80.5625,600.8333129882812,90.1875,595.3095092773438,91.5625,-1.0,-1.0,-1.0,-1.0,606.3571166992188,88.8125,610.5,110.8125,592.547607421875,110.8125,604.9761962890625,138.3125,598.0714111328125,168.5625,602.2142944335938,205.6875,618.7857055664062,136.9375,617.40478515625,172.6875,614.6428833007812,207.0625,584.2619018554688,77.8125,588.40478515625,76.4375,-1.0,-1.0,596.6904907226562,76.4375
585.6428833007812,80.5625,602.2142944335938,88.8125,596.6904907226562,91.5625,-1.0,-1.0,-1.0,-1.0,606.3571166992188,87.4375,610.5,110.8125,591.1666870117188,110.8125,606.3571166992188,136.9375,598.0714111328125,168.5625,602.2142944335938,205.6875,618.7857055664062,136.9375,617.40478515625,172.6875,614.6428833007812,207.0625,584.2619018554688,77.8125,588.40478515625,76.4375,-1.0,-1.0,596.6904907226562,76.4375
585.6428833007812,80.5625,603.59521484375,88.8125,596.6904907226562,90.1875,-1.0,-1.0,-1.0,-1.0,606.3571166992188,87.4375,610.5,110.8125,582.8809814453125,109.4375,606.3571166992188,138.3125,598.0714111328125,168.5625,602.2142944335938,205.6875,618.7857055664062,136.9375,617.40478515625,172.6875,614.6428833007812,207.0625,584.2619018554688,77.8125,588.40478515625,76.4375,-1.0,-1.0,596.6904907226562,75.0625
587.0238037109375,80.5625,603.59521484375,88.8125,598.0714111328125,90.1875,-1.0,-1.0,-1.0,-1.0,606.3571166992188,87.4375,609.1190185546875,110.8125,582.8809814453125,109.4375,606.3571166992188,138.3125,598.0714111328125,168.5625,602.2142944335938,205.6875,618.7857055664062,136.9375,617.40478515625,172.6875,614.6428833007812,207.0625,584.2619018554688,77.8125,588.40478515625,76.4375,-1.0,-1.0,598.0714111328125,75.0625
587.0238037109375,80.5625,603.59521484375,88.8125,598.0714111328125,90.1875,-1.0,-1.0,-1.0,-1.0,606.3571166992188,87.4375,609.1190185546875,110.8125,582.8809814453125,109.4375,606.3571166992188,138.3125,598.0714111328125,168.5625,602.2142944335938,205.6875,618.7857055664062,136.9375,617.40478515625,174.0625,614.6428833007812,207.0625,585.6428833007812,77.8125,588.40478515625,76.4375,-1.0,-1.0,598.0714111328125,75.0625
587.0238037109375,80.5625,603.59521484375,88.8125,598.0714111328125,90.1875,-1.0,-1.0,-1.0,-1.0,606.3571166992188,87.4375,609.1190185546875,112.1875,582.8809814453125,108.0625,606.3571166992188,138.3125,598.0714111328125,168.5625,602.2142944335938,205.6875,617.40478515625,136.9375,617.40478515625,174.0625,614.6428833007812,207.0625,585.6428833007812,77.8125,588.40478515625,76.4375,-1.0,-1.0,598.0714111328125,75.0625
587.0238037109375,80.5625,604.9761962890625,88.8125,598.0714111328125,90.1875,-1.0,-1.0,-1.0,-1.0,606.3571166992188,87.4375,609.1190185546875,112.1875,581.5,108.0625,606.3571166992188,138.3125,598.0714111328125,168.5625,602.2142944335938,205.6875,617.40478515625,136.9375,617.40478515625,174.0625,614.6428833007812,207.0625,585.6428833007812,77.8125,588.40478515625,76.4375,-1.0,-1.0,598.0714111328125,75.0625
587.0238037109375,80.5625,604.9761962890625,88.8125,598.0714111328125,90.1875,-1.0,-1.0,-1.0,-1.0,606.3571166992188,87.4375,609.1190185546875,112.1875,581.5,108.0625,604.9761962890625,136.9375,598.0714111328125,168.5625,602.2142944335938,205.6875,617.40478515625,136.9375,617.40478515625,174.0625,614.6428833007812,207.0625,585.6428833007812,77.8125,588.40478515625,76.4375,-1.0,-1.0,598.0714111328125,75.0625
587.0238037109375,80.5625,604.9761962890625,88.8125,598.0714111328125,90.1875,-1.0,-1.0,-1.0,-1.0,607.7380981445312,87.4375,609.1190185546875,112.1875,582.8809814453125,108.0625,604.9761962890625,138.3125,598.0714111328125,168.5625,602.2142944335938,205.6875,617.40478515625,136.9375,617.40478515625,174.0625,614.6428833007812,207.0625,585.6428833007812,77.8125,588.40478515625,76.4375,-1.0,-1.0,598.0714111328125,75.0625
587.0238037109375,80.5625,604.9761962890625,87.4375,598.0714111328125,90.1875,-1.0,-1.0,-1.0,-1.0,607.7380981445312,87.4375,609.1190185546875,112.1875,581.5,108.0625,604.9761962890625,138.3125,598.0714111328125,168.5625,602.2142944335938,205.6875,617.40478515625,138.3125,617.40478515625,174.0625,614.6428833007812,207.0625,585.6428833007812,77.8125,588.40478515625,76.4375,-1.0,-1.0,598.0714111328125,75.0625
587.0238037109375,80.5625,604.9761962890625,87.4375,598.0714111328125,90.1875,598.0714111328125,106.6875,-1.0,-1.0,607.7380981445312,87.4375,609.1190185546875,112.1875,582.8809814453125,108.0625,604.9761962890625,136.9375,598.0714111328125,168.5625,602.2142944335938,205.6875,617.40478515625,138.3125,617.40478515625,174.0625,614.6428833007812,207.0625,585.6428833007812,77.8125,588.40478515625,76.4375,-1.0,-1.0,598.0714111328125,75.0625
587.0238037109375,80.5625,604.9761962890625,87.4375,598.0714111328125,90.1875,598.0714111328125,105.3125,-1.0,-1.0,607.7380981445312,87.4375,609.1190185546875,112.1875,582.8809814453125,108.0625,604.9761962890625,138.3125,598.0714111328125,168.5625,602.2142944335938,205.6875,617.40478515625,138.3125,617.40478515625,174.0625,614.6428833007812,207.0625,585.6428833007812,77.8125,588.40478515625,76.4375,-1.0,-1.0,598.0714111328125,75.0625
587.0238037109375,80.5625,604.9761962890625,87.4375,599.452392578125,88.8125,602.2142944335938,110.8125,-1.0,-1.0,607.7380981445312,87.4375,610.5,110.8125,582.8809814453125,109.4375,604.9761962890625,138.3125,598.0714111328125,168.5625,602.2142944335938,205.6875,617.40478515625,138.3125,617.40478515625,174.0625,614.6428833007812,207.0625,585.6428833007812,77.8125,588.40478515625,76.4375,-1.0,-1.0,598.0714111328125,75.0625
587.0238037109375,80.5625,604.9761962890625,87.4375,599.452392578125,88.8125,602.2142944335938,109.4375,-1.0,-1.0,607.7380981445312,87.4375,610.5,110.8125,582.8809814453125,109.4375,606.3571166992188,136.9375,598.0714111328125,168.5625,602.2142944335938,205.6875,617.40478515625,138.3125,616.0238037109375,174.0625,614.6428833007812,207.0625,585.6428833007812,77.8125,588.40478515625,76.4375,-1.0,-1.0,598.0714111328125,75.0625
587.0238037109375,80.5625,604.9761962890625,87.4375,599.452392578125,88.8125,600.8333129882812,109.4375,-1.0,-1.0,607.7380981445312,87.4375,610.5,110.8125,582.8809814453125,109.4375,604.9761962890625,138.3125,598.0714111328125,168.5625,602.2142944335938,205.6875,617.40478515625,138.3125,616.0238037109375,174.0625,614.6428833007812,207.0625,585.6428833007812,77.8125,589.7857055664062,76.4375,-1.0,-1.0,598.0714111328125,75.0625
587.0238037109375,80.5625,604.9761962890625,87.4375,599.452392578125,88.8125,600.8333129882812,110.8125,-1.0,-1.0,607.7380981445312,87.4375,610.5,110.8125,582.8809814453125,109.4375,604.9761962890625,138.3125,598.0714111328125,168.5625,602.2142944335938,205.6875,617.40478515625,138.3125,617.40478515625,174.0625,614.6428833007812,207.0625,585.6428833007812,77.8125,589.7857055664062,76.4375,-1.0,-1.0,598.0714111328125,75.0625
588.40478515625,80.5625,604.9761962890625,87.4375,599.452392578125,88.8125,599.452392578125,109.4375,-1.0,-1.0,607.7380981445312,86.0625,610.5,110.8125,582.8809814453125,109.4375,604.9761962890625,138.3125,598.0714111328125,168.5625,602.2142944335938,205.6875,617.40478515625,138.3125,617.40478515625,174.0625,614.6428833007812,207.0625,585.6428833007812,77.8125,589.7857055664062,76.4375,-1.0,-1.0,598.0714111328125,75.0625
588.40478515625,80.5625,604.9761962890625,87.4375,599.452392578125,88.8125,599.452392578125,112.1875,-1.0,-1.0,607.7380981445312,87.4375,610.5,110.8125,582.8809814453125,109.4375,604.9761962890625,138.3125,598.0714111328125,168.5625,602.2142944335938,205.6875,617.40478515625,138.3125,617.40478515625,174.0625,614.6428833007812,207.0625,585.6428833007812,77.8125,589.7857055664062,76.4375,-1.0,-1.0,598.0714111328125,75.0625
588.40478515625,80.5625,604.9761962890625,87.4375,598.0714111328125,90.1875,599.452392578125,105.3125,-1.0,-1.0,607.7380981445312,87.4375,610.5,110.8125,585.6428833007812,109.4375,604.9761962890625,138.3125,598.0714111328125,168.5625,602.2142944335938,205.6875,617.40478515625,138.3125,617.40478515625,174.0625,614.6428833007812,207.0625,587.0238037109375,77.8125,589.7857055664062,76.4375,-1.0,-1.0,598.0714111328125,75.0625
588.40478515625,80.5625,604.9761962890625,87.4375,598.0714111328125,90.1875,599.452392578125,106.6875,-1.0,-1.0,607.7380981445312,87.4375,610.5,110.8125,584.2619018554688,109.4375,604.9761962890625,138.3125,598.0714111328125,168.5625,602.2142944335938,205.6875,617.40478515625,138.3125,617.40478515625,174.0625,614.6428833007812,207.0625,587.0238037109375,76.4375,589.7857055664062,76.4375,-1.0,-1.0,598.0714111328125,75.0625
588.40478515625,80.5625,604.9761962890625,87.4375,598.0714111328125,90.1875,598.0714111328125,112.1875,-1.0,-1.0,607.7380981445312,87.4375,610.5,110.8125,582.8809814453125,109.4375,604.9761962890625,138.3125,598.0714111328125,168.5625,602.2142944335938,205.6875,616.0238037109375,139.6875,617.40478515625,175.4375,614.6428833007812,207.0625,587.0238037109375,77.8125,589.7857055664062,76.4375,-1.0,-1.0,598.0714111328125,75.0625
588.40478515625,80.5625,603.59521484375,88.8125,598.0714111328125,90.1875,598.0714111328125,105.3125,-1.0,-1.0,607.7380981445312,87.4375,610.5,110.8125,592.547607421875,128.6875,604.9761962890625,139.6875,598.0714111328125,168.5625,602.2142944335938,205.6875,616.0238037109375,139.6875,616.0238037109375,175.4375,614.6428833007812,207.0625,587.0238037109375,77.8125,589.7857055664062,76.4375,-1.0,-1.0,598.0714111328125,75.0625
588.40478515625,80.5625,603.59521484375,88.8125,596.6904907226562,90.1875,598.0714111328125,105.3125,-1.0,-1.0,607.7380981445312,87.4375,610.5,110.8125,593.9285888671875,127.3125,604.9761962890625,138.3125,598.0714111328125,168.5625,602.2142944335938,204.3125,616.0238037109375,139.6875,617.40478515625,175.4375,614.6428833007812,207.0625,587.0238037109375,77.8125,591.1666870117188,76.4375,-1.0,-1.0,599.452392578125,75.0625
588.40478515625,80.5625,603.59521484375,88.8125,596.6904907226562,90.1875,-1.0,-1.0,-1.0,-1.0,607.7380981445312,87.4375,610.5,110.8125,592.547607421875,109.4375,603.59521484375,141.0625,598.0714111328125,168.5625,602.2142944335938,204.3125,616.0238037109375,141.0625,617.40478515625,175.4375,614.6428833007812,207.0625,585.6428833007812,77.8125,589.7857055664062,76.4375,-1.0,-1.0,598.0714111328125,75.0625
587.0238037109375,81.9375,602.2142944335938,90.1875,596.6904907226562,91.5625,-1.0,-1.0,-1.0,-1.0,607.7380981445312,87.4375,610.5,110.8125,592.547607421875,109.4375,603.59521484375,139.6875,598.0714111328125,168.5625,602.2142944335938,204.3125,616.0238037109375,139.6875,617.40478515625,175.4375,614.6428833007812,207.0625,585.6428833007812,79.1875,589.7857055664062,76.4375,-1.0,-1.0,598.0714111328125,76.4375
587.0238037109375,81.9375,599.452392578125,90.1875,588.40478515625,92.9375,-1.0,-1.0,-1.0,-1.0,607.7380981445312,88.8125,611.8809814453125,112.1875,591.1666870117188,108.0625,602.2142944335938,139.6875,598.0714111328125,168.5625,602.2142944335938,204.3125,616.0238037109375,141.0625,617.40478515625,175.4375,616.0238037109375,207.0625,585.6428833007812,79.1875,589.7857055664062,76.4375,-1.0,-1.0,598.0714111328125,76.4375
587.0238037109375,81.9375,600.8333129882812,91.5625,589.7857055664062,94.3125,-1.0,-1.0,-1.0,-1.0,607.7380981445312,88.8125,610.5,112.1875,589.7857055664062,106.6875,603.59521484375,139.6875,598.0714111328125,168.5625,602.2142944335938,205.6875,616.0238037109375,139.6875,617.40478515625,175.4375,616.0238037109375,208.4375,585.6428833007812,79.1875,589.7857055664062,77.8125,-1.0,-1.0,598.0714111328125,76.4375
587.0238037109375,83.3125,599.452392578125,91.5625,588.40478515625,94.3125,-1.0,-1.0,-1.0,-1.0,607.7380981445312,88.8125,610.5,112.1875,591.1666870117188,105.3125,603.59521484375,139.6875,598.0714111328125,168.5625,602.2142944335938,205.6875,617.40478515625,139.6875,617.40478515625,175.4375,616.0238037109375,208.4375,585.6428833007812,80.5625,589.7857055664062,77.8125,-1.0,-1.0,598.0714111328125,76.4375
587.0238037109375,83.3125,602.2142944335938,91.5625,591.1666870117188,94.3125,-1.0,-1.0,-1.0,-1.0,609.1190185546875,88.8125,610.5,113.5625,592.547607421875,106.6875,604.9761962890625,138.3125,599.452392578125,168.5625,602.2142944335938,205.6875,617.40478515625,138.3125,618.7857055664062,175.4375,616.0238037109375,208.4375,585.6428833007812,80.5625,588.40478515625,79.1875,-1.0,-1.0,596.6904907226562,77.8125
587.0238037109375,83.3125,598.0714111328125,91.5625,585.6428833007812,94.3125,581.5,109.4375,-1.0,-1.0,607.7380981445312,88.8125,610.5,113.5625,592.547607421875,105.3125,604.9761962890625,138.3125,599.452392578125,168.5625,602.2142944335938,205.6875,617.40478515625,138.3125,618.7857055664062,175.4375,614.6428833007812,208.4375,582.8809814453125,80.5625,588.40478515625,80.5625,-1.0,-1.0,596.6904907226562,79.1875
585.6428833007812,84.6875,600.8333129882812,91.5625,589.7857055664062,94.3125,-1.0,-1.0,-1.0,-1.0,607.7380981445312,87.4375,610.5,113.5625,592.547607421875,105.3125,606.3571166992188,138.3125,599.452392578125,168.5625,602.2142944335938,205.6875,618.7857055664062,138.3125,618.7857055664062,175.4375,614.6428833007812,208.4375,582.8809814453125,81.9375,587.0238037109375,80.5625,-1.0,-1.0,596.6904907226562,79.1875
585.6428833007812,83.3125,595.3095092773438,91.5625,582.8809814453125,94.3125,578.7380981445312,109.4375,-1.0,-1.0,607.7380981445312,88.8125,610.5,113.5625,591.1666870117188,105.3125,603.59521484375,134.1875,-1.0,-1.0,-1.0,-1.0,617.40478515625,136.9375,618.7857055664062,174.0625,614.6428833007812,208.4375,582.8809814453125,80.5625,588.40478515625,80.5625,-1.0,-1.0,596.6904907226562,79.1875
585.6428833007812,83.3125,595.3095092773438,92.9375,582.8809814453125,95.6875,580.1190185546875,113.5625,-1.0,-1.0,607.7380981445312,88.8125,611.8809814453125,113.5625,592.547607421875,106.6875,603.59521484375,138.3125,599.452392578125,168.5625,602.2142944335938,205.6875,618.7857055664062,138.3125,620.1666870117188,174.0625,614.6428833007812,208.4375,582.8809814453125,80.5625,588.40478515625,80.5625,-1.0,-1.0,595.3095092773438,80.5625
585.6428833007812,83.3125,596.6904907226562,92.9375,582.8809814453125,97.0625,580.1190185546875,116.3125,-1.0,-1.0,606.3571166992188,90.1875,611.8809814453125,113.5625,591.1666870117188,106.6875,603.59521484375,139.6875,599.452392578125,167.1875,603.59521484375,205.6875,618.7857055664062,139.6875,620.1666870117188,174.0625,616.0238037109375,208.4375,582.8809814453125,81.9375,588.40478515625,80.5625,-1.0,-1.0,595.3095092773438,80.5625
585.6428833007812,84.6875,598.0714111328125,92.9375,582.8809814453125,97.0625,578.7380981445312,110.8125,-1.0,-1.0,606.3571166992188,90.1875,611.8809814453125,114.9375,592.547607421875,106.6875,604.9761962890625,138.3125,599.452392578125,168.5625,603.59521484375,205.6875,618.7857055664062,139.6875,620.1666870117188,174.0625,616.0238037109375,208.4375,582.8809814453125,81.9375,588.40478515625,80.5625,-1.0,-1.0,595.3095092773438,80.5625
585.6428833007812,84.6875,596.6904907226562,92.9375,582.8809814453125,95.6875,575.9761962890625,109.4375,581.5,105.3125,606.3571166992188,90.1875,611.8809814453125,114.9375,592.547607421875,108.0625,602.2142944335938,139.6875,599.452392578125,168.5625,603.59521484375,205.6875,617.40478515625,139.6875,620.1666870117188,174.0625,616.0238037109375,208.4375,581.5,81.9375,587.0238037109375,80.5625,-1.0,-1.0,595.3095092773438,80.5625
584.2619018554688,86.0625,596.6904907226562,92.9375,582.8809814453125,94.3125,573.2142944335938,108.0625,584.2619018554688,105.3125,606.3571166992188,91.5625,613.2619018554688,114.9375,593.9285888671875,108.0625,602.2142944335938,139.6875,599.452392578125,168.5625,603.59521484375,205.6875,617.40478515625,139.6875,620.1666870117188,174.0625,616.0238037109375,208.4375,581.5,83.3125,587.0238037109375,81.9375,-1.0,-1.0,595.3095092773438,80.5625
584.2619018554688,86.0625,593.9285888671875,92.9375,581.5,95.6875,573.2142944335938,108.0625,585.6428833007812,109.4375,606.3571166992188,91.5625,611.8809814453125,114.9375,595.3095092773438,109.4375,588.40478515625,132.8125,-1.0,-1.0,-1.0,-1.0,617.40478515625,141.0625,620.1666870117188,174.0625,614.6428833007812,207.0625,581.5,84.6875,587.0238037109375,81.9375,577.3571166992188,86.0625,593.9285888671875,81.9375
584.2619018554688,86.0625,595.3095092773438,94.3125,580.1190185546875,97.0625,573.2142944335938,106.6875,587.0238037109375,110.8125,606.3571166992188,91.5625,611.8809814453125,116.3125,595.3095092773438,109.4375,603.59521484375,139.6875,599.452392578125,168.5625,603.59521484375,205.6875,618.7857055664062,139.6875,620.1666870117188,174.0625,614.6428833007812,207.0625,581.5,84.6875,587.0238037109375,81.9375,577.3571166992188,86.0625,593.9285888671875,81.9375
584.2619018554688,86.0625,592.547607421875,98.4375,578.7380981445312,102.5625,577.3571166992188,128.6875,587.0238037109375,131.4375,604.9761962890625,92.9375,611.8809814453125,116.3125,595.3095092773438,109.4375,599.452392578125,146.5625,599.452392578125,168.5625,603.59521484375,205.6875,617.40478515625,142.4375,620.1666870117188,174.0625,614.6428833007812,208.4375,581.5,84.6875,587.0238037109375,81.9375,577.3571166992188,87.4375,593.9285888671875,81.9375
582.8809814453125,86.0625,598.0714111328125,94.3125,582.8809814453125,99.8125,-1.0,-1.0,-1.0,-1.0,606.3571166992188,91.5625,611.8809814453125,116.3125,592.547607421875,109.4375,603.59521484375,145.1875,599.452392578125,168.5625,603.59521484375,205.6875,618.7857055664062,141.0625,620.1666870117188,174.0625,614.6428833007812,208.4375,581.5,84.6875,587.0238037109375,81.9375,-1.0,-1.0,593.9285888671875,81.9375
582.8809814453125,87.4375,600.8333129882812,92.9375,592.547607421875,97.0625,-1.0,-1.0,-1.0,-1.0,604.9761962890625,91.5625,611.8809814453125,116.3125,592.547607421875,110.8125,603.59521484375,145.1875,600.8333129882812,168.5625,603.59521484375,205.6875,618.7857055664062,141.0625,620.1666870117188,172.6875,614.6428833007812,207.0625,581.5,84.6875,585.6428833007812,83.3125,-1.0,-1.0,593.9285888671875,81.9375
582.8809814453125,87.4375,599.452392578125,94.3125,589.7857055664062,98.4375,-1.0,-1.0,-1.0,-1.0,604.9761962890625,91.5625,611.8809814453125,116.3125,592.547607421875,110.8125,603.59521484375,145.1875,600.8333129882812,168.5625,603.59521484375,205.6875,618.7857055664062,141.0625,620.1666870117188,172.6875,614.6428833007812,205.6875,580.1190185546875,84.6875,585.6428833007812,83.3125,-1.0,-1.0,593.9285888671875,81.9375
582.8809814453125,87.4375,596.6904907226562,95.6875,578.7380981445312,102.5625,-1.0,-1.0,-1.0,-1.0,604.9761962890625,92.9375,-1.0,-1.0,-1.0,-1.0,-1.0,-1.0,-1.0,-1.0,-1.0,-1.0,-1.0,-1.0,-1.0,-1.0,-1.0,-1.0,580.1190185546875,83.3125,585.6428833007812,81.9375,-1.0,-1.0,593.9285888671875,81.9375
582.8809814453125,87.4375,595.3095092773438,97.0625,578.7380981445312,102.5625,-1.0,-1.0,-1.0,-1.0,604.9761962890625,92.9375,613.2619018554688,116.3125,592.547607421875,110.8125,602.2142944335938,145.1875,600.8333129882812,168.5625,603.59521484375,207.0625,616.0238037109375,142.4375,620.1666870117188,172.6875,616.0238037109375,208.4375,580.1190185546875,84.6875,585.6428833007812,83.3125,-1.0,-1.0,592.547607421875,81.9375
582.8809814453125,87.4375,595.3095092773438,97.0625,580.1190185546875,102.5625,-1.0,-1.0,-1.0,-1.0,604.9761962890625,92.9375,613.2619018554688,116.3125,592.547607421875,112.1875,602.2142944335938,146.5625,600.8333129882812,169.9375,603.59521484375,205.6875,616.0238037109375,143.8125,620.1666870117188,172.6875,614.6428833007812,207.0625,580.1190185546875,84.6875,585.6428833007812,83.3125,-1.0,-1.0,592.547607421875,81.9375
582.8809814453125,87.4375,595.3095092773438,95.6875,582.8809814453125,99.8125,-1.0,-1.0,-1.0,-1.0,604.9761962890625,92.9375,613.2619018554688,116.3125,592.547607421875,112.1875,602.2142944335938,145.1875,600.8333129882812,169.9375,603.59521484375,205.6875,617.40478515625,142.4375,620.1666870117188,174.0625,614.6428833007812,207.0625,580.1190185546875,84.6875,584.2619018554688,83.3125,-1.0,-1.0,592.547607421875,81.9375
582.8809814453125,87.4375,598.0714111328125,94.3125,589.7857055664062,98.4375,-1.0,-1.0,-1.0,-1.0,604.9761962890625,92.9375,613.2619018554688,116.3125,592.547607421875,112.1875,603.59521484375,143.8125,600.8333129882812,169.9375,603.59521484375,205.6875,617.40478515625,139.6875,618.7857055664062,175.4375,616.0238037109375,208.4375,580.1190185546875,84.6875,585.6428833007812,83.3125,-1.0,-1.0,592.547607421875,81.9375
582.8809814453125,87.4375,598.0714111328125,94.3125,589.7857055664062,98.4375,-1.0,-1.0,-1.0,-1.0,604.9761962890625,92.9375,613.2619018554688,116.3125,592.547607421875,112.1875,603.59521484375,143.8125,600.8333129882812,169.9375,603.59521484375,205.6875,617.40478515625,139.6875,618.7857055664062,175.4375,616.0238037109375,208.4375,580.1190185546875,84.6875,585.6428833007812,83.3125,-1.0,-1.0,592.547607421875,81.9375
582.8809814453125,87.4375,596.6904907226562,95.6875,589.7857055664062,98.4375,-1.0,-1.0,-1.0,-1.0,606.3571166992188,94.3125,613.2619018554688,117.6875,592.547607421875,112.1875,603.59521484375,142.4375,600.8333129882812,169.9375,603.59521484375,205.6875,617.40478515625,139.6875,620.1666870117188,174.0625,614.6428833007812,207.0625,580.1190185546875,84.6875,585.6428833007812,83.3125,-1.0,-1.0,592.547607421875,83.3125
582.8809814453125,87.4375,598.0714111328125,95.6875,589.7857055664062,99.8125,-1.0,-1.0,-1.0,-1.0,604.9761962890625,92.9375,613.2619018554688,117.6875,592.547607421875,112.1875,603.59521484375,143.8125,600.8333129882812,168.5625,603.59521484375,205.6875,618.7857055664062,141.0625,620.1666870117188,175.4375,616.0238037109375,208.4375,580.1190185546875,84.6875,585.6428833007812,83.3125,-1.0,-1.0,592.547607421875,83.3125
582.8809814453125,87.4375,596.6904907226562,95.6875,589.7857055664062,99.8125,-1.0,-1.0,-1.0,-1.0,604.9761962890625,92.9375,611.8809814453125,117.6875,592.547607421875,112.1875,603.59521484375,145.1875,600.8333129882812,172.6875,602.2142944335938,205.6875,617.40478515625,142.4375,620.1666870117188,175.4375,614.6428833007812,208.4375,580.1190185546875,84.6875,585.6428833007812,83.3125,-1.0,-1.0,592.547607421875,83.3125
582.8809814453125,87.4375,596.6904907226562,97.0625,589.7857055664062,99.8125,-1.0,-1.0,-1.0,-1.0,606.3571166992188,94.3125,611.8809814453125,117.6875,591.1666870117188,110.8125,603.59521484375,143.8125,600.8333129882812,172.6875,602.2142944335938,207.0625,614.6428833007812,142.4375,618.7857055664062,175.4375,613.2619018554688,208.4375,580.1190185546875,84.6875,585.6428833007812,83.3125,-1.0,-1.0,591.1666870117188,83.3125
581.5,88.8125,598.0714111328125,95.6875,591.1666870117188,99.8125,-1.0,-1.0,-1.0,-1.0,606.3571166992188,94.3125,611.8809814453125,117.6875,591.1666870117188,110.8125,603.59521484375,145.1875,600.8333129882812,171.3125,602.2142944335938,205.6875,617.40478515625,143.8125,620.1666870117188,175.4375,613.2619018554688,208.4375,580.1190185546875,86.0625,584.2619018554688,83.3125,-1.0,-1.0,591.1666870117188,83.3125
581.5,88.8125,598.0714111328125,95.6875,588.40478515625,98.4375,-1.0,-1.0,-1.0,-1.0,606.3571166992188,94.3125,611.8809814453125,117.6875,592.547607421875,110.8125,603.59521484375,143.8125,600.8333129882812,169.9375,602.2142944335938,205.6875,617.40478515625,142.4375,620.1666870117188,174.0625,613.2619018554688,207.0625,578.7380981445312,84.6875,584.2619018554688,83.3125,-1.0,-1.0,591.1666870117188,81.9375
581.5,88.8125,599.452392578125,95.6875,591.1666870117188,98.4375,-1.0,-1.0,-1.0,-1.0,606.3571166992188,94.3125,611.8809814453125,117.6875,591.1666870117188,112.1875,604.9761962890625,145.1875,600.8333129882812,169.9375,602.2142944335938,205.6875,618.7857055664062,142.4375,620.1666870117188,175.4375,613.2619018554688,207.0625,580.1190185546875,86.0625,584.2619018554688,84.6875,-1.0,-1.0,591.1666870117188,83.3125
581.5,90.1875,600.8333129882812,95.6875,592.547607421875,98.4375,-1.0,-1.0,-1.0,-1.0,604.9761962890625,92.9375,611.8809814453125,117.6875,591.1666870117188,112.1875,606.3571166992188,143.8125,600.8333129882812,169.9375,602.2142944335938,205.6875,618.7857055664062,142.4375,620.1666870117188,175.4375,613.2619018554688,207.0625,580.1190185546875,86.0625,582.8809814453125,84.6875,-1.0,-1.0,591.1666870117188,83.3125
581.5,88.8125,598.0714111328125,97.0625,589.7857055664062,98.4375,-1.0,-1.0,-1.0,-1.0,606.3571166992188,94.3125,611.8809814453125,116.3125,591.1666870117188,112.1875,603.59521484375,145.1875,602.2142944335938,168.5625,602.2142944335938,205.6875,618.7857055664062,142.4375,620.1666870117188,174.0625,613.2619018554688,207.0625,580.1190185546875,86.0625,584.2619018554688,84.6875,-1.0,-1.0,592.547607421875,83.3125
581.5,88.8125,600.8333129882812,95.6875,592.547607421875,98.4375,-1.0,-1.0,-1.0,-1.0,606.3571166992188,92.9375,611.8809814453125,116.3125,592.547607421875,112.1875,604.9761962890625,139.6875,602.2142944335938,168.5625,603.59521484375,205.6875,618.7857055664062,139.6875,620.1666870117188,174.0625,613.2619018554688,207.0625,580.1190185546875,86.0625,584.2619018554688,84.6875,-1.0,-1.0,592.547607421875,83.3125
581.5,88.8125,599.452392578125,95.6875,592.547607421875,98.4375,-1.0,-1.0,-1.0,-1.0,604.9761962890625,92.9375,611.8809814453125,116.3125,595.3095092773438,114.9375,604.9761962890625,139.6875,602.2142944335938,168.5625,603.59521484375,205.6875,617.40478515625,141.0625,620.1666870117188,174.0625,613.2619018554688,207.0625,580.1190185546875,86.0625,584.2619018554688,84.6875,-1.0,-1.0,592.547607421875,83.3125
581.5,90.1875,600.8333129882812,94.3125,595.3095092773438,97.0625,-1.0,-1.0,-1.0,-1.0,606.3571166992188,92.9375,610.5,116.3125,592.547607421875,114.9375,603.59521484375,141.0625,600.8333129882812,168.5625,603.59521484375,205.6875,616.0238037109375,141.0625,620.1666870117188,174.0625,613.2619018554688,207.0625,580.1190185546875,86.0625,582.8809814453125,86.0625,-1.0,-1.0,591.1666870117188,83.3125
581.5,88.8125,600.8333129882812,94.3125,595.3095092773438,97.0625,-1.0,-1.0,-1.0,-1.0,604.9761962890625,92.9375,610.5,116.3125,592.547607421875,114.9375,606.3571166992188,135.5625,602.2142944335938,168.5625,603.59521484375,205.6875,611.8809814453125,134.1875,620.1666870117188,174.0625,613.2619018554688,207.0625,580.1190185546875,86.0625,584.2619018554688,84.6875,-1.0,-1.0,591.1666870117188,83.3125
581.5,88.8125,600.8333129882812,94.3125,593.9285888671875,98.4375,-1.0,-1.0,-1.0,-1.0,606.3571166992188,92.9375,610.5,116.3125,592.547607421875,113.5625,604.9761962890625,139.6875,602.2142944335938,168.5625,603.59521484375,204.3125,610.5,134.1875,-1.0,-1.0,-1.0,-1.0,578.7380981445312,86.0625,584.2619018554688,84.6875,-1.0,-1.0,591.1666870117188,84.6875
581.5,88.8125,602.2142944335938,95.6875,595.3095092773438,97.0625,-1.0,-1.0,-1.0,-1.0,604.9761962890625,92.9375,610.5,116.3125,592.547607421875,114.9375,607.7380981445312,134.1875,600.8333129882812,168.5625,603.59521484375,205.6875,618.7857055664062,139.6875,620.1666870117188,174.0625,613.2619018554688,207.0625,578.7380981445312,86.0625,584.2619018554688,84.6875,-1.0,-1.0,591.1666870117188,84.6875
582.8809814453125,88.8125,602.2142944335938,95.6875,593.9285888671875,98.4375,-1.0,-1.0,-1.0,-1.0,604.9761962890625,92.9375,611.8809814453125,116.3125,595.3095092773438,114.9375,607.7380981445312,136.9375,600.8333129882812,168.5625,603.59521484375,205.6875,620.1666870117188,139.6875,620.1666870117188,174.0625,614.6428833007812,207.0625,578.7380981445312,86.0625,584.2619018554688,84.6875,-1.0,-1.0,591.1666870117188,84.6875
581.5,88.8125,599.452392578125,94.3125,592.547607421875,98.4375,-1.0,-1.0,-1.0,-1.0,604.9761962890625,92.9375,611.8809814453125,116.3125,595.3095092773438,114.9375,607.7380981445312,138.3125,600.8333129882812,167.1875,603.59521484375,205.6875,618.7857055664062,142.4375,620.1666870117188,174.0625,614.6428833007812,208.4375,580.1190185546875,86.0625,582.8809814453125,86.0625,-1.0,-1.0,591.1666870117188,84.6875
582.8809814453125,88.8125,589.7857055664062,99.8125,577.3571166992188,105.3125,-1.0,-1.0,-1.0,-1.0,604.9761962890625,92.9375,-1.0,-1.0,-1.0,-1.0,-1.0,-1.0,-1.0,-1.0,-1.0,-1.0,611.8809814453125,136.9375,599.452392578125,167.1875,-1.0,-1.0,578.7380981445312,86.0625,584.2619018554688,86.0625,-1.0,-1.0,591.1666870117188,84.6875
581.5,88.8125,592.547607421875,97.0625,577.3571166992188,105.3125,-1.0,-1.0,-1.0,-1.0,603.59521484375,92.9375,611.8809814453125,114.9375,595.3095092773438,114.9375,587.0238037109375,135.5625,-1.0,-1.0,-1.0,-1.0,618.7857055664062,138.3125,620.1666870117188,174.0625,613.2619018554688,207.0625,578.7380981445312,87.4375,584.2619018554688,86.0625,-1.0,-1.0,591.1666870117188,84.6875
582.8809814453125,88.8125,585.6428833007812,101.1875,577.3571166992188,105.3125,578.7380981445312,125.9375,-1.0,-1.0,602.2142944335938,92.9375,610.5,116.3125,596.6904907226562,116.3125,587.0238037109375,134.1875,-1.0,-1.0,-1.0,-1.0,593.9285888671875,130.0625,-1.0,-1.0,-1.0,-1.0,580.1190185546875,87.4375,584.2619018554688,86.0625,-1.0,-1.0,589.7857055664062,86.0625
581.5,88.8125,591.1666870117188,98.4375,578.7380981445312,103.9375,-1.0,-1.0,-1.0,-1.0,602.2142944335938,94.3125,610.5,114.9375,595.3095092773438,116.3125,588.40478515625,134.1875,-1.0,-1.0,-1.0,-1.0,607.7380981445312,135.5625,598.0714111328125,165.8125,-1.0,-1.0,578.7380981445312,87.4375,582.8809814453125,86.0625,-1.0,-1.0,589.7857055664062,86.0625
581.5,90.1875,591.1666870117188,98.4375,578.7380981445312,102.5625,577.3571166992188,124.5625,-1.0,-1.0,603.59521484375,94.3125,611.8809814453125,116.3125,595.3095092773438,116.3125,588.40478515625,138.3125,-1.0,-1.0,-1.0,-1.0,604.9761962890625,136.9375,-1.0,-1.0,-1.0,-1.0,577.3571166992188,87.4375,582.8809814453125,86.0625,-1.0,-1.0,589.7857055664062,84.6875
578.7380981445312,91.5625,598.0714111328125,95.6875,592.547607421875,98.4375,-1.0,-1.0,-1.0,-1.0,603.59521484375,92.9375,610.5,116.3125,592.547607421875,117.6875,607.7380981445312,138.3125,600.8333129882812,167.1875,603.59521484375,205.6875,620.1666870117188,136.9375,620.1666870117188,171.3125,613.2619018554688,207.0625,577.3571166992188,87.4375,580.1190185546875,86.0625,-1.0,-1.0,588.40478515625,83.3125
