-1.0,-1.0,113.11650848388672,95.44921875,152.49514770507812,98.73828125,175.4660186767578,161.23046875,155.77670288085938,190.83203125,77.01942443847656,92.16015625,60.61164855957031,167.80859375,70.45631408691406,223.72265625,149.21359252929688,220.43359375,109.83495330810547,315.81640625,83.58252716064453,391.46484375,106.55339813232422,223.72265625,129.52427673339844,322.39453125,168.90292358398438,407.91015625,-1.0,-1.0,-1.0,-1.0,129.52427673339844,52.69140625,90.1456298828125,49.40234375
-1.0,-1.0,117.11650848388672,98.73828125,156.49514770507812,102.02734375,179.4660186767578,161.23046875,159.77670288085938,197.41015625,77.73786926269531,95.44921875,67.89320373535156,171.09765625,74.45631408691406,227.01171875,149.93203735351562,220.43359375,113.83495330810547,312.52734375,94.1456298828125,388.17578125,103.99029541015625,223.72265625,130.2427215576172,315.81640625,179.4660186767578,407.91015625,-1.0,-1.0,-1.0,-1.0,133.52427673339844,49.40234375,97.42718505859375,49.40234375
88.30097198486328,55.1015625,124.39806365966797,97.9609375,163.77670288085938,101.2578125,180.18446350097656,163.8984375,163.77670288085938,193.5703125,85.01942443847656,94.6640625,71.89320373535156,167.1953125,75.17475891113281,223.2421875,150.65048217773438,223.2421875,117.83495330810547,315.5546875,98.1456298828125,397.9765625,107.99029541015625,226.5390625,134.2427215576172,318.8515625,186.74757385253906,407.8671875,-1.0,-1.0,91.58252716064453,45.2109375,134.2427215576172,51.8046875,104.708740234375,48.5078125
-1.0,-1.0,128.3980712890625,97.9609375,167.77670288085938,101.2578125,184.18446350097656,167.1953125,164.49514770507812,196.8671875,89.01942443847656,94.6640625,75.89320373535156,167.1953125,82.45631408691406,219.9453125,157.93203735351562,219.9453125,125.11650848388672,318.8515625,105.42718505859375,397.9765625,111.99029541015625,226.5390625,138.2427215576172,322.1484375,194.0291290283203,407.8671875,-1.0,-1.0,-1.0,-1.0,138.2427215576172,51.8046875,108.708740234375,48.5078125
96.30097198486328,45.2109375,132.3980712890625,97.9609375,168.49514770507812,97.9609375,188.18446350097656,163.8984375,161.93203735351562,193.5703125,93.01942443847656,94.6640625,86.45631408691406,160.6015625,86.45631408691406,219.9453125,161.93203735351562,219.9453125,125.83495330810547,318.8515625,115.99029541015625,394.6796875,119.2718505859375,223.2421875,132.3980712890625,322.1484375,191.4660186767578,394.6796875,-1.0,-1.0,102.86407470703125,38.6171875,142.2427215576172,51.8046875,115.99029541015625,45.2109375
100.30097198486328,38.6171875,136.3980712890625,97.9609375,172.49514770507812,97.9609375,192.18446350097656,163.8984375,169.21359252929688,190.2734375,100.30097198486328,94.6640625,90.45631408691406,160.6015625,93.73786926269531,219.9453125,165.93203735351562,223.2421875,136.3980712890625,322.1484375,126.55339813232422,391.3828125,119.99029541015625,223.2421875,129.8349609375,322.1484375,188.90292358398438,391.3828125,-1.0,-1.0,103.58252716064453,35.3203125,146.2427215576172,51.8046875,119.99029541015625,41.9140625
104.30097198486328,41.82421875,140.3980712890625,94.44921875,176.49514770507812,94.44921875,196.18446350097656,160.23046875,176.49514770507812,189.83203125,104.30097198486328,94.44921875,97.73786926269531,156.94140625,101.01942443847656,219.43359375,173.21359252929688,219.43359375,160.08737182617188,311.52734375,133.8349609375,397.04296875,127.2718505859375,222.72265625,127.2718505859375,318.10546875,179.77670288085938,374.01953125,-1.0,-1.0,110.86407470703125,35.24609375,-1.0,-1.0,127.2718505859375,41.82421875
108.30097198486328,41.82421875,144.3980712890625,91.16015625,180.49514770507812,94.44921875,200.18446350097656,156.94140625,183.77670288085938,189.83203125,105.01942443847656,87.87109375,101.73786926269531,160.23046875,105.01942443847656,216.14453125,177.21359252929688,216.14453125,157.52427673339844,311.52734375,164.08737182617188,367.44140625,131.2718505859375,219.43359375,121.42718505859375,308.23828125,173.93203735351562,367.44140625,-1.0,-1.0,114.86407470703125,35.24609375,-1.0,-1.0,131.2718505859375,38.53515625
109.01942443847656,45.11328125,148.3980712890625,87.87109375,184.49514770507812,91.16015625,204.18446350097656,156.94140625,187.77670288085938,183.25390625,115.58252716064453,87.87109375,105.73786926269531,156.94140625,105.73786926269531,212.85546875,181.21359252929688,212.85546875,161.52427673339844,304.94921875,164.8058319091797,364.15234375,138.55340576171875,216.14453125,122.1456298828125,308.23828125,171.36892700195312,367.44140625,-1.0,-1.0,115.58252716064453,35.24609375,-1.0,-1.0,135.2718505859375,38.53515625
115.30097198486328,45.11328125,154.6796112060547,87.87109375,187.49514770507812,91.16015625,203.90292358398438,160.23046875,-1.0,-1.0,121.86407470703125,84.58203125,112.01942443847656,160.23046875,108.73786926269531,216.14453125,184.21359252929688,212.85546875,171.08737182617188,298.37109375,167.8058319091797,367.44140625,138.2718505859375,216.14453125,121.86407470703125,304.94921875,171.08737182617188,370.73046875,-1.0,-1.0,118.58252716064453,35.24609375,-1.0,-1.0,141.55340576171875,38.53515625
118.30097198486328,45.11328125,157.6796112060547,87.87109375,190.49514770507812,87.87109375,210.18446350097656,153.65234375,193.77670288085938,179.96484375,124.86407470703125,84.58203125,118.30097198486328,160.23046875,115.01942443847656,212.85546875,190.49514770507812,212.85546875,174.08737182617188,298.37109375,177.36892700195312,374.01953125,144.55340576171875,216.14453125,124.86407470703125,301.66015625,170.8058319091797,374.01953125,-1.0,-1.0,124.86407470703125,35.24609375,-1.0,-1.0,144.55340576171875,38.53515625
118.01942443847656,45.11328125,160.6796112060547,87.87109375,193.49514770507812,87.87109375,216.4660186767578,153.65234375,200.05825805664062,179.96484375,127.86407470703125,87.87109375,118.01942443847656,163.51953125,121.30097198486328,216.14453125,193.49514770507812,216.14453125,186.93203735351562,301.66015625,183.65048217773438,387.17578125,147.55340576171875,219.43359375,124.58252716064453,301.66015625,167.2427215576172,383.88671875,-1.0,-1.0,127.86407470703125,35.24609375,-1.0,-1.0,150.8349609375,38.53515625
124.5631103515625,45.11328125,167.47572326660156,87.87109375,197.18446350097656,87.87109375,220.291259765625,153.65234375,207.08737182617188,183.25390625,131.1650390625,87.87109375,124.5631103515625,160.23046875,124.5631103515625,216.14453125,197.18446350097656,212.85546875,187.28155517578125,304.94921875,190.58251953125,390.46484375,154.2718505859375,216.14453125,131.1650390625,301.66015625,157.57281494140625,387.17578125,-1.0,-1.0,131.1650390625,38.53515625,-1.0,-1.0,154.2718505859375,41.82421875
127.5631103515625,46.11328125,170.47572326660156,88.87109375,200.18446350097656,88.87109375,223.291259765625,154.65234375,206.78640747070312,184.25390625,137.4660186767578,88.87109375,127.5631103515625,161.23046875,127.5631103515625,217.14453125,200.18446350097656,217.14453125,193.58251953125,305.94921875,196.88348388671875,391.46484375,153.9708709716797,220.43359375,134.1650390625,305.94921875,153.9708709716797,394.75390625,-1.0,-1.0,134.1650390625,39.53515625,-1.0,-1.0,157.2718505859375,42.82421875
130.5631103515625,49.40234375,173.47572326660156,88.87109375,206.48544311523438,88.87109375,226.291259765625,154.65234375,206.48544311523438,187.54296875,140.4660186767578,88.87109375,130.5631103515625,161.23046875,130.5631103515625,217.14453125,206.48544311523438,217.14453125,199.88348388671875,305.94921875,203.18446350097656,394.75390625,160.2718505859375,217.14453125,140.4660186767578,302.66015625,147.06796264648438,398.04296875,-1.0,-1.0,137.1650390625,39.53515625,-1.0,-1.0,163.57281494140625,42.82421875
133.5631103515625,49.40234375,179.77670288085938,92.16015625,209.48544311523438,92.16015625,229.291259765625,157.94140625,209.48544311523438,187.54296875,146.76699829101562,92.16015625,133.5631103515625,164.51953125,133.5631103515625,223.72265625,209.48544311523438,217.14453125,209.48544311523438,302.66015625,212.78640747070312,391.46484375,163.2718505859375,217.14453125,146.76699829101562,309.23828125,143.4660186767578,398.04296875,-1.0,-1.0,140.1650390625,42.82421875,-1.0,-1.0,163.2718505859375,42.82421875
133.2621307373047,52.69140625,182.77670288085938,95.44921875,212.48544311523438,95.44921875,232.291259765625,157.94140625,235.59222412109375,190.83203125,149.76699829101562,92.16015625,139.86407470703125,164.51953125,136.5631103515625,220.43359375,215.78640747070312,213.85546875,215.78640747070312,305.94921875,222.3883514404297,394.75390625,166.2718505859375,220.43359375,153.06796264648438,309.23828125,136.5631103515625,394.75390625,-1.0,-1.0,143.1650390625,42.82421875,-1.0,-1.0,166.2718505859375,46.11328125
136.2621307373047,52.69140625,182.47572326660156,95.44921875,215.48544311523438,98.73828125,235.291259765625,164.51953125,235.291259765625,200.69921875,149.4660186767578,95.44921875,142.86407470703125,164.51953125,139.5631103515625,213.85546875,218.78640747070312,217.14453125,222.08737182617188,302.66015625,228.68931579589844,391.46484375,169.2718505859375,220.43359375,156.06796264648438,309.23828125,136.2621307373047,391.46484375,-1.0,-1.0,146.1650390625,46.11328125,-1.0,-1.0,165.9708709716797,49.40234375
139.2621307373047,55.98046875,185.47572326660156,98.73828125,215.18446350097656,95.44921875,234.99029541015625,157.94140625,238.291259765625,197.41015625,152.4660186767578,98.73828125,145.86407470703125,164.51953125,139.2621307373047,217.14453125,221.78640747070312,217.14453125,221.78640747070312,305.94921875,234.99029541015625,391.46484375,172.2718505859375,220.43359375,159.06796264648438,309.23828125,139.2621307373047,388.17578125,-1.0,-1.0,149.1650390625,46.11328125,-1.0,-1.0,168.9708709716797,49.40234375
142.2621307373047,55.98046875,188.47572326660156,98.73828125,218.18446350097656,98.73828125,241.291259765625,161.23046875,221.48544311523438,197.41015625,155.4660186767578,98.73828125,148.86407470703125,167.80859375,142.2621307373047,223.72265625,221.48544311523438,217.14453125,224.78640747070312,305.94921875,244.59222412109375,391.46484375,171.9708709716797,223.72265625,158.76699829101562,312.52734375,148.86407470703125,391.46484375,-1.0,-1.0,148.86407470703125,49.40234375,-1.0,-1.0,171.9708709716797,52.69140625
145.2621307373047,59.26953125,191.47572326660156,98.73828125,221.18446350097656,98.73828125,240.99029541015625,161.23046875,227.78640747070312,200.69921875,158.4660186767578,98.73828125,148.5631103515625,167.80859375,148.5631103515625,220.43359375,221.18446350097656,220.43359375,227.78640747070312,305.94921875,250.89320373535156,391.46484375,174.9708709716797,223.72265625,165.06796264648438,312.52734375,158.4660186767578,394.75390625,-1.0,-1.0,151.86407470703125,49.40234375,-1.0,-1.0,174.9708709716797,52.69140625
147.2621307373047,59.26953125,193.47572326660156,98.73828125,223.18446350097656,98.73828125,242.99029541015625,161.23046875,233.08737182617188,197.41015625,160.4660186767578,98.73828125,150.5631103515625,171.09765625,147.2621307373047,217.14453125,223.18446350097656,220.43359375,229.78640747070312,302.66015625,256.19415283203125,391.46484375,173.66989135742188,223.72265625,167.06796264648438,312.52734375,160.4660186767578,394.75390625,-1.0,-1.0,153.86407470703125,49.40234375,-1.0,-1.0,176.9708709716797,52.69140625
149.01942443847656,55.98046875,194.96116638183594,98.73828125,224.49514770507812,98.73828125,244.18446350097656,157.94140625,231.05825805664062,197.41015625,162.1456298828125,95.44921875,149.01942443847656,167.80859375,149.01942443847656,213.85546875,224.49514770507812,217.14453125,227.77670288085938,302.66015625,260.59222412109375,381.59765625,175.2718505859375,223.72265625,168.708740234375,312.52734375,165.42718505859375,398.04296875,-1.0,-1.0,155.58251953125,49.40234375,-1.0,-1.0,175.2718505859375,52.69140625
153.5631103515625,55.98046875,196.47572326660156,95.44921875,229.48544311523438,95.44921875,249.291259765625,157.94140625,232.78640747070312,190.83203125,160.1650390625,95.44921875,150.2621307373047,167.80859375,150.2621307373047,213.85546875,226.18446350097656,217.14453125,229.48544311523438,302.66015625,262.4951477050781,378.30859375,176.66989135742188,223.72265625,173.36892700195312,312.52734375,176.66989135742188,398.04296875,-1.0,-1.0,156.86407470703125,49.40234375,-1.0,-1.0,179.9708709716797,49.40234375
155.5631103515625,55.98046875,198.47572326660156,95.44921875,231.48544311523438,95.44921875,247.99029541015625,157.94140625,234.78640747070312,187.54296875,162.1650390625,95.44921875,148.96116638183594,164.51953125,155.5631103515625,217.14453125,228.18446350097656,213.85546875,231.48544311523438,302.66015625,264.4951477050781,368.44140625,178.66989135742188,220.43359375,175.36892700195312,312.52734375,181.9708709716797,398.04296875,-1.0,-1.0,158.86407470703125,46.11328125,-1.0,-1.0,181.9708709716797,49.40234375
157.30096435546875,55.98046875,199.96116638183594,95.44921875,232.77670288085938,95.44921875,249.18446350097656,157.94140625,232.77670288085938,184.25390625,163.86407470703125,92.16015625,147.45631408691406,164.51953125,157.30096435546875,217.14453125,226.21359252929688,217.14453125,226.21359252929688,299.37109375,259.02911376953125,365.15234375,180.2718505859375,220.43359375,180.2718505859375,312.52734375,190.11651611328125,394.75390625,-1.0,-1.0,163.86407470703125,46.11328125,-1.0,-1.0,183.55340576171875,49.40234375
158.5631103515625,52.69140625,201.47572326660156,92.16015625,234.48544311523438,92.16015625,254.291259765625,154.65234375,237.78640747070312,197.41015625,165.1650390625,92.16015625,148.66018676757812,164.51953125,158.5631103515625,213.85546875,231.18446350097656,210.56640625,224.58251953125,296.08203125,257.59222412109375,358.57421875,184.9708709716797,217.14453125,184.9708709716797,309.23828125,194.873779296875,398.04296875,-1.0,-1.0,165.1650390625,42.82421875,-1.0,-1.0,188.2718505859375,49.40234375
160.5631103515625,49.40234375,203.47572326660156,92.16015625,236.48544311523438,92.16015625,256.291259765625,154.65234375,239.78640747070312,187.54296875,167.1650390625,92.16015625,150.66018676757812,164.51953125,160.5631103515625,210.56640625,233.18446350097656,213.85546875,223.28155517578125,296.08203125,252.99029541015625,355.28515625,186.9708709716797,217.14453125,190.2718505859375,305.94921875,203.47572326660156,394.75390625,-1.0,-1.0,167.1650390625,42.82421875,-1.0,-1.0,186.9708709716797,46.11328125
162.13461303710938,49.296875,204.63461303710938,91.953125,237.32693481445312,91.953125,260.2115478515625,151.015625,237.32693481445312,183.828125,165.40383911132812,91.953125,152.32691955566406,164.140625,162.13461303710938,213.359375,234.0576934814453,210.078125,220.98077392578125,292.109375,247.13461303710938,354.453125,188.2884521484375,213.359375,194.82693481445312,305.234375,207.90383911132812,393.828125,-1.0,-1.0,168.67308044433594,39.453125,-1.0,-1.0,188.2884521484375,46.015625
166.40383911132812,49.296875,205.63461303710938,91.953125,238.32693481445312,91.953125,261.2115478515625,151.015625,241.59616088867188,180.546875,169.67308044433594,91.953125,153.32691955566406,164.140625,163.13461303710938,210.078125,235.0576934814453,210.078125,221.98077392578125,292.109375,244.86538696289062,361.015625,192.5576934814453,213.359375,199.09616088867188,301.953125,215.4423065185547,390.546875,-1.0,-1.0,169.67308044433594,39.453125,-1.0,-1.0,189.2884521484375,46.015625
168.40383911132812,49.296875,207.63461303710938,91.953125,240.32693481445312,91.953125,263.2115478515625,147.734375,246.86538696289062,180.546875,168.40383911132812,91.953125,158.59616088867188,160.859375,161.86538696289062,203.515625,237.0576934814453,206.796875,223.98077392578125,292.109375,240.32693481445312,367.578125,194.5576934814453,213.359375,204.36538696289062,301.953125,223.98077392578125,390.546875,-1.0,-1.0,171.67308044433594,42.734375,-1.0,-1.0,194.5576934814453,46.015625
170.40383911132812,49.296875,209.63461303710938,95.234375,242.32693481445312,91.953125,265.2115478515625,154.296875,245.59616088867188,180.546875,170.40383911132812,95.234375,160.59616088867188,164.140625,167.13461303710938,210.078125,239.0576934814453,210.078125,225.98077392578125,298.671875,232.51922607421875,377.421875,196.5576934814453,216.640625,209.63461303710938,305.234375,229.25,393.828125,-1.0,-1.0,173.67308044433594,42.734375,-1.0,-1.0,196.5576934814453,46.015625
172.40383911132812,52.578125,211.63461303710938,95.234375,244.32693481445312,95.234375,267.2115478515625,154.296875,250.86538696289062,183.828125,175.67308044433594,95.234375,162.59616088867188,160.859375,165.86538696289062,206.796875,241.0576934814453,210.078125,224.7115478515625,298.671875,224.7115478515625,377.421875,198.5576934814453,213.359375,211.63461303710938,305.234375,234.51922607421875,390.546875,-1.0,-1.0,175.67308044433594,46.015625,-1.0,-1.0,198.5576934814453,49.296875
174.40383911132812,55.859375,213.63461303710938,95.234375,246.32693481445312,95.234375,269.2115478515625,154.296875,249.59616088867188,183.828125,177.67308044433594,95.234375,164.59616088867188,160.859375,167.86538696289062,206.796875,243.0576934814453,213.359375,226.7115478515625,298.671875,220.17308044433594,377.421875,200.5576934814453,213.359375,216.90383911132812,305.234375,239.78846740722656,390.546875,-1.0,-1.0,177.67308044433594,46.015625,-1.0,-1.0,200.5576934814453,49.296875
176.40383911132812,55.859375,215.63461303710938,98.515625,248.32693481445312,98.515625,271.2115478515625,154.296875,251.59616088867188,187.109375,179.67308044433594,98.515625,166.59616088867188,170.703125,176.40383911132812,219.921875,245.0576934814453,216.640625,222.17308044433594,308.515625,209.09616088867188,370.859375,202.5576934814453,216.640625,218.90383911132812,308.515625,245.0576934814453,393.828125,-1.0,-1.0,179.67308044433594,49.296875,-1.0,-1.0,202.5576934814453,52.578125
178.58251953125,58.26953125,217.96116638183594,101.02734375,250.77670288085938,101.02734375,273.74755859375,156.94140625,257.3398132324219,189.83203125,181.86407470703125,97.73828125,168.7378692626953,166.80859375,175.30096435546875,209.56640625,247.49514770507812,216.14453125,221.2427215576172,308.23828125,204.8349609375,367.44140625,204.8349609375,216.14453125,221.2427215576172,304.94921875,250.77670288085938,390.46484375,-1.0,-1.0,181.86407470703125,51.69140625,-1.0,-1.0,204.8349609375,54.98046875
180.58251953125,58.26953125,219.96116638183594,101.02734375,252.77670288085938,101.02734375,275.74755859375,156.94140625,259.3398132324219,189.83203125,183.86407470703125,101.02734375,170.7378692626953,166.80859375,177.30096435546875,209.56640625,249.49514770507812,216.14453125,223.2427215576172,304.94921875,203.55340576171875,364.15234375,206.8349609375,219.43359375,223.2427215576172,304.94921875,256.0582580566406,390.46484375,-1.0,-1.0,187.1456298828125,51.69140625,-1.0,-1.0,206.8349609375,54.98046875
182.58251953125,61.55859375,221.96116638183594,101.02734375,254.77670288085938,101.02734375,277.74755859375,160.23046875,258.0582580566406,193.12109375,185.86407470703125,101.02734375,172.7378692626953,170.09765625,179.30096435546875,212.85546875,251.49514770507812,216.14453125,225.2427215576172,301.66015625,208.8349609375,364.15234375,208.8349609375,219.43359375,225.2427215576172,301.66015625,261.3398132324219,390.46484375,-1.0,-1.0,189.1456298828125,51.69140625,-1.0,-1.0,208.8349609375,58.26953125
187.86407470703125,61.55859375,223.96116638183594,104.31640625,256.7767028808594,104.31640625,276.46600341796875,163.51953125,256.7767028808594,193.12109375,187.86407470703125,101.02734375,174.7378692626953,170.09765625,181.30096435546875,212.85546875,250.21359252929688,219.43359375,223.96116638183594,304.94921875,210.8349609375,364.15234375,210.8349609375,222.72265625,227.2427215576172,304.94921875,266.6213684082031,387.17578125,-1.0,-1.0,191.1456298828125,54.98046875,-1.0,-1.0,210.8349609375,58.26953125
189.86407470703125,61.55859375,225.96116638183594,104.31640625,258.7767028808594,104.31640625,278.46600341796875,163.51953125,258.7767028808594,193.12109375,189.86407470703125,101.02734375,176.7378692626953,173.38671875,183.30096435546875,216.14453125,252.21359252929688,219.43359375,225.96116638183594,304.94921875,212.8349609375,367.44140625,209.55340576171875,219.43359375,225.96116638183594,304.94921875,265.3398132324219,383.88671875,-1.0,-1.0,193.1456298828125,54.98046875,-1.0,-1.0,212.8349609375,58.26953125
191.86407470703125,58.26953125,224.6796112060547,101.02734375,260.7767028808594,104.31640625,280.46600341796875,160.23046875,257.4951477050781,186.54296875,191.86407470703125,101.02734375,178.7378692626953,170.09765625,182.01942443847656,212.85546875,250.93203735351562,219.43359375,227.96116638183594,304.94921875,218.11651611328125,374.01953125,211.55340576171875,219.43359375,224.6796112060547,304.94921875,267.3398132324219,383.88671875,-1.0,-1.0,195.1456298828125,51.69140625,-1.0,-1.0,214.8349609375,58.26953125
193.86407470703125,58.26953125,226.6796112060547,101.02734375,262.7767028808594,104.31640625,282.46600341796875,160.23046875,262.7767028808594,186.54296875,193.86407470703125,97.73828125,180.7378692626953,166.80859375,184.01942443847656,212.85546875,256.2135925292969,216.14453125,226.6796112060547,308.23828125,223.3980712890625,374.01953125,210.2718505859375,219.43359375,223.3980712890625,308.23828125,262.7767028808594,377.30859375,-1.0,-1.0,197.1456298828125,51.69140625,-1.0,-1.0,216.8349609375,54.98046875
195.86407470703125,58.26953125,228.6796112060547,101.02734375,261.4951477050781,101.02734375,284.46600341796875,156.94140625,268.0582580566406,186.54296875,195.86407470703125,97.73828125,182.7378692626953,166.80859375,186.01942443847656,212.85546875,258.2135925292969,216.14453125,238.52427673339844,295.08203125,225.3980712890625,374.01953125,215.55340576171875,219.43359375,218.8349609375,301.66015625,261.4951477050781,367.44140625,-1.0,-1.0,199.1456298828125,51.69140625,-1.0,-1.0,215.55340576171875,54.98046875
197.86407470703125,58.26953125,230.6796112060547,97.73828125,263.4951477050781,101.02734375,286.46600341796875,156.94140625,270.0582580566406,186.54296875,197.86407470703125,97.73828125,184.7378692626953,163.51953125,188.01942443847656,212.85546875,256.9320373535156,212.85546875,243.8058319091797,291.79296875,243.8058319091797,360.86328125,217.55340576171875,216.14453125,214.2718505859375,298.37109375,253.65048217773438,360.86328125,-1.0,-1.0,201.1456298828125,51.69140625,-1.0,-1.0,217.55340576171875,54.98046875
196.58251953125,58.26953125,232.6796112060547,97.73828125,265.4951477050781,101.02734375,285.1844482421875,153.65234375,278.6213684082031,189.83203125,196.58251953125,97.73828125,183.45631408691406,163.51953125,190.01942443847656,212.85546875,262.2135925292969,209.56640625,242.52427673339844,291.79296875,245.8058319091797,357.57421875,219.55340576171875,212.85546875,209.708740234375,298.37109375,249.08737182617188,354.28515625,-1.0,-1.0,199.86407470703125,51.69140625,-1.0,-1.0,219.55340576171875,51.69140625
197.40383911132812,58.140625,233.36538696289062,97.515625,266.05767822265625,97.515625,285.673095703125,153.296875,279.1346130371094,186.109375,197.40383911132812,97.515625,184.32691955566406,163.140625,194.13461303710938,212.359375,262.7884521484375,209.078125,246.4423065185547,291.109375,246.4423065185547,356.734375,220.2884521484375,212.359375,207.2115478515625,294.390625,246.4423065185547,360.015625,-1.0,-1.0,200.67308044433594,51.578125,-1.0,-1.0,220.2884521484375,51.578125
199.40383911132812,58.140625,235.36538696289062,97.515625,268.05767822265625,97.515625,287.673095703125,153.296875,284.40386962890625,186.109375,199.40383911132812,94.234375,186.32691955566406,159.859375,196.13461303710938,209.078125,264.7884521484375,209.078125,251.7115478515625,287.828125,248.4423065185547,360.015625,219.01922607421875,212.359375,205.9423065185547,294.390625,245.17308044433594,363.296875,-1.0,-1.0,202.67308044433594,51.578125,-1.0,-1.0,219.01922607421875,51.578125
199.40383911132812,58.140625,235.36538696289062,97.515625,268.05767822265625,97.515625,287.673095703125,153.296875,290.94232177734375,182.828125,202.67308044433594,94.234375,186.32691955566406,159.859375,196.13461303710938,209.078125,264.7884521484375,209.078125,254.98077392578125,287.828125,248.4423065185547,366.578125,222.2884521484375,212.359375,205.9423065185547,291.109375,238.63461303710938,360.015625,-1.0,-1.0,202.67308044433594,51.578125,-1.0,-1.0,219.01922607421875,51.578125
199.40383911132812,58.140625,238.63461303710938,97.515625,271.3269348144531,97.515625,290.94232177734375,156.578125,294.2115478515625,182.828125,202.67308044433594,94.234375,189.59616088867188,159.859375,196.13461303710938,205.796875,264.7884521484375,209.078125,258.25,297.671875,251.7115478515625,373.140625,219.01922607421875,212.359375,209.2115478515625,291.109375,232.09616088867188,369.859375,-1.0,-1.0,202.67308044433594,51.578125,-1.0,-1.0,222.2884521484375,51.578125
199.40383911132812,58.140625,235.36538696289062,97.515625,271.3269348144531,97.515625,290.94232177734375,156.578125,287.673095703125,186.109375,202.67308044433594,94.234375,189.59616088867188,163.140625,196.13461303710938,205.796875,268.05767822265625,209.078125,258.25,297.671875,254.98077392578125,382.984375,222.2884521484375,212.359375,209.2115478515625,294.390625,228.82693481445312,373.140625,-1.0,-1.0,202.67308044433594,51.578125,-1.0,-1.0,222.2884521484375,51.578125
202.67308044433594,58.140625,235.36538696289062,97.515625,271.3269348144531,97.515625,290.94232177734375,156.578125,287.673095703125,192.671875,202.67308044433594,97.515625,186.32691955566406,166.421875,196.13461303710938,212.359375,268.05767822265625,212.359375,261.51922607421875,297.671875,258.25,379.703125,219.01922607421875,215.640625,212.48077392578125,294.390625,222.2884521484375,376.421875,-1.0,-1.0,202.67308044433594,51.578125,-1.0,-1.0,222.2884521484375,54.859375
202.67308044433594,61.421875,238.63461303710938,97.515625,271.3269348144531,100.796875,290.94232177734375,156.578125,281.1346130371094,195.953125,202.67308044433594,97.515625,186.32691955566406,163.140625,196.13461303710938,212.359375,268.05767822265625,215.640625,261.51922607421875,300.953125,261.51922607421875,382.984375,219.01922607421875,215.640625,212.48077392578125,297.671875,215.75,379.703125,-1.0,-1.0,205.9423065185547,51.578125,-1.0,-1.0,222.2884521484375,54.859375
202.67308044433594,61.421875,238.63461303710938,100.796875,271.3269348144531,100.796875,290.94232177734375,156.578125,277.8653869628906,189.390625,202.67308044433594,97.515625,189.59616088867188,163.140625,192.86538696289062,215.640625,268.05767822265625,215.640625,264.7884521484375,300.953125,264.7884521484375,382.984375,222.2884521484375,218.921875,215.75,300.953125,212.48077392578125,379.703125,-1.0,-1.0,205.9423065185547,51.578125,-1.0,-1.0,222.2884521484375,54.859375
202.67308044433594,61.421875,238.63461303710938,100.796875,271.3269348144531,100.796875,290.94232177734375,159.859375,277.8653869628906,189.390625,202.67308044433594,100.796875,189.59616088867188,166.421875,196.13461303710938,215.640625,268.05767822265625,215.640625,268.05767822265625,297.671875,268.05767822265625,382.984375,222.2884521484375,215.640625,219.01922607421875,297.671875,212.48077392578125,373.140625,-1.0,-1.0,205.9423065185547,54.859375,-1.0,-1.0,222.2884521484375,58.140625
202.67308044433594,64.703125,238.63461303710938,100.796875,271.3269348144531,100.796875,290.94232177734375,163.140625,271.3269348144531,189.390625,202.67308044433594,100.796875,192.86538696289062,169.703125,196.13461303710938,218.921875,271.3269348144531,215.640625,268.05767822265625,297.671875,271.3269348144531,382.984375,222.2884521484375,215.640625,219.01922607421875,294.390625,212.48077392578125,369.859375,-1.0,-1.0,205.9423065185547,54.859375,-1.0,-1.0,222.2884521484375,58.140625
202.67308044433594,64.703125,238.63461303710938,104.078125,271.3269348144531,104.078125,290.94232177734375,159.859375,274.5961608886719,189.390625,202.67308044433594,104.078125,192.86538696289062,169.703125,196.13461303710938,218.921875,271.3269348144531,215.640625,271.3269348144531,294.390625,274.5961608886719,379.703125,225.5576934814453,218.921875,219.01922607421875,297.671875,215.75,366.578125,-1.0,-1.0,205.9423065185547,58.140625,-1.0,-1.0,222.2884521484375,61.421875
202.67308044433594,67.984375,238.63461303710938,104.078125,271.3269348144531,104.078125,294.2115478515625,163.140625,284.40386962890625,195.953125,202.67308044433594,104.078125,192.86538696289062,169.703125,199.40383911132812,215.640625,271.3269348144531,215.640625,271.3269348144531,294.390625,277.8653869628906,379.703125,225.5576934814453,218.921875,222.2884521484375,297.671875,222.2884521484375,369.859375,-1.0,-1.0,205.9423065185547,58.140625,-1.0,-1.0,225.5576934814453,61.421875
202.67308044433594,67.984375,238.63461303710938,104.078125,271.3269348144531,104.078125,294.2115478515625,163.140625,290.94232177734375,199.234375,202.67308044433594,107.359375,192.86538696289062,169.703125,202.67308044433594,212.359375,271.3269348144531,218.921875,271.3269348144531,294.390625,284.40386962890625,379.703125,225.5576934814453,222.203125,225.5576934814453,300.953125,225.5576934814453,376.421875,-1.0,-1.0,205.9423065185547,61.421875,-1.0,-1.0,222.2884521484375,61.421875
202.67308044433594,67.984375,238.63461303710938,107.359375,274.5961608886719,104.078125,294.2115478515625,163.140625,294.2115478515625,199.234375,205.9423065185547,107.359375,192.86538696289062,169.703125,202.67308044433594,209.078125,271.3269348144531,218.921875,274.5961608886719,294.390625,287.673095703125,373.140625,225.5576934814453,222.203125,225.5576934814453,300.953125,228.82693481445312,376.421875,-1.0,-1.0,205.9423065185547,58.140625,-1.0,-1.0,225.5576934814453,61.421875
205.9423065185547,67.984375,241.90383911132812,104.078125,274.5961608886719,104.078125,294.2115478515625,159.859375,294.2115478515625,195.953125,205.9423065185547,107.359375,192.86538696289062,166.421875,205.9423065185547,205.796875,271.3269348144531,215.640625,274.5961608886719,294.390625,290.94232177734375,366.578125,225.5576934814453,218.921875,225.5576934814453,300.953125,228.82693481445312,376.421875,-1.0,-1.0,205.9423065185547,58.140625,-1.0,-1.0,225.5576934814453,61.421875
205.9423065185547,64.703125,241.90383911132812,104.078125,274.5961608886719,100.796875,294.2115478515625,156.578125,294.2115478515625,195.953125,205.9423065185547,104.078125,192.86538696289062,166.421875,202.67308044433594,209.078125,271.3269348144531,212.359375,274.5961608886719,291.109375,290.94232177734375,360.015625,225.5576934814453,215.640625,228.82693481445312,300.953125,235.36538696289062,373.140625,-1.0,-1.0,209.2115478515625,58.140625,-1.0,-1.0,225.5576934814453,61.421875
205.9423065185547,61.421875,241.90383911132812,100.796875,277.8653869628906,100.796875,297.48077392578125,156.578125,294.2115478515625,202.515625,205.9423065185547,104.078125,192.86538696289062,166.421875,202.67308044433594,209.078125,274.5961608886719,212.359375,274.5961608886719,294.390625,294.2115478515625,353.453125,225.5576934814453,215.640625,232.09616088867188,304.234375,241.90383911132812,376.421875,-1.0,-1.0,212.48077392578125,54.859375,-1.0,-1.0,228.82693481445312,58.140625
209.2115478515625,61.421875,245.17308044433594,100.796875,281.1346130371094,100.796875,300.75,159.859375,297.48077392578125,195.953125,209.2115478515625,104.078125,189.59616088867188,166.421875,205.9423065185547,205.796875,274.5961608886719,212.359375,274.5961608886719,291.109375,294.2115478515625,350.171875,225.5576934814453,215.640625,235.36538696289062,304.234375,245.17308044433594,376.421875,-1.0,-1.0,212.48077392578125,54.859375,-1.0,-1.0,228.82693481445312,58.140625
209.2115478515625,61.421875,245.17308044433594,100.796875,281.1346130371094,97.515625,300.75,156.578125,300.75,195.953125,209.2115478515625,100.796875,192.86538696289062,163.140625,205.9423065185547,205.796875,274.5961608886719,209.078125,274.5961608886719,284.546875,294.2115478515625,343.609375,228.82693481445312,215.640625,238.63461303710938,297.671875,248.4423065185547,376.421875,-1.0,-1.0,215.75,51.578125,-1.0,-1.0,228.82693481445312,54.859375
209.2115478515625,61.421875,245.17308044433594,100.796875,281.1346130371094,97.515625,304.01922607421875,156.578125,297.48077392578125,192.671875,209.2115478515625,100.796875,192.86538696289062,166.421875,205.9423065185547,205.796875,274.5961608886719,209.078125,274.5961608886719,284.546875,294.2115478515625,346.890625,228.82693481445312,212.359375,238.63461303710938,297.671875,251.7115478515625,376.421875,-1.0,-1.0,215.75,51.578125,-1.0,-1.0,228.82693481445312,54.859375
212.48077392578125,58.140625,245.17308044433594,100.796875,281.1346130371094,97.515625,304.01922607421875,156.578125,290.94232177734375,186.109375,205.9423065185547,100.796875,192.86538696289062,166.421875,205.9423065185547,205.796875,277.8653869628906,209.078125,274.5961608886719,284.546875,290.94232177734375,353.453125,228.82693481445312,212.359375,241.90383911132812,297.671875,254.98077392578125,376.421875,-1.0,-1.0,215.75,51.578125,-1.0,-1.0,228.82693481445312,54.859375
212.48077392578125,58.140625,245.17308044433594,100.796875,281.1346130371094,97.515625,304.01922607421875,153.296875,294.2115478515625,192.671875,205.9423065185547,100.796875,196.13461303710938,166.421875,205.9423065185547,205.796875,277.8653869628906,209.078125,274.5961608886719,284.546875,287.673095703125,356.734375,228.82693481445312,212.359375,245.17308044433594,297.671875,258.25,379.703125,-1.0,-1.0,215.75,51.578125,-1.0,-1.0,228.82693481445312,54.859375
212.48077392578125,58.140625,245.17308044433594,100.796875,281.1346130371094,97.515625,304.01922607421875,153.296875,294.2115478515625,192.671875,205.9423065185547,104.078125,196.13461303710938,169.703125,202.67308044433594,215.640625,274.5961608886719,209.078125,274.5961608886719,287.828125,284.40386962890625,360.015625,228.82693481445312,212.359375,245.17308044433594,297.671875,264.7884521484375,382.984375,-1.0,-1.0,215.75,51.578125,251.7115478515625,61.421875,228.82693481445312,54.859375
212.48077392578125,58.140625,245.17308044433594,100.796875,281.1346130371094,100.796875,304.01922607421875,156.578125,294.2115478515625,189.390625,205.9423065185547,100.796875,192.86538696289062,166.421875,199.40383911132812,212.359375,274.5961608886719,212.359375,271.3269348144531,287.828125,281.1346130371094,356.734375,232.09616088867188,215.640625,248.4423065185547,297.671875,264.7884521484375,386.265625,-1.0,-1.0,215.75,51.578125,251.7115478515625,61.421875,228.82693481445312,58.140625
212.48077392578125,58.140625,245.17308044433594,100.796875,281.1346130371094,100.796875,304.01922607421875,159.859375,290.94232177734375,189.390625,209.2115478515625,104.078125,196.13461303710938,169.703125,202.67308044433594,215.640625,274.5961608886719,212.359375,271.3269348144531,287.828125,281.1346130371094,346.890625,232.09616088867188,218.921875,248.4423065185547,300.953125,268.05767822265625,386.265625,-1.0,-1.0,215.75,51.578125,248.4423065185547,61.421875,228.82693481445312,58.140625
212.48077392578125,58.140625,245.17308044433594,104.078125,281.1346130371094,104.078125,304.01922607421875,159.859375,294.2115478515625,192.671875,205.9423065185547,104.078125,192.86538696289062,169.703125,202.67308044433594,218.921875,274.5961608886719,215.640625,271.3269348144531,287.828125,281.1346130371094,323.921875,228.82693481445312,218.921875,248.4423065185547,300.953125,268.05767822265625,382.984375,-1.0,-1.0,215.75,51.578125,251.7115478515625,61.421875,225.5576934814453,58.140625
213.06796264648438,64.84765625,246.07766723632812,104.31640625,282.38836669921875,104.31640625,305.4951477050781,160.23046875,292.291259765625,196.41015625,206.4660186767578,107.60546875,196.5631103515625,170.09765625,203.1650390625,216.14453125,275.7864074707031,216.14453125,265.88348388671875,291.79296875,259.28155517578125,374.01953125,229.57281494140625,219.43359375,249.37863159179688,298.37109375,269.1844482421875,380.59765625,-1.0,-1.0,216.36892700195312,54.98046875,252.6796112060547,61.55859375,226.2718505859375,61.55859375
213.06796264648438,68.13671875,246.07766723632812,107.60546875,279.0873718261719,104.31640625,302.19415283203125,160.23046875,295.59222412109375,199.69921875,206.4660186767578,107.60546875,196.5631103515625,173.38671875,206.4660186767578,212.85546875,272.4854431152344,219.43359375,259.28155517578125,298.37109375,249.37863159179688,364.15234375,232.873779296875,219.43359375,249.37863159179688,298.37109375,275.7864074707031,383.88671875,-1.0,-1.0,216.36892700195312,58.26953125,252.6796112060547,64.84765625,226.2718505859375,61.55859375
212.708740234375,64.84765625,242.2427215576172,107.60546875,278.3398132324219,104.31640625,301.3106689453125,160.23046875,288.1844482421875,199.69921875,206.1456298828125,110.89453125,196.30096435546875,176.67578125,206.1456298828125,216.14453125,271.7767028808594,219.43359375,255.36892700195312,298.37109375,245.52427673339844,364.15234375,232.3980712890625,219.43359375,248.8058319091797,298.37109375,275.0582580566406,383.88671875,-1.0,-1.0,215.99029541015625,58.26953125,248.8058319091797,64.84765625,225.8349609375,64.84765625
212.708740234375,64.84765625,242.2427215576172,107.60546875,278.3398132324219,104.31640625,301.3106689453125,160.23046875,288.1844482421875,199.69921875,206.1456298828125,110.89453125,196.30096435546875,176.67578125,206.1456298828125,216.14453125,271.7767028808594,219.43359375,255.36892700195312,298.37109375,245.52427673339844,364.15234375,232.3980712890625,219.43359375,248.8058319091797,298.37109375,275.0582580566406,383.88671875,-1.0,-1.0,215.99029541015625,58.26953125,248.8058319091797,64.84765625,225.8349609375,64.84765625
212.06796264648438,68.13671875,241.77670288085938,110.89453125,278.0873718261719,107.60546875,301.19415283203125,163.51953125,287.99029541015625,196.41015625,205.4660186767578,110.89453125,192.2621307373047,176.67578125,205.4660186767578,216.14453125,274.7864074707031,219.43359375,254.9805908203125,301.66015625,245.07766723632812,360.86328125,231.873779296875,219.43359375,248.37863159179688,301.66015625,281.38836669921875,387.17578125,-1.0,-1.0,215.36892700195312,61.55859375,251.6796112060547,68.13671875,225.2718505859375,64.84765625
212.06796264648438,68.13671875,241.77670288085938,110.89453125,278.0873718261719,107.60546875,301.19415283203125,166.80859375,284.6893310546875,193.12109375,205.4660186767578,110.89453125,192.2621307373047,173.38671875,202.1650390625,212.85546875,271.4854431152344,219.43359375,254.9805908203125,298.37109375,245.07766723632812,357.57421875,228.57281494140625,219.43359375,248.37863159179688,298.37109375,281.38836669921875,383.88671875,-1.0,-1.0,215.36892700195312,61.55859375,251.6796112060547,68.13671875,228.57281494140625,64.84765625
212.06796264648438,64.84765625,241.77670288085938,110.89453125,278.0873718261719,107.60546875,297.8931884765625,166.80859375,287.99029541015625,196.41015625,205.4660186767578,110.89453125,195.5631103515625,170.09765625,198.86407470703125,209.56640625,271.4854431152344,219.43359375,258.28155517578125,298.37109375,245.07766723632812,364.15234375,228.57281494140625,219.43359375,245.07766723632812,298.37109375,281.38836669921875,380.59765625,-1.0,-1.0,215.36892700195312,58.26953125,251.6796112060547,68.13671875,225.2718505859375,64.84765625
212.06796264648438,64.84765625,241.77670288085938,110.89453125,278.0873718261719,107.60546875,294.59222412109375,166.80859375,287.99029541015625,199.69921875,205.4660186767578,107.60546875,192.2621307373047,173.38671875,188.96116638183594,209.56640625,271.4854431152344,219.43359375,261.58251953125,291.79296875,245.07766723632812,367.44140625,228.57281494140625,222.72265625,241.77670288085938,298.37109375,278.0873718261719,377.30859375,-1.0,-1.0,215.36892700195312,58.26953125,248.37863159179688,64.84765625,225.2718505859375,64.84765625
211.708740234375,65.703125,241.2427215576172,108.359375,277.3398132324219,108.359375,293.74755859375,167.421875,-1.0,-1.0,201.86407470703125,108.359375,192.01942443847656,170.703125,192.01942443847656,210.078125,270.7767028808594,216.640625,260.9320373535156,292.109375,254.36892700195312,364.296875,228.11651611328125,219.921875,237.96116638183594,298.671875,270.7767028808594,370.859375,-1.0,-1.0,214.99029541015625,59.140625,251.08737182617188,65.703125,224.8349609375,62.421875
210.48077392578125,62.421875,239.90383911132812,105.078125,275.8653869628906,105.078125,295.48077392578125,164.140625,285.673095703125,196.953125,203.9423065185547,108.359375,190.86538696289062,167.421875,194.13461303710938,206.796875,272.5961608886719,216.640625,259.51922607421875,292.109375,259.51922607421875,361.015625,226.82693481445312,219.921875,233.36538696289062,301.953125,256.25,367.578125,-1.0,-1.0,213.75,55.859375,249.7115478515625,65.703125,223.5576934814453,62.421875
210.48077392578125,62.421875,239.90383911132812,105.078125,272.5961608886719,105.078125,295.48077392578125,160.859375,285.673095703125,190.390625,203.9423065185547,105.078125,190.86538696289062,167.421875,194.13461303710938,206.796875,272.5961608886719,216.640625,262.7884521484375,292.109375,272.5961608886719,361.015625,226.82693481445312,219.921875,230.09616088867188,298.671875,256.25,367.578125,-1.0,-1.0,213.75,55.859375,249.7115478515625,62.421875,223.5576934814453,62.421875
210.48077392578125,62.421875,239.90383911132812,105.078125,272.5961608886719,101.796875,298.75,160.859375,285.673095703125,190.390625,203.9423065185547,105.078125,190.86538696289062,167.421875,197.40383911132812,210.078125,272.5961608886719,213.359375,262.7884521484375,288.828125,269.3269348144531,361.015625,226.82693481445312,216.640625,226.82693481445312,295.390625,256.25,361.015625,-1.0,-1.0,213.75,55.859375,246.4423065185547,62.421875,223.5576934814453,62.421875
207.2115478515625,59.140625,239.90383911132812,101.796875,272.5961608886719,101.796875,295.48077392578125,160.859375,295.48077392578125,190.390625,203.9423065185547,105.078125,190.86538696289062,167.421875,197.40383911132812,206.796875,272.5961608886719,213.359375,259.51922607421875,288.828125,266.05767822265625,354.453125,226.82693481445312,216.640625,223.5576934814453,295.390625,256.25,357.734375,-1.0,-1.0,213.75,52.578125,246.4423065185547,62.421875,223.5576934814453,59.140625
207.2115478515625,55.859375,239.90383911132812,101.796875,272.5961608886719,101.796875,292.2115478515625,164.140625,292.2115478515625,187.109375,203.9423065185547,101.796875,190.86538696289062,164.140625,197.40383911132812,206.796875,272.5961608886719,213.359375,262.7884521484375,292.109375,266.05767822265625,361.015625,226.82693481445312,216.640625,217.01922607421875,292.109375,252.98077392578125,357.734375,-1.0,-1.0,210.48077392578125,52.578125,246.4423065185547,62.421875,223.5576934814453,59.140625
203.9423065185547,59.140625,239.90383911132812,101.796875,272.5961608886719,101.796875,292.2115478515625,164.140625,272.5961608886719,187.109375,203.9423065185547,101.796875,190.86538696289062,164.140625,197.40383911132812,210.078125,272.5961608886719,216.640625,262.7884521484375,295.390625,262.7884521484375,367.578125,226.82693481445312,219.921875,217.01922607421875,292.109375,243.17308044433594,364.296875,-1.0,-1.0,210.48077392578125,52.578125,-1.0,-1.0,223.5576934814453,59.140625
203.9423065185547,59.140625,239.90383911132812,101.796875,272.5961608886719,101.796875,292.2115478515625,164.140625,272.5961608886719,187.109375,203.9423065185547,101.796875,190.86538696289062,164.140625,197.40383911132812,203.515625,272.5961608886719,213.359375,262.7884521484375,295.390625,262.7884521484375,380.703125,226.82693481445312,216.640625,213.75,292.109375,239.90383911132812,364.296875,-1.0,-1.0,207.2115478515625,52.578125,-1.0,-1.0,223.5576934814453,59.140625
203.9423065185547,62.421875,239.90383911132812,101.796875,272.5961608886719,101.796875,292.2115478515625,160.859375,288.94232177734375,203.515625,207.2115478515625,98.515625,190.86538696289062,160.859375,200.67308044433594,203.515625,272.5961608886719,216.640625,266.05767822265625,295.390625,266.05767822265625,377.421875,226.82693481445312,216.640625,213.75,292.109375,236.63461303710938,370.859375,-1.0,-1.0,207.2115478515625,55.859375,-1.0,-1.0,223.5576934814453,59.140625
