-1.0,-1.0,330.1219482421875,151.9296875,326.7398376464844,151.5078125,-1.0,-1.0,-1.0,-1.0,333.081298828125,152.7734375,-1.0,-1.0,-1.0,-1.0,-1.0,-1.0,-1.0,-1.0,-1.0,-1.0,-1.0,-1.0,-1.0,-1.0,-1.0,-1.0,-1.0,-1.0,-1.0,-1.0,-1.0,-1.0,-1.0,-1.0
-1.0,-1.0,330.1219482421875,152.3515625,326.7398376464844,151.5078125,-1.0,-1.0,-1.0,-1.0,333.081298828125,152.7734375,-1.0,-1.0,-1.0,-1.0,-1.0,-1.0,-1.0,-1.0,-1.0,-1.0,-1.0,-1.0,-1.0,-1.0,-1.0,-1.0,-1.0,-1.0,-1.0,-1.0,-1.0,-1.0,-1.0,-1.0
-1.0,-1.0,330.1219482421875,152.3515625,326.7398376464844,151.5078125,-1.0,-1.0,-1.0,-1.0,333.081298828125,153.1953125,-1.0,-1.0,-1.0,-1.0,-1.0,-1.0,-1.0,-1.0,-1.0,-1.0,-1.0,-1.0,-1.0,-1.0,-1.0,-1.0,-1.0,-1.0,-1.0,-1.0,-1.0,-1.0,-1.0,-1.0
-1.0,-1.0,330.1219482421875,152.3515625,326.7398376464844,151.5078125,-1.0,-1.0,-1.0,-1.0,333.081298828125,153.1953125,-1.0,-1.0,-1.0,-1.0,-1.0,-1.0,-1.0,-1.0,-1.0,-1.0,-1.0,-1.0,-1.0,-1.0,-1.0,-1.0,-1.0,-1.0,-1.0,-1.0,-1.0,-1.0,-1.0,-1.0
-1.0,-1.0,330.1219482421875,152.3515625,326.7398376464844,151.5078125,-1.0,-1.0,-1.0,-1.0,333.081298828125,153.1953125,-1.0,-1.0,-1.0,-1.0,-1.0,-1.0,-1.0,-1.0,-1.0,-1.0,-1.0,-1.0,-1.0,-1.0,-1.0,-1.0,-1.0,-1.0,-1.0,-1.0,-1.0,-1.0,-1.0,-1.0
-1.0,-1.0,330.1219482421875,152.3515625,326.7398376464844,151.5078125,-1.0,-1.0,-1.0,-1.0,333.081298828125,153.1953125,-1.0,-1.0,-1.0,-1.0,-1.0,-1.0,-1.0,-1.0,-1.0,-1.0,-1.0,-1.0,-1.0,-1.0,-1.0,-1.0,-1.0,-1.0,-1.0,-1.0,-1.0,-1.0,-1.0,-1.0
-1.0,-1.0,330.1219482421875,152.3515625,326.31707763671875,151.5078125,-1.0,-1.0,-1.0,-1.0,333.081298828125,153.1953125,-1.0,-1.0,-1.0,-1.0,-1.0,-1.0,-1.0,-1.0,-1.0,-1.0,-1.0,-1.0,-1.0,-1.0,-1.0,-1.0,-1.0,-1.0,-1.0,-1.0,-1.0,-1.0,-1.0,-1.0
-1.0,-1.0,330.1219482421875,152.3515625,326.31707763671875,151.5078125,-1.0,-1.0,-1.0,-1.0,332.6585388183594,153.1953125,-1.0,-1.0,-1.0,-1.0,-1.0,-1.0,-1.0,-1.0,-1.0,-1.0,-1.0,-1.0,-1.0,-1.0,-1.0,-1.0,-1.0,-1.0,-1.0,-1.0,-1.0,-1.0,-1.0,-1.0
-1.0,-1.0,330.1219482421875,152.3515625,326.31707763671875,151.5078125,-1.0,-1.0,-1.0,-1.0,333.081298828125,153.1953125,-1.0,-1.0,-1.0,-1.0,-1.0,-1.0,-1.0,-1.0,-1.0,-1.0,-1.0,-1.0,-1.0,-1.0,-1.0,-1.0,-1.0,-1.0,-1.0,-1.0,-1.0,-1.0,-1.0,-1.0
-1.0,-1.0,330.1219482421875,152.3515625,326.31707763671875,151.5078125,-1.0,-1.0,-1.0,-1.0,333.5040588378906,153.1953125,-1.0,-1.0,-1.0,-1.0,-1.0,-1.0,-1.0,-1.0,-1.0,-1.0,331.3902587890625,162.0546875,325.4715576171875,155.7265625,-1.0,-1.0,-1.0,-1.0,-1.0,-1.0,-1.0,-1.0,-1.0,-1.0
-1.0,-1.0,330.1219482421875,152.3515625,326.31707763671875,151.5078125,-1.0,-1.0,-1.0,-1.0,333.5040588378906,153.1953125,-1.0,-1.0,-1.0,-1.0,-1.0,-1.0,-1.0,-1.0,-1.0,-1.0,331.3902587890625,162.0546875,325.4715576171875,156.1484375,-1.0,-1.0,-1.0,-1.0,-1.0,-1.0,-1.0,-1.0,-1.0,-1.0
-1.0,-1.0,330.1219482421875,152.3515625,326.31707763671875,151.5078125,-1.0,-1.0,-1.0,-1.0,333.5040588378906,153.1953125,-1.0,-1.0,-1.0,-1.0,-1.0,-1.0,-1.0,-1.0,-1.0,-1.0,331.3902587890625,162.4765625,325.04876708984375,155.7265625,-1.0,-1.0,-1.0,-1.0,-1.0,-1.0,-1.0,-1.0,-1.0,-1.0
-1.0,-1.0,330.1219482421875,152.3515625,326.31707763671875,151.9296875,-1.0,-1.0,-1.0,-1.0,333.5040588378906,153.1953125,-1.0,-1.0,-1.0,-1.0,-1.0,-1.0,-1.0,-1.0,-1.0,-1.0,331.3902587890625,162.4765625,326.31707763671875,157.8359375,-1.0,-1.0,-1.0,-1.0,-1.0,-1.0,-1.0,-1.0,-1.0,-1.0
-1.0,-1.0,330.1219482421875,152.3515625,326.31707763671875,151.9296875,-1.0,-1.0,-1.0,-1.0,333.5040588378906,153.1953125,-1.0,-1.0,-1.0,-1.0,-1.0,-1.0,-1.0,-1.0,-1.0,-1.0,331.3902587890625,162.4765625,326.31707763671875,157.8359375,-1.0,-1.0,-1.0,-1.0,-1.0,-1.0,-1.0,-1.0,-1.0,-1.0
-1.0,-1.0,330.1219482421875,152.3515625,326.31707763671875,151.9296875,-1.0,-1.0,-1.0,-1.0,333.5040588378906,153.1953125,-1.0,-1.0,-1.0,-1.0,-1.0,-1.0,-1.0,-1.0,-1.0,-1.0,331.3902587890625,162.4765625,326.31707763671875,157.8359375,-1.0,-1.0,-1.0,-1.0,-1.0,-1.0,-1.0,-1.0,-1.0,-1.0
-1.0,-1.0,330.1219482421875,152.3515625,326.31707763671875,151.5078125,-1.0,-1.0,-1.0,-1.0,333.5040588378906,153.1953125,-1.0,-1.0,-1.0,-1.0,-1.0,-1.0,-1.0,-1.0,-1.0,-1.0,331.8130187988281,162.4765625,326.31707763671875,157.8359375,-1.0,-1.0,-1.0,-1.0,-1.0,-1.0,-1.0,-1.0,-1.0,-1.0
-1.0,-1.0,330.1219482421875,151.9296875,326.31707763671875,151.5078125,-1.0,-1.0,-1.0,-1.0,333.5040588378906,153.1953125,335.6178894042969,159.1015625,-1.0,-1.0,-1.0,-1.0,-1.0,-1.0,-1.0,-1.0,331.3902587890625,162.0546875,325.4715576171875,156.5703125,-1.0,-1.0,-1.0,-1.0,-1.0,-1.0,-1.0,-1.0,-1.0,-1.0
-1.0,-1.0,330.1219482421875,151.9296875,326.31707763671875,151.5078125,-1.0,-1.0,-1.0,-1.0,333.5040588378906,152.7734375,335.6178894042969,159.5234375,-1.0,-1.0,-1.0,-1.0,-1.0,-1.0,-1.0,-1.0,330.96746826171875,162.0546875,325.4715576171875,156.5703125,-1.0,-1.0,-1.0,-1.0,-1.0,-1.0,-1.0,-1.0,-1.0,-1.0
-1.0,-1.0,330.1219482421875,151.9296875,325.8943176269531,151.9296875,-1.0,-1.0,-1.0,-1.0,333.081298828125,152.7734375,335.6178894042969,159.1015625,-1.0,-1.0,-1.0,-1.0,-1.0,-1.0,-1.0,-1.0,331.3902587890625,162.0546875,325.04876708984375,156.5703125,-1.0,-1.0,-1.0,-1.0,-1.0,-1.0,-1.0,-1.0,-1.0,-1.0
-1.0,-1.0,330.1219482421875,151.9296875,325.8943176269531,151.9296875,-1.0,-1.0,-1.0,-1.0,333.081298828125,152.7734375,335.6178894042969,159.1015625,-1.0,-1.0,-1.0,-1.0,-1.0,-1.0,-1.0,-1.0,331.3902587890625,162.0546875,325.04876708984375,156.1484375,-1.0,-1.0,-1.0,-1.0,-1.0,-1.0,-1.0,-1.0,-1.0,-1.0
-1.0,-1.0,330.1219482421875,151.9296875,326.31707763671875,151.5078125,-1.0,-1.0,-1.0,-1.0,333.081298828125,152.3515625,-1.0,-1.0,-1.0,-1.0,-1.0,-1.0,-1.0,-1.0,-1.0,-1.0,-1.0,-1.0,-1.0,-1.0,-1.0,-1.0,-1.0,-1.0,-1.0,-1.0,-1.0,-1.0,-1.0,-1.0
-1.0,-1.0,330.1219482421875,151.9296875,326.31707763671875,151.5078125,-1.0,-1.0,-1.0,-1.0,333.5040588378906,152.7734375,-1.0,-1.0,-1.0,-1.0,-1.0,-1.0,-1.0,-1.0,-1.0,-1.0,330.96746826171875,162.0546875,325.4715576171875,155.7265625,-1.0,-1.0,-1.0,-1.0,-1.0,-1.0,-1.0,-1.0,-1.0,-1.0
-1.0,-1.0,330.1219482421875,151.9296875,326.7398376464844,151.5078125,-1.0,-1.0,-1.0,-1.0,333.5040588378906,152.7734375,-1.0,-1.0,-1.0,-1.0,-1.0,-1.0,-1.0,-1.0,-1.0,-1.0,330.96746826171875,162.0546875,325.4715576171875,156.1484375,-1.0,-1.0,-1.0,-1.0,-1.0,-1.0,-1.0,-1.0,-1.0,-1.0
-1.0,-1.0,330.1219482421875,151.9296875,326.7398376464844,151.5078125,-1.0,-1.0,-1.0,-1.0,333.5040588378906,152.7734375,-1.0,-1.0,-1.0,-1.0,-1.0,-1.0,-1.0,-1.0,-1.0,-1.0,330.96746826171875,162.0546875,325.4715576171875,156.1484375,-1.0,-1.0,-1.0,-1.0,-1.0,-1.0,-1.0,-1.0,-1.0,-1.0
-1.0,-1.0,330.1219482421875,151.9296875,326.7398376464844,151.5078125,-1.0,-1.0,-1.0,-1.0,333.5040588378906,152.7734375,-1.0,-1.0,-1.0,-1.0,-1.0,-1.0,-1.0,-1.0,-1.0,-1.0,330.96746826171875,162.0546875,325.4715576171875,156.1484375,-1.0,-1.0,-1.0,-1.0,-1.0,-1.0,-1.0,-1.0,-1.0,-1.0
-1.0,-1.0,330.1219482421875,151.9296875,325.8943176269531,151.9296875,-1.0,-1.0,-1.0,-1.0,334.349609375,153.1953125,-1.0,-1.0,-1.0,-1.0,-1.0,-1.0,-1.0,-1.0,-1.0,-1.0,-1.0,-1.0,-1.0,-1.0,-1.0,-1.0,-1.0,-1.0,-1.0,-1.0,-1.0,-1.0,-1.0,-1.0
-1.0,-1.0,330.1219482421875,151.9296875,326.31707763671875,151.5078125,-1.0,-1.0,-1.0,-1.0,334.349609375,153.1953125,-1.0,-1.0,-1.0,-1.0,-1.0,-1.0,-1.0,-1.0,-1.0,-1.0,-1.0,-1.0,-1.0,-1.0,-1.0,-1.0,-1.0,-1.0,-1.0,-1.0,-1.0,-1.0,-1.0,-1.0
-1.0,-1.0,330.1219482421875,151.9296875,326.31707763671875,151.5078125,-1.0,-1.0,-1.0,-1.0,334.349609375,153.1953125,-1.0,-1.0,-1.0,-1.0,-1.0,-1.0,-1.0,-1.0,-1.0,-1.0,-1.0,-1.0,-1.0,-1.0,-1.0,-1.0,-1.0,-1.0,-1.0,-1.0,-1.0,-1.0,-1.0,-1.0
-1.0,-1.0,330.1219482421875,151.9296875,326.31707763671875,151.5078125,-1.0,-1.0,-1.0,-1.0,334.349609375,152.7734375,-1.0,-1.0,-1.0,-1.0,-1.0,-1.0,-1.0,-1.0,-1.0,-1.0,-1.0,-1.0,-1.0,-1.0,-1.0,-1.0,-1.0,-1.0,-1.0,-1.0,-1.0,-1.0,-1.0,-1.0
-1.0,-1.0,330.1219482421875,151.9296875,326.31707763671875,151.5078125,-1.0,-1.0,-1.0,-1.0,333.081298828125,152.7734375,-1.0,-1.0,-1.0,-1.0,-1.0,-1.0,-1.0,-1.0,-1.0,-1.0,331.3902587890625,161.6328125,325.04876708984375,155.7265625,-1.0,-1.0,-1.0,-1.0,-1.0,-1.0,-1.0,-1.0,-1.0,-1.0
