454.2631530761719,193.92578125,451.5789489746094,206.50390625,443.52630615234375,206.50390625,439.0526428222656,218.18359375,450.6842041015625,224.47265625,458.7368469238281,206.50390625,468.5789489746094,214.58984375,476.631591796875,222.67578125,445.3157958984375,236.15234375,446.2105407714844,259.51171875,443.52630615234375,281.07421875,455.15789794921875,236.15234375,457.84210205078125,261.30859375,452.47369384765625,281.07421875,451.5789489746094,193.02734375,455.15789794921875,193.02734375,448.0,193.92578125,456.0526428222656,193.92578125
454.07208251953125,193.92578125,452.270263671875,206.50390625,444.16217041015625,206.50390625,439.65765380859375,218.18359375,451.369384765625,225.37109375,459.47747802734375,206.50390625,470.2882995605469,214.58984375,476.5946044921875,221.77734375,445.9639587402344,236.15234375,445.9639587402344,260.41015625,443.2612609863281,281.07421875,455.8738708496094,235.25390625,458.5765686035156,261.30859375,454.07208251953125,281.97265625,452.270263671875,192.12890625,455.8738708496094,193.02734375,448.6666564941406,193.92578125,457.6756896972656,193.92578125
455.2631530761719,194.82421875,452.5789489746094,206.50390625,444.52630615234375,206.50390625,439.15789794921875,218.18359375,451.6842041015625,225.37109375,460.631591796875,206.50390625,470.47369384765625,214.58984375,477.631591796875,222.67578125,446.3157958984375,236.15234375,445.4210510253906,260.41015625,442.7368469238281,281.07421875,456.15789794921875,236.15234375,458.84210205078125,261.30859375,455.2631530761719,282.87109375,452.5789489746094,193.02734375,456.15789794921875,193.02734375,449.0,193.92578125,457.9473571777344,194.82421875
455.368408203125,194.82421875,452.6842041015625,206.50390625,444.631591796875,206.50390625,441.0526428222656,219.08203125,452.6842041015625,225.37109375,460.7368469238281,206.50390625,469.6842041015625,213.69140625,477.7368469238281,221.77734375,446.4210510253906,236.15234375,445.52630615234375,260.41015625,442.84210205078125,281.07421875,456.2631530761719,235.25390625,459.84210205078125,262.20703125,456.2631530761719,283.76953125,453.5789489746094,193.02734375,456.2631530761719,193.02734375,450.0,193.92578125,458.9473571777344,193.92578125
456.07208251953125,194.82421875,454.270263671875,206.50390625,446.16217041015625,206.50390625,441.65765380859375,219.08203125,452.4684753417969,225.37109375,461.47747802734375,206.50390625,470.4864807128906,213.69140625,478.5946044921875,220.87890625,447.06304931640625,237.05078125,446.16217041015625,260.41015625,442.5585632324219,281.07421875,456.97296142578125,236.15234375,460.5765686035156,264.00390625,456.97296142578125,283.76953125,454.270263671875,193.02734375,457.8738708496094,193.02734375,450.6666564941406,194.82421875,459.6756896972656,194.82421875
457.2631530761719,193.92578125,454.5789489746094,206.50390625,446.52630615234375,206.50390625,442.9473571777344,219.98046875,453.6842041015625,225.37109375,461.7368469238281,206.50390625,471.5789489746094,213.69140625,478.7368469238281,219.98046875,448.3157958984375,237.05078125,446.52630615234375,261.30859375,442.0526428222656,281.07421875,457.2631530761719,236.15234375,460.84210205078125,264.00390625,458.15789794921875,283.76953125,454.5789489746094,192.12890625,458.15789794921875,192.12890625,451.8947448730469,193.92578125,460.84210205078125,193.92578125
457.5663757324219,193.953125,454.8583984375,206.640625,448.5398254394531,206.640625,443.1239013671875,220.234375,453.0531005859375,225.671875,462.07965087890625,206.640625,472.9114990234375,214.796875,480.13275146484375,220.234375,449.4424743652344,235.640625,445.83184814453125,261.015625,443.1239013671875,281.859375,458.4690246582031,235.640625,460.27435302734375,262.828125,458.4690246582031,282.765625,455.76104736328125,192.140625,458.4690246582031,192.140625,452.15045166015625,194.859375,461.177001953125,193.953125
458.7272644042969,194.859375,456.0,206.640625,448.7272644042969,206.640625,444.18182373046875,219.328125,453.2727355957031,224.765625,464.18182373046875,206.640625,473.2727355957031,213.890625,478.7272644042969,219.328125,448.7272644042969,236.546875,446.9090881347656,261.015625,442.3636474609375,281.859375,458.7272644042969,235.640625,461.4545593261719,263.734375,456.9090881347656,283.671875,456.9090881347656,193.046875,460.54547119140625,193.046875,454.18182373046875,194.859375,462.3636474609375,194.859375
459.4690246582031,194.859375,456.76104736328125,206.640625,448.6371765136719,206.640625,444.1239013671875,220.234375,454.0531005859375,224.765625,463.9822998046875,207.546875,473.9114990234375,214.796875,482.035400390625,221.140625,449.5398254394531,236.546875,448.6371765136719,261.015625,442.3185729980469,280.953125,459.4690246582031,235.640625,461.27435302734375,262.828125,456.76104736328125,282.765625,456.76104736328125,192.140625,460.3716735839844,193.046875,454.95574951171875,194.859375,463.07965087890625,194.859375
460.4690246582031,194.859375,456.8583984375,206.640625,449.6371765136719,206.640625,444.22125244140625,220.234375,454.15045166015625,224.765625,464.9822998046875,207.546875,474.9114990234375,215.703125,483.035400390625,222.046875,450.5398254394531,236.546875,448.7345275878906,261.015625,442.4159240722656,280.046875,460.4690246582031,236.546875,461.3716735839844,262.828125,457.76104736328125,281.859375,457.76104736328125,193.046875,461.3716735839844,193.046875,455.0531005859375,194.859375,464.07965087890625,194.859375
460.7272644042969,194.859375,458.9090881347656,205.734375,451.6363525390625,205.734375,445.2727355957031,219.328125,455.2727355957031,224.765625,467.0909118652344,205.734375,475.2727355957031,214.796875,481.6363525390625,221.140625,450.7272644042969,235.640625,449.81817626953125,261.015625,442.5454406738281,279.140625,460.7272644042969,234.734375,462.54547119140625,262.828125,458.9090881347656,281.859375,458.9090881347656,193.046875,462.54547119140625,193.046875,456.18182373046875,194.859375,465.2727355957031,193.953125
461.2631530761719,194.72265625,458.5789489746094,205.50390625,451.4210510253906,205.50390625,445.15789794921875,218.98046875,455.8947448730469,225.26953125,466.631591796875,205.50390625,475.5789489746094,215.38671875,483.631591796875,224.37109375,451.4210510253906,236.05078125,449.631591796875,261.20703125,441.5789489746094,280.07421875,461.2631530761719,235.15234375,463.0526428222656,264.80078125,459.47369384765625,283.66796875,458.5789489746094,192.92578125,462.15789794921875,192.92578125,455.8947448730469,194.72265625,464.84210205078125,193.82421875
462.2631530761719,193.82421875,459.5789489746094,205.50390625,452.4210510253906,205.50390625,447.0526428222656,218.98046875,456.8947448730469,225.26953125,467.631591796875,204.60546875,475.6842041015625,214.48828125,482.84210205078125,222.57421875,453.3157958984375,234.25390625,452.4210510253906,261.20703125,445.2631530761719,276.48046875,463.15789794921875,234.25390625,463.15789794921875,263.90234375,460.47369384765625,280.97265625,459.5789489746094,192.02734375,463.15789794921875,192.02734375,456.8947448730469,193.82421875,465.84210205078125,192.92578125
462.97296142578125,193.82421875,460.270263671875,205.50390625,453.06304931640625,206.40234375,447.65765380859375,218.98046875,457.56756591796875,225.26953125,468.3783874511719,205.50390625,477.38739013671875,215.38671875,482.79278564453125,220.77734375,454.8648681640625,232.45703125,453.9639587402344,261.20703125,444.9549560546875,276.48046875,463.8738708496094,232.45703125,465.6756896972656,261.20703125,462.07208251953125,279.17578125,460.270263671875,192.02734375,464.7747802734375,192.02734375,457.56756591796875,194.72265625,467.47747802734375,192.92578125
463.2631530761719,193.82421875,461.47369384765625,205.50390625,453.4210510253906,205.50390625,448.9473571777344,218.98046875,457.8947448730469,225.26953125,470.4210510253906,205.50390625,477.5789489746094,215.38671875,485.631591796875,225.26953125,457.0,231.55859375,465.9473571777344,254.91796875,464.15789794921875,275.58203125,465.9473571777344,231.55859375,466.84210205078125,253.12109375,-1.0,-1.0,460.5789489746094,192.02734375,464.15789794921875,192.02734375,457.8947448730469,193.82421875,466.84210205078125,192.92578125
463.07208251953125,192.92578125,462.1711730957031,205.50390625,454.06304931640625,205.50390625,449.5585632324219,218.98046875,458.56756591796875,224.37109375,470.2792663574219,204.60546875,478.38739013671875,214.48828125,485.5946044921875,222.57421875,458.56756591796875,229.76171875,458.56756591796875,254.01953125,-1.0,-1.0,467.5765686035156,229.76171875,468.47747802734375,252.22265625,-1.0,-1.0,461.270263671875,192.02734375,464.8738708496094,192.02734375,458.56756591796875,193.82421875,467.5765686035156,192.92578125
463.368408203125,192.92578125,463.368408203125,205.50390625,454.4210510253906,205.50390625,449.9473571777344,218.98046875,458.8947448730469,225.26953125,471.4210510253906,205.50390625,479.47369384765625,216.28515625,486.631591796875,224.37109375,457.1052551269531,230.66015625,458.0,245.93359375,-1.0,-1.0,466.9473571777344,231.55859375,467.84210205078125,258.51171875,-1.0,-1.0,461.5789489746094,192.02734375,465.15789794921875,192.02734375,458.8947448730469,193.82421875,467.84210205078125,192.92578125
464.368408203125,192.92578125,463.47369384765625,204.60546875,455.4210510253906,204.60546875,450.9473571777344,218.08203125,459.0,225.26953125,472.4210510253906,205.50390625,479.5789489746094,215.38671875,487.631591796875,225.26953125,457.2105407714844,229.76171875,459.8947448730469,260.30859375,458.1052551269531,270.19140625,467.0526428222656,231.55859375,466.15789794921875,259.41015625,-1.0,-1.0,462.5789489746094,191.12890625,466.15789794921875,191.12890625,459.8947448730469,192.92578125,468.84210205078125,192.92578125
465.07208251953125,192.92578125,465.07208251953125,204.60546875,456.9639587402344,203.70703125,450.65765380859375,217.18359375,459.6666564941406,224.37109375,473.18017578125,205.50390625,481.2882995605469,215.38671875,488.4954833984375,223.47265625,457.8648681640625,229.76171875,462.369384765625,260.30859375,461.4684753417969,280.07421875,467.7747802734375,231.55859375,469.5765686035156,258.51171875,-1.0,-1.0,463.270263671875,192.02734375,466.8738708496094,191.12890625,460.56756591796875,192.92578125,469.5765686035156,192.92578125
464.47369384765625,192.92578125,464.47369384765625,205.50390625,456.4210510253906,204.60546875,450.15789794921875,218.08203125,459.1052551269531,224.37109375,473.4210510253906,205.50390625,481.47369384765625,216.28515625,488.631591796875,226.16796875,457.3157958984375,231.55859375,462.6842041015625,261.20703125,460.8947448730469,280.07421875,467.15789794921875,233.35546875,468.9473571777344,259.41015625,-1.0,-1.0,462.6842041015625,192.02734375,466.2631530761719,191.12890625,460.0,193.82421875,469.84210205078125,192.92578125
464.5789489746094,192.92578125,464.5789489746094,205.50390625,456.52630615234375,204.60546875,451.15789794921875,218.08203125,460.1052551269531,225.26953125,473.52630615234375,205.50390625,481.5789489746094,216.28515625,488.7368469238281,224.37109375,458.3157958984375,236.05078125,462.7894592285156,263.90234375,461.0,289.05859375,467.2631530761719,236.05078125,-1.0,-1.0,-1.0,-1.0,463.6842041015625,192.02734375,467.2631530761719,191.12890625,461.0,193.82421875,469.9473571777344,192.92578125
465.270263671875,192.92578125,465.270263671875,205.50390625,457.16217041015625,204.60546875,451.7567443847656,218.98046875,460.7657775878906,225.26953125,473.3783874511719,205.50390625,482.38739013671875,215.38671875,488.6936950683594,224.37109375,457.16217041015625,231.55859375,-1.0,-1.0,-1.0,-1.0,467.97296142578125,234.25390625,468.8738708496094,261.20703125,-1.0,-1.0,463.4684753417969,192.02734375,467.07208251953125,191.12890625,461.6666564941406,193.82421875,470.6756896972656,192.02734375
465.5789489746094,192.92578125,465.5789489746094,204.60546875,457.52630615234375,204.60546875,451.2631530761719,218.98046875,462.0,225.26953125,473.631591796875,205.50390625,482.5789489746094,215.38671875,489.7368469238281,224.37109375,458.4210510253906,232.45703125,463.7894592285156,261.20703125,462.8947448730469,274.68359375,467.368408203125,232.45703125,469.15789794921875,263.00390625,-1.0,-1.0,463.7894592285156,192.02734375,467.368408203125,191.12890625,462.0,193.82421875,470.9473571777344,192.92578125
466.5789489746094,192.92578125,465.6842041015625,204.60546875,457.631591796875,204.60546875,451.368408203125,218.98046875,462.1052551269531,225.26953125,473.7368469238281,204.60546875,482.6842041015625,215.38671875,490.7368469238281,224.37109375,458.52630615234375,231.55859375,464.7894592285156,264.80078125,463.8947448730469,273.78515625,467.47369384765625,232.45703125,470.15789794921875,263.90234375,469.2631530761719,274.68359375,464.7894592285156,192.02734375,468.368408203125,191.12890625,462.1052551269531,193.82421875,471.0526428222656,192.92578125
467.0,192.953125,466.0909118652344,204.734375,457.9090881347656,204.734375,451.5454406738281,218.328125,461.5454406738281,225.578125,474.2727355957031,204.734375,482.4545593261719,214.703125,489.7272644042969,222.859375,460.6363525390625,231.015625,466.0909118652344,265.453125,463.3636474609375,288.109375,469.7272644042969,231.015625,470.6363525390625,264.546875,-1.0,-1.0,465.18182373046875,191.140625,468.81817626953125,191.140625,462.4545593261719,193.859375,471.54547119140625,192.953125
467.76104736328125,192.953125,465.95574951171875,204.734375,457.83184814453125,204.734375,452.4159240722656,219.234375,462.3451232910156,225.578125,474.07965087890625,204.734375,482.20355224609375,213.796875,489.4247741699219,222.859375,460.5398254394531,231.921875,465.95574951171875,265.453125,465.0531005859375,274.515625,469.5663757324219,231.921875,470.4690246582031,263.640625,470.4690246582031,275.421875,465.95574951171875,191.140625,469.5663757324219,191.140625,463.247802734375,193.859375,471.3716735839844,192.953125
467.8583984375,193.859375,466.0531005859375,203.828125,457.92919921875,204.734375,452.5132751464844,219.234375,463.3451232910156,225.578125,474.177001953125,203.828125,482.3008728027344,213.796875,490.4247741699219,222.859375,459.7345275878906,233.734375,466.0531005859375,265.453125,463.3451232910156,289.015625,469.6637268066406,232.828125,469.6637268066406,262.734375,-1.0,-1.0,465.15045166015625,191.140625,468.76104736328125,191.140625,462.4424743652344,193.859375,471.4690246582031,192.953125
468.0909118652344,192.953125,467.18182373046875,203.828125,459.0,203.828125,452.6363525390625,219.234375,463.5454406738281,224.671875,475.3636474609375,203.828125,482.6363525390625,212.890625,490.81817626953125,222.859375,460.81817626953125,232.828125,464.4545593261719,260.015625,-1.0,-1.0,470.81817626953125,231.921875,470.81817626953125,252.765625,-1.0,-1.0,465.3636474609375,191.140625,469.9090881347656,191.140625,463.5454406738281,192.953125,472.6363525390625,192.046875
467.95574951171875,192.046875,467.0531005859375,204.734375,458.92919921875,204.734375,453.5132751464844,219.234375,463.4424743652344,224.671875,476.07965087890625,204.734375,484.20355224609375,214.703125,491.4247741699219,223.765625,461.6371765136719,231.921875,465.247802734375,256.390625,466.15045166015625,276.328125,471.5663757324219,231.921875,471.5663757324219,254.578125,-1.0,-1.0,466.15045166015625,191.140625,469.76104736328125,191.140625,463.4424743652344,192.953125,472.4690246582031,192.046875
468.18182373046875,192.046875,467.2727355957031,204.734375,459.0909118652344,204.734375,453.6363525390625,219.234375,464.5454406738281,225.578125,476.3636474609375,204.734375,485.4545593261719,214.703125,492.7272644042969,222.859375,460.9090881347656,232.828125,466.3636474609375,260.921875,466.3636474609375,275.421875,470.9090881347656,231.921875,472.7272644042969,252.765625,467.2727355957031,284.484375,466.3636474609375,191.140625,470.0,191.140625,463.6363525390625,192.953125,472.7272644042969,192.046875
467.3636474609375,192.046875,468.2727355957031,204.734375,459.18182373046875,204.734375,453.7272644042969,219.234375,464.6363525390625,224.671875,476.4545593261719,204.734375,486.4545593261719,215.609375,492.81817626953125,223.765625,461.0,234.640625,466.4545593261719,262.734375,466.4545593261719,279.046875,471.0,234.640625,472.81817626953125,261.828125,471.0,275.421875,465.5454406738281,191.140625,469.18182373046875,190.234375,463.7272644042969,192.953125,472.81817626953125,192.046875
468.15045166015625,192.953125,468.15045166015625,203.828125,460.02655029296875,203.828125,454.6106262207031,220.140625,464.5398254394531,224.671875,477.177001953125,203.828125,486.20355224609375,214.703125,492.5221252441406,222.859375,460.92919921875,235.546875,467.247802734375,265.453125,468.15045166015625,287.203125,470.8583984375,234.640625,471.76104736328125,264.546875,470.8583984375,277.234375,466.3451232910156,191.140625,469.95574951171875,190.234375,463.6371765136719,192.953125,472.6637268066406,192.046875
468.247802734375,192.046875,468.247802734375,204.734375,460.1239013671875,204.734375,454.7079772949219,220.140625,465.5398254394531,224.671875,477.27435302734375,204.734375,487.20355224609375,215.609375,494.4247741699219,223.765625,461.02655029296875,234.640625,466.4424743652344,261.828125,468.247802734375,286.296875,470.95574951171875,234.640625,471.8583984375,261.828125,471.8583984375,279.046875,466.4424743652344,191.140625,470.0531005859375,190.234375,463.7345275878906,192.953125,472.76104736328125,192.046875
468.4545593261719,192.953125,468.4545593261719,204.734375,460.2727355957031,204.734375,455.7272644042969,220.140625,465.7272644042969,224.671875,478.4545593261719,204.734375,488.4545593261719,215.609375,493.9090881347656,222.859375,462.0909118652344,235.546875,465.7272644042969,261.828125,468.4545593261719,282.671875,472.0909118652344,234.640625,473.0,261.828125,472.0909118652344,279.953125,466.6363525390625,191.140625,470.2727355957031,191.140625,463.9090881347656,193.859375,473.9090881347656,192.046875
469.247802734375,192.953125,469.247802734375,204.734375,460.22125244140625,204.734375,456.6106262207031,220.140625,466.5398254394531,224.671875,478.27435302734375,204.734375,488.20355224609375,215.609375,493.6194763183594,222.859375,462.02655029296875,237.359375,467.4424743652344,263.640625,469.247802734375,287.203125,472.8583984375,237.359375,474.6637268066406,264.546875,473.76104736328125,280.859375,466.5398254394531,191.140625,470.15045166015625,190.234375,463.83184814453125,192.953125,473.76104736328125,192.046875
470.247802734375,192.953125,469.3451232910156,203.828125,460.3185729980469,204.734375,456.7079772949219,220.140625,466.6371765136719,225.578125,478.3716735839844,203.828125,488.3008728027344,215.609375,493.7168273925781,221.046875,462.1239013671875,236.453125,465.7345275878906,263.640625,468.4424743652344,286.296875,472.95574951171875,236.453125,474.76104736328125,263.640625,473.8583984375,282.671875,467.5398254394531,191.140625,472.0531005859375,191.140625,464.83184814453125,192.953125,474.76104736328125,192.046875
470.7657775878906,192.92578125,469.8648681640625,204.60546875,461.7567443847656,204.60546875,458.1531677246094,218.98046875,466.2612609863281,225.26953125,477.97296142578125,204.60546875,486.98199462890625,213.58984375,492.38739013671875,218.98046875,462.65765380859375,236.05078125,466.2612609863281,263.00390625,468.06304931640625,285.46484375,473.4684753417969,236.05078125,475.270263671875,263.00390625,474.369384765625,282.76953125,468.06304931640625,191.12890625,472.56756591796875,191.12890625,465.3603515625,192.92578125,475.270263671875,192.02734375
471.1052551269531,192.92578125,470.2105407714844,204.60546875,462.15789794921875,204.60546875,459.47369384765625,218.08203125,467.52630615234375,225.26953125,479.15789794921875,204.60546875,489.0,215.38671875,492.5789489746094,218.08203125,463.0526428222656,235.15234375,465.7368469238281,263.00390625,468.4210510253906,285.46484375,473.7894592285156,236.05078125,478.2631530761719,261.20703125,476.47369384765625,281.87109375,468.4210510253906,191.12890625,472.8947448730469,191.12890625,465.7368469238281,193.82421875,475.5789489746094,192.02734375
472.1052551269531,192.92578125,471.2105407714844,203.70703125,463.15789794921875,203.70703125,458.6842041015625,217.18359375,466.7368469238281,225.26953125,480.15789794921875,203.70703125,490.0,215.38671875,494.47369384765625,219.87890625,464.0526428222656,236.94921875,465.84210205078125,263.00390625,466.7368469238281,283.66796875,475.6842041015625,237.84765625,479.2631530761719,261.20703125,479.2631530761719,279.17578125,469.4210510253906,191.12890625,473.0,191.12890625,466.7368469238281,192.92578125,476.5789489746094,192.02734375
471.8648681640625,192.92578125,471.8648681640625,204.60546875,462.8558654785156,204.60546875,459.25225830078125,218.98046875,465.5585632324219,224.37109375,480.8738708496094,204.60546875,490.7837829589844,216.28515625,497.9909973144531,223.47265625,464.65765380859375,237.84765625,466.45947265625,263.90234375,466.45947265625,282.76953125,476.369384765625,236.94921875,479.97296142578125,262.10546875,479.07208251953125,279.17578125,470.06304931640625,191.12890625,474.56756591796875,191.12890625,467.3603515625,192.92578125,477.270263671875,192.02734375
472.8648681640625,192.92578125,472.8648681640625,204.60546875,463.8558654785156,204.60546875,460.25225830078125,218.98046875,466.5585632324219,224.37109375,481.8738708496094,204.60546875,490.88287353515625,215.38671875,498.090087890625,223.47265625,464.7567443847656,237.84765625,466.5585632324219,263.90234375,467.45947265625,284.56640625,476.4684753417969,237.84765625,480.97296142578125,262.10546875,480.97296142578125,279.17578125,471.06304931640625,191.12890625,474.6666564941406,191.12890625,467.45947265625,192.92578125,478.270263671875,192.02734375
474.1052551269531,192.92578125,473.2105407714844,204.60546875,465.15789794921875,204.60546875,460.6842041015625,218.08203125,466.9473571777344,224.37109375,482.15789794921875,204.60546875,491.1052551269531,215.38671875,498.2631530761719,224.37109375,465.15789794921875,236.94921875,466.9473571777344,263.00390625,466.9473571777344,283.66796875,477.6842041015625,236.05078125,481.2631530761719,261.20703125,481.2631530761719,278.27734375,471.4210510253906,191.12890625,475.8947448730469,191.12890625,468.7368469238281,193.82421875,478.5789489746094,192.02734375
474.2105407714844,193.82421875,474.2105407714844,204.60546875,466.15789794921875,204.60546875,460.7894592285156,218.08203125,467.9473571777344,225.26953125,483.15789794921875,204.60546875,491.21051025390625,215.38671875,498.368408203125,224.37109375,466.15789794921875,236.94921875,467.0526428222656,263.90234375,467.0526428222656,283.66796875,477.7894592285156,236.94921875,482.2631530761719,261.20703125,482.2631530761719,278.27734375,472.4210510253906,192.02734375,476.0,191.12890625,468.84210205078125,193.82421875,479.5789489746094,192.92578125
475.7657775878906,193.82421875,474.8648681640625,201.91015625,467.65765380859375,201.91015625,467.65765380859375,217.18359375,-1.0,-1.0,482.97296142578125,202.80859375,492.88287353515625,215.38671875,500.090087890625,225.26953125,468.5585632324219,236.05078125,467.65765380859375,266.59765625,466.7567443847656,285.46484375,478.4684753417969,234.25390625,482.97296142578125,263.00390625,482.97296142578125,279.17578125,473.9639587402344,192.02734375,477.56756591796875,192.02734375,470.3603515625,192.92578125,481.1711730957031,192.92578125
477.0,193.82421875,477.0,203.70703125,469.84210205078125,202.80859375,466.2631530761719,217.18359375,-1.0,-1.0,484.15789794921875,204.60546875,494.0,216.28515625,501.15789794921875,226.16796875,468.0526428222656,236.94921875,468.0526428222656,266.59765625,467.15789794921875,285.46484375,477.8947448730469,234.25390625,483.2631530761719,264.80078125,484.15789794921875,279.17578125,474.3157958984375,192.02734375,478.7894592285156,192.02734375,471.631591796875,193.82421875,481.47369384765625,192.92578125
478.0,193.82421875,477.1052551269531,204.60546875,469.0526428222656,202.80859375,464.5789489746094,216.28515625,468.15789794921875,226.16796875,486.0526428222656,205.50390625,495.0,216.28515625,502.15789794921875,227.06640625,468.15789794921875,236.05078125,469.0526428222656,266.59765625,467.2631530761719,285.46484375,479.7894592285156,235.15234375,484.2631530761719,264.80078125,484.2631530761719,279.17578125,476.2105407714844,192.02734375,479.7894592285156,192.02734375,472.631591796875,193.82421875,482.47369384765625,192.92578125
478.6666564941406,193.82421875,478.6666564941406,204.60546875,470.5585632324219,202.80859375,465.1531677246094,216.28515625,468.7567443847656,226.16796875,486.7747802734375,205.50390625,496.6846923828125,216.28515625,502.9909973144531,225.26953125,467.8558654785156,235.15234375,469.65765380859375,266.59765625,468.7567443847656,285.46484375,480.4684753417969,235.15234375,484.97296142578125,263.90234375,484.07208251953125,280.07421875,476.8648681640625,192.02734375,481.369384765625,192.02734375,474.16217041015625,193.82421875,484.07208251953125,192.92578125
479.8947448730469,192.92578125,479.0,204.60546875,470.9473571777344,202.80859375,464.6842041015625,218.08203125,469.15789794921875,226.16796875,487.9473571777344,206.40234375,496.8947448730469,217.18359375,505.84210205078125,227.96484375,469.15789794921875,236.94921875,470.0526428222656,266.59765625,468.2631530761719,285.46484375,481.6842041015625,237.84765625,485.2631530761719,263.90234375,485.2631530761719,279.17578125,478.1052551269531,191.12890625,481.6842041015625,191.12890625,475.4210510253906,192.92578125,485.2631530761719,192.92578125
481.7894592285156,192.92578125,480.0,204.60546875,472.84210205078125,202.80859375,466.5789489746094,222.57421875,471.9473571777344,227.06640625,488.9473571777344,205.50390625,497.8947448730469,217.18359375,506.84210205078125,227.96484375,471.0526428222656,239.64453125,471.0526428222656,267.49609375,470.15789794921875,285.46484375,481.7894592285156,238.74609375,485.368408203125,265.69921875,485.368408203125,278.27734375,479.1052551269531,191.12890625,482.6842041015625,191.12890625,476.4210510253906,192.92578125,485.368408203125,193.82421875
481.7894592285156,192.92578125,480.8947448730469,203.70703125,472.84210205078125,202.80859375,467.47369384765625,219.87890625,472.84210205078125,226.16796875,488.9473571777344,204.60546875,498.78948974609375,214.48828125,498.78948974609375,216.28515625,471.9473571777344,236.05078125,471.9473571777344,266.59765625,470.15789794921875,285.46484375,482.6842041015625,235.15234375,486.2631530761719,265.69921875,485.368408203125,278.27734375,480.0,191.12890625,483.5789489746094,191.12890625,476.4210510253906,192.02734375,487.15789794921875,192.92578125
483.369384765625,192.02734375,480.6666564941406,202.80859375,473.45947265625,202.80859375,468.0540466308594,218.98046875,473.45947265625,226.16796875,489.6756896972656,203.70703125,498.6846923828125,217.18359375,499.5855712890625,218.08203125,472.5585632324219,232.45703125,473.45947265625,264.80078125,469.8558654785156,284.56640625,483.369384765625,234.25390625,486.07208251953125,264.80078125,485.1711730957031,278.27734375,481.56756591796875,190.23046875,485.1711730957031,190.23046875,477.9639587402344,192.02734375,487.8738708496094,192.92578125
484.5789489746094,192.92578125,481.8947448730469,201.91015625,474.7368469238281,201.01171875,469.368408203125,218.08203125,474.7368469238281,227.06640625,489.0526428222656,202.80859375,498.0,214.48828125,499.78948974609375,216.28515625,473.84210205078125,231.55859375,473.84210205078125,264.80078125,471.15789794921875,284.56640625,483.6842041015625,233.35546875,487.2631530761719,263.00390625,484.5789489746094,278.27734375,482.7894592285156,192.02734375,485.47369384765625,192.02734375,481.0,192.92578125,-1.0,-1.0
-1.0,-1.0,-1.0,-1.0,-1.0,-1.0,-1.0,-1.0,-1.0,-1.0,-1.0,-1.0,-1.0,-1.0,-1.0,-1.0,477.4210510253906,233.35546875,473.84210205078125,263.90234375,473.84210205078125,286.36328125,-1.0,-1.0,-1.0,-1.0,-1.0,-1.0,-1.0,-1.0,-1.0,-1.0,-1.0,-1.0,-1.0,-1.0
486.1711730957031,193.82421875,484.369384765625,200.11328125,477.16217041015625,199.21484375,470.8558654785156,220.77734375,475.3603515625,229.76171875,490.6756896972656,201.01171875,501.4864807128906,217.18359375,508.6936950683594,225.26953125,478.9639587402344,239.64453125,486.1711730957031,265.69921875,482.56756591796875,282.76953125,484.369384765625,240.54296875,487.97296142578125,263.00390625,-1.0,-1.0,484.369384765625,192.02734375,487.97296142578125,192.02734375,482.56756591796875,192.02734375,-1.0,-1.0
486.47369384765625,192.02734375,484.6842041015625,201.01171875,477.52630615234375,200.11328125,470.368408203125,218.08203125,476.631591796875,227.06640625,490.9473571777344,201.91015625,490.9473571777344,220.77734375,-1.0,-1.0,477.52630615234375,235.15234375,477.52630615234375,264.80078125,473.0526428222656,284.56640625,487.368408203125,235.15234375,488.2631530761719,263.90234375,487.368408203125,278.27734375,484.6842041015625,190.23046875,488.2631530761719,191.12890625,481.1052551269531,191.12890625,490.9473571777344,192.92578125
-1.0,-1.0,485.369384765625,201.01171875,479.9639587402344,201.01171875,-1.0,-1.0,-1.0,-1.0,491.6756896972656,201.01171875,486.270263671875,218.08203125,-1.0,-1.0,477.2612609863281,239.64453125,479.06304931640625,265.69921875,-1.0,-1.0,487.1711730957031,240.54296875,488.07208251953125,266.59765625,-1.0,-1.0,-1.0,-1.0,-1.0,-1.0,-1.0,-1.0,-1.0,-1.0
487.6637268066406,193.859375,485.8583984375,202.921875,479.5398254394531,202.015625,473.22125244140625,217.421875,478.6371765136719,227.390625,493.07965087890625,202.921875,493.07965087890625,219.234375,-1.0,-1.0,478.6371765136719,231.921875,482.247802734375,265.453125,483.15045166015625,286.296875,487.6637268066406,235.546875,488.5663757324219,265.453125,484.95574951171875,283.578125,485.8583984375,191.140625,489.4690246582031,191.140625,482.247802734375,192.953125,491.27435302734375,192.046875
486.76104736328125,192.953125,486.76104736328125,203.828125,477.7345275878906,203.828125,472.3185729980469,219.234375,479.5398254394531,227.390625,495.78759765625,202.921875,503.00885009765625,218.328125,503.9114990234375,215.609375,479.5398254394531,232.828125,484.0531005859375,263.640625,486.76104736328125,281.765625,488.5663757324219,233.734375,493.07965087890625,256.390625,-1.0,-1.0,484.95574951171875,191.140625,489.4690246582031,191.140625,482.247802734375,192.046875,491.27435302734375,192.046875
487.0,192.953125,487.0,203.828125,477.9090881347656,203.828125,471.5454406738281,219.234375,478.81817626953125,227.390625,497.9090881347656,203.828125,506.0909118652344,220.140625,504.2727355957031,216.515625,479.7272644042969,234.640625,484.2727355957031,265.453125,484.2727355957031,284.484375,490.6363525390625,235.546875,490.6363525390625,264.546875,487.0,282.671875,486.0909118652344,190.234375,489.7272644042969,190.234375,482.4545593261719,192.046875,493.3636474609375,192.046875
487.76104736328125,192.953125,487.76104736328125,203.828125,477.83184814453125,202.921875,471.5132751464844,217.421875,479.6371765136719,227.390625,497.6902770996094,203.828125,504.9114990234375,216.515625,510.3274230957031,224.671875,480.5398254394531,233.734375,485.0531005859375,266.359375,486.8583984375,284.484375,491.3716735839844,235.546875,489.5663757324219,266.359375,486.8583984375,281.765625,485.95574951171875,191.140625,490.4690246582031,190.234375,483.247802734375,192.046875,493.177001953125,192.046875
489.368408203125,191.92578125,488.47369384765625,204.50390625,478.631591796875,203.60546875,471.47369384765625,217.08203125,480.4210510253906,226.96484375,499.21051025390625,204.50390625,505.47369384765625,217.98046875,511.7368469238281,225.16796875,481.3157958984375,235.94921875,486.6842041015625,266.49609375,-1.0,-1.0,492.0526428222656,235.94921875,492.9473571777344,266.49609375,490.2631530761719,280.87109375,487.5789489746094,191.02734375,491.15789794921875,190.12890625,484.0,191.92578125,494.7368469238281,191.92578125
490.07208251953125,192.82421875,489.1711730957031,204.50390625,479.2612609863281,203.60546875,472.0540466308594,217.98046875,481.06304931640625,226.96484375,499.98199462890625,204.50390625,506.2882995605469,218.87890625,511.6936950683594,224.26953125,482.8648681640625,237.74609375,488.270263671875,269.19140625,488.270263671875,287.16015625,494.5765686035156,238.64453125,494.5765686035156,267.39453125,-1.0,-1.0,487.369384765625,191.02734375,491.8738708496094,191.02734375,484.6666564941406,191.92578125,494.5765686035156,191.92578125
490.368408203125,192.82421875,488.5789489746094,204.50390625,478.7368469238281,204.50390625,472.47369384765625,218.87890625,482.3157958984375,226.96484375,499.3157958984375,204.50390625,505.5789489746094,217.98046875,512.73681640625,224.26953125,483.2105407714844,235.94921875,487.6842041015625,268.29296875,487.6842041015625,288.05859375,494.84210205078125,235.94921875,493.9473571777344,267.39453125,491.2631530761719,285.36328125,487.6842041015625,191.02734375,492.15789794921875,191.02734375,485.0,192.82421875,494.84210205078125,191.92578125
491.2631530761719,192.82421875,489.47369384765625,204.50390625,479.631591796875,204.50390625,471.5789489746094,218.87890625,483.2105407714844,226.96484375,499.3157958984375,204.50390625,506.47369384765625,217.98046875,511.84210205078125,224.26953125,482.3157958984375,235.94921875,490.368408203125,270.98828125,-1.0,-1.0,493.9473571777344,235.94921875,494.84210205078125,270.08984375,-1.0,-1.0,488.5789489746094,191.02734375,493.0526428222656,190.12890625,485.0,192.82421875,495.7368469238281,191.92578125
491.97296142578125,191.92578125,490.1711730957031,204.50390625,480.2612609863281,204.50390625,472.1531677246094,218.87890625,482.9639587402344,226.96484375,500.0810852050781,204.50390625,507.2882995605469,218.87890625,514.4954833984375,223.37109375,482.9639587402344,236.84765625,489.270263671875,268.29296875,489.270263671875,288.05859375,494.6756896972656,237.74609375,494.6756896972656,267.39453125,-1.0,-1.0,490.1711730957031,190.12890625,493.7747802734375,190.12890625,486.56756591796875,191.92578125,496.47747802734375,191.92578125
493.15789794921875,191.02734375,490.47369384765625,204.50390625,480.631591796875,204.50390625,473.47369384765625,219.77734375,484.2105407714844,226.96484375,500.3157958984375,204.50390625,508.368408203125,219.77734375,-1.0,-1.0,483.3157958984375,237.74609375,490.47369384765625,266.49609375,-1.0,-1.0,494.9473571777344,236.84765625,497.631591796875,260.20703125,-1.0,-1.0,491.368408203125,189.23046875,494.9473571777344,189.23046875,486.8947448730469,191.02734375,497.631591796875,191.02734375
492.2631530761719,191.92578125,490.47369384765625,204.50390625,480.631591796875,204.50390625,474.368408203125,218.87890625,485.1052551269531,226.96484375,500.3157958984375,203.60546875,507.47369384765625,217.98046875,516.4210205078125,225.16796875,484.2105407714844,235.05078125,490.47369384765625,270.08984375,-1.0,-1.0,495.84210205078125,235.05078125,497.631591796875,267.39453125,-1.0,-1.0,490.47369384765625,190.12890625,494.9473571777344,190.12890625,487.7894592285156,191.92578125,496.7368469238281,191.92578125
493.8738708496094,191.92578125,491.1711730957031,204.50390625,481.2612609863281,203.60546875,474.0540466308594,220.67578125,486.6666564941406,226.96484375,501.0810852050781,204.50390625,510.090087890625,218.87890625,516.3964233398438,223.37109375,483.9639587402344,235.05078125,488.4684753417969,266.49609375,491.1711730957031,288.05859375,495.6756896972656,235.05078125,497.47747802734375,265.59765625,-1.0,-1.0,492.07208251953125,189.23046875,496.5765686035156,190.12890625,488.4684753417969,190.12890625,498.3783874511719,191.92578125
492.368408203125,192.82421875,491.47369384765625,204.50390625,481.631591796875,203.60546875,474.47369384765625,219.77734375,486.1052551269531,226.96484375,502.21051025390625,204.50390625,510.2631530761719,218.87890625,521.8947143554688,224.26953125,484.3157958984375,235.94921875,487.8947448730469,264.69921875,489.6842041015625,288.05859375,495.9473571777344,235.94921875,497.7368469238281,260.20703125,-1.0,-1.0,490.5789489746094,190.12890625,495.0526428222656,190.12890625,487.8947448730469,191.02734375,497.7368469238281,191.92578125
493.97296142578125,191.92578125,492.1711730957031,203.60546875,482.2612609863281,203.60546875,475.0540466308594,219.77734375,486.7657775878906,226.96484375,502.0810852050781,203.60546875,511.090087890625,218.87890625,516.4954833984375,223.37109375,484.9639587402344,235.05078125,487.6666564941406,263.80078125,486.7657775878906,283.56640625,496.6756896972656,234.15234375,500.2792663574219,256.61328125,497.5765686035156,273.68359375,492.1711730957031,190.12890625,496.6756896972656,190.12890625,488.56756591796875,191.02734375,498.47747802734375,191.92578125
493.7272644042969,192.859375,492.81817626953125,203.734375,482.81817626953125,203.734375,476.4545593261719,220.046875,487.3636474609375,226.390625,502.81817626953125,203.734375,511.0,218.234375,516.4545288085938,221.859375,485.5454406738281,236.359375,488.2727355957031,264.453125,-1.0,-1.0,498.2727355957031,236.359375,499.18182373046875,259.921875,498.2727355957031,275.328125,491.9090881347656,191.046875,495.54547119140625,191.046875,488.2727355957031,192.859375,498.2727355957031,191.953125
495.4690246582031,191.953125,492.76104736328125,203.734375,482.83184814453125,203.734375,476.5132751464844,220.046875,488.247802734375,226.390625,502.6902770996094,203.734375,512.6194458007812,218.234375,519.8406982421875,224.578125,486.4424743652344,235.453125,489.15045166015625,265.359375,-1.0,-1.0,497.27435302734375,234.546875,500.88494873046875,259.015625,-1.0,-1.0,492.76104736328125,190.140625,497.27435302734375,190.140625,488.247802734375,191.953125,499.9822998046875,191.953125
496.4690246582031,191.953125,492.8583984375,203.734375,482.92919921875,202.828125,477.5132751464844,220.046875,489.247802734375,226.390625,502.78759765625,202.828125,512.716796875,218.234375,519.9380493164062,224.578125,485.6371765136719,234.546875,489.247802734375,263.546875,-1.0,-1.0,498.27435302734375,235.453125,500.07965087890625,259.921875,-1.0,-1.0,493.76104736328125,190.140625,497.3716735839844,189.234375,490.15045166015625,191.046875,500.9822998046875,191.953125
497.7272644042969,191.046875,494.0909118652344,203.734375,484.0909118652344,202.828125,479.5454406738281,219.140625,489.5454406738281,227.296875,504.0909118652344,203.734375,512.272705078125,216.421875,520.4545288085938,223.671875,486.81817626953125,233.640625,491.3636474609375,264.453125,-1.0,-1.0,498.6363525390625,233.640625,501.3636474609375,262.640625,-1.0,-1.0,495.0,190.140625,497.7272644042969,188.328125,490.4545593261719,191.953125,-1.0,-1.0
497.81817626953125,192.859375,494.18182373046875,203.734375,485.0909118652344,202.828125,479.6363525390625,219.140625,489.6363525390625,227.296875,504.18182373046875,203.734375,514.1818237304688,218.234375,521.4545288085938,223.671875,487.81817626953125,234.546875,492.3636474609375,264.453125,-1.0,-1.0,498.7272644042969,235.453125,500.54547119140625,260.828125,-1.0,-1.0,495.0909118652344,190.140625,498.7272644042969,191.046875,491.4545593261719,191.953125,501.4545593261719,191.953125
497.76104736328125,193.765625,495.0531005859375,203.734375,486.02655029296875,202.828125,483.3185729980469,219.140625,491.4424743652344,226.390625,504.07965087890625,203.734375,514.0088500976562,218.234375,523.035400390625,225.484375,486.92919921875,230.015625,487.83184814453125,252.671875,-1.0,-1.0,498.6637268066406,230.015625,507.6902770996094,249.953125,505.88494873046875,265.359375,495.95574951171875,191.953125,499.5663757324219,191.953125,491.4424743652344,192.859375,502.27435302734375,192.859375
499.40179443359375,192.91015625,494.84820556640625,202.96484375,486.65179443359375,202.05078125,482.09820556640625,219.41796875,493.02679443359375,226.73046875,504.8660583496094,203.87890625,514.8839111328125,218.50390625,524.9017944335938,226.73046875,488.47320556640625,234.04296875,489.3839416503906,252.32421875,-1.0,-1.0,500.3125,233.12890625,503.0446472167969,255.06640625,-1.0,-1.0,497.5803527832031,190.16796875,501.22320556640625,190.16796875,493.02679443359375,191.99609375,503.0446472167969,191.08203125
499.26605224609375,191.99609375,496.5137634277344,202.96484375,488.2568664550781,202.96484375,486.4220275878906,219.41796875,493.761474609375,227.64453125,506.6054992675781,203.87890625,516.697265625,218.50390625,526.7890014648438,226.73046875,490.09173583984375,233.12890625,491.9266052246094,252.32421875,-1.0,-1.0,500.1834716796875,233.12890625,503.85321044921875,256.89453125,-1.0,-1.0,497.4311828613281,189.25390625,502.0183410644531,189.25390625,493.761474609375,191.08203125,504.7706298828125,191.08203125
500.26605224609375,191.99609375,497.5137634277344,202.96484375,490.17431640625,202.96484375,489.2568664550781,218.50390625,497.5137634277344,205.70703125,506.6880798339844,203.87890625,517.697265625,219.41796875,527.7890014648438,227.64453125,491.09173583984375,230.38671875,492.9266052246094,252.32421875,-1.0,-1.0,501.1834716796875,231.30078125,503.935791015625,251.41015625,-1.0,-1.0,498.4311828613281,190.16796875,503.0183410644531,190.16796875,495.67889404296875,191.08203125,505.7706298828125,191.08203125
502.4910583496094,191.99609375,498.84820556640625,203.87890625,490.65179443359375,202.96484375,494.2946472167969,217.58984375,498.84820556640625,204.79296875,507.9553527832031,203.87890625,517.9732055664062,219.41796875,528.9017944335938,227.64453125,491.5625,231.30078125,493.3839416503906,253.23828125,-1.0,-1.0,501.5803527832031,232.21484375,503.40179443359375,253.23828125,-1.0,-1.0,499.7589416503906,189.25390625,505.22320556640625,189.25390625,496.1160583496094,191.08203125,507.0446472167969,191.08203125
502.5803527832031,191.99609375,500.7589416503906,203.87890625,492.5625,202.96484375,488.9196472167969,220.33203125,488.9196472167969,227.64453125,509.8660583496094,204.79296875,518.9732055664062,220.33203125,529.9017944335938,227.64453125,492.5625,233.12890625,494.3839416503906,252.32421875,-1.0,-1.0,503.4910583496094,234.04296875,503.4910583496094,252.32421875,-1.0,-1.0,500.7589416503906,189.25390625,505.3125,189.25390625,496.2053527832031,190.16796875,508.0446472167969,191.08203125
503.9814758300781,192.0546875,500.27777099609375,203.1171875,491.9444580078125,201.2734375,488.2407531738281,216.0234375,489.1666564941406,228.0078125,510.46295166015625,204.0390625,517.870361328125,218.7890625,528.9815063476562,226.1640625,493.7962951660156,228.9296875,494.72222900390625,251.0546875,-1.0,-1.0,504.90740966796875,231.6953125,505.8333435058594,249.2109375,505.8333435058594,268.5703125,502.129638671875,189.2890625,506.7592468261719,189.2890625,497.5,189.2890625,509.53704833984375,190.2109375
506.1834716796875,191.91015625,502.5137634277344,202.87890625,494.2568664550781,201.96484375,489.66973876953125,214.76171875,489.66973876953125,227.55859375,510.7706298828125,203.79296875,519.0275268554688,218.41796875,531.87158203125,226.64453125,495.17431640625,230.30078125,497.9266052246094,252.23828125,-1.0,-1.0,506.1834716796875,231.21484375,506.1834716796875,250.41015625,-1.0,-1.0,503.4311828613281,189.16796875,508.935791015625,190.08203125,499.761474609375,190.08203125,510.7706298828125,190.99609375
506.5803527832031,190.99609375,503.84820556640625,201.96484375,496.5625,201.05078125,492.0089416503906,215.67578125,491.09820556640625,228.47265625,511.1339416503906,202.87890625,518.4196166992188,218.41796875,522.9732055664062,221.16015625,497.47320556640625,227.55859375,502.02679443359375,250.41015625,-1.0,-1.0,507.4910583496094,228.47265625,507.4910583496094,251.32421875,-1.0,-1.0,505.6696472167969,189.16796875,509.3125,190.08203125,501.1160583496094,190.08203125,511.1339416503906,190.99609375
507.5803527832031,191.91015625,504.84820556640625,203.79296875,497.5625,202.87890625,493.9196472167969,219.33203125,499.3839416503906,228.47265625,513.9553833007812,204.70703125,520.3303833007812,219.33203125,532.1696166992188,226.64453125,499.3839416503906,231.21484375,502.1160583496094,250.41015625,-1.0,-1.0,509.40179443359375,232.12890625,508.4910583496094,250.41015625,-1.0,-1.0,505.7589416503906,190.08203125,510.3125,190.08203125,502.1160583496094,190.99609375,512.1339111328125,191.91015625
509.26605224609375,191.91015625,507.4311828613281,203.79296875,501.0091857910156,203.79296875,495.50457763671875,220.24609375,500.09173583984375,229.38671875,514.7706298828125,203.79296875,521.1926879882812,218.41796875,534.0366821289062,226.64453125,500.09173583984375,229.38671875,-1.0,-1.0,-1.0,-1.0,509.26605224609375,231.21484375,-1.0,-1.0,-1.0,-1.0,507.4311828613281,190.08203125,512.0183715820312,190.08203125,503.761474609375,191.91015625,513.8532104492188,191.91015625
509.9814758300781,192.8984375,508.129638671875,203.0390625,501.64813232421875,203.0390625,496.09259033203125,223.3203125,502.5740661621094,228.8515625,516.4629516601562,203.9609375,522.9444580078125,219.6328125,535.9074096679688,228.8515625,501.64813232421875,229.7734375,503.5,248.2109375,-1.0,-1.0,511.8333435058594,231.6171875,511.8333435058594,248.2109375,-1.0,-1.0,508.129638671875,191.0546875,512.75927734375,190.1328125,505.3518371582031,191.9765625,514.611083984375,191.0546875
512.6756591796875,191.9765625,509.9189147949219,203.9609375,503.4864807128906,204.8828125,497.0540466308594,227.0078125,504.4053955078125,228.8515625,518.189208984375,204.8828125,523.7026977539062,220.5546875,-1.0,-1.0,-1.0,-1.0,-1.0,-1.0,-1.0,-1.0,-1.0,-1.0,-1.0,-1.0,-1.0,-1.0,509.9189147949219,190.1328125,514.5134887695312,190.1328125,506.2432556152344,191.0546875,516.3513793945312,191.0546875
512.7567749023438,192.8984375,510.9189147949219,203.9609375,503.56756591796875,204.8828125,-1.0,-1.0,-1.0,-1.0,519.189208984375,204.8828125,526.54052734375,219.6328125,-1.0,-1.0,504.4864807128906,228.8515625,-1.0,-1.0,-1.0,-1.0,514.5946044921875,231.6171875,-1.0,-1.0,-1.0,-1.0,510.0,190.1328125,514.5946044921875,190.1328125,507.2432556152344,191.9765625,517.3513793945312,191.9765625
513.9815063476562,191.9765625,513.9815063476562,200.2734375,505.64813232421875,200.2734375,501.9444580078125,214.1015625,501.9444580078125,227.9296875,523.24072265625,200.2734375,526.9444580078125,218.7109375,538.9815063476562,227.9296875,505.64813232421875,226.0859375,503.7962951660156,250.9765625,501.0185241699219,272.1796875,516.75927734375,227.9296875,513.9815063476562,251.8984375,511.2037048339844,272.1796875,512.129638671875,190.1328125,516.75927734375,189.2109375,509.3518371582031,191.0546875,518.611083984375,190.1328125
515.9074096679688,191.0546875,514.9815063476562,201.1953125,506.64813232421875,201.1953125,502.9444580078125,215.0234375,503.870361328125,227.0078125,523.3148193359375,202.1171875,527.9444580078125,219.6328125,539.9815063476562,228.8515625,505.72222900390625,229.7734375,503.870361328125,270.3359375,-1.0,-1.0,517.75927734375,232.5390625,516.8333129882812,251.8984375,-1.0,-1.0,514.0555419921875,189.2109375,517.75927734375,189.2109375,511.27777099609375,190.1328125,520.5370483398438,190.1328125
516.7567749023438,191.0546875,514.9189453125,202.1171875,506.6486511230469,202.1171875,502.0540466308594,222.3984375,-1.0,-1.0,523.189208984375,203.0390625,529.6216430664062,219.6328125,541.5675659179688,229.7734375,504.8108215332031,236.2265625,505.729736328125,271.2578125,-1.0,-1.0,517.6756591796875,238.0703125,513.0810546875,270.3359375,-1.0,-1.0,514.9189453125,189.2109375,518.5946044921875,189.2109375,511.2432556152344,190.1328125,521.3513793945312,191.0546875
517.4727172851562,192.05859375,515.6181640625,201.35546875,508.20001220703125,200.42578125,504.49090576171875,218.08984375,504.49090576171875,228.31640625,523.963623046875,201.35546875,530.4545288085938,219.01953125,542.5090942382812,232.03515625,508.20001220703125,230.17578125,507.2727355957031,250.62890625,-1.0,-1.0,519.3272705078125,232.96484375,519.3272705078125,250.62890625,-1.0,-1.0,515.6181640625,190.19921875,519.3272705078125,190.19921875,511.9090881347656,190.19921875,522.1090698242188,192.05859375
518.9815063476562,192.05859375,517.129638671875,200.42578125,509.72222900390625,199.49609375,506.9444580078125,213.44140625,-1.0,-1.0,523.611083984375,200.42578125,531.0184936523438,217.16015625,543.9815063476562,232.03515625,509.72222900390625,226.45703125,508.7962951660156,249.69921875,-1.0,-1.0,518.9815063476562,228.31640625,518.9815063476562,250.62890625,-1.0,-1.0,517.129638671875,190.19921875,520.8333129882812,190.19921875,514.3518676757812,191.12890625,522.6851806640625,192.05859375
519.9815063476562,192.05859375,518.129638671875,197.63671875,510.72222900390625,197.63671875,507.9444580078125,214.37109375,-1.0,-1.0,524.611083984375,199.49609375,530.1666870117188,214.37109375,544.9815063476562,232.03515625,510.72222900390625,225.52734375,509.7962951660156,249.69921875,-1.0,-1.0,519.9815063476562,227.38671875,519.0555419921875,249.69921875,519.9815063476562,264.57421875,519.0555419921875,190.19921875,521.8333129882812,190.19921875,515.3518676757812,190.19921875,523.6851806640625,192.05859375
521.4727172851562,190.19921875,518.69091796875,196.70703125,512.2000122070312,196.70703125,-1.0,-1.0,-1.0,-1.0,525.1818237304688,197.63671875,527.036376953125,208.79296875,-1.0,-1.0,512.2000122070312,221.80859375,-1.0,-1.0,-1.0,-1.0,521.4727172851562,223.66796875,-1.0,-1.0,-1.0,-1.0,519.6181640625,189.26953125,522.4000244140625,189.26953125,515.9091186523438,188.33984375,525.1818237304688,190.19921875
522.4727172851562,191.12890625,519.69091796875,196.70703125,513.2000122070312,196.70703125,-1.0,-1.0,-1.0,-1.0,526.1818237304688,197.63671875,531.7454833984375,213.44140625,549.3636474609375,232.96484375,513.2000122070312,219.94921875,-1.0,-1.0,-1.0,-1.0,522.4727172851562,222.73828125,-1.0,-1.0,-1.0,-1.0,520.6181640625,189.26953125,523.4000244140625,189.26953125,517.8363647460938,189.26953125,526.1818237304688,190.19921875
523.2243041992188,192.15625,520.4205322265625,199.65625,513.8784790039062,200.59375,511.07476806640625,220.28125,-1.0,-1.0,526.0280151367188,200.59375,534.4392700195312,216.53125,547.5233764648438,232.46875,514.8131103515625,226.84375,515.7476806640625,252.15625,-1.0,-1.0,523.2243041992188,227.78125,521.3551635742188,253.09375,-1.0,-1.0,520.4205322265625,189.34375,524.1588745117188,189.34375,517.6168212890625,190.28125,526.962646484375,190.28125
524.2243041992188,192.15625,521.4205322265625,198.71875,513.9439086914062,198.71875,512.0747680664062,214.65625,513.9439086914062,225.90625,527.0280151367188,199.65625,535.4392700195312,216.53125,546.6541748046875,229.65625,516.7476806640625,225.90625,517.6822509765625,247.46875,-1.0,-1.0,525.1588745117188,227.78125,533.570068359375,251.21875,536.3738403320312,270.90625,521.4205322265625,189.34375,526.0934448242188,189.34375,517.6822509765625,191.21875,528.897216796875,190.28125
524.77978515625,192.15625,522.9082641601562,203.40625,516.3577880859375,203.40625,513.5504760742188,214.65625,515.4219970703125,225.90625,529.458740234375,202.46875,537.8807373046875,219.34375,550.9816284179688,230.59375,518.2293701171875,227.78125,518.2293701171875,249.34375,-1.0,-1.0,527.587158203125,229.65625,536.0091552734375,250.28125,537.8807373046875,269.96875,522.9082641601562,189.34375,526.6513671875,189.34375,519.1651611328125,191.21875,529.458740234375,191.21875
526.715576171875,192.15625,523.9082641601562,199.65625,517.3577880859375,199.65625,519.2293701171875,213.71875,-1.0,-1.0,531.3944702148438,200.59375,537.9449462890625,216.53125,541.6880493164062,223.09375,519.2293701171875,224.03125,517.3577880859375,247.46875,-1.0,-1.0,527.6513671875,225.90625,-1.0,-1.0,-1.0,-1.0,524.8440551757812,190.28125,528.587158203125,190.28125,521.1008911132812,191.21875,530.458740234375,191.21875
527.2897338867188,193.09375,525.4205322265625,201.53125,518.8784790039062,201.53125,516.0747680664062,215.59375,517.9439086914062,226.84375,531.0280151367188,201.53125,538.5046997070312,216.53125,-1.0,-1.0,520.7476806640625,227.78125,519.8131103515625,271.84375,-1.0,-1.0,530.0934448242188,228.71875,-1.0,-1.0,-1.0,-1.0,525.4205322265625,191.21875,529.1588745117188,190.28125,521.6822509765625,192.15625,531.962646484375,191.21875
529.2243041992188,193.09375,526.4205322265625,201.53125,519.8784790039062,201.53125,518.9439086914062,216.53125,-1.0,-1.0,532.962646484375,201.53125,540.4392700195312,217.46875,543.2429809570312,224.03125,521.7476806640625,227.78125,521.7476806640625,271.84375,-1.0,-1.0,532.0280151367188,227.78125,-1.0,-1.0,-1.0,-1.0,527.3551635742188,190.28125,531.0934448242188,190.28125,523.6168212890625,191.21875,533.897216796875,190.28125
530.4166870117188,192.26953125,528.5277709960938,200.77734375,520.9722290039062,200.77734375,518.138916015625,214.95703125,-1.0,-1.0,535.138916015625,201.72265625,540.8055419921875,215.90234375,540.8055419921875,222.51953125,524.75,224.41015625,521.9166870117188,248.98828125,522.861083984375,266.94921875,533.25,224.41015625,536.0833129882812,247.09765625,-1.0,-1.0,528.5277709960938,190.37890625,532.3055419921875,190.37890625,524.75,191.32421875,534.1944580078125,191.32421875
531.4166870117188,192.26953125,529.5277709960938,198.88671875,522.9166870117188,199.83203125,521.0277709960938,214.01171875,524.8055419921875,226.30078125,536.138916015625,199.83203125,542.75,214.95703125,543.6944580078125,222.51953125,525.75,223.46484375,522.9166870117188,249.93359375,524.8055419921875,267.89453125,535.1944580078125,222.51953125,-1.0,-1.0,-1.0,-1.0,529.5277709960938,190.37890625,533.3055419921875,190.37890625,526.6944580078125,191.32421875,535.1944580078125,190.37890625
532.9244995117188,192.26953125,531.0377197265625,201.72265625,524.4339599609375,201.72265625,525.3773803710938,214.95703125,-1.0,-1.0,537.6414794921875,201.72265625,544.2453002929688,216.84765625,-1.0,-1.0,528.20751953125,226.30078125,525.3773803710938,268.83984375,-1.0,-1.0,536.6981201171875,223.46484375,-1.0,-1.0,-1.0,-1.0,531.0377197265625,191.32421875,533.867919921875,190.37890625,527.26416015625,192.26953125,535.7546997070312,191.32421875
532.9811401367188,192.26953125,532.9811401367188,201.72265625,526.3773803710938,202.66796875,527.3207397460938,214.95703125,-1.0,-1.0,539.5848999023438,201.72265625,545.2453002929688,215.90234375,538.6414794921875,201.72265625,529.20751953125,226.30078125,527.3207397460938,248.98828125,-1.0,-1.0,537.6981201171875,224.41015625,542.4151000976562,249.93359375,-1.0,-1.0,532.0377197265625,190.37890625,534.867919921875,190.37890625,529.20751953125,191.32421875,536.7546997070312,190.37890625
534.4722290039062,191.32421875,534.4722290039062,200.77734375,528.8055419921875,202.66796875,528.8055419921875,214.95703125,-1.0,-1.0,540.138916015625,200.77734375,546.75,214.01171875,-1.0,-1.0,532.5833129882812,223.46484375,-1.0,-1.0,-1.0,-1.0,540.138916015625,221.57421875,-1.0,-1.0,-1.0,-1.0,533.5277709960938,190.37890625,536.361083984375,190.37890625,530.6944580078125,191.32421875,538.25,190.37890625
537.5420532226562,191.4453125,535.635498046875,202.8828125,528.0093383789062,202.8828125,530.869140625,218.1328125,536.5888061523438,203.8359375,544.2149658203125,201.9296875,548.9813232421875,218.1328125,559.46728515625,228.6171875,533.7289428710938,230.5234375,530.869140625,273.4140625,-1.0,-1.0,543.2616577148438,228.6171875,-1.0,-1.0,-1.0,-1.0,534.6822509765625,188.5859375,538.4953002929688,188.5859375,530.869140625,190.4921875,541.3551635742188,190.4921875
537.635498046875,191.4453125,534.7756958007812,202.8828125,528.102783203125,203.8359375,530.0093383789062,219.0859375,-1.0,-1.0,543.3551635742188,201.9296875,549.0747680664062,218.1328125,560.5140380859375,229.5703125,532.869140625,234.3359375,530.0093383789062,272.4609375,-1.0,-1.0,542.40185546875,231.4765625,-1.0,-1.0,-1.0,-1.0,534.7756958007812,188.5859375,539.5420532226562,187.6328125,530.962646484375,190.4921875,542.40185546875,189.5390625
538.1904907226562,190.4921875,537.2380981445312,201.9296875,529.6190185546875,203.8359375,529.6190185546875,220.0390625,536.2857055664062,205.7421875,544.8571166992188,200.9765625,550.5714111328125,217.1796875,550.5714111328125,220.9921875,534.3809814453125,231.4765625,-1.0,-1.0,-1.0,-1.0,542.952392578125,230.5234375,-1.0,-1.0,-1.0,-1.0,535.3333129882812,188.5859375,541.047607421875,188.5859375,532.4761962890625,190.4921875,542.952392578125,189.5390625
539.5277709960938,190.32421875,536.6944580078125,200.72265625,530.0833129882812,202.61328125,528.1944580078125,219.62890625,537.638916015625,204.50390625,544.25,199.77734375,549.9166870117188,215.84765625,552.75,222.46484375,533.861083984375,230.02734375,537.638916015625,249.87890625,-1.0,-1.0,544.25,229.08203125,548.9722290039062,248.93359375,-1.0,-1.0,536.6944580078125,188.43359375,541.4166870117188,187.48828125,532.9166870117188,189.37890625,543.3055419921875,188.43359375
541.0377197265625,190.32421875,538.20751953125,201.66796875,530.660400390625,202.61328125,529.7169799804688,217.73828125,545.7546997070312,222.46484375,545.7546997070312,200.72265625,553.3018798828125,214.90234375,564.6226196289062,229.08203125,534.4339599609375,232.86328125,537.26416015625,253.66015625,-1.0,-1.0,543.867919921875,230.97265625,544.8113403320312,252.71484375,-1.0,-1.0,538.20751953125,188.43359375,542.9244995117188,187.48828125,533.4905395507812,190.32421875,544.8113403320312,188.43359375
542.5277709960938,190.32421875,539.6944580078125,201.66796875,532.138916015625,202.61328125,530.25,218.68359375,545.361083984375,222.46484375,546.3055419921875,200.72265625,553.861083984375,214.90234375,561.4166870117188,224.35546875,535.9166870117188,230.97265625,537.8055419921875,250.82421875,539.6944580078125,270.67578125,545.361083984375,230.02734375,546.3055419921875,249.87890625,-1.0,-1.0,538.75,188.43359375,544.4166870117188,187.48828125,534.9722290039062,190.32421875,546.3055419921875,188.43359375
543.5833129882812,190.32421875,540.75,202.61328125,534.138916015625,203.55859375,532.25,218.68359375,536.9722290039062,229.08203125,549.25,202.61328125,556.8055419921875,217.73828125,568.138916015625,230.02734375,537.9166870117188,234.75390625,-1.0,-1.0,-1.0,-1.0,550.1944580078125,233.80859375,-1.0,-1.0,-1.0,-1.0,540.75,187.48828125,545.4722290039062,187.48828125,536.9722290039062,190.32421875,548.3055419921875,188.43359375
546.0377197265625,189.37890625,541.3207397460938,210.17578125,531.8867797851562,211.12109375,-1.0,-1.0,-1.0,-1.0,550.7546997070312,208.28515625,563.9622802734375,227.19140625,570.5660400390625,235.69921875,532.8302001953125,248.93359375,-1.0,-1.0,-1.0,-1.0,546.9811401367188,249.87890625,548.867919921875,275.40234375,-1.0,-1.0,542.26416015625,187.48828125,547.9244995117188,187.48828125,537.5471801757812,190.32421875,-1.0,-1.0
547.5277709960938,190.32421875,541.861083984375,208.28515625,533.361083984375,208.28515625,-1.0,-1.0,-1.0,-1.0,550.361083984375,207.33984375,567.361083984375,227.19140625,574.9166870117188,231.91796875,533.361083984375,251.76953125,-1.0,-1.0,-1.0,-1.0,549.4166870117188,252.71484375,550.361083984375,271.62109375,-1.0,-1.0,543.75,187.48828125,550.361083984375,186.54296875,537.138916015625,190.32421875,-1.0,-1.0
547.4859619140625,190.15625,543.7476806640625,205.15625,536.2710571289062,206.09375,-1.0,-1.0,-1.0,-1.0,552.1588745117188,204.21875,563.3738403320312,222.03125,574.5888061523438,230.46875,539.0747680664062,240.78125,542.8131103515625,251.09375,-1.0,-1.0,550.2897338867188,236.09375,561.5046997070312,252.96875,561.5046997070312,269.84375,545.6168212890625,188.28125,549.3551635742188,187.34375,540.9439086914062,190.15625,-1.0,-1.0
550.8440551757812,191.09375,546.1651611328125,202.34375,539.6146850585938,206.09375,-1.0,-1.0,-1.0,-1.0,551.77978515625,202.34375,561.1376342773438,215.46875,575.17431640625,229.53125,541.4862670898438,228.59375,543.3577880859375,247.34375,-1.0,-1.0,-1.0,-1.0,-1.0,-1.0,-1.0,-1.0,547.1008911132812,189.21875,552.715576171875,189.21875,-1.0,-1.0,-1.0,-1.0
-1.0,-1.0,547.6822509765625,197.65625,-1.0,-1.0,-1.0,-1.0,-1.0,-1.0,553.2897338867188,199.53125,560.766357421875,213.59375,-1.0,-1.0,543.0093383789062,224.84375,545.8131103515625,245.46875,-1.0,-1.0,550.4859619140625,224.84375,-1.0,-1.0,-1.0,-1.0,-1.0,-1.0,-1.0,-1.0,-1.0,-1.0,-1.0,-1.0
-1.0,-1.0,550.1008911132812,197.65625,-1.0,-1.0,-1.0,-1.0,-1.0,-1.0,-1.0,-1.0,-1.0,-1.0,-1.0,-1.0,544.4862670898438,222.96875,548.2293701171875,245.46875,-1.0,-1.0,551.0366821289062,222.03125,-1.0,-1.0,-1.0,-1.0,-1.0,-1.0,-1.0,-1.0,-1.0,-1.0,-1.0,-1.0
556.77978515625,191.09375,552.1008911132812,207.03125,546.4862670898438,209.84375,-1.0,-1.0,-1.0,-1.0,559.587158203125,206.09375,571.7523193359375,222.96875,583.9174194335938,231.40625,553.9724731445312,248.28125,-1.0,-1.0,-1.0,-1.0,-1.0,-1.0,-1.0,-1.0,-1.0,-1.0,552.1008911132812,187.34375,558.6513671875,187.34375,547.4219970703125,190.15625,-1.0,-1.0
558.2897338867188,190.09375,551.7476806640625,205.09375,546.1401977539062,206.03125,-1.0,-1.0,-1.0,-1.0,558.2897338867188,203.21875,570.4392700195312,220.09375,585.3925170898438,231.34375,548.0093383789062,236.96875,-1.0,-1.0,-1.0,-1.0,555.4859619140625,236.03125,-1.0,-1.0,-1.0,-1.0,553.6168212890625,187.28125,559.2243041992188,186.34375,548.9439086914062,191.03125,-1.0,-1.0
558.8440551757812,190.09375,554.1651611328125,204.15625,547.6146850585938,205.09375,-1.0,-1.0,-1.0,-1.0,560.715576171875,203.21875,572.8807373046875,221.03125,586.9174194335938,230.40625,552.2935791015625,234.15625,-1.0,-1.0,-1.0,-1.0,558.8440551757812,235.09375,-1.0,-1.0,-1.0,-1.0,556.0366821289062,188.21875,561.6513671875,187.28125,552.2935791015625,190.09375,-1.0,-1.0
561.2897338867188,191.03125,555.6822509765625,206.96875,547.2710571289062,207.90625,-1.0,-1.0,-1.0,-1.0,562.2243041992188,204.15625,574.3738403320312,221.03125,588.3925170898438,230.40625,553.8131103515625,236.96875,-1.0,-1.0,-1.0,-1.0,563.1588745117188,236.96875,-1.0,-1.0,-1.0,-1.0,557.5513916015625,188.21875,563.1588745117188,187.28125,551.9439086914062,191.03125,-1.0,-1.0
561.8440551757812,191.03125,557.1651611328125,203.21875,547.8073120117188,206.03125,547.8073120117188,221.03125,554.3577880859375,240.71875,563.715576171875,201.34375,574.0091552734375,220.09375,587.110107421875,228.53125,554.3577880859375,232.28125,-1.0,-1.0,-1.0,-1.0,562.77978515625,231.34375,-1.0,-1.0,-1.0,-1.0,558.1008911132812,189.15625,561.8440551757812,187.28125,554.3577880859375,190.09375,-1.0,-1.0
566.6513671875,191.96875,560.1008911132812,203.21875,551.6788940429688,206.03125,549.8073120117188,220.09375,556.3577880859375,237.90625,565.715576171875,201.34375,576.0091552734375,220.09375,590.9816284179688,230.40625,558.2293701171875,231.34375,560.1008911132812,251.96875,-1.0,-1.0,564.77978515625,231.34375,566.6513671875,275.40625,-1.0,-1.0,562.9082641601562,190.09375,567.587158203125,189.15625,560.1008911132812,190.09375,-1.0,-1.0
566.2897338867188,191.03125,561.6168212890625,198.53125,555.0747680664062,198.53125,553.2056274414062,213.53125,557.8784790039062,236.96875,567.2243041992188,199.46875,575.635498046875,219.15625,590.5888061523438,228.53125,557.8784790039062,225.71875,563.4859619140625,254.78125,-1.0,-1.0,565.3551635742188,227.59375,568.1588745117188,253.84375,-1.0,-1.0,564.4205322265625,189.15625,568.1588745117188,189.15625,560.6822509765625,189.15625,-1.0,-1.0
-1.0,-1.0,566.69091796875,202.00390625,559.272705078125,202.00390625,554.6363525390625,220.59765625,561.1272583007812,235.47265625,570.4000244140625,202.00390625,578.7454833984375,219.66796875,593.581787109375,229.89453125,562.9818115234375,231.75390625,565.7636108398438,253.13671875,-1.0,-1.0,568.5454711914062,231.75390625,-1.0,-1.0,-1.0,-1.0,-1.0,-1.0,-1.0,-1.0,-1.0,-1.0,-1.0,-1.0
570.9815063476562,188.98828125,567.2777709960938,203.86328125,559.870361328125,202.93359375,557.0925903320312,219.66796875,563.5740966796875,234.54296875,572.8333129882812,202.93359375,580.24072265625,220.59765625,595.0555419921875,229.89453125,566.3518676757812,240.12109375,568.2036743164062,274.51953125,-1.0,-1.0,571.9074096679688,237.33203125,568.2036743164062,276.37890625,-1.0,-1.0,569.129638671875,187.12890625,571.9074096679688,187.12890625,563.5740966796875,189.91796875,-1.0,-1.0
-1.0,-1.0,568.7636108398438,203.86328125,-1.0,-1.0,-1.0,-1.0,-1.0,-1.0,574.3272705078125,202.93359375,581.7454833984375,219.66796875,596.581787109375,229.89453125,566.9091186523438,240.12109375,569.69091796875,264.29296875,-1.0,-1.0,563.2000122070312,237.33203125,-1.0,-1.0,-1.0,-1.0,-1.0,-1.0,-1.0,-1.0,-1.0,-1.0,-1.0,-1.0
575.4000244140625,188.98828125,571.69091796875,202.00390625,564.272705078125,202.00390625,560.5636596679688,216.87890625,564.272705078125,230.82421875,578.1818237304688,201.07421875,583.7454833984375,219.66796875,597.654541015625,229.89453125,565.2000122070312,232.68359375,560.5636596679688,260.57421875,-1.0,-1.0,573.5454711914062,233.61328125,573.5454711914062,257.78515625,-1.0,-1.0,572.6181640625,186.19921875,576.3272705078125,186.19921875,567.0545654296875,189.91796875,-1.0,-1.0
575.9815063476562,188.98828125,572.2777709960938,202.93359375,565.7963256835938,202.93359375,566.7222290039062,216.87890625,-1.0,-1.0,578.75927734375,201.07421875,586.1666870117188,219.66796875,598.2037353515625,229.89453125,566.7222290039062,239.19140625,565.7963256835938,273.58984375,-1.0,-1.0,575.0555419921875,239.19140625,572.2777709960938,274.51953125,-1.0,-1.0,573.2036743164062,186.19921875,577.8333129882812,186.19921875,567.6481323242188,188.98828125,-1.0,-1.0
577.4727172851562,188.98828125,573.7636108398438,200.14453125,567.272705078125,200.14453125,563.5636596679688,216.87890625,566.345458984375,232.68359375,581.1818237304688,200.14453125,585.8181762695312,218.73828125,600.654541015625,230.82421875,566.345458984375,239.19140625,569.1272583007812,268.01171875,-1.0,-1.0,577.4727172851562,239.19140625,578.4000244140625,258.71484375,-1.0,-1.0,574.69091796875,186.19921875,579.3272705078125,186.19921875,570.0545654296875,188.05859375,-1.0,-1.0
580.8333129882812,188.8984375,577.129638671875,196.2734375,573.4259033203125,198.1171875,-1.0,-1.0,-1.0,-1.0,582.6851806640625,196.2734375,587.3148193359375,217.4765625,602.129638671875,230.3828125,566.9444580078125,243.2890625,570.6481323242188,277.3984375,-1.0,-1.0,578.0555419921875,239.6015625,-1.0,-1.0,-1.0,-1.0,577.129638671875,186.1328125,582.6851806640625,185.2109375,572.5,187.9765625,-1.0,-1.0
581.6756591796875,187.9765625,578.0,198.1171875,-1.0,-1.0,-1.0,-1.0,-1.0,-1.0,582.5946044921875,198.1171875,-1.0,-1.0,-1.0,-1.0,-1.0,-1.0,-1.0,-1.0,-1.0,-1.0,-1.0,-1.0,-1.0,-1.0,-1.0,-1.0,578.0,186.1328125,583.5134887695312,185.2109375,-1.0,-1.0,-1.0,-1.0
583.4910888671875,188.73828125,578.9375,197.87890625,574.3839111328125,197.87890625,-1.0,-1.0,-1.0,-1.0,583.4910888671875,197.87890625,589.8660888671875,217.98828125,604.4375,229.87109375,572.5625,220.73046875,-1.0,-1.0,-1.0,-1.0,-1.0,-1.0,-1.0,-1.0,-1.0,-1.0,580.7589111328125,185.99609375,585.3125,185.08203125,-1.0,-1.0,-1.0,-1.0
585.1834716796875,188.73828125,577.8440551757812,200.62109375,570.5045776367188,199.70703125,-1.0,-1.0,-1.0,-1.0,587.0183715820312,199.70703125,593.4403686523438,219.81640625,606.284423828125,229.87109375,574.17431640625,236.26953125,573.2568969726562,256.37890625,-1.0,-1.0,584.2660522460938,237.18359375,-1.0,-1.0,-1.0,-1.0,582.4312133789062,185.99609375,587.0183715820312,185.99609375,575.0917358398438,187.82421875,-1.0,-1.0
586.4910888671875,189.65234375,580.1160888671875,201.53515625,571.9196166992188,201.53515625,571.9196166992188,223.47265625,582.8482055664062,230.78515625,587.4017944335938,200.62109375,591.0446166992188,219.81640625,608.3482055664062,229.87109375,575.5625,239.92578125,577.3839111328125,256.37890625,-1.0,-1.0,586.4910888671875,238.09765625,-1.0,-1.0,-1.0,-1.0,582.8482055664062,186.91015625,588.3125,186.91015625,575.5625,187.82421875,-1.0,-1.0
588.1834716796875,189.65234375,581.761474609375,201.53515625,574.4219970703125,201.53515625,574.4219970703125,217.98828125,-1.0,-1.0,589.1008911132812,200.62109375,595.52294921875,219.81640625,610.2018432617188,230.78515625,576.2568969726562,237.18359375,-1.0,-1.0,-1.0,-1.0,586.3486328125,236.26953125,-1.0,-1.0,-1.0,-1.0,585.4312133789062,186.91015625,590.0183715820312,186.91015625,578.0917358398438,188.73828125,-1.0,-1.0
590.0,189.578125,582.727294921875,202.265625,574.5454711914062,201.359375,571.8181762695312,226.734375,579.0908813476562,231.265625,590.9091186523438,202.265625,596.3636474609375,220.390625,610.9091186523438,229.453125,575.4545288085938,237.609375,579.0908813476562,259.359375,-1.0,-1.0,587.272705078125,237.609375,-1.0,-1.0,-1.0,-1.0,587.272705078125,186.859375,591.8181762695312,186.859375,580.0,187.765625,-1.0,-1.0
591.7610473632812,189.578125,583.6371459960938,201.359375,574.610595703125,200.453125,571.0,225.828125,581.8318481445312,217.671875,590.8583984375,201.359375,596.2743530273438,220.390625,611.6194458007812,229.453125,575.5132446289062,237.609375,-1.0,-1.0,-1.0,-1.0,585.4425048828125,237.609375,-1.0,-1.0,-1.0,-1.0,589.0531005859375,186.859375,593.5663452148438,186.859375,582.7344970703125,187.765625,-1.0,-1.0
593.0,190.484375,585.727294921875,202.265625,579.3636474609375,202.265625,-1.0,-1.0,-1.0,-1.0,593.0,202.265625,598.4545288085938,220.390625,614.8181762695312,230.359375,577.5454711914062,237.609375,581.1818237304688,262.984375,-1.0,-1.0,586.6363525390625,237.609375,-1.0,-1.0,-1.0,-1.0,589.3636474609375,187.765625,594.8181762695312,187.765625,584.8181762695312,189.578125,-1.0,-1.0
594.7610473632812,191.390625,-1.0,-1.0,-1.0,-1.0,-1.0,-1.0,-1.0,-1.0,-1.0,-1.0,-1.0,-1.0,-1.0,-1.0,-1.0,-1.0,-1.0,-1.0,-1.0,-1.0,-1.0,-1.0,-1.0,-1.0,-1.0,-1.0,592.0531005859375,187.765625,596.5663452148438,187.765625,586.6371459960938,189.578125,-1.0,-1.0
595.8583984375,190.484375,586.8318481445312,202.265625,-1.0,-1.0,-1.0,-1.0,-1.0,-1.0,594.0531005859375,204.078125,600.3717041015625,220.390625,617.5220947265625,230.359375,-1.0,-1.0,-1.0,-1.0,-1.0,-1.0,-1.0,-1.0,-1.0,-1.0,-1.0,-1.0,593.1504516601562,187.765625,597.6636962890625,187.765625,-1.0,-1.0,-1.0,-1.0
598.9091186523438,190.484375,-1.0,-1.0,-1.0,-1.0,-1.0,-1.0,-1.0,-1.0,-1.0,-1.0,-1.0,-1.0,-1.0,-1.0,-1.0,-1.0,-1.0,-1.0,-1.0,-1.0,-1.0,-1.0,-1.0,-1.0,-1.0,-1.0,595.272705078125,187.765625,599.8181762695312,187.765625,-1.0,-1.0,-1.0,-1.0
599.5789184570312,189.51953125,593.3157958984375,203.89453125,587.9473876953125,202.99609375,582.5789184570312,225.45703125,589.73681640625,231.74609375,598.6842041015625,202.99609375,603.1578979492188,220.96484375,621.9473876953125,230.84765625,589.73681640625,231.74609375,-1.0,-1.0,-1.0,-1.0,596.8947143554688,232.64453125,-1.0,-1.0,-1.0,-1.0,596.8947143554688,186.82421875,602.26318359375,186.82421875,591.5263061523438,187.72265625,-1.0,-1.0
601.5789184570312,189.51953125,595.3157958984375,202.09765625,592.631591796875,202.09765625,588.1578979492188,228.15234375,-1.0,-1.0,600.6842041015625,202.09765625,604.26318359375,220.06640625,624.8421020507812,231.74609375,-1.0,-1.0,-1.0,-1.0,-1.0,-1.0,-1.0,-1.0,-1.0,-1.0,-1.0,-1.0,598.0,186.82421875,604.26318359375,186.82421875,593.5263061523438,187.72265625,-1.0,-1.0
603.270263671875,189.51953125,596.9639892578125,202.09765625,589.7567749023438,202.09765625,587.9549560546875,225.45703125,-1.0,-1.0,602.369384765625,202.09765625,607.7747802734375,220.06640625,626.6937255859375,232.64453125,-1.0,-1.0,-1.0,-1.0,-1.0,-1.0,602.369384765625,234.44140625,-1.0,-1.0,-1.0,-1.0,599.6666870117188,187.72265625,605.0720825195312,186.82421875,594.26123046875,188.62109375,-1.0,-1.0
605.270263671875,189.51953125,-1.0,-1.0,-1.0,-1.0,-1.0,-1.0,-1.0,-1.0,-1.0,-1.0,-1.0,-1.0,-1.0,-1.0,-1.0,-1.0,-1.0,-1.0,-1.0,-1.0,-1.0,-1.0,-1.0,-1.0,-1.0,-1.0,602.5675659179688,187.72265625,606.171142578125,186.82421875,-1.0,-1.0,-1.0,-1.0
606.7610473632812,188.765625,600.4425048828125,200.546875,594.1239013671875,199.640625,-1.0,-1.0,-1.0,-1.0,606.7610473632812,199.640625,613.0796508789062,216.859375,629.3274536132812,230.453125,-1.0,-1.0,-1.0,-1.0,-1.0,-1.0,-1.0,-1.0,-1.0,-1.0,-1.0,-1.0,604.0531005859375,186.046875,607.6636962890625,186.046875,598.6371459960938,186.953125,-1.0,-1.0
608.270263671875,189.62109375,601.9639892578125,201.30078125,595.6576538085938,199.50390625,590.2522583007812,224.66015625,598.3603515625,230.05078125,608.270263671875,200.40234375,616.3783569335938,218.37109375,631.6937255859375,230.94921875,595.6576538085938,232.74609375,-1.0,-1.0,-1.0,-1.0,607.369384765625,233.64453125,-1.0,-1.0,-1.0,-1.0,605.5675659179688,186.92578125,608.270263671875,186.02734375,601.0630493164062,188.72265625,-1.0,-1.0
-1.0,-1.0,-1.0,-1.0,-1.0,-1.0,-1.0,-1.0,-1.0,-1.0,607.5675659179688,200.40234375,617.4774780273438,219.26953125,635.4954833984375,230.94921875,-1.0,-1.0,-1.0,-1.0,-1.0,-1.0,-1.0,-1.0,-1.0,-1.0,-1.0,-1.0,-1.0,-1.0,-1.0,-1.0,-1.0,-1.0,-1.0,-1.0
594.9549560546875,220.16796875,-1.0,-1.0,-1.0,-1.0,-1.0,-1.0,-1.0,-1.0,-1.0,-1.0,-1.0,-1.0,-1.0,-1.0,-1.0,-1.0,-1.0,-1.0,-1.0,-1.0,-1.0,-1.0,-1.0,-1.0,-1.0,-1.0,-1.0,-1.0,595.8558349609375,219.26953125,-1.0,-1.0,598.5585327148438,220.16796875
