-1.0,-1.0,153.61856079101562,235.1640625,162.48452758789062,235.1640625,166.0309295654297,255.6484375,166.9175262451172,271.6796875,144.75257873535156,236.0546875,140.319580078125,256.5390625,-1.0,-1.0,160.71133422851562,275.2421875,162.48452758789062,301.0703125,-1.0,-1.0,145.63917541503906,275.2421875,147.41236877441406,301.9609375,-1.0,-1.0,-1.0,-1.0,-1.0,-1.0,161.59793090820312,223.5859375,152.73196411132812,221.8046875
167.44444274902344,223.5859375,155.0,235.1640625,163.0,235.1640625,166.55555725097656,255.6484375,-1.0,-1.0,146.11111450195312,234.2734375,140.77777099609375,254.7578125,-1.0,-1.0,162.11111450195312,273.4609375,163.0,293.0546875,-1.0,-1.0,147.0,272.5703125,147.88888549804688,295.7265625,-1.0,-1.0,165.6666717529297,220.0234375,-1.0,-1.0,159.44444274902344,221.8046875,-1.0,-1.0
166.6666717529297,221.8046875,156.0,235.1640625,164.0,235.1640625,168.44444274902344,253.8671875,171.11111450195312,273.4609375,148.0,235.1640625,145.3333282470703,252.9765625,-1.0,-1.0,163.11111450195312,276.1328125,-1.0,-1.0,-1.0,-1.0,164.0,275.2421875,-1.0,-1.0,-1.0,-1.0,164.88888549804688,220.0234375,-1.0,-1.0,159.55555725097656,221.8046875,-1.0,-1.0
-1.0,-1.0,157.0,235.1640625,165.88888549804688,236.0546875,168.55555725097656,254.7578125,173.88888549804688,275.2421875,148.11111450195312,235.1640625,144.55555725097656,252.9765625,-1.0,-1.0,164.11111450195312,271.6796875,165.0,292.1640625,-1.0,-1.0,149.0,270.7890625,-1.0,-1.0,-1.0,-1.0,-1.0,-1.0,-1.0,-1.0,162.3333282470703,222.6953125,156.11111450195312,221.8046875
-1.0,-1.0,158.0,236.0546875,166.88888549804688,236.0546875,170.44444274902344,256.5390625,174.88888549804688,275.2421875,149.11111450195312,236.0546875,145.55555725097656,253.8671875,-1.0,-1.0,164.22222900390625,276.1328125,-1.0,-1.0,-1.0,-1.0,149.11111450195312,275.2421875,-1.0,-1.0,-1.0,-1.0,-1.0,-1.0,-1.0,-1.0,163.3333282470703,223.5859375,-1.0,-1.0
170.42857360839844,223.72265625,158.75509643554688,237.19921875,167.7346954345703,238.09765625,170.42857360839844,258.76171875,174.91836547851562,275.83203125,148.87754821777344,237.19921875,145.2857208251953,255.16796875,-1.0,-1.0,164.14285278320312,276.73046875,-1.0,-1.0,-1.0,-1.0,150.6734619140625,274.93359375,151.57142639160156,304.58203125,-1.0,-1.0,168.63265991210938,222.82421875,-1.0,-1.0,164.14285278320312,224.62109375,-1.0,-1.0
-1.0,-1.0,159.75509643554688,238.09765625,167.83673095703125,238.09765625,171.42857360839844,257.86328125,175.02041625976562,274.93359375,150.7755126953125,237.19921875,146.2857208251953,251.57421875,-1.0,-1.0,165.14285278320312,275.83203125,-1.0,-1.0,-1.0,-1.0,151.6734619140625,273.13671875,-1.0,-1.0,-1.0,-1.0,-1.0,-1.0,-1.0,-1.0,164.24490356445312,225.51953125,158.85714721679688,224.62109375
-1.0,-1.0,160.75509643554688,237.19921875,168.83673095703125,238.09765625,171.53060913085938,256.96484375,175.12245178222656,274.93359375,151.7755126953125,237.19921875,148.1836700439453,249.77734375,-1.0,-1.0,165.24490356445312,273.13671875,166.14285278320312,295.59765625,-1.0,-1.0,151.7755126953125,272.23828125,152.6734619140625,293.80078125,-1.0,-1.0,-1.0,-1.0,-1.0,-1.0,167.0408172607422,225.51953125,160.75509643554688,224.62109375
-1.0,-1.0,163.0500030517578,238.09765625,171.14999389648438,238.09765625,172.9499969482422,257.86328125,176.5500030517578,274.03515625,154.0500030517578,238.09765625,149.5500030517578,249.77734375,-1.0,-1.0,168.4499969482422,272.23828125,-1.0,-1.0,-1.0,-1.0,153.14999389648438,271.33984375,-1.0,-1.0,-1.0,-1.0,-1.0,-1.0,-1.0,-1.0,169.35000610351562,226.41796875,-1.0,-1.0
-1.0,-1.0,163.773193359375,237.453125,171.93814086914062,238.359375,172.84536743164062,257.390625,177.38143920898438,273.703125,154.70103454589844,236.546875,151.07215881347656,251.046875,-1.0,-1.0,168.3092803955078,273.703125,-1.0,-1.0,-1.0,-1.0,153.79380798339844,271.890625,-1.0,-1.0,-1.0,-1.0,-1.0,-1.0,-1.0,-1.0,167.40206909179688,225.671875,-1.0,-1.0
-1.0,-1.0,162.95877075195312,239.265625,172.93814086914062,239.265625,173.84536743164062,259.203125,178.38143920898438,275.515625,154.79380798339844,239.265625,151.16494750976562,254.671875,-1.0,-1.0,170.21649169921875,274.609375,169.3092803955078,304.515625,-1.0,-1.0,154.79380798339844,273.703125,-1.0,-1.0,-1.0,-1.0,-1.0,-1.0,-1.0,-1.0,170.21649169921875,227.484375,-1.0,-1.0
-1.0,-1.0,165.773193359375,239.265625,158.5154571533203,239.265625,153.97938537597656,258.296875,-1.0,-1.0,175.75257873535156,239.265625,176.6597900390625,262.828125,179.38143920898438,277.328125,158.5154571533203,276.421875,157.60824584960938,292.734375,-1.0,-1.0,172.12371826171875,277.328125,173.0309295654297,297.265625,-1.0,-1.0,-1.0,-1.0,-1.0,-1.0,169.40206909179688,226.578125,-1.0,-1.0
-1.0,-1.0,166.773193359375,240.171875,175.84536743164062,241.078125,177.6597900390625,261.015625,180.38143920898438,275.515625,157.70103454589844,239.265625,154.07215881347656,255.578125,-1.0,-1.0,171.3092803955078,275.515625,173.12371826171875,294.546875,-1.0,-1.0,157.70103454589844,274.609375,158.60824584960938,305.421875,-1.0,-1.0,-1.0,-1.0,-1.0,-1.0,173.12371826171875,227.484375,166.773193359375,227.484375
179.2244873046875,228.31640625,169.34693908691406,239.99609375,160.36734008789062,239.09765625,157.6734619140625,255.26953125,155.87754821777344,271.44140625,179.2244873046875,240.89453125,180.12245178222656,260.66015625,181.02041625976562,275.93359375,160.36734008789062,275.03515625,160.36734008789062,303.78515625,-1.0,-1.0,173.83673095703125,276.83203125,174.7346954345703,303.78515625,-1.0,-1.0,176.53060913085938,226.51953125,-1.0,-1.0,171.14285278320312,227.41796875,-1.0,-1.0
-1.0,-1.0,170.09091186523438,240.265625,179.18182373046875,240.265625,180.09091186523438,258.390625,182.81817626953125,273.796875,161.0,240.265625,157.36363220214844,259.296875,-1.0,-1.0,176.4545440673828,279.234375,-1.0,-1.0,-1.0,-1.0,176.4545440673828,281.953125,174.63636779785156,311.859375,-1.0,-1.0,-1.0,-1.0,-1.0,-1.0,174.63636779785156,227.578125,-1.0,-1.0
-1.0,-1.0,171.09091186523438,239.359375,179.27273559570312,239.359375,183.81817626953125,262.015625,185.63636779785156,274.703125,162.0,239.359375,159.27273559570312,258.390625,-1.0,-1.0,177.4545440673828,279.234375,173.81817626953125,315.484375,-1.0,-1.0,162.90908813476562,279.234375,164.72727966308594,313.671875,-1.0,-1.0,-1.0,-1.0,-1.0,-1.0,176.5454559326172,227.578125,-1.0,-1.0
-1.0,-1.0,172.09091186523438,239.359375,180.27273559570312,239.359375,185.72726440429688,261.109375,188.4545440673828,277.421875,163.0,238.453125,160.27273559570312,257.484375,-1.0,-1.0,177.5454559326172,279.234375,174.81817626953125,310.953125,-1.0,-1.0,163.0,276.515625,165.72727966308594,306.421875,-1.0,-1.0,-1.0,-1.0,-1.0,-1.0,181.18182373046875,227.578125,-1.0,-1.0
184.90908813476562,228.484375,173.09091186523438,239.359375,182.18182373046875,239.359375,186.72726440429688,262.921875,186.72726440429688,276.515625,164.0,239.359375,160.36363220214844,258.390625,-1.0,-1.0,178.5454559326172,281.046875,176.72727966308594,307.328125,-1.0,-1.0,164.90908813476562,279.234375,166.72727966308594,307.328125,-1.0,-1.0,183.09091186523438,225.765625,-1.0,-1.0,178.5454559326172,226.671875,-1.0,-1.0
184.89794921875,227.73828125,175.7142791748047,238.70703125,183.97958374023438,238.70703125,185.8163299560547,255.16015625,-1.0,-1.0,166.53060913085938,238.70703125,-1.0,-1.0,-1.0,-1.0,167.448974609375,277.09765625,168.36734008789062,303.60546875,-1.0,-1.0,182.14285278320312,277.09765625,177.551025390625,305.43359375,-1.0,-1.0,182.14285278320312,225.91015625,-1.0,-1.0,178.46939086914062,226.82421875,-1.0,-1.0
183.14285278320312,227.73828125,176.7142791748047,239.62109375,166.61224365234375,239.62109375,162.02040100097656,257.90234375,161.10203552246094,276.18359375,186.8163299560547,239.62109375,190.4897918701172,257.90234375,189.57142639160156,271.61328125,169.36734008789062,276.18359375,170.28570556640625,303.60546875,-1.0,-1.0,183.14285278320312,276.18359375,179.46939086914062,305.43359375,-1.0,-1.0,180.38775634765625,225.91015625,-1.0,-1.0,177.63265991210938,225.91015625,-1.0,-1.0
184.14285278320312,227.73828125,177.7142791748047,239.62109375,167.61224365234375,239.62109375,163.02040100097656,258.81640625,161.1836700439453,276.18359375,187.8163299560547,239.62109375,192.4081573486328,256.98828125,189.65306091308594,275.26953125,171.28570556640625,275.26953125,173.12245178222656,301.77734375,176.79591369628906,325.54296875,184.14285278320312,275.26953125,181.38775634765625,302.69140625,179.551025390625,325.54296875,181.38775634765625,224.08203125,-1.0,-1.0,179.551025390625,225.91015625,-1.0,-1.0
184.79208374023438,228.65234375,177.50494384765625,239.62109375,167.4851531982422,240.53515625,162.93069458007812,259.73046875,162.01980590820312,276.18359375,187.52474975585938,239.62109375,192.07920837402344,256.98828125,190.25743103027344,270.69921875,171.1287078857422,276.18359375,172.95050048828125,300.86328125,180.2376251220703,325.54296875,183.88119506835938,276.18359375,181.1485137939453,300.86328125,177.50494384765625,325.54296875,182.0594024658203,224.99609375,-1.0,-1.0,181.1485137939453,224.99609375,-1.0,-1.0
-1.0,-1.0,177.79591369628906,240.53515625,167.69387817382812,240.53515625,164.02040100097656,259.73046875,164.93878173828125,274.35546875,187.89794921875,239.62109375,191.57142639160156,257.90234375,188.8163299560547,271.61328125,171.36734008789062,276.18359375,173.20408630371094,299.03515625,-1.0,-1.0,184.2244873046875,274.35546875,182.38775634765625,299.94921875,180.551025390625,325.54296875,-1.0,-1.0,-1.0,-1.0,182.38775634765625,224.99609375,-1.0,-1.0
-1.0,-1.0,178.79591369628906,239.8828125,187.97958374023438,238.9609375,191.65306091308594,259.2421875,190.7346954345703,273.9921875,168.69387817382812,239.8828125,165.02040100097656,260.1640625,164.10203552246094,274.9140625,185.2244873046875,275.8359375,182.46939086914062,300.7265625,179.7142791748047,321.9296875,171.448974609375,275.8359375,176.0408172607422,300.7265625,179.7142791748047,326.5390625,-1.0,-1.0,-1.0,-1.0,184.30612182617188,226.0546875,177.87754821777344,225.1328125
-1.0,-1.0,179.79591369628906,240.8046875,189.89794921875,239.8828125,191.7346954345703,261.0859375,191.7346954345703,273.9921875,169.69387817382812,240.8046875,165.10203552246094,260.1640625,166.93878173828125,273.9921875,185.30612182617188,275.8359375,183.46939086914062,301.6484375,179.79591369628906,326.5390625,172.448974609375,275.8359375,176.12245178222656,300.7265625,179.79591369628906,326.5390625,-1.0,-1.0,-1.0,-1.0,184.38775634765625,226.0546875,177.9591827392578,226.0546875
-1.0,-1.0,181.7142791748047,240.8046875,190.89794921875,240.8046875,194.57142639160156,260.1640625,193.65306091308594,273.9921875,171.61224365234375,240.8046875,165.1836700439453,260.1640625,165.1836700439453,274.9140625,187.2244873046875,276.7578125,182.63265991210938,304.4140625,180.79591369628906,326.5390625,172.53060913085938,275.8359375,176.20408630371094,301.6484375,178.9591827392578,326.5390625,-1.0,-1.0,-1.0,-1.0,187.2244873046875,226.0546875,179.87754821777344,226.0546875
-1.0,-1.0,181.79591369628906,241.7265625,191.89794921875,240.8046875,195.57142639160156,261.0859375,194.65306091308594,275.8359375,171.69387817382812,241.7265625,165.2653045654297,262.0078125,164.34693908691406,276.7578125,187.30612182617188,278.6015625,183.63265991210938,308.1015625,179.9591827392578,326.5390625,173.53060913085938,277.6796875,178.12245178222656,306.2578125,179.9591827392578,326.5390625,-1.0,-1.0,-1.0,-1.0,188.2244873046875,227.8984375,179.9591827392578,226.9765625
-1.0,-1.0,183.05154418945312,242.00390625,193.2577362060547,241.07421875,197.89691162109375,259.66796875,-1.0,-1.0,172.84536743164062,242.00390625,167.27835083007812,261.52734375,166.3505096435547,276.40234375,188.61856079101562,277.33203125,183.97938537597656,307.08203125,179.3402099609375,327.53515625,173.773193359375,277.33203125,175.6288604736328,303.36328125,175.6288604736328,327.53515625,-1.0,-1.0,-1.0,-1.0,188.61856079101562,228.98828125,179.3402099609375,228.98828125
-1.0,-1.0,183.55555725097656,242.93359375,193.77777099609375,242.00390625,196.56565856933594,260.59765625,-1.0,-1.0,173.3333282470703,242.00390625,167.757568359375,252.23046875,-1.0,-1.0,189.13131713867188,277.33203125,185.4141387939453,306.15234375,182.6262664794922,327.53515625,175.19192504882812,276.40234375,178.90908813476562,303.36328125,177.97979736328125,327.53515625,-1.0,-1.0,-1.0,-1.0,189.13131713867188,229.91796875,179.83837890625,228.98828125
-1.0,-1.0,183.6262664794922,242.93359375,194.77777099609375,242.00390625,200.35353088378906,258.73828125,-1.0,-1.0,173.40403747558594,242.93359375,167.82827758789062,252.23046875,-1.0,-1.0,189.2020263671875,277.33203125,186.4141387939453,308.94140625,182.6969757080078,323.81640625,176.19192504882812,277.33203125,181.76766967773438,306.15234375,178.05050659179688,327.53515625,-1.0,-1.0,-1.0,-1.0,189.2020263671875,229.91796875,179.90908813476562,228.98828125
-1.0,-1.0,184.6262664794922,242.00390625,194.84848022460938,241.07421875,199.4949493408203,258.73828125,-1.0,-1.0,174.40403747558594,242.93359375,167.89898681640625,253.16015625,-1.0,-1.0,190.2020263671875,276.40234375,185.55555725097656,308.01171875,181.83837890625,322.88671875,177.19192504882812,276.40234375,186.48484802246094,305.22265625,179.05050659179688,327.53515625,-1.0,-1.0,-1.0,-1.0,189.27272033691406,228.98828125,179.97979736328125,228.05859375
-1.0,-1.0,185.6262664794922,242.00390625,196.77777099609375,241.07421875,202.35353088378906,259.66796875,203.2828369140625,269.89453125,174.47474670410156,242.93359375,169.82827758789062,253.16015625,-1.0,-1.0,191.2020263671875,278.26171875,188.4141387939453,307.08203125,-1.0,-1.0,177.26263427734375,278.26171875,182.83837890625,307.08203125,180.05050659179688,324.74609375,-1.0,-1.0,-1.0,-1.0,189.3434295654297,228.98828125,180.97979736328125,228.98828125
-1.0,-1.0,185.46939086914062,241.34375,195.79592895507812,240.40625,203.30612182617188,258.21875,203.30612182617188,269.46875,175.14285278320312,242.28125,170.448974609375,253.53125,-1.0,-1.0,192.0408172607422,277.90625,190.16326904296875,306.96875,186.40817260742188,321.96875,177.9591827392578,277.90625,181.71429443359375,307.90625,-1.0,-1.0,-1.0,-1.0,-1.0,-1.0,190.16326904296875,229.15625,180.7755126953125,229.15625
-1.0,-1.0,185.46939086914062,241.34375,196.7346954345703,241.34375,202.36734008789062,260.09375,202.36734008789062,274.15625,175.14285278320312,242.28125,170.448974609375,253.53125,-1.0,-1.0,192.97959899902344,278.84375,192.97959899902344,308.84375,191.10203552246094,324.78125,177.9591827392578,278.84375,181.71429443359375,308.84375,179.83673095703125,328.53125,-1.0,-1.0,-1.0,-1.0,190.16326904296875,228.21875,180.7755126953125,228.21875
-1.0,-1.0,185.97000122070312,241.34375,196.30999755859375,241.34375,202.88999938964844,259.15625,202.88999938964844,272.28125,174.69000244140625,242.28125,171.8699951171875,261.03125,173.75,276.03125,193.49000549316406,279.78125,193.49000549316406,307.90625,192.5500030517578,328.53125,178.4499969482422,279.78125,181.27000427246094,307.90625,179.38999938964844,328.53125,-1.0,-1.0,-1.0,-1.0,190.6699981689453,229.15625,181.27000427246094,228.21875
-1.0,-1.0,185.97000122070312,241.34375,197.25,240.40625,203.8300018310547,258.21875,204.77000427246094,272.28125,175.6300048828125,241.34375,171.8699951171875,261.96875,173.75,275.09375,194.42999267578125,280.71875,194.42999267578125,306.96875,192.5500030517578,323.84375,178.4499969482422,280.71875,181.27000427246094,309.78125,179.38999938964844,328.53125,-1.0,-1.0,-1.0,-1.0,191.61000061035156,228.21875,182.20999145507812,228.21875
-1.0,-1.0,186.4705810546875,240.40625,196.8235321044922,239.46875,203.41177368164062,258.21875,204.35293579101562,272.28125,176.11764526367188,240.40625,172.35293579101562,260.09375,173.2941131591797,273.21875,194.94117736816406,277.90625,194.0,307.90625,-1.0,-1.0,179.88235473632812,277.90625,183.64706420898438,307.90625,-1.0,-1.0,-1.0,-1.0,-1.0,-1.0,191.1764678955078,228.21875,181.76470947265625,228.21875
-1.0,-1.0,186.4705810546875,240.40625,197.76470947265625,240.40625,203.41177368164062,259.15625,205.2941131591797,272.28125,176.11764526367188,241.34375,172.35293579101562,262.90625,172.35293579101562,275.09375,194.94117736816406,278.84375,194.0,307.90625,-1.0,-1.0,179.88235473632812,278.84375,182.7058868408203,306.96875,-1.0,-1.0,-1.0,-1.0,-1.0,-1.0,192.11764526367188,228.21875,182.7058868408203,227.28125
-1.0,-1.0,186.26666259765625,240.40625,197.4666748046875,240.40625,204.0,259.15625,204.93333435058594,271.34375,176.0,241.34375,173.1999969482422,261.96875,173.1999969482422,274.15625,194.6666717529297,277.90625,194.6666717529297,303.21875,190.0,323.84375,179.73333740234375,277.90625,182.5333251953125,305.09375,181.60000610351562,324.78125,-1.0,-1.0,-1.0,-1.0,191.86666870117188,228.21875,182.5333251953125,228.21875
195.60000610351562,228.21875,186.26666259765625,240.40625,196.5333251953125,241.34375,204.0,259.15625,204.93333435058594,272.28125,176.0,240.40625,173.1999969482422,261.03125,174.13333129882812,271.34375,194.6666717529297,276.96875,195.60000610351562,304.15625,193.73333740234375,321.96875,180.6666717529297,277.90625,183.4666748046875,304.15625,182.5333251953125,324.78125,194.6666717529297,226.34375,-1.0,-1.0,191.86666870117188,227.28125,183.4666748046875,227.28125
-1.0,-1.0,187.47169494628906,240.66796875,197.84906005859375,240.66796875,203.50942993164062,258.62890625,205.39622497558594,271.86328125,177.09434509277344,239.72265625,173.3207550048828,257.68359375,174.26414489746094,269.02734375,195.01885986328125,274.69921875,195.96226501464844,303.05859375,194.07546997070312,314.40234375,180.867919921875,275.64453125,184.64151000976562,303.05859375,183.6981201171875,318.18359375,-1.0,-1.0,-1.0,-1.0,193.132080078125,228.37890625,183.6981201171875,228.37890625
-1.0,-1.0,187.47169494628906,241.61328125,197.84906005859375,241.61328125,203.50942993164062,259.57421875,206.33963012695312,272.80859375,177.09434509277344,240.66796875,173.3207550048828,258.62890625,175.20755004882812,272.80859375,195.01885986328125,277.53515625,195.96226501464844,304.94921875,193.132080078125,322.91015625,180.867919921875,277.53515625,184.64151000976562,304.94921875,184.64151000976562,323.85546875,-1.0,-1.0,-1.0,-1.0,193.132080078125,229.32421875,184.64151000976562,228.37890625
-1.0,-1.0,187.97222900390625,241.61328125,197.41665649414062,241.61328125,204.02777099609375,259.57421875,205.91665649414062,272.80859375,177.5833282470703,241.61328125,174.75,257.68359375,-1.0,-1.0,195.52777099609375,275.64453125,196.47222900390625,303.05859375,193.63888549804688,322.91015625,181.36111450195312,275.64453125,186.0833282470703,303.05859375,186.0833282470703,323.85546875,-1.0,-1.0,-1.0,-1.0,193.63888549804688,229.32421875,184.19444274902344,229.32421875
-1.0,-1.0,187.97222900390625,242.55859375,198.36111450195312,242.55859375,204.02777099609375,260.51953125,206.86111450195312,274.69921875,177.5833282470703,241.61328125,173.80555725097656,257.68359375,182.30555725097656,257.68359375,195.52777099609375,276.58984375,196.47222900390625,303.05859375,192.69444274902344,323.85546875,181.36111450195312,276.58984375,186.0833282470703,303.05859375,186.0833282470703,323.85546875,-1.0,-1.0,-1.0,-1.0,194.5833282470703,230.26953125,185.13888549804688,229.32421875
-1.0,-1.0,188.4727325439453,243.50390625,198.8727264404297,243.50390625,204.5454559326172,262.41015625,208.3272705078125,276.58984375,178.07272338867188,242.55859375,173.345458984375,260.51953125,174.29090881347656,275.64453125,196.03636169433594,276.58984375,196.03636169433594,303.05859375,194.14544677734375,319.12890625,181.85455322265625,276.58984375,185.63636779785156,302.11328125,186.58181762695312,318.18359375,-1.0,-1.0,-1.0,-1.0,195.09091186523438,230.26953125,185.63636779785156,229.32421875
-1.0,-1.0,188.4727325439453,243.50390625,199.81817626953125,243.50390625,204.5454559326172,263.35546875,208.3272705078125,276.58984375,178.07272338867188,242.55859375,173.345458984375,259.57421875,173.345458984375,275.64453125,196.03636169433594,277.53515625,196.03636169433594,304.94921875,194.14544677734375,323.85546875,181.85455322265625,277.53515625,186.58181762695312,304.94921875,188.4727325439453,324.80078125,-1.0,-1.0,-1.0,-1.0,195.09091186523438,231.21484375,185.63636779785156,231.21484375
-1.0,-1.0,188.9732208251953,243.50390625,200.33035278320312,244.44921875,205.0625,264.30078125,209.79464721679688,278.48046875,178.5625,242.55859375,172.88392639160156,261.46484375,172.88392639160156,274.69921875,195.5982208251953,278.48046875,195.5982208251953,306.83984375,193.70535278320312,324.80078125,181.40179443359375,277.53515625,186.13392639160156,307.78515625,189.91964721679688,324.80078125,-1.0,-1.0,-1.0,-1.0,195.5982208251953,232.16015625,186.13392639160156,230.26953125
-1.0,-1.0,189.86607360839844,243.50390625,200.27679443359375,244.44921875,205.00892639160156,264.30078125,210.6875,278.48046875,178.50892639160156,242.55859375,173.7767791748047,260.51953125,172.83035278320312,275.64453125,195.54464721679688,279.42578125,194.5982208251953,308.73046875,193.65179443359375,324.80078125,181.3482208251953,278.48046875,186.08035278320312,308.73046875,-1.0,-1.0,-1.0,-1.0,-1.0,-1.0,196.49107360839844,231.21484375,186.08035278320312,231.21484375
-1.0,-1.0,189.86607360839844,243.50390625,201.2232208251953,244.44921875,205.95535278320312,264.30078125,210.6875,278.48046875,178.50892639160156,243.50390625,173.7767791748047,261.46484375,172.83035278320312,276.58984375,195.54464721679688,280.37109375,195.54464721679688,308.73046875,193.65179443359375,324.80078125,181.3482208251953,278.48046875,184.1875,308.73046875,186.08035278320312,324.80078125,-1.0,-1.0,-1.0,-1.0,196.49107360839844,231.21484375,187.02679443359375,230.26953125
-1.0,-1.0,189.8125,243.50390625,201.16964721679688,244.44921875,205.90179443359375,264.30078125,209.6875,278.48046875,179.40179443359375,242.55859375,172.7767791748047,263.35546875,172.7767791748047,278.48046875,195.49107360839844,281.31640625,195.49107360839844,308.73046875,192.65179443359375,325.74609375,181.29464721679688,279.42578125,183.1875,307.78515625,186.02679443359375,325.74609375,-1.0,-1.0,-1.0,-1.0,196.4375,231.21484375,186.9732208251953,230.26953125
-1.0,-1.0,190.25454711914062,243.50390625,201.60000610351562,244.44921875,205.38182067871094,264.30078125,209.16363525390625,279.42578125,178.90908813476562,242.55859375,173.23635864257812,262.41015625,172.29090881347656,278.48046875,195.92727661132812,282.26171875,194.9818115234375,309.67578125,191.1999969482422,329.52734375,180.8000030517578,280.37109375,181.74545288085938,309.67578125,180.8000030517578,325.74609375,-1.0,-1.0,-1.0,-1.0,195.92727661132812,231.21484375,186.4727325439453,230.26953125
-1.0,-1.0,189.75892639160156,243.50390625,201.11607360839844,243.50390625,205.8482208251953,264.30078125,208.6875,278.48046875,178.40179443359375,242.55859375,172.7232208251953,262.41015625,172.7232208251953,278.48046875,195.4375,281.31640625,194.49107360839844,309.67578125,193.54464721679688,324.80078125,181.24107360839844,279.42578125,183.13392639160156,307.78515625,182.1875,325.74609375,-1.0,-1.0,-1.0,-1.0,195.4375,231.21484375,185.9732208251953,230.26953125
-1.0,-1.0,189.70535278320312,242.55859375,201.0625,243.50390625,205.79464721679688,263.35546875,208.63392639160156,278.48046875,179.29464721679688,241.61328125,172.66964721679688,260.51953125,173.61607360839844,275.64453125,196.33035278320312,279.42578125,195.38392639160156,308.73046875,193.49107360839844,324.80078125,181.1875,278.48046875,184.02679443359375,308.73046875,-1.0,-1.0,-1.0,-1.0,-1.0,-1.0,195.38392639160156,230.26953125,185.91964721679688,230.26953125
-1.0,-1.0,189.70535278320312,242.55859375,201.0625,243.50390625,204.8482208251953,263.35546875,206.74107360839844,276.58984375,179.29464721679688,241.61328125,172.66964721679688,260.51953125,171.7232208251953,273.75390625,195.38392639160156,280.37109375,195.38392639160156,308.73046875,193.49107360839844,326.69140625,181.1875,278.48046875,180.24107360839844,308.73046875,178.3482208251953,329.52734375,-1.0,-1.0,-1.0,-1.0,194.4375,230.26953125,184.9732208251953,230.26953125
-1.0,-1.0,189.65179443359375,242.55859375,201.00892639160156,243.50390625,204.79464721679688,261.46484375,205.74107360839844,276.58984375,178.29464721679688,241.61328125,173.5625,259.57421875,172.61607360839844,275.64453125,195.33035278320312,279.42578125,195.33035278320312,307.78515625,192.49107360839844,329.52734375,180.1875,279.42578125,180.1875,307.78515625,179.24107360839844,329.52734375,-1.0,-1.0,-1.0,-1.0,194.38392639160156,230.26953125,183.9732208251953,230.26953125
-1.0,-1.0,188.70535278320312,241.61328125,200.0625,242.55859375,203.8482208251953,261.46484375,204.79464721679688,274.69921875,177.3482208251953,241.61328125,172.61607360839844,260.51953125,172.61607360839844,275.64453125,195.33035278320312,279.42578125,194.38392639160156,307.78515625,192.49107360839844,329.52734375,180.1875,278.48046875,179.24107360839844,307.78515625,179.24107360839844,329.52734375,-1.0,-1.0,-1.0,-1.0,193.4375,230.26953125,183.9732208251953,229.32421875
-1.0,-1.0,189.5982208251953,242.55859375,200.00892639160156,242.55859375,203.79464721679688,260.51953125,203.79464721679688,274.69921875,177.29464721679688,242.55859375,172.5625,260.51953125,174.45535278320312,274.69921875,195.27679443359375,280.37109375,194.33035278320312,307.78515625,193.38392639160156,329.52734375,180.13392639160156,279.42578125,179.1875,307.78515625,179.1875,329.52734375,-1.0,-1.0,-1.0,-1.0,193.38392639160156,230.26953125,182.9732208251953,230.26953125
-1.0,-1.0,189.5982208251953,242.55859375,200.00892639160156,243.50390625,202.8482208251953,261.46484375,202.8482208251953,273.75390625,178.24107360839844,242.55859375,172.5625,261.46484375,172.5625,274.69921875,194.33035278320312,279.42578125,195.27679443359375,307.78515625,194.33035278320312,329.52734375,180.13392639160156,278.48046875,179.1875,306.83984375,179.1875,329.52734375,-1.0,-1.0,-1.0,-1.0,192.4375,230.26953125,182.9732208251953,231.21484375
-1.0,-1.0,188.5982208251953,242.55859375,199.00892639160156,243.50390625,202.79464721679688,261.46484375,200.90179443359375,274.69921875,177.24107360839844,242.55859375,172.50892639160156,261.46484375,170.61607360839844,275.64453125,194.27679443359375,277.53515625,195.2232208251953,304.00390625,193.33035278320312,329.52734375,180.08035278320312,277.53515625,178.1875,304.00390625,180.08035278320312,329.52734375,-1.0,-1.0,-1.0,-1.0,191.4375,231.21484375,181.9732208251953,231.21484375
-1.0,-1.0,187.65179443359375,243.50390625,198.0625,243.50390625,201.8482208251953,261.46484375,200.90179443359375,274.69921875,176.29464721679688,243.50390625,172.50892639160156,261.46484375,170.61607360839844,275.64453125,194.27679443359375,278.48046875,195.2232208251953,305.89453125,196.16964721679688,322.91015625,180.08035278320312,278.48046875,181.02679443359375,305.89453125,179.13392639160156,329.52734375,-1.0,-1.0,-1.0,-1.0,190.49107360839844,233.10546875,180.08035278320312,232.16015625
-1.0,-1.0,185.70535278320312,243.50390625,197.0625,243.50390625,201.79464721679688,261.46484375,199.90179443359375,274.69921875,175.29464721679688,243.50390625,172.45535278320312,262.41015625,169.61607360839844,275.64453125,194.2232208251953,278.48046875,194.2232208251953,305.89453125,195.16964721679688,322.91015625,179.08035278320312,278.48046875,180.02679443359375,305.89453125,178.13392639160156,329.52734375,-1.0,-1.0,-1.0,-1.0,188.54464721679688,231.21484375,179.08035278320312,232.16015625
-1.0,-1.0,185.1999969482422,244.44921875,195.60000610351562,244.44921875,200.3272705078125,262.41015625,197.49090576171875,275.64453125,175.74545288085938,244.44921875,171.0181884765625,263.35546875,171.96363830566406,275.64453125,193.70909118652344,278.48046875,193.70909118652344,305.89453125,193.70909118652344,324.80078125,178.58181762695312,278.48046875,179.5272674560547,305.89453125,178.58181762695312,329.52734375,-1.0,-1.0,-1.0,-1.0,188.03636169433594,232.16015625,178.58181762695312,233.10546875
-1.0,-1.0,183.75892639160156,243.50390625,194.16964721679688,243.50390625,197.95535278320312,259.57421875,197.00892639160156,275.64453125,173.3482208251953,243.50390625,169.5625,261.46484375,165.7767791748047,275.64453125,192.27679443359375,277.53515625,192.27679443359375,306.83984375,189.4375,324.80078125,177.13392639160156,278.48046875,176.1875,306.83984375,178.08035278320312,329.52734375,-1.0,-1.0,-1.0,-1.0,185.65179443359375,232.16015625,178.08035278320312,232.16015625
-1.0,-1.0,182.75892639160156,243.50390625,192.2232208251953,243.50390625,196.95535278320312,259.57421875,196.00892639160156,273.75390625,173.29464721679688,243.50390625,169.50892639160156,261.46484375,165.7232208251953,275.64453125,190.33035278320312,277.53515625,191.27679443359375,304.94921875,188.4375,324.80078125,176.13392639160156,277.53515625,174.24107360839844,305.89453125,177.08035278320312,329.52734375,-1.0,-1.0,-1.0,-1.0,185.5982208251953,232.16015625,176.13392639160156,233.10546875
-1.0,-1.0,181.8125,244.44921875,192.2232208251953,243.50390625,196.00892639160156,260.51953125,196.00892639160156,275.64453125,172.3482208251953,244.44921875,165.7232208251953,262.41015625,163.83035278320312,277.53515625,189.38392639160156,278.48046875,187.49107360839844,306.83984375,-1.0,-1.0,176.13392639160156,278.48046875,174.24107360839844,306.83984375,177.08035278320312,329.52734375,-1.0,-1.0,-1.0,-1.0,184.65179443359375,233.10546875,174.24107360839844,234.05078125
-1.0,-1.0,180.8125,243.50390625,191.2232208251953,243.50390625,194.0625,260.51953125,195.00892639160156,275.64453125,171.3482208251953,243.50390625,165.66964721679688,263.35546875,163.7767791748047,277.53515625,188.38392639160156,278.48046875,186.49107360839844,304.94921875,181.75892639160156,324.80078125,174.1875,278.48046875,171.3482208251953,304.94921875,170.40179443359375,321.96484375,-1.0,-1.0,-1.0,-1.0,183.65179443359375,233.10546875,173.24107360839844,233.10546875
-1.0,-1.0,180.8125,243.50390625,190.27679443359375,243.50390625,194.0625,261.46484375,-1.0,-1.0,171.3482208251953,243.50390625,165.66964721679688,262.41015625,163.7767791748047,276.58984375,187.4375,277.53515625,186.49107360839844,302.11328125,182.70535278320312,322.91015625,173.24107360839844,277.53515625,172.29464721679688,304.94921875,171.3482208251953,321.96484375,-1.0,-1.0,-1.0,-1.0,183.65179443359375,233.10546875,173.24107360839844,233.10546875
-1.0,-1.0,179.8125,243.50390625,189.27679443359375,243.50390625,194.00892639160156,261.46484375,193.0625,273.75390625,170.3482208251953,243.50390625,164.66964721679688,261.46484375,162.7767791748047,275.64453125,186.4375,277.53515625,184.54464721679688,306.83984375,181.70535278320312,324.80078125,173.1875,277.53515625,171.29464721679688,306.83984375,173.1875,324.80078125,-1.0,-1.0,-1.0,-1.0,181.70535278320312,232.16015625,172.24107360839844,232.16015625
-1.0,-1.0,179.8125,243.50390625,189.27679443359375,242.55859375,192.11607360839844,261.46484375,192.11607360839844,273.75390625,170.3482208251953,243.50390625,162.7767791748047,262.41015625,162.7767791748047,275.64453125,186.4375,277.53515625,184.54464721679688,307.78515625,179.8125,324.80078125,172.24107360839844,277.53515625,171.29464721679688,306.83984375,171.29464721679688,323.85546875,-1.0,-1.0,-1.0,-1.0,181.70535278320312,230.26953125,171.29464721679688,232.16015625
-1.0,-1.0,176.91964721679688,242.55859375,186.38392639160156,242.55859375,191.11607360839844,260.51953125,191.11607360839844,273.75390625,167.45535278320312,242.55859375,162.7232208251953,261.46484375,161.7767791748047,276.58984375,184.49107360839844,276.58984375,182.5982208251953,306.83984375,177.86607360839844,329.52734375,170.29464721679688,276.58984375,170.29464721679688,306.83984375,170.29464721679688,324.80078125,-1.0,-1.0,-1.0,-1.0,179.75892639160156,230.26953125,170.29464721679688,231.21484375
-1.0,-1.0,176.41818237304688,242.55859375,186.81817626953125,242.55859375,190.60000610351562,260.51953125,189.654541015625,273.75390625,166.96363830566406,242.55859375,162.23635864257812,260.51953125,161.29090881347656,274.69921875,183.03636169433594,275.64453125,180.1999969482422,303.05859375,182.09091186523438,322.91015625,169.8000030517578,275.64453125,170.74545288085938,304.94921875,172.63636779785156,324.80078125,-1.0,-1.0,-1.0,-1.0,178.30909729003906,230.26953125,169.8000030517578,231.21484375
-1.0,-1.0,175.2035369873047,241.40625,185.52212524414062,242.34375,189.2743377685547,260.15625,190.21238708496094,274.21875,165.82301330566406,241.40625,161.1327362060547,260.15625,161.1327362060547,275.15625,181.76991271972656,275.15625,180.83184814453125,300.46875,182.7079620361328,321.09375,168.6371612548828,275.15625,170.51327514648438,302.34375,176.14158630371094,322.96875,-1.0,-1.0,-1.0,-1.0,178.95574951171875,231.09375,169.57522583007812,231.09375
-1.0,-1.0,175.14158630371094,242.34375,184.52212524414062,242.34375,189.21238708496094,260.15625,189.21238708496094,273.28125,164.82301330566406,241.40625,160.1327362060547,258.28125,159.19468688964844,273.28125,180.76991271972656,274.21875,179.83184814453125,298.59375,180.76991271972656,320.15625,167.6371612548828,273.28125,170.45132446289062,297.65625,174.2035369873047,321.09375,-1.0,-1.0,-1.0,-1.0,177.95574951171875,231.09375,168.57522583007812,231.09375
-1.0,-1.0,173.91964721679688,241.66796875,183.38392639160156,242.61328125,187.16964721679688,259.62890625,189.0625,273.80859375,164.45535278320312,241.66796875,157.83035278320312,258.68359375,155.9375,270.97265625,179.5982208251953,273.80859375,178.65179443359375,296.49609375,179.5982208251953,315.40234375,167.29464721679688,273.80859375,171.08035278320312,296.49609375,173.91964721679688,315.40234375,-1.0,-1.0,-1.0,-1.0,177.70535278320312,232.21484375,167.29464721679688,232.21484375
-1.0,-1.0,173.86607360839844,241.66796875,184.27679443359375,242.61328125,188.0625,259.62890625,189.95535278320312,273.80859375,164.40179443359375,240.72265625,158.7232208251953,257.73828125,154.9375,270.97265625,180.49107360839844,273.80859375,178.5982208251953,297.44140625,179.54464721679688,316.34765625,167.24107360839844,273.80859375,171.02679443359375,297.44140625,171.9732208251953,318.23828125,-1.0,-1.0,-1.0,-1.0,177.65179443359375,231.26953125,168.1875,231.26953125
-1.0,-1.0,173.8125,242.61328125,184.2232208251953,243.55859375,186.11607360839844,259.62890625,188.95535278320312,272.86328125,163.40179443359375,241.66796875,156.7767791748047,258.68359375,154.88392639160156,271.91796875,179.49107360839844,274.75390625,178.54464721679688,295.55078125,176.65179443359375,311.62109375,167.1875,274.75390625,170.02679443359375,296.49609375,172.86607360839844,315.40234375,-1.0,-1.0,-1.0,-1.0,177.5982208251953,232.21484375,168.13392639160156,232.21484375
-1.0,-1.0,173.8125,242.61328125,183.27679443359375,243.55859375,185.16964721679688,258.68359375,-1.0,-1.0,163.40179443359375,241.66796875,155.83035278320312,258.68359375,152.04464721679688,270.97265625,178.54464721679688,275.69921875,175.70535278320312,297.44140625,175.70535278320312,314.45703125,166.24107360839844,275.69921875,169.08035278320312,298.38671875,172.86607360839844,316.34765625,-1.0,-1.0,-1.0,-1.0,175.70535278320312,231.26953125,167.1875,232.21484375
-1.0,-1.0,172.8125,243.55859375,182.27679443359375,244.50390625,185.11607360839844,260.57421875,184.16964721679688,273.80859375,162.40179443359375,242.61328125,155.7767791748047,256.79296875,154.83035278320312,270.02734375,178.49107360839844,273.80859375,176.5982208251953,293.66015625,175.65179443359375,308.78515625,166.1875,273.80859375,169.02679443359375,295.55078125,170.91964721679688,312.56640625,-1.0,-1.0,-1.0,-1.0,174.70535278320312,232.21484375,166.1875,232.21484375
-1.0,-1.0,170.86607360839844,243.55859375,181.27679443359375,244.50390625,184.11607360839844,259.62890625,184.11607360839844,273.80859375,161.40179443359375,243.55859375,155.7232208251953,257.73828125,155.7232208251953,270.97265625,177.49107360839844,274.75390625,174.65179443359375,296.49609375,173.70535278320312,311.62109375,165.1875,274.75390625,168.9732208251953,297.44140625,172.75892639160156,315.40234375,-1.0,-1.0,-1.0,-1.0,173.70535278320312,234.10546875,165.1875,233.16015625
-1.0,-1.0,170.8125,244.50390625,180.27679443359375,245.44921875,184.0625,260.57421875,184.0625,273.80859375,161.3482208251953,243.55859375,155.66964721679688,256.79296875,155.66964721679688,270.02734375,176.49107360839844,274.75390625,172.70535278320312,296.49609375,-1.0,-1.0,165.13392639160156,274.75390625,167.9732208251953,297.44140625,171.75892639160156,318.23828125,-1.0,-1.0,-1.0,-1.0,173.65179443359375,234.10546875,164.1875,234.10546875
-1.0,-1.0,169.07965087890625,244.28125,178.46017456054688,245.21875,181.2743377685547,260.21875,-1.0,-1.0,160.6371612548828,244.28125,155.00885009765625,259.28125,155.00885009765625,270.53125,175.64601135253906,275.21875,170.95574951171875,297.71875,-1.0,-1.0,164.38937377929688,275.21875,166.26548767089844,299.59375,170.95574951171875,318.34375,-1.0,-1.0,-1.0,-1.0,172.83184814453125,233.96875,163.45132446289062,233.96875
-1.0,-1.0,168.57656860351562,244.28125,177.94595336914062,245.21875,179.81982421875,259.28125,-1.0,-1.0,160.14414978027344,244.28125,154.52252197265625,261.15625,150.7747802734375,274.28125,173.26126098632812,274.28125,169.51351928710938,299.59375,-1.0,-1.0,162.9549560546875,274.28125,164.82882690429688,300.53125,166.70269775390625,319.28125,-1.0,-1.0,-1.0,-1.0,172.32432556152344,233.96875,162.9549560546875,233.96875
-1.0,-1.0,168.8125,243.61328125,177.33035278320312,244.55859375,180.16964721679688,255.90234375,-1.0,-1.0,159.3482208251953,243.61328125,153.66964721679688,259.68359375,149.88392639160156,272.91796875,172.5982208251953,274.80859375,167.86607360839844,298.44140625,164.08035278320312,318.29296875,162.1875,275.75390625,163.13392639160156,300.33203125,-1.0,-1.0,-1.0,-1.0,-1.0,-1.0,171.65179443359375,234.16015625,163.13392639160156,233.21484375
-1.0,-1.0,167.8125,244.55859375,177.27679443359375,244.55859375,179.16964721679688,260.62890625,-1.0,-1.0,158.3482208251953,243.61328125,152.66964721679688,255.90234375,-1.0,-1.0,172.54464721679688,275.75390625,168.75892639160156,298.44140625,-1.0,-1.0,161.1875,275.75390625,161.1875,298.44140625,-1.0,-1.0,-1.0,-1.0,-1.0,-1.0,170.65179443359375,234.16015625,162.13392639160156,234.16015625
-1.0,-1.0,167.75892639160156,243.61328125,176.27679443359375,243.61328125,180.0625,255.90234375,-1.0,-1.0,158.29464721679688,242.66796875,153.5625,260.62890625,150.7232208251953,272.91796875,172.49107360839844,276.69921875,167.75892639160156,302.22265625,-1.0,-1.0,160.1875,275.75390625,159.24107360839844,301.27734375,160.1875,319.23828125,-1.0,-1.0,-1.0,-1.0,170.5982208251953,233.21484375,162.08035278320312,233.21484375
-1.0,-1.0,165.8125,242.66796875,174.33035278320312,242.66796875,179.0625,255.90234375,-1.0,-1.0,157.29464721679688,242.66796875,154.45535278320312,259.68359375,150.66964721679688,272.91796875,171.49107360839844,273.86328125,168.65179443359375,301.27734375,-1.0,-1.0,160.13392639160156,273.86328125,158.24107360839844,300.33203125,157.29464721679688,318.29296875,-1.0,-1.0,-1.0,-1.0,169.5982208251953,232.26953125,161.08035278320312,232.26953125
-1.0,-1.0,165.75892639160156,242.66796875,173.33035278320312,242.66796875,177.11607360839844,256.84765625,-1.0,-1.0,157.24107360839844,241.72265625,153.45535278320312,258.73828125,150.61607360839844,272.91796875,170.49107360839844,274.80859375,168.5982208251953,302.22265625,167.65179443359375,317.34765625,158.1875,274.80859375,156.29464721679688,301.27734375,156.29464721679688,318.29296875,-1.0,-1.0,-1.0,-1.0,168.5982208251953,232.26953125,161.02679443359375,232.26953125
-1.0,-1.0,164.8125,241.72265625,172.38392639160156,242.66796875,175.2232208251953,257.79296875,-1.0,-1.0,156.29464721679688,241.72265625,150.61607360839844,257.79296875,150.61607360839844,272.91796875,170.49107360839844,274.80859375,168.5982208251953,302.22265625,-1.0,-1.0,157.24107360839844,273.86328125,153.45535278320312,301.27734375,153.45535278320312,318.29296875,-1.0,-1.0,-1.0,-1.0,167.65179443359375,232.26953125,160.08035278320312,232.26953125
-1.0,-1.0,165.893798828125,242.46875,173.39822387695312,242.46875,176.21238708496094,258.40625,-1.0,-1.0,156.51327514648438,242.46875,150.88494873046875,258.40625,149.9468994140625,271.53125,170.58407592773438,274.34375,167.76991271972656,302.46875,-1.0,-1.0,157.45132446289062,273.40625,152.7610626220703,300.59375,151.82301330566406,317.46875,-1.0,-1.0,-1.0,-1.0,167.76991271972656,232.15625,159.3274383544922,233.09375
-1.0,-1.0,164.893798828125,242.46875,172.39822387695312,242.46875,175.21238708496094,256.53125,-1.0,-1.0,156.45132446289062,242.46875,152.69911193847656,257.46875,150.82301330566406,270.59375,168.64601135253906,273.40625,166.76991271972656,301.53125,168.64601135253906,315.59375,156.45132446289062,272.46875,151.7610626220703,299.65625,150.82301330566406,316.53125,-1.0,-1.0,-1.0,-1.0,166.76991271972656,232.15625,159.26548767089844,233.09375
-1.0,-1.0,163.70535278320312,243.66796875,171.27679443359375,243.66796875,174.11607360839844,255.95703125,-1.0,-1.0,157.08035278320312,242.72265625,-1.0,-1.0,-1.0,-1.0,166.54464721679688,274.86328125,165.5982208251953,299.44140625,-1.0,-1.0,165.5982208251953,273.91796875,166.54464721679688,300.38671875,-1.0,-1.0,-1.0,-1.0,-1.0,-1.0,-1.0,-1.0,-1.0,-1.0
-1.0,-1.0,163.83184814453125,243.40625,170.39822387695312,243.40625,174.1504364013672,254.65625,-1.0,-1.0,157.26548767089844,243.40625,156.3274383544922,256.53125,-1.0,-1.0,166.64601135253906,273.40625,165.7079620361328,300.59375,-1.0,-1.0,165.7079620361328,273.40625,166.64601135253906,301.53125,-1.0,-1.0,-1.0,-1.0,-1.0,-1.0,-1.0,-1.0,159.14158630371094,235.90625
-1.0,-1.0,160.95574951171875,243.40625,152.51327514648438,243.40625,148.7610626220703,256.53125,150.6371612548828,267.78125,167.52212524414062,243.40625,170.33627319335938,255.59375,-1.0,-1.0,152.51327514648438,275.28125,149.69911193847656,300.59375,146.88494873046875,316.53125,163.76991271972656,275.28125,165.64601135253906,302.46875,165.64601135253906,316.53125,-1.0,-1.0,-1.0,-1.0,-1.0,-1.0,-1.0,-1.0
-1.0,-1.0,159.95574951171875,244.34375,151.51327514648438,244.34375,146.82301330566406,254.65625,149.6371612548828,265.90625,167.46017456054688,244.34375,170.2743377685547,257.46875,-1.0,-1.0,152.45132446289062,275.28125,148.69911193847656,300.59375,145.88494873046875,316.53125,162.76991271972656,275.28125,164.64601135253906,301.53125,164.64601135253906,316.53125,-1.0,-1.0,-1.0,-1.0,-1.0,-1.0,-1.0,-1.0
-1.0,-1.0,158.0177001953125,244.34375,149.57522583007812,244.34375,146.7610626220703,256.53125,148.6371612548828,268.71875,164.58407592773438,244.34375,168.33627319335938,254.65625,-1.0,-1.0,151.45132446289062,275.28125,148.6371612548828,300.59375,144.88494873046875,315.59375,161.76991271972656,275.28125,163.64601135253906,301.53125,163.64601135253906,316.53125,-1.0,-1.0,-1.0,-1.0,-1.0,-1.0,-1.0,-1.0
-1.0,-1.0,155.63963317871094,243.40625,164.0720672607422,243.40625,167.81982421875,256.53125,-1.0,-1.0,148.14414978027344,244.34375,145.3333282470703,251.84375,-1.0,-1.0,162.1981964111328,275.28125,163.1351318359375,300.59375,-1.0,-1.0,160.32432556152344,274.34375,163.1351318359375,303.40625,-1.0,-1.0,-1.0,-1.0,-1.0,-1.0,-1.0,-1.0,149.08108520507812,235.90625
-1.0,-1.0,155.57656860351562,244.34375,164.00900268554688,244.34375,166.81982421875,256.53125,-1.0,-1.0,148.08108520507812,244.34375,143.39639282226562,252.78125,-1.0,-1.0,160.26126098632812,275.28125,162.1351318359375,300.59375,164.94595336914062,316.53125,149.9549560546875,275.28125,147.14414978027344,299.65625,144.3333282470703,312.78125,-1.0,-1.0,-1.0,-1.0,155.57656860351562,234.96875,148.08108520507812,235.90625
-1.0,-1.0,154.86607360839844,243.61328125,162.4375,243.61328125,165.27679443359375,255.90234375,-1.0,-1.0,147.29464721679688,243.61328125,147.29464721679688,255.90234375,-1.0,-1.0,158.65179443359375,274.80859375,160.54464721679688,299.38671875,163.38392639160156,314.51171875,148.24107360839844,274.80859375,145.40179443359375,298.44140625,143.50892639160156,313.56640625,-1.0,-1.0,-1.0,-1.0,154.86607360839844,235.10546875,147.29464721679688,236.05078125
-1.0,-1.0,154.8125,243.61328125,161.4375,244.55859375,165.2232208251953,254.95703125,-1.0,-1.0,147.24107360839844,243.61328125,146.29464721679688,254.95703125,-1.0,-1.0,157.65179443359375,275.75390625,160.49107360839844,299.38671875,161.4375,314.51171875,146.29464721679688,275.75390625,144.40179443359375,298.44140625,144.40179443359375,311.67578125,-1.0,-1.0,-1.0,-1.0,-1.0,-1.0,147.24107360839844,236.99609375
-1.0,-1.0,153.8125,244.55859375,160.4375,244.55859375,164.2232208251953,254.01171875,-1.0,-1.0,146.24107360839844,244.55859375,145.29464721679688,254.95703125,-1.0,-1.0,155.70535278320312,276.69921875,158.54464721679688,299.38671875,161.38392639160156,314.51171875,155.70535278320312,274.80859375,-1.0,-1.0,-1.0,-1.0,-1.0,-1.0,-1.0,-1.0,-1.0,-1.0,148.13392639160156,236.05078125
-1.0,-1.0,152.8125,244.55859375,159.4375,244.55859375,162.27679443359375,258.73828125,-1.0,-1.0,146.1875,243.61328125,141.45535278320312,258.73828125,139.5625,273.86328125,155.65179443359375,274.80859375,155.65179443359375,298.44140625,158.49107360839844,314.51171875,144.29464721679688,274.80859375,144.29464721679688,300.33203125,144.29464721679688,313.56640625,-1.0,-1.0,-1.0,-1.0,-1.0,-1.0,149.02679443359375,236.99609375
-1.0,-1.0,151.8125,243.61328125,158.4375,244.55859375,161.27679443359375,257.79296875,-1.0,-1.0,144.24107360839844,243.61328125,140.45535278320312,258.73828125,138.5625,271.97265625,154.65179443359375,274.80859375,154.65179443359375,297.49609375,-1.0,-1.0,145.1875,274.80859375,143.29464721679688,298.44140625,144.24107360839844,315.45703125,-1.0,-1.0,-1.0,-1.0,-1.0,-1.0,148.02679443359375,236.05078125
-1.0,-1.0,151.75892639160156,243.61328125,158.38392639160156,243.61328125,161.2232208251953,256.84765625,-1.0,-1.0,144.1875,243.61328125,141.3482208251953,258.73828125,138.50892639160156,271.02734375,154.5982208251953,274.80859375,154.5982208251953,297.49609375,158.38392639160156,314.51171875,144.1875,274.80859375,142.29464721679688,299.38671875,142.29464721679688,314.51171875,-1.0,-1.0,-1.0,-1.0,153.65179443359375,235.10546875,146.08035278320312,235.10546875
-1.0,-1.0,150.75892639160156,243.61328125,157.38392639160156,243.61328125,160.2232208251953,255.90234375,-1.0,-1.0,143.1875,242.66796875,139.40179443359375,255.90234375,136.5625,271.02734375,154.54464721679688,273.86328125,152.65179443359375,294.66015625,155.49107360839844,308.83984375,143.1875,273.86328125,143.1875,296.55078125,145.08035278320312,313.56640625,-1.0,-1.0,-1.0,-1.0,152.65179443359375,235.10546875,145.08035278320312,236.05078125
-1.0,-1.0,148.8125,243.61328125,156.38392639160156,243.61328125,-1.0,-1.0,-1.0,-1.0,140.29464721679688,242.66796875,135.5625,254.01171875,133.66964721679688,271.02734375,153.54464721679688,274.80859375,150.70535278320312,294.66015625,-1.0,-1.0,143.13392639160156,274.80859375,143.13392639160156,295.60546875,-1.0,-1.0,-1.0,-1.0,-1.0,-1.0,-1.0,-1.0,-1.0,-1.0
-1.0,-1.0,146.86607360839844,242.66796875,154.4375,242.66796875,157.27679443359375,256.84765625,-1.0,-1.0,138.3482208251953,242.66796875,134.5625,255.90234375,-1.0,-1.0,152.54464721679688,272.91796875,147.8125,294.66015625,-1.0,-1.0,142.13392639160156,273.86328125,144.02679443359375,296.55078125,148.75892639160156,315.45703125,-1.0,-1.0,-1.0,-1.0,148.75892639160156,234.16015625,141.1875,234.16015625
-1.0,-1.0,145.86607360839844,243.61328125,153.4375,244.55859375,156.27679443359375,259.68359375,-1.0,-1.0,137.3482208251953,242.66796875,135.45535278320312,255.90234375,-1.0,-1.0,151.54464721679688,272.91796875,147.75892639160156,295.60546875,-1.0,-1.0,142.08035278320312,273.86328125,143.9732208251953,297.49609375,148.70535278320312,315.45703125,-1.0,-1.0,-1.0,-1.0,147.75892639160156,233.21484375,139.24107360839844,233.21484375
-1.0,-1.0,144.86607360839844,244.55859375,153.38392639160156,244.55859375,156.2232208251953,260.62890625,155.27679443359375,271.02734375,136.3482208251953,243.61328125,132.5625,258.73828125,-1.0,-1.0,149.5982208251953,273.86328125,146.75892639160156,294.66015625,-1.0,-1.0,141.08035278320312,273.86328125,142.9732208251953,296.55078125,146.75892639160156,314.51171875,-1.0,-1.0,-1.0,-1.0,147.70535278320312,233.21484375,139.1875,234.16015625
-1.0,-1.0,143.86607360839844,243.61328125,151.4375,243.61328125,155.2232208251953,258.73828125,155.2232208251953,271.02734375,135.3482208251953,243.61328125,130.61607360839844,254.95703125,128.7232208251953,270.08203125,148.5982208251953,271.97265625,145.75892639160156,294.66015625,-1.0,-1.0,140.08035278320312,272.91796875,141.9732208251953,296.55078125,144.8125,315.45703125,-1.0,-1.0,-1.0,-1.0,144.8125,234.16015625,137.24107360839844,235.10546875
-1.0,-1.0,141.91964721679688,243.61328125,149.49107360839844,243.61328125,154.2232208251953,258.73828125,-1.0,-1.0,134.3482208251953,243.61328125,128.66964721679688,256.84765625,125.83036041259766,271.02734375,147.5982208251953,271.97265625,140.9732208251953,297.49609375,-1.0,-1.0,140.02679443359375,272.91796875,141.91964721679688,297.49609375,144.75892639160156,315.45703125,-1.0,-1.0,-1.0,-1.0,142.86607360839844,234.16015625,135.29464721679688,234.16015625
-1.0,-1.0,141.86607360839844,244.55859375,149.4375,244.55859375,152.27679443359375,256.84765625,-1.0,-1.0,134.29464721679688,244.55859375,129.5625,255.90234375,123.88392639160156,261.57421875,146.5982208251953,271.97265625,142.8125,294.66015625,141.86607360839844,313.56640625,138.08035278320312,271.97265625,139.02679443359375,294.66015625,139.02679443359375,308.83984375,-1.0,-1.0,-1.0,-1.0,141.86607360839844,235.10546875,135.24107360839844,235.10546875
-1.0,-1.0,140.86607360839844,244.55859375,148.4375,244.55859375,152.2232208251953,254.95703125,-1.0,-1.0,133.29464721679688,243.61328125,129.50892639160156,255.90234375,-1.0,-1.0,146.54464721679688,271.97265625,140.86607360839844,296.55078125,140.86607360839844,314.51171875,137.08035278320312,272.91796875,138.9732208251953,295.60546875,139.91964721679688,314.51171875,-1.0,-1.0,-1.0,-1.0,-1.0,-1.0,135.1875,236.99609375
-1.0,-1.0,140.8125,245.50390625,147.4375,245.50390625,151.2232208251953,258.73828125,-1.0,-1.0,133.24107360839844,244.55859375,129.45535278320312,256.84765625,128.50892639160156,267.24609375,144.5982208251953,271.02734375,140.8125,295.60546875,-1.0,-1.0,136.08035278320312,271.97265625,137.9732208251953,294.66015625,-1.0,-1.0,-1.0,-1.0,-1.0,-1.0,-1.0,-1.0,135.13392639160156,236.05078125
-1.0,-1.0,139.57656860351562,245.21875,147.0720672607422,245.21875,150.81982421875,256.46875,-1.0,-1.0,132.08108520507812,244.28125,129.270263671875,258.34375,127.39639282226562,267.71875,143.32432556152344,273.34375,138.63963317871094,293.96875,138.63963317871094,312.71875,133.9549560546875,272.40625,135.82882690429688,294.90625,-1.0,-1.0,-1.0,-1.0,-1.0,-1.0,-1.0,-1.0,133.0180206298828,236.78125
-1.0,-1.0,138.57656860351562,246.15625,146.0720672607422,246.15625,149.81982421875,251.78125,-1.0,-1.0,131.08108520507812,244.28125,126.39639282226562,256.46875,125.45945739746094,269.59375,141.38739013671875,273.34375,137.63963317871094,293.96875,-1.0,-1.0,132.0180206298828,271.46875,132.9549560546875,293.96875,-1.0,-1.0,-1.0,-1.0,-1.0,-1.0,-1.0,-1.0,132.0180206298828,236.78125
-1.0,-1.0,137.14158630371094,245.21875,144.64601135253906,245.21875,148.39822387695312,256.46875,-1.0,-1.0,129.6371612548828,244.28125,124.9468994140625,259.28125,124.00885009765625,270.53125,140.893798828125,273.34375,137.14158630371094,293.96875,137.14158630371094,308.96875,130.57522583007812,272.40625,131.51327514648438,293.96875,-1.0,-1.0,-1.0,-1.0,-1.0,-1.0,138.07965087890625,234.90625,130.57522583007812,235.84375
-1.0,-1.0,136.14158630371094,244.28125,142.7079620361328,245.21875,146.46017456054688,255.53125,-1.0,-1.0,128.6371612548828,244.28125,123.9468994140625,257.40625,123.9468994140625,268.65625,139.893798828125,272.40625,136.14158630371094,291.15625,133.3274383544922,307.09375,129.57522583007812,270.53125,128.6371612548828,289.28125,124.88495635986328,306.15625,-1.0,-1.0,-1.0,-1.0,138.95574951171875,236.78125,131.45132446289062,236.78125
-1.0,-1.0,135.14158630371094,244.28125,142.64601135253906,245.21875,146.39822387695312,254.59375,-1.0,-1.0,126.69911193847656,244.28125,122.00885009765625,258.34375,122.00885009765625,269.59375,138.893798828125,273.34375,136.07965087890625,294.90625,133.26548767089844,314.59375,128.57522583007812,272.40625,127.63716888427734,293.96875,-1.0,-1.0,-1.0,-1.0,-1.0,-1.0,137.95574951171875,236.78125,130.45132446289062,235.84375
-1.0,-1.0,133.91964721679688,244.50390625,141.49107360839844,244.50390625,142.4375,259.62890625,138.65179443359375,268.13671875,125.40178680419922,244.50390625,121.61607360839844,258.68359375,121.61607360839844,270.02734375,137.70535278320312,273.80859375,134.86607360839844,295.55078125,132.02679443359375,315.40234375,127.29464721679688,273.80859375,127.29464721679688,295.55078125,126.34821319580078,312.56640625,-1.0,-1.0,-1.0,-1.0,134.86607360839844,235.05078125,127.29464721679688,235.99609375
-1.0,-1.0,132.91964721679688,244.50390625,140.49107360839844,244.50390625,142.38392639160156,258.68359375,139.54464721679688,269.08203125,124.40178680419922,243.55859375,121.5625,257.73828125,119.66964721679688,269.08203125,137.65179443359375,271.91796875,134.8125,292.71484375,131.9732208251953,313.51171875,127.24107360839844,271.91796875,125.34821319580078,291.76953125,125.34821319580078,308.78515625,-1.0,-1.0,-1.0,-1.0,134.8125,235.05078125,128.1875,235.05078125
-1.0,-1.0,131.91964721679688,244.50390625,139.49107360839844,243.55859375,142.33035278320312,258.68359375,143.27679443359375,272.86328125,123.40178680419922,244.50390625,119.61607360839844,259.62890625,119.61607360839844,269.08203125,137.5982208251953,273.80859375,133.8125,295.55078125,131.91964721679688,315.40234375,126.24107360839844,272.86328125,124.34821319580078,294.60546875,126.24107360839844,316.34765625,-1.0,-1.0,-1.0,-1.0,132.86607360839844,234.10546875,126.24107360839844,235.05078125
-1.0,-1.0,130.91964721679688,244.50390625,137.54464721679688,243.55859375,140.38392639160156,257.73828125,140.38392639160156,270.97265625,122.40178680419922,244.50390625,119.5625,259.62890625,113.88392639160156,273.80859375,135.65179443359375,273.80859375,132.8125,296.49609375,131.86607360839844,315.40234375,124.29464721679688,272.86328125,122.40178680419922,294.60546875,121.45536041259766,316.34765625,-1.0,-1.0,-1.0,-1.0,131.86607360839844,234.10546875,124.29464721679688,235.05078125
-1.0,-1.0,129.91964721679688,244.50390625,137.49107360839844,244.50390625,139.38392639160156,258.68359375,-1.0,-1.0,121.40178680419922,244.50390625,117.61607360839844,258.68359375,113.83036041259766,274.75390625,134.65179443359375,275.69921875,131.8125,298.38671875,129.91964721679688,315.40234375,123.29464721679688,273.80859375,121.40178680419922,297.44140625,121.40178680419922,316.34765625,-1.0,-1.0,-1.0,-1.0,130.86607360839844,234.10546875,124.24107360839844,235.05078125
120.40178680419922,237.88671875,128.91964721679688,244.50390625,137.4375,244.50390625,-1.0,-1.0,-1.0,-1.0,121.34821319580078,244.50390625,116.61607360839844,260.57421875,113.77678680419922,274.75390625,134.5982208251953,274.75390625,131.75892639160156,298.38671875,128.91964721679688,316.34765625,122.29464721679688,274.75390625,119.45536041259766,298.38671875,119.45536041259766,316.34765625,-1.0,-1.0,122.29464721679688,235.05078125,129.86607360839844,234.10546875,123.24107360839844,235.05078125
121.34821319580078,237.88671875,127.97321319580078,245.44921875,135.54464721679688,245.44921875,137.4375,259.62890625,-1.0,-1.0,120.40178680419922,244.50390625,115.66964721679688,259.62890625,113.77678680419922,274.75390625,132.70535278320312,274.75390625,130.8125,298.38671875,129.86607360839844,316.34765625,121.34821319580078,273.80859375,118.50892639160156,297.44140625,117.5625,316.34765625,-1.0,-1.0,122.29464721679688,235.05078125,129.86607360839844,234.10546875,124.1875,235.05078125
