568.01318359375,175.84375,585.7763061523438,184.15625,572.75,185.34375,563.2763061523438,205.53125,556.1710815429688,207.90625,599.98681640625,181.78125,595.25,210.28125,576.3026123046875,217.40625,582.2236938476562,224.53125,-1.0,-1.0,-1.0,-1.0,605.9078979492188,219.78125,586.9605102539062,218.59375,-1.0,-1.0,566.8289184570312,171.09375,570.381591796875,171.09375,-1.0,-1.0,583.4078979492188,169.90625
568.01318359375,175.84375,585.7763061523438,184.15625,572.75,186.53125,563.2763061523438,205.53125,556.1710815429688,206.71875,599.98681640625,181.78125,595.25,210.28125,575.118408203125,213.84375,582.2236938476562,224.53125,-1.0,-1.0,-1.0,-1.0,604.7236938476562,219.78125,585.7763061523438,218.59375,-1.0,-1.0,566.8289184570312,171.09375,570.381591796875,171.09375,-1.0,-1.0,583.4078979492188,169.90625
568.01318359375,175.84375,585.7763061523438,184.15625,572.75,186.53125,562.0921020507812,205.53125,554.98681640625,206.71875,599.98681640625,181.78125,595.25,210.28125,575.118408203125,213.84375,585.7763061523438,212.65625,-1.0,-1.0,-1.0,-1.0,604.7236938476562,218.59375,585.7763061523438,218.59375,584.5921020507812,245.90625,566.8289184570312,172.28125,570.381591796875,171.09375,-1.0,-1.0,582.2236938476562,169.90625
568.01318359375,175.84375,585.7763061523438,184.15625,572.75,186.53125,563.2763061523438,205.53125,551.4342041015625,207.90625,599.98681640625,181.78125,595.25,210.28125,572.75,210.28125,582.2236938476562,223.34375,-1.0,-1.0,-1.0,-1.0,604.7236938476562,219.78125,585.7763061523438,217.40625,585.7763061523438,244.71875,566.8289184570312,172.28125,570.381591796875,171.09375,-1.0,-1.0,582.2236938476562,169.90625
568.01318359375,175.84375,585.7763061523438,184.15625,572.75,186.53125,563.2763061523438,205.53125,551.4342041015625,207.90625,599.98681640625,181.78125,595.25,210.28125,572.75,209.09375,582.2236938476562,223.34375,-1.0,-1.0,-1.0,-1.0,604.7236938476562,219.78125,585.7763061523438,217.40625,-1.0,-1.0,566.8289184570312,172.28125,570.381591796875,171.09375,-1.0,-1.0,582.2236938476562,169.90625
568.01318359375,175.84375,585.7763061523438,184.15625,572.75,186.53125,563.2763061523438,206.71875,551.4342041015625,207.90625,599.98681640625,181.78125,595.25,210.28125,572.75,209.09375,584.5921020507812,212.65625,-1.0,-1.0,-1.0,-1.0,604.7236938476562,219.78125,585.7763061523438,218.59375,584.5921020507812,244.71875,566.8289184570312,172.28125,570.381591796875,171.09375,-1.0,-1.0,583.4078979492188,171.09375
568.01318359375,175.84375,585.7763061523438,184.15625,572.75,186.53125,563.2763061523438,206.71875,551.4342041015625,207.90625,599.98681640625,181.78125,595.25,210.28125,575.118408203125,212.65625,579.8552856445312,224.53125,560.9078979492188,239.96875,-1.0,-1.0,604.7236938476562,219.78125,585.7763061523438,218.59375,-1.0,-1.0,566.8289184570312,172.28125,570.381591796875,171.09375,-1.0,-1.0,583.4078979492188,171.09375
568.01318359375,175.84375,585.7763061523438,184.15625,572.75,186.53125,562.0921020507812,206.71875,551.4342041015625,207.90625,599.98681640625,181.78125,595.25,210.28125,573.9342041015625,211.46875,581.0394897460938,223.34375,562.0921020507812,239.96875,-1.0,-1.0,604.7236938476562,219.78125,585.7763061523438,217.40625,584.5921020507812,244.71875,565.6447143554688,172.28125,570.381591796875,172.28125,-1.0,-1.0,583.4078979492188,171.09375
568.01318359375,177.03125,585.7763061523438,184.15625,572.75,186.53125,563.2763061523438,205.53125,552.618408203125,206.71875,598.8026123046875,181.78125,595.25,210.28125,573.9342041015625,211.46875,581.0394897460938,223.34375,562.0921020507812,238.78125,-1.0,-1.0,604.7236938476562,218.59375,585.7763061523438,217.40625,584.5921020507812,244.71875,566.8289184570312,173.46875,569.1973876953125,172.28125,-1.0,-1.0,583.4078979492188,171.09375
566.8289184570312,177.03125,585.7763061523438,184.15625,571.5657958984375,186.53125,562.0921020507812,206.71875,551.4342041015625,207.90625,598.8026123046875,181.78125,595.25,210.28125,573.9342041015625,211.46875,581.0394897460938,223.34375,562.0921020507812,239.96875,-1.0,-1.0,604.7236938476562,219.78125,585.7763061523438,217.40625,584.5921020507812,244.71875,564.4605102539062,173.46875,568.01318359375,173.46875,-1.0,-1.0,582.2236938476562,171.09375
566.8289184570312,178.21875,585.7763061523438,184.15625,571.5657958984375,186.53125,562.0921020507812,206.71875,551.4342041015625,207.90625,598.8026123046875,181.78125,596.4342041015625,210.28125,572.75,210.28125,585.7763061523438,212.65625,-1.0,-1.0,-1.0,-1.0,604.7236938476562,219.78125,585.7763061523438,218.59375,584.5921020507812,244.71875,565.6447143554688,173.46875,568.01318359375,173.46875,-1.0,-1.0,582.2236938476562,171.09375
566.8289184570312,178.21875,584.5921020507812,184.15625,571.5657958984375,187.71875,562.0921020507812,206.71875,551.4342041015625,206.71875,598.8026123046875,181.78125,596.4342041015625,210.28125,571.5657958984375,210.28125,581.0394897460938,224.53125,-1.0,-1.0,-1.0,-1.0,604.7236938476562,219.78125,585.7763061523438,218.59375,-1.0,-1.0,565.6447143554688,173.46875,568.01318359375,173.46875,-1.0,-1.0,582.2236938476562,171.09375
565.6447143554688,178.21875,584.5921020507812,184.15625,571.5657958984375,187.71875,562.0921020507812,206.71875,552.618408203125,206.71875,598.8026123046875,181.78125,596.4342041015625,210.28125,570.381591796875,210.28125,581.0394897460938,224.53125,-1.0,-1.0,-1.0,-1.0,603.5394897460938,219.78125,585.7763061523438,218.59375,-1.0,-1.0,565.6447143554688,173.46875,568.01318359375,173.46875,-1.0,-1.0,581.0394897460938,171.09375
565.6447143554688,178.21875,584.5921020507812,185.34375,571.5657958984375,187.71875,562.0921020507812,207.90625,552.618408203125,206.71875,598.8026123046875,181.78125,596.4342041015625,210.28125,570.381591796875,210.28125,582.2236938476562,224.53125,-1.0,-1.0,-1.0,-1.0,604.7236938476562,219.78125,585.7763061523438,218.59375,-1.0,-1.0,564.4605102539062,174.65625,568.01318359375,173.46875,-1.0,-1.0,582.2236938476562,171.09375
565.6447143554688,178.21875,584.5921020507812,185.34375,571.5657958984375,187.71875,562.0921020507812,206.71875,552.618408203125,206.71875,597.618408203125,181.78125,595.25,211.46875,570.381591796875,210.28125,584.5921020507812,212.65625,-1.0,-1.0,-1.0,-1.0,604.7236938476562,219.78125,585.7763061523438,218.59375,584.5921020507812,245.90625,564.4605102539062,173.46875,568.01318359375,173.46875,-1.0,-1.0,582.2236938476562,171.09375
565.6447143554688,178.21875,584.5921020507812,185.34375,571.5657958984375,187.71875,562.0921020507812,206.71875,552.618408203125,206.71875,597.618408203125,181.78125,596.4342041015625,210.28125,573.9342041015625,210.28125,582.2236938476562,224.53125,-1.0,-1.0,-1.0,-1.0,604.7236938476562,219.78125,585.7763061523438,218.59375,584.5921020507812,245.90625,564.4605102539062,174.65625,568.01318359375,173.46875,-1.0,-1.0,581.0394897460938,171.09375
565.6447143554688,178.21875,584.5921020507812,184.15625,571.5657958984375,187.71875,562.0921020507812,206.71875,552.618408203125,206.71875,597.618408203125,181.78125,595.25,210.28125,573.9342041015625,210.28125,588.1447143554688,224.53125,-1.0,-1.0,-1.0,-1.0,605.9078979492188,219.78125,585.7763061523438,218.59375,584.5921020507812,245.90625,564.4605102539062,174.65625,568.01318359375,173.46875,-1.0,-1.0,581.0394897460938,171.09375
565.6447143554688,178.21875,584.5921020507812,184.15625,571.5657958984375,187.71875,562.0921020507812,207.90625,552.618408203125,205.53125,597.618408203125,181.78125,596.4342041015625,211.46875,572.75,210.28125,585.7763061523438,212.65625,-1.0,-1.0,-1.0,-1.0,604.7236938476562,219.78125,585.7763061523438,218.59375,583.4078979492188,245.90625,564.4605102539062,174.65625,566.8289184570312,173.46875,-1.0,-1.0,581.0394897460938,171.09375
565.6447143554688,178.21875,584.5921020507812,184.15625,571.5657958984375,187.71875,562.0921020507812,207.90625,551.4342041015625,205.53125,597.618408203125,181.78125,595.25,211.46875,571.5657958984375,211.46875,585.7763061523438,212.65625,-1.0,-1.0,-1.0,-1.0,605.9078979492188,219.78125,585.7763061523438,218.59375,-1.0,-1.0,564.4605102539062,174.65625,566.8289184570312,173.46875,-1.0,-1.0,581.0394897460938,171.09375
565.6447143554688,178.21875,584.5921020507812,185.34375,571.5657958984375,188.90625,560.9078979492188,209.09375,551.4342041015625,206.71875,597.618408203125,181.78125,596.4342041015625,211.46875,571.5657958984375,210.28125,585.7763061523438,211.46875,-1.0,-1.0,-1.0,-1.0,605.9078979492188,219.78125,585.7763061523438,218.59375,-1.0,-1.0,565.6447143554688,174.65625,568.01318359375,173.46875,-1.0,-1.0,581.0394897460938,171.09375
565.6447143554688,178.21875,584.5921020507812,185.34375,571.5657958984375,188.90625,562.0921020507812,209.09375,551.4342041015625,206.71875,597.618408203125,181.78125,596.4342041015625,211.46875,571.5657958984375,210.28125,581.0394897460938,226.90625,560.9078979492188,241.15625,-1.0,-1.0,605.9078979492188,219.78125,585.7763061523438,218.59375,-1.0,-1.0,565.6447143554688,174.65625,568.01318359375,173.46875,-1.0,-1.0,581.0394897460938,171.09375
565.6447143554688,178.21875,584.5921020507812,185.34375,570.381591796875,190.09375,560.9078979492188,207.90625,552.618408203125,206.71875,597.618408203125,181.78125,596.4342041015625,211.46875,572.75,210.28125,582.2236938476562,225.71875,560.9078979492188,241.15625,-1.0,-1.0,605.9078979492188,219.78125,585.7763061523438,218.59375,-1.0,-1.0,564.4605102539062,174.65625,568.01318359375,173.46875,-1.0,-1.0,581.0394897460938,171.09375
565.6447143554688,178.21875,584.5921020507812,185.34375,570.381591796875,190.09375,560.9078979492188,207.90625,551.4342041015625,206.71875,597.618408203125,181.78125,596.4342041015625,211.46875,572.75,210.28125,582.2236938476562,225.71875,560.9078979492188,239.96875,-1.0,-1.0,605.9078979492188,219.78125,585.7763061523438,218.59375,-1.0,-1.0,564.4605102539062,174.65625,568.01318359375,173.46875,-1.0,-1.0,581.0394897460938,171.09375
565.6447143554688,179.40625,583.4078979492188,186.53125,570.381591796875,190.09375,562.0921020507812,209.09375,556.1710815429688,207.90625,596.4342041015625,181.78125,597.618408203125,211.46875,571.5657958984375,209.09375,582.2236938476562,225.71875,560.9078979492188,241.15625,-1.0,-1.0,604.7236938476562,219.78125,584.5921020507812,218.59375,-1.0,-1.0,564.4605102539062,174.65625,566.8289184570312,174.65625,-1.0,-1.0,579.8552856445312,171.09375
564.4605102539062,179.40625,583.4078979492188,186.53125,570.381591796875,190.09375,562.0921020507812,212.65625,557.3552856445312,209.09375,596.4342041015625,181.78125,597.618408203125,211.46875,569.1973876953125,209.09375,581.0394897460938,226.90625,560.9078979492188,241.15625,-1.0,-1.0,603.5394897460938,219.78125,584.5921020507812,218.59375,-1.0,-1.0,563.2763061523438,174.65625,566.8289184570312,174.65625,-1.0,-1.0,579.8552856445312,172.28125
564.4605102539062,179.40625,583.4078979492188,186.53125,570.381591796875,190.09375,563.2763061523438,218.59375,557.3552856445312,207.90625,596.4342041015625,181.78125,597.618408203125,211.46875,569.1973876953125,209.09375,581.0394897460938,226.90625,562.0921020507812,241.15625,-1.0,-1.0,603.5394897460938,219.78125,584.5921020507812,218.59375,-1.0,-1.0,563.2763061523438,174.65625,566.8289184570312,174.65625,-1.0,-1.0,579.8552856445312,172.28125
564.4605102539062,179.40625,583.4078979492188,186.53125,570.381591796875,191.28125,563.2763061523438,219.78125,557.3552856445312,209.09375,596.4342041015625,181.78125,598.8026123046875,211.46875,569.1973876953125,209.09375,581.0394897460938,226.90625,-1.0,-1.0,-1.0,-1.0,603.5394897460938,219.78125,584.5921020507812,218.59375,-1.0,-1.0,563.2763061523438,174.65625,566.8289184570312,174.65625,-1.0,-1.0,578.6710815429688,172.28125
564.4605102539062,179.40625,583.4078979492188,186.53125,570.381591796875,191.28125,563.2763061523438,219.78125,557.3552856445312,207.90625,596.4342041015625,181.78125,598.8026123046875,211.46875,569.1973876953125,209.09375,582.2236938476562,226.90625,-1.0,-1.0,-1.0,-1.0,604.7236938476562,218.59375,584.5921020507812,218.59375,-1.0,-1.0,563.2763061523438,175.84375,566.8289184570312,174.65625,-1.0,-1.0,578.6710815429688,172.28125
563.2763061523438,179.40625,583.4078979492188,186.53125,570.381591796875,190.09375,564.4605102539062,216.21875,-1.0,-1.0,596.4342041015625,181.78125,598.8026123046875,211.46875,569.1973876953125,209.09375,582.2236938476562,226.90625,-1.0,-1.0,-1.0,-1.0,604.7236938476562,218.59375,584.5921020507812,218.59375,-1.0,-1.0,562.0921020507812,175.84375,565.6447143554688,175.84375,-1.0,-1.0,578.6710815429688,172.28125
563.2763061523438,180.59375,583.4078979492188,186.53125,570.381591796875,190.09375,562.0921020507812,207.90625,556.1710815429688,206.71875,595.25,181.78125,598.8026123046875,211.46875,569.1973876953125,209.09375,582.2236938476562,226.90625,-1.0,-1.0,-1.0,-1.0,603.5394897460938,219.78125,585.7763061523438,218.59375,-1.0,-1.0,562.0921020507812,177.03125,565.6447143554688,175.84375,-1.0,-1.0,577.48681640625,173.46875
563.2763061523438,180.59375,583.4078979492188,186.53125,570.381591796875,190.09375,560.9078979492188,207.90625,554.98681640625,205.53125,595.25,181.78125,598.8026123046875,211.46875,569.1973876953125,209.09375,582.2236938476562,226.90625,-1.0,-1.0,-1.0,-1.0,605.9078979492188,219.78125,585.7763061523438,218.59375,-1.0,-1.0,562.0921020507812,177.03125,565.6447143554688,177.03125,-1.0,-1.0,577.48681640625,173.46875
563.2763061523438,181.78125,583.4078979492188,186.53125,570.381591796875,190.09375,562.0921020507812,206.71875,557.3552856445312,207.90625,595.25,181.78125,598.8026123046875,211.46875,569.1973876953125,209.09375,583.4078979492188,225.71875,-1.0,-1.0,-1.0,-1.0,605.9078979492188,219.78125,585.7763061523438,218.59375,-1.0,-1.0,562.0921020507812,177.03125,565.6447143554688,177.03125,-1.0,-1.0,577.48681640625,173.46875
563.2763061523438,181.78125,583.4078979492188,186.53125,570.381591796875,190.09375,563.2763061523438,212.65625,558.5394897460938,207.90625,595.25,181.78125,598.8026123046875,211.46875,568.01318359375,209.09375,586.9605102539062,224.53125,-1.0,-1.0,-1.0,-1.0,605.9078979492188,218.59375,585.7763061523438,218.59375,-1.0,-1.0,562.0921020507812,177.03125,564.4605102539062,177.03125,-1.0,-1.0,576.3026123046875,173.46875
563.2763061523438,181.78125,583.4078979492188,187.71875,570.381591796875,191.28125,564.4605102539062,215.03125,558.5394897460938,207.90625,595.25,182.96875,598.8026123046875,211.46875,568.01318359375,209.09375,588.1447143554688,224.53125,-1.0,-1.0,-1.0,-1.0,605.9078979492188,218.59375,585.7763061523438,218.59375,585.7763061523438,245.90625,560.9078979492188,178.21875,564.4605102539062,177.03125,-1.0,-1.0,577.48681640625,173.46875
563.2763061523438,181.78125,582.2236938476562,187.71875,570.381591796875,191.28125,565.6447143554688,218.59375,559.7236938476562,207.90625,595.25,182.96875,598.8026123046875,211.46875,568.01318359375,207.90625,589.3289794921875,224.53125,-1.0,-1.0,-1.0,-1.0,607.0921020507812,218.59375,585.7763061523438,218.59375,585.7763061523438,245.90625,562.0921020507812,178.21875,564.4605102539062,178.21875,-1.0,-1.0,577.48681640625,174.65625
563.2763061523438,182.96875,582.2236938476562,187.71875,570.381591796875,191.28125,564.4605102539062,220.96875,559.7236938476562,207.90625,595.25,182.96875,598.8026123046875,212.65625,568.01318359375,207.90625,589.3289794921875,224.53125,-1.0,-1.0,-1.0,-1.0,607.0921020507812,218.59375,585.7763061523438,218.59375,585.7763061523438,244.71875,560.9078979492188,178.21875,564.4605102539062,178.21875,-1.0,-1.0,576.3026123046875,174.65625
562.0921020507812,182.96875,582.2236938476562,187.71875,569.1973876953125,192.46875,564.4605102539062,220.96875,559.7236938476562,207.90625,595.25,182.96875,598.8026123046875,212.65625,568.01318359375,207.90625,589.3289794921875,224.53125,-1.0,-1.0,-1.0,-1.0,607.0921020507812,218.59375,585.7763061523438,218.59375,585.7763061523438,244.71875,560.9078979492188,178.21875,564.4605102539062,178.21875,-1.0,-1.0,577.48681640625,174.65625
563.2763061523438,182.96875,582.2236938476562,187.71875,570.381591796875,191.28125,565.6447143554688,220.96875,559.7236938476562,207.90625,594.0657958984375,182.96875,598.8026123046875,211.46875,579.8552856445312,215.03125,589.3289794921875,224.53125,-1.0,-1.0,-1.0,-1.0,607.0921020507812,218.59375,585.7763061523438,218.59375,584.5921020507812,245.90625,562.0921020507812,178.21875,564.4605102539062,178.21875,-1.0,-1.0,576.3026123046875,174.65625
562.0921020507812,182.96875,582.2236938476562,187.71875,569.1973876953125,192.46875,565.6447143554688,218.59375,559.7236938476562,207.90625,594.0657958984375,182.96875,598.8026123046875,211.46875,579.8552856445312,215.03125,589.3289794921875,224.53125,-1.0,-1.0,-1.0,-1.0,607.0921020507812,218.59375,585.7763061523438,218.59375,584.5921020507812,245.90625,562.0921020507812,178.21875,563.2763061523438,178.21875,-1.0,-1.0,576.3026123046875,174.65625
562.0921020507812,182.96875,582.2236938476562,187.71875,569.1973876953125,192.46875,565.6447143554688,218.59375,559.7236938476562,207.90625,594.0657958984375,182.96875,598.8026123046875,211.46875,579.8552856445312,215.03125,588.1447143554688,223.34375,-1.0,-1.0,-1.0,-1.0,607.0921020507812,217.40625,585.7763061523438,218.59375,585.7763061523438,244.71875,562.0921020507812,178.21875,563.2763061523438,178.21875,-1.0,-1.0,576.3026123046875,174.65625
562.0921020507812,182.96875,581.0394897460938,187.71875,569.1973876953125,192.46875,566.8289184570312,217.40625,558.5394897460938,209.09375,594.0657958984375,182.96875,598.8026123046875,211.46875,579.8552856445312,215.03125,588.1447143554688,223.34375,-1.0,-1.0,-1.0,-1.0,607.0921020507812,217.40625,585.7763061523438,218.59375,585.7763061523438,245.90625,562.0921020507812,178.21875,563.2763061523438,179.40625,-1.0,-1.0,576.3026123046875,175.84375
562.0921020507812,184.15625,581.0394897460938,187.71875,569.1973876953125,192.46875,566.8289184570312,216.21875,558.5394897460938,210.28125,594.0657958984375,182.96875,598.8026123046875,211.46875,579.8552856445312,215.03125,589.3289794921875,223.34375,-1.0,-1.0,-1.0,-1.0,607.0921020507812,217.40625,584.5921020507812,218.59375,585.7763061523438,245.90625,-1.0,-1.0,563.2763061523438,179.40625,-1.0,-1.0,576.3026123046875,175.84375
562.0921020507812,184.15625,581.0394897460938,187.71875,569.1973876953125,192.46875,566.8289184570312,217.40625,557.3552856445312,210.28125,594.0657958984375,182.96875,598.8026123046875,211.46875,578.6710815429688,213.84375,589.3289794921875,223.34375,-1.0,-1.0,-1.0,-1.0,607.0921020507812,217.40625,584.5921020507812,218.59375,586.9605102539062,244.71875,-1.0,-1.0,563.2763061523438,179.40625,-1.0,-1.0,575.118408203125,175.84375
562.0921020507812,184.15625,581.0394897460938,187.71875,569.1973876953125,192.46875,566.8289184570312,219.78125,558.5394897460938,210.28125,592.881591796875,181.78125,598.8026123046875,211.46875,581.0394897460938,215.03125,590.51318359375,223.34375,-1.0,-1.0,-1.0,-1.0,607.0921020507812,217.40625,584.5921020507812,218.59375,585.7763061523438,244.71875,-1.0,-1.0,563.2763061523438,179.40625,-1.0,-1.0,575.118408203125,175.84375
562.0921020507812,184.15625,581.0394897460938,187.71875,570.381591796875,192.46875,568.01318359375,217.40625,558.5394897460938,210.28125,592.881591796875,181.78125,598.8026123046875,211.46875,581.0394897460938,215.03125,590.51318359375,223.34375,582.2236938476562,216.21875,-1.0,-1.0,607.0921020507812,217.40625,585.7763061523438,218.59375,586.9605102539062,244.71875,-1.0,-1.0,563.2763061523438,179.40625,-1.0,-1.0,573.9342041015625,175.84375
562.0921020507812,184.15625,581.0394897460938,187.71875,569.1973876953125,193.65625,568.01318359375,219.78125,557.3552856445312,210.28125,592.881591796875,182.96875,598.8026123046875,211.46875,581.0394897460938,215.03125,590.51318359375,223.34375,582.2236938476562,216.21875,-1.0,-1.0,607.0921020507812,217.40625,584.5921020507812,218.59375,586.9605102539062,244.71875,-1.0,-1.0,563.2763061523438,179.40625,-1.0,-1.0,573.9342041015625,175.84375
562.0921020507812,184.15625,581.0394897460938,187.71875,569.1973876953125,192.46875,566.8289184570312,219.78125,557.3552856445312,210.28125,592.881591796875,182.96875,598.8026123046875,211.46875,581.0394897460938,215.03125,590.51318359375,223.34375,582.2236938476562,216.21875,-1.0,-1.0,607.0921020507812,217.40625,584.5921020507812,218.59375,585.7763061523438,244.71875,-1.0,-1.0,563.2763061523438,179.40625,-1.0,-1.0,573.9342041015625,175.84375
562.0921020507812,184.15625,579.8552856445312,187.71875,569.1973876953125,192.46875,566.8289184570312,218.59375,557.3552856445312,210.28125,591.6973876953125,181.78125,598.8026123046875,211.46875,581.0394897460938,215.03125,590.51318359375,223.34375,582.2236938476562,216.21875,-1.0,-1.0,607.0921020507812,216.21875,584.5921020507812,218.59375,584.5921020507812,244.71875,-1.0,-1.0,563.2763061523438,179.40625,-1.0,-1.0,573.9342041015625,175.84375
562.0921020507812,184.15625,579.8552856445312,187.71875,569.1973876953125,192.46875,566.8289184570312,219.78125,557.3552856445312,210.28125,591.6973876953125,182.96875,598.8026123046875,211.46875,581.0394897460938,215.03125,590.51318359375,223.34375,-1.0,-1.0,-1.0,-1.0,607.0921020507812,217.40625,584.5921020507812,218.59375,585.7763061523438,244.71875,-1.0,-1.0,563.2763061523438,179.40625,-1.0,-1.0,573.9342041015625,175.84375
562.0921020507812,184.15625,581.0394897460938,187.71875,569.1973876953125,192.46875,566.8289184570312,219.78125,557.3552856445312,210.28125,592.881591796875,182.96875,597.618408203125,211.46875,578.6710815429688,213.84375,590.51318359375,224.53125,-1.0,-1.0,-1.0,-1.0,607.0921020507812,217.40625,584.5921020507812,218.59375,585.7763061523438,244.71875,558.5394897460938,181.78125,563.2763061523438,179.40625,-1.0,-1.0,573.9342041015625,175.84375
562.0921020507812,184.15625,581.0394897460938,187.71875,569.1973876953125,192.46875,566.8289184570312,218.59375,557.3552856445312,210.28125,592.881591796875,182.96875,597.618408203125,211.46875,581.0394897460938,215.03125,590.51318359375,224.53125,582.2236938476562,216.21875,-1.0,-1.0,607.0921020507812,217.40625,584.5921020507812,218.59375,585.7763061523438,244.71875,558.5394897460938,181.78125,563.2763061523438,179.40625,-1.0,-1.0,573.9342041015625,175.84375
562.0921020507812,184.15625,581.0394897460938,187.71875,569.1973876953125,192.46875,566.8289184570312,219.78125,557.3552856445312,210.28125,592.881591796875,182.96875,598.8026123046875,211.46875,578.6710815429688,213.84375,589.3289794921875,224.53125,-1.0,-1.0,-1.0,-1.0,607.0921020507812,217.40625,584.5921020507812,218.59375,585.7763061523438,244.71875,558.5394897460938,181.78125,563.2763061523438,179.40625,-1.0,-1.0,575.118408203125,175.84375
560.9078979492188,184.15625,581.0394897460938,187.71875,569.1973876953125,192.46875,566.8289184570312,220.96875,558.5394897460938,210.28125,591.6973876953125,182.96875,598.8026123046875,211.46875,581.0394897460938,215.03125,589.3289794921875,224.53125,-1.0,-1.0,-1.0,-1.0,607.0921020507812,216.21875,584.5921020507812,218.59375,585.7763061523438,244.71875,558.5394897460938,180.59375,562.0921020507812,179.40625,-1.0,-1.0,575.118408203125,175.84375
560.9078979492188,184.15625,581.0394897460938,187.71875,569.1973876953125,192.46875,568.01318359375,217.40625,558.5394897460938,210.28125,591.6973876953125,182.96875,598.8026123046875,211.46875,581.0394897460938,215.03125,589.3289794921875,223.34375,-1.0,-1.0,-1.0,-1.0,607.0921020507812,216.21875,584.5921020507812,218.59375,585.7763061523438,244.71875,558.5394897460938,180.59375,562.0921020507812,179.40625,-1.0,-1.0,575.118408203125,175.84375
560.9078979492188,184.15625,581.0394897460938,188.90625,569.1973876953125,193.65625,569.1973876953125,216.21875,558.5394897460938,210.28125,591.6973876953125,182.96875,598.8026123046875,211.46875,581.0394897460938,215.03125,589.3289794921875,223.34375,-1.0,-1.0,-1.0,-1.0,607.0921020507812,216.21875,584.5921020507812,218.59375,585.7763061523438,244.71875,558.5394897460938,180.59375,562.0921020507812,179.40625,-1.0,-1.0,573.9342041015625,175.84375
560.9078979492188,184.15625,581.0394897460938,188.90625,569.1973876953125,193.65625,569.1973876953125,217.40625,558.5394897460938,210.28125,591.6973876953125,182.96875,598.8026123046875,211.46875,581.0394897460938,215.03125,589.3289794921875,224.53125,-1.0,-1.0,-1.0,-1.0,607.0921020507812,216.21875,584.5921020507812,218.59375,585.7763061523438,244.71875,558.5394897460938,180.59375,562.0921020507812,179.40625,-1.0,-1.0,575.118408203125,175.84375
562.0921020507812,184.15625,581.0394897460938,187.71875,569.1973876953125,192.46875,568.01318359375,216.21875,558.5394897460938,210.28125,591.6973876953125,182.96875,598.8026123046875,211.46875,581.0394897460938,215.03125,589.3289794921875,223.34375,-1.0,-1.0,-1.0,-1.0,607.0921020507812,216.21875,584.5921020507812,218.59375,585.7763061523438,244.71875,558.5394897460938,180.59375,563.2763061523438,179.40625,-1.0,-1.0,575.118408203125,175.84375
563.2763061523438,182.96875,581.0394897460938,188.90625,569.1973876953125,193.65625,570.381591796875,216.21875,557.3552856445312,210.28125,591.6973876953125,182.96875,598.8026123046875,211.46875,581.0394897460938,215.03125,589.3289794921875,223.34375,-1.0,-1.0,-1.0,-1.0,608.2763061523438,216.21875,585.7763061523438,218.59375,585.7763061523438,244.71875,560.9078979492188,179.40625,564.4605102539062,178.21875,-1.0,-1.0,575.118408203125,174.65625
562.0921020507812,182.96875,581.0394897460938,188.90625,569.1973876953125,193.65625,570.381591796875,216.21875,557.3552856445312,210.28125,591.6973876953125,182.96875,598.8026123046875,211.46875,581.0394897460938,215.03125,589.3289794921875,223.34375,-1.0,-1.0,-1.0,-1.0,607.0921020507812,216.21875,585.7763061523438,218.59375,585.7763061523438,244.71875,560.9078979492188,179.40625,564.4605102539062,178.21875,-1.0,-1.0,575.118408203125,174.65625
563.2763061523438,182.96875,581.0394897460938,188.90625,569.1973876953125,193.65625,569.1973876953125,216.21875,558.5394897460938,210.28125,591.6973876953125,182.96875,598.8026123046875,211.46875,581.0394897460938,215.03125,589.3289794921875,223.34375,-1.0,-1.0,-1.0,-1.0,607.0921020507812,216.21875,585.7763061523438,218.59375,585.7763061523438,244.71875,562.0921020507812,179.40625,564.4605102539062,178.21875,-1.0,-1.0,575.118408203125,174.65625
563.2763061523438,182.96875,581.0394897460938,188.90625,570.381591796875,193.65625,569.1973876953125,216.21875,558.5394897460938,210.28125,591.6973876953125,182.96875,598.8026123046875,211.46875,581.0394897460938,215.03125,589.3289794921875,223.34375,-1.0,-1.0,-1.0,-1.0,607.0921020507812,216.21875,584.5921020507812,218.59375,585.7763061523438,244.71875,562.0921020507812,179.40625,564.4605102539062,178.21875,-1.0,-1.0,575.118408203125,174.65625
563.2763061523438,182.96875,581.0394897460938,188.90625,570.381591796875,193.65625,569.1973876953125,215.03125,558.5394897460938,210.28125,591.6973876953125,182.96875,598.8026123046875,211.46875,581.0394897460938,215.03125,590.51318359375,223.34375,-1.0,-1.0,-1.0,-1.0,607.0921020507812,216.21875,584.5921020507812,218.59375,585.7763061523438,244.71875,562.0921020507812,179.40625,565.6447143554688,178.21875,-1.0,-1.0,575.118408203125,174.65625
563.2763061523438,182.96875,581.0394897460938,188.90625,570.381591796875,193.65625,568.01318359375,216.21875,558.5394897460938,210.28125,591.6973876953125,182.96875,598.8026123046875,211.46875,581.0394897460938,215.03125,590.51318359375,223.34375,-1.0,-1.0,-1.0,-1.0,607.0921020507812,216.21875,585.7763061523438,218.59375,585.7763061523438,244.71875,562.0921020507812,179.40625,565.6447143554688,178.21875,-1.0,-1.0,576.3026123046875,174.65625
563.2763061523438,182.96875,581.0394897460938,188.90625,570.381591796875,193.65625,568.01318359375,216.21875,557.3552856445312,210.28125,591.6973876953125,182.96875,598.8026123046875,211.46875,581.0394897460938,215.03125,590.51318359375,223.34375,-1.0,-1.0,-1.0,-1.0,607.0921020507812,216.21875,584.5921020507812,218.59375,585.7763061523438,244.71875,562.0921020507812,179.40625,566.8289184570312,178.21875,-1.0,-1.0,576.3026123046875,174.65625
564.4605102539062,182.96875,581.0394897460938,187.71875,570.381591796875,192.46875,566.8289184570312,215.03125,557.3552856445312,210.28125,591.6973876953125,182.96875,598.8026123046875,211.46875,581.0394897460938,215.03125,589.3289794921875,223.34375,-1.0,-1.0,-1.0,-1.0,607.0921020507812,216.21875,584.5921020507812,218.59375,585.7763061523438,244.71875,563.2763061523438,179.40625,566.8289184570312,178.21875,-1.0,-1.0,576.3026123046875,174.65625
564.4605102539062,182.96875,581.0394897460938,188.90625,570.381591796875,193.65625,566.8289184570312,216.21875,557.3552856445312,211.46875,592.881591796875,182.96875,598.8026123046875,211.46875,579.8552856445312,215.03125,590.51318359375,223.34375,-1.0,-1.0,-1.0,-1.0,607.0921020507812,216.21875,584.5921020507812,218.59375,585.7763061523438,244.71875,563.2763061523438,179.40625,566.8289184570312,178.21875,-1.0,-1.0,577.48681640625,174.65625
564.4605102539062,182.96875,581.0394897460938,187.71875,570.381591796875,192.46875,566.8289184570312,217.40625,557.3552856445312,210.28125,592.881591796875,182.96875,598.8026123046875,211.46875,577.48681640625,212.65625,589.3289794921875,223.34375,-1.0,-1.0,-1.0,-1.0,607.0921020507812,216.21875,584.5921020507812,218.59375,585.7763061523438,244.71875,562.0921020507812,179.40625,566.8289184570312,178.21875,-1.0,-1.0,577.48681640625,174.65625
564.4605102539062,182.96875,581.0394897460938,187.71875,569.1973876953125,192.46875,566.8289184570312,216.21875,557.3552856445312,210.28125,592.881591796875,182.96875,598.8026123046875,211.46875,579.8552856445312,213.84375,589.3289794921875,223.34375,-1.0,-1.0,-1.0,-1.0,607.0921020507812,216.21875,584.5921020507812,218.59375,585.7763061523438,244.71875,563.2763061523438,179.40625,566.8289184570312,178.21875,-1.0,-1.0,577.48681640625,174.65625
564.4605102539062,182.96875,581.0394897460938,187.71875,569.1973876953125,192.46875,566.8289184570312,217.40625,557.3552856445312,210.28125,592.881591796875,182.96875,598.8026123046875,211.46875,581.0394897460938,215.03125,589.3289794921875,223.34375,-1.0,-1.0,-1.0,-1.0,607.0921020507812,216.21875,584.5921020507812,218.59375,585.7763061523438,244.71875,563.2763061523438,179.40625,566.8289184570312,178.21875,-1.0,-1.0,576.3026123046875,174.65625
564.4605102539062,182.96875,581.0394897460938,187.71875,569.1973876953125,192.46875,566.8289184570312,217.40625,557.3552856445312,210.28125,592.881591796875,182.96875,598.8026123046875,211.46875,579.8552856445312,215.03125,589.3289794921875,223.34375,-1.0,-1.0,-1.0,-1.0,607.0921020507812,216.21875,584.5921020507812,218.59375,585.7763061523438,244.71875,562.0921020507812,179.40625,566.8289184570312,178.21875,-1.0,-1.0,576.3026123046875,174.65625
563.2763061523438,182.96875,581.0394897460938,187.71875,569.1973876953125,192.46875,565.6447143554688,218.59375,557.3552856445312,210.28125,592.881591796875,182.96875,598.8026123046875,211.46875,579.8552856445312,215.03125,590.51318359375,224.53125,-1.0,-1.0,-1.0,-1.0,607.0921020507812,217.40625,584.5921020507812,218.59375,585.7763061523438,244.71875,562.0921020507812,179.40625,566.8289184570312,178.21875,-1.0,-1.0,576.3026123046875,174.65625
563.2763061523438,182.96875,581.0394897460938,187.71875,569.1973876953125,193.65625,565.6447143554688,218.59375,558.5394897460938,210.28125,592.881591796875,182.96875,598.8026123046875,211.46875,579.8552856445312,215.03125,590.51318359375,224.53125,-1.0,-1.0,-1.0,-1.0,607.0921020507812,217.40625,584.5921020507812,218.59375,586.9605102539062,244.71875,562.0921020507812,179.40625,566.8289184570312,178.21875,-1.0,-1.0,576.3026123046875,174.65625
563.2763061523438,182.96875,581.0394897460938,187.71875,569.1973876953125,192.46875,566.8289184570312,218.59375,557.3552856445312,210.28125,592.881591796875,182.96875,598.8026123046875,211.46875,581.0394897460938,215.03125,590.51318359375,223.34375,-1.0,-1.0,-1.0,-1.0,607.0921020507812,217.40625,584.5921020507812,218.59375,585.7763061523438,244.71875,562.0921020507812,179.40625,565.6447143554688,178.21875,-1.0,-1.0,576.3026123046875,174.65625
563.2763061523438,182.96875,581.0394897460938,187.71875,569.1973876953125,193.65625,566.8289184570312,218.59375,557.3552856445312,210.28125,592.881591796875,182.96875,598.8026123046875,211.46875,579.8552856445312,215.03125,590.51318359375,224.53125,-1.0,-1.0,-1.0,-1.0,607.0921020507812,217.40625,584.5921020507812,218.59375,585.7763061523438,244.71875,562.0921020507812,179.40625,565.6447143554688,178.21875,-1.0,-1.0,576.3026123046875,174.65625
563.2763061523438,182.96875,581.0394897460938,187.71875,569.1973876953125,192.46875,566.8289184570312,219.78125,557.3552856445312,210.28125,592.881591796875,182.96875,598.8026123046875,211.46875,579.8552856445312,215.03125,590.51318359375,224.53125,-1.0,-1.0,-1.0,-1.0,608.2763061523438,217.40625,584.5921020507812,218.59375,585.7763061523438,244.71875,562.0921020507812,179.40625,565.6447143554688,178.21875,-1.0,-1.0,576.3026123046875,174.65625
563.2763061523438,182.96875,581.0394897460938,187.71875,569.1973876953125,192.46875,565.6447143554688,219.78125,558.5394897460938,210.28125,592.881591796875,182.96875,598.8026123046875,211.46875,579.8552856445312,215.03125,589.3289794921875,224.53125,-1.0,-1.0,-1.0,-1.0,607.0921020507812,217.40625,585.7763061523438,218.59375,585.7763061523438,244.71875,562.0921020507812,179.40625,565.6447143554688,178.21875,-1.0,-1.0,576.3026123046875,174.65625
563.2763061523438,182.96875,581.0394897460938,187.71875,569.1973876953125,192.46875,565.6447143554688,218.59375,557.3552856445312,210.28125,592.881591796875,182.96875,598.8026123046875,211.46875,581.0394897460938,215.03125,589.3289794921875,224.53125,-1.0,-1.0,-1.0,-1.0,607.0921020507812,217.40625,585.7763061523438,218.59375,585.7763061523438,244.71875,562.0921020507812,179.40625,565.6447143554688,178.21875,-1.0,-1.0,576.3026123046875,174.65625
563.2763061523438,182.96875,581.0394897460938,187.71875,569.1973876953125,192.46875,565.6447143554688,217.40625,557.3552856445312,210.28125,592.881591796875,182.96875,598.8026123046875,211.46875,581.0394897460938,216.21875,588.1447143554688,224.53125,-1.0,-1.0,-1.0,-1.0,607.0921020507812,217.40625,585.7763061523438,218.59375,585.7763061523438,244.71875,562.0921020507812,179.40625,565.6447143554688,178.21875,-1.0,-1.0,576.3026123046875,174.65625
563.2763061523438,182.96875,581.0394897460938,187.71875,569.1973876953125,192.46875,565.6447143554688,217.40625,557.3552856445312,210.28125,592.881591796875,182.96875,598.8026123046875,211.46875,579.8552856445312,215.03125,588.1447143554688,224.53125,-1.0,-1.0,-1.0,-1.0,607.0921020507812,217.40625,585.7763061523438,218.59375,585.7763061523438,244.71875,562.0921020507812,178.21875,565.6447143554688,178.21875,-1.0,-1.0,576.3026123046875,174.65625
563.2763061523438,182.96875,581.0394897460938,187.71875,569.1973876953125,192.46875,565.6447143554688,217.40625,557.3552856445312,210.28125,592.881591796875,182.96875,598.8026123046875,211.46875,581.0394897460938,216.21875,589.3289794921875,224.53125,-1.0,-1.0,-1.0,-1.0,607.0921020507812,217.40625,585.7763061523438,218.59375,585.7763061523438,244.71875,562.0921020507812,178.21875,565.6447143554688,178.21875,-1.0,-1.0,576.3026123046875,174.65625
563.2763061523438,182.96875,581.0394897460938,187.71875,568.01318359375,192.46875,565.6447143554688,217.40625,557.3552856445312,209.09375,592.881591796875,182.96875,598.8026123046875,211.46875,581.0394897460938,216.21875,586.9605102539062,224.53125,-1.0,-1.0,-1.0,-1.0,607.0921020507812,217.40625,585.7763061523438,218.59375,585.7763061523438,244.71875,562.0921020507812,178.21875,565.6447143554688,178.21875,-1.0,-1.0,576.3026123046875,173.46875
563.2763061523438,181.78125,581.0394897460938,187.71875,568.01318359375,192.46875,565.6447143554688,216.21875,557.3552856445312,209.09375,592.881591796875,181.78125,598.8026123046875,211.46875,582.2236938476562,216.21875,585.7763061523438,224.53125,-1.0,-1.0,-1.0,-1.0,607.0921020507812,217.40625,585.7763061523438,218.59375,585.7763061523438,244.71875,562.0921020507812,178.21875,565.6447143554688,178.21875,-1.0,-1.0,576.3026123046875,173.46875
563.2763061523438,181.78125,581.0394897460938,187.71875,568.01318359375,191.28125,564.4605102539062,212.65625,557.3552856445312,209.09375,592.881591796875,181.78125,598.8026123046875,211.46875,582.2236938476562,216.21875,586.9605102539062,223.34375,-1.0,-1.0,-1.0,-1.0,607.0921020507812,217.40625,585.7763061523438,218.59375,585.7763061523438,244.71875,562.0921020507812,178.21875,565.6447143554688,178.21875,-1.0,-1.0,576.3026123046875,173.46875
563.2763061523438,181.78125,581.0394897460938,187.71875,568.01318359375,191.28125,565.6447143554688,213.84375,557.3552856445312,209.09375,592.881591796875,181.78125,598.8026123046875,211.46875,582.2236938476562,216.21875,586.9605102539062,223.34375,-1.0,-1.0,-1.0,-1.0,607.0921020507812,217.40625,585.7763061523438,218.59375,585.7763061523438,244.71875,562.0921020507812,178.21875,565.6447143554688,178.21875,-1.0,-1.0,576.3026123046875,173.46875
563.2763061523438,181.78125,581.0394897460938,187.71875,569.1973876953125,191.28125,565.6447143554688,216.21875,558.5394897460938,207.90625,592.881591796875,181.78125,598.8026123046875,211.46875,582.2236938476562,216.21875,589.3289794921875,223.34375,-1.0,-1.0,-1.0,-1.0,607.0921020507812,217.40625,585.7763061523438,218.59375,586.9605102539062,245.90625,562.0921020507812,178.21875,565.6447143554688,177.03125,-1.0,-1.0,576.3026123046875,173.46875
563.2763061523438,181.78125,581.0394897460938,187.71875,569.1973876953125,191.28125,565.6447143554688,216.21875,558.5394897460938,207.90625,594.0657958984375,182.96875,598.8026123046875,211.46875,582.2236938476562,215.03125,588.1447143554688,223.34375,560.9078979492188,239.96875,-1.0,-1.0,607.0921020507812,217.40625,585.7763061523438,218.59375,586.9605102539062,245.90625,562.0921020507812,178.21875,565.6447143554688,177.03125,-1.0,-1.0,576.3026123046875,173.46875
563.2763061523438,181.78125,581.0394897460938,186.53125,569.1973876953125,190.09375,564.4605102539062,216.21875,558.5394897460938,207.90625,594.0657958984375,182.96875,598.8026123046875,211.46875,582.2236938476562,215.03125,588.1447143554688,223.34375,560.9078979492188,239.96875,-1.0,-1.0,607.0921020507812,217.40625,585.7763061523438,218.59375,586.9605102539062,245.90625,562.0921020507812,178.21875,565.6447143554688,177.03125,-1.0,-1.0,576.3026123046875,173.46875
563.2763061523438,181.78125,581.0394897460938,186.53125,568.01318359375,190.09375,564.4605102539062,216.21875,558.5394897460938,207.90625,594.0657958984375,181.78125,598.8026123046875,211.46875,582.2236938476562,215.03125,585.7763061523438,223.34375,560.9078979492188,239.96875,-1.0,-1.0,607.0921020507812,217.40625,585.7763061523438,217.40625,586.9605102539062,245.90625,562.0921020507812,178.21875,566.8289184570312,177.03125,-1.0,-1.0,576.3026123046875,173.46875
563.2763061523438,181.78125,581.0394897460938,186.53125,568.01318359375,191.28125,564.4605102539062,217.40625,558.5394897460938,207.90625,594.0657958984375,182.96875,598.8026123046875,211.46875,581.0394897460938,215.03125,588.1447143554688,223.34375,-1.0,-1.0,-1.0,-1.0,605.9078979492188,218.59375,585.7763061523438,217.40625,586.9605102539062,245.90625,562.0921020507812,178.21875,565.6447143554688,177.03125,-1.0,-1.0,576.3026123046875,173.46875
564.4605102539062,181.78125,581.0394897460938,186.53125,569.1973876953125,190.09375,565.6447143554688,216.21875,558.5394897460938,207.90625,594.0657958984375,181.78125,598.8026123046875,211.46875,581.0394897460938,215.03125,588.1447143554688,223.34375,-1.0,-1.0,-1.0,-1.0,605.9078979492188,218.59375,585.7763061523438,217.40625,586.9605102539062,245.90625,562.0921020507812,178.21875,566.8289184570312,177.03125,-1.0,-1.0,576.3026123046875,173.46875
563.2763061523438,181.78125,581.0394897460938,186.53125,569.1973876953125,190.09375,565.6447143554688,216.21875,558.5394897460938,207.90625,594.0657958984375,181.78125,598.8026123046875,211.46875,581.0394897460938,215.03125,588.1447143554688,223.34375,-1.0,-1.0,-1.0,-1.0,607.0921020507812,218.59375,585.7763061523438,217.40625,586.9605102539062,245.90625,562.0921020507812,178.21875,565.6447143554688,177.03125,-1.0,-1.0,576.3026123046875,173.46875
563.2763061523438,181.78125,581.0394897460938,186.53125,569.1973876953125,190.09375,565.6447143554688,215.03125,558.5394897460938,207.90625,594.0657958984375,181.78125,598.8026123046875,211.46875,581.0394897460938,215.03125,588.1447143554688,223.34375,560.9078979492188,239.96875,-1.0,-1.0,607.0921020507812,218.59375,585.7763061523438,217.40625,586.9605102539062,245.90625,562.0921020507812,178.21875,565.6447143554688,177.03125,-1.0,-1.0,576.3026123046875,173.46875
563.2763061523438,181.78125,581.0394897460938,186.53125,569.1973876953125,190.09375,565.6447143554688,213.84375,558.5394897460938,207.90625,594.0657958984375,181.78125,598.8026123046875,211.46875,581.0394897460938,216.21875,586.9605102539062,223.34375,-1.0,-1.0,-1.0,-1.0,605.9078979492188,218.59375,585.7763061523438,217.40625,585.7763061523438,244.71875,562.0921020507812,178.21875,565.6447143554688,177.03125,-1.0,-1.0,576.3026123046875,173.46875
563.2763061523438,181.78125,582.2236938476562,186.53125,569.1973876953125,190.09375,565.6447143554688,213.84375,558.5394897460938,207.90625,594.0657958984375,181.78125,598.8026123046875,211.46875,579.8552856445312,215.03125,586.9605102539062,223.34375,-1.0,-1.0,-1.0,-1.0,607.0921020507812,218.59375,585.7763061523438,217.40625,586.9605102539062,245.90625,562.0921020507812,178.21875,565.6447143554688,177.03125,-1.0,-1.0,576.3026123046875,173.46875
563.2763061523438,181.78125,581.0394897460938,186.53125,569.1973876953125,190.09375,565.6447143554688,213.84375,557.3552856445312,207.90625,594.0657958984375,181.78125,598.8026123046875,211.46875,579.8552856445312,215.03125,585.7763061523438,224.53125,-1.0,-1.0,-1.0,-1.0,605.9078979492188,218.59375,585.7763061523438,217.40625,586.9605102539062,245.90625,562.0921020507812,178.21875,565.6447143554688,177.03125,-1.0,-1.0,576.3026123046875,172.28125
563.2763061523438,181.78125,582.2236938476562,186.53125,570.381591796875,190.09375,565.6447143554688,213.84375,557.3552856445312,207.90625,594.0657958984375,181.78125,598.8026123046875,211.46875,579.8552856445312,215.03125,588.1447143554688,224.53125,-1.0,-1.0,-1.0,-1.0,607.0921020507812,218.59375,585.7763061523438,217.40625,586.9605102539062,245.90625,562.0921020507812,177.03125,565.6447143554688,177.03125,-1.0,-1.0,576.3026123046875,172.28125
563.2763061523438,180.59375,581.0394897460938,186.53125,569.1973876953125,190.09375,564.4605102539062,211.46875,557.3552856445312,207.90625,594.0657958984375,181.78125,598.8026123046875,211.46875,579.8552856445312,215.03125,586.9605102539062,223.34375,552.618408203125,217.40625,-1.0,-1.0,605.9078979492188,218.59375,585.7763061523438,217.40625,586.9605102539062,244.71875,562.0921020507812,177.03125,565.6447143554688,175.84375,-1.0,-1.0,576.3026123046875,172.28125
563.2763061523438,180.59375,581.0394897460938,186.53125,569.1973876953125,190.09375,564.4605102539062,211.46875,557.3552856445312,209.09375,594.0657958984375,181.78125,598.8026123046875,211.46875,579.8552856445312,215.03125,586.9605102539062,223.34375,552.618408203125,217.40625,-1.0,-1.0,605.9078979492188,218.59375,585.7763061523438,217.40625,586.9605102539062,244.71875,562.0921020507812,177.03125,565.6447143554688,175.84375,-1.0,-1.0,576.3026123046875,172.28125
563.2763061523438,180.59375,581.0394897460938,186.53125,569.1973876953125,190.09375,564.4605102539062,211.46875,557.3552856445312,209.09375,594.0657958984375,181.78125,597.618408203125,211.46875,578.6710815429688,215.03125,588.1447143554688,224.53125,552.618408203125,217.40625,-1.0,-1.0,605.9078979492188,219.78125,585.7763061523438,217.40625,586.9605102539062,244.71875,562.0921020507812,177.03125,565.6447143554688,175.84375,-1.0,-1.0,576.3026123046875,172.28125
563.2763061523438,180.59375,582.2236938476562,186.53125,569.1973876953125,190.09375,563.2763061523438,210.28125,557.3552856445312,209.09375,594.0657958984375,181.78125,597.618408203125,211.46875,579.8552856445312,215.03125,588.1447143554688,223.34375,-1.0,-1.0,-1.0,-1.0,607.0921020507812,219.78125,585.7763061523438,217.40625,586.9605102539062,244.71875,562.0921020507812,177.03125,565.6447143554688,175.84375,-1.0,-1.0,576.3026123046875,172.28125
563.2763061523438,181.78125,582.2236938476562,186.53125,570.381591796875,190.09375,564.4605102539062,211.46875,557.3552856445312,209.09375,594.0657958984375,181.78125,597.618408203125,211.46875,575.118408203125,212.65625,589.3289794921875,224.53125,-1.0,-1.0,-1.0,-1.0,607.0921020507812,219.78125,585.7763061523438,217.40625,586.9605102539062,244.71875,562.0921020507812,177.03125,564.4605102539062,177.03125,-1.0,-1.0,575.118408203125,172.28125
563.2763061523438,181.78125,582.2236938476562,186.53125,570.381591796875,190.09375,565.6447143554688,213.84375,557.3552856445312,209.09375,594.0657958984375,181.78125,597.618408203125,211.46875,575.118408203125,211.46875,589.3289794921875,224.53125,-1.0,-1.0,-1.0,-1.0,607.0921020507812,219.78125,584.5921020507812,217.40625,586.9605102539062,245.90625,562.0921020507812,178.21875,564.4605102539062,177.03125,-1.0,-1.0,573.9342041015625,173.46875
562.0921020507812,181.78125,582.2236938476562,186.53125,570.381591796875,190.09375,566.8289184570312,216.21875,557.3552856445312,207.90625,594.0657958984375,181.78125,597.618408203125,211.46875,575.118408203125,211.46875,589.3289794921875,224.53125,560.9078979492188,239.96875,-1.0,-1.0,607.0921020507812,219.78125,584.5921020507812,218.59375,588.1447143554688,245.90625,562.0921020507812,178.21875,563.2763061523438,178.21875,-1.0,-1.0,573.9342041015625,173.46875
562.0921020507812,182.96875,582.2236938476562,186.53125,570.381591796875,190.09375,565.6447143554688,217.40625,558.5394897460938,209.09375,594.0657958984375,181.78125,597.618408203125,211.46875,579.8552856445312,213.84375,589.3289794921875,224.53125,560.9078979492188,239.96875,-1.0,-1.0,607.0921020507812,219.78125,584.5921020507812,217.40625,588.1447143554688,245.90625,562.0921020507812,178.21875,563.2763061523438,178.21875,-1.0,-1.0,573.9342041015625,173.46875
562.0921020507812,181.78125,582.2236938476562,186.53125,570.381591796875,190.09375,565.6447143554688,218.59375,557.3552856445312,209.09375,594.0657958984375,181.78125,597.618408203125,211.46875,579.8552856445312,213.84375,589.3289794921875,224.53125,560.9078979492188,241.15625,-1.0,-1.0,607.0921020507812,219.78125,584.5921020507812,217.40625,588.1447143554688,245.90625,560.9078979492188,178.21875,563.2763061523438,178.21875,-1.0,-1.0,573.9342041015625,173.46875
562.0921020507812,181.78125,582.2236938476562,186.53125,569.1973876953125,190.09375,565.6447143554688,217.40625,557.3552856445312,209.09375,594.0657958984375,181.78125,598.8026123046875,212.65625,579.8552856445312,213.84375,589.3289794921875,224.53125,560.9078979492188,241.15625,-1.0,-1.0,607.0921020507812,219.78125,584.5921020507812,218.59375,588.1447143554688,245.90625,559.7236938476562,179.40625,563.2763061523438,178.21875,-1.0,-1.0,573.9342041015625,173.46875
562.0921020507812,182.96875,582.2236938476562,186.53125,569.1973876953125,190.09375,565.6447143554688,218.59375,558.5394897460938,209.09375,594.0657958984375,181.78125,598.8026123046875,211.46875,579.8552856445312,213.84375,589.3289794921875,224.53125,560.9078979492188,241.15625,-1.0,-1.0,605.9078979492188,219.78125,584.5921020507812,217.40625,588.1447143554688,245.90625,558.5394897460938,180.59375,562.0921020507812,178.21875,-1.0,-1.0,573.9342041015625,173.46875
562.0921020507812,182.96875,582.2236938476562,186.53125,570.381591796875,190.09375,566.8289184570312,218.59375,558.5394897460938,209.09375,594.0657958984375,181.78125,598.8026123046875,211.46875,579.8552856445312,213.84375,589.3289794921875,224.53125,560.9078979492188,241.15625,-1.0,-1.0,607.0921020507812,219.78125,585.7763061523438,217.40625,588.1447143554688,245.90625,558.5394897460938,181.78125,563.2763061523438,179.40625,-1.0,-1.0,573.9342041015625,174.65625
560.9078979492188,184.15625,581.0394897460938,187.71875,570.381591796875,191.28125,566.8289184570312,217.40625,558.5394897460938,209.09375,594.0657958984375,181.78125,598.8026123046875,211.46875,579.8552856445312,213.84375,590.51318359375,225.71875,560.9078979492188,239.96875,-1.0,-1.0,607.0921020507812,219.78125,584.5921020507812,218.59375,586.9605102539062,245.90625,-1.0,-1.0,562.0921020507812,179.40625,-1.0,-1.0,573.9342041015625,174.65625
560.9078979492188,184.15625,581.0394897460938,187.71875,569.1973876953125,191.28125,566.8289184570312,215.03125,557.3552856445312,210.28125,592.881591796875,181.78125,598.8026123046875,211.46875,579.8552856445312,213.84375,589.3289794921875,224.53125,560.9078979492188,239.96875,-1.0,-1.0,607.0921020507812,219.78125,585.7763061523438,217.40625,588.1447143554688,245.90625,-1.0,-1.0,562.0921020507812,179.40625,-1.0,-1.0,573.9342041015625,174.65625
560.9078979492188,184.15625,581.0394897460938,187.71875,569.1973876953125,191.28125,566.8289184570312,217.40625,558.5394897460938,209.09375,592.881591796875,181.78125,597.618408203125,211.46875,579.8552856445312,213.84375,590.51318359375,224.53125,-1.0,-1.0,-1.0,-1.0,607.0921020507812,219.78125,584.5921020507812,218.59375,586.9605102539062,244.71875,-1.0,-1.0,562.0921020507812,179.40625,-1.0,-1.0,573.9342041015625,174.65625
560.9078979492188,184.15625,581.0394897460938,187.71875,569.1973876953125,192.46875,566.8289184570312,217.40625,558.5394897460938,210.28125,592.881591796875,181.78125,598.8026123046875,211.46875,578.6710815429688,213.84375,590.51318359375,225.71875,-1.0,-1.0,-1.0,-1.0,607.0921020507812,219.78125,585.7763061523438,218.59375,586.9605102539062,244.71875,557.3552856445312,181.78125,562.0921020507812,179.40625,-1.0,-1.0,573.9342041015625,175.84375
560.9078979492188,184.15625,579.8552856445312,187.71875,569.1973876953125,192.46875,568.01318359375,217.40625,558.5394897460938,209.09375,591.6973876953125,181.78125,598.8026123046875,211.46875,573.9342041015625,213.84375,589.3289794921875,223.34375,-1.0,-1.0,-1.0,-1.0,602.3552856445312,219.78125,584.5921020507812,217.40625,585.7763061523438,242.34375,557.3552856445312,181.78125,562.0921020507812,179.40625,-1.0,-1.0,573.9342041015625,175.84375
560.9078979492188,185.34375,581.0394897460938,190.09375,569.1973876953125,193.65625,566.8289184570312,220.96875,558.5394897460938,210.28125,592.881591796875,184.15625,597.618408203125,211.46875,568.01318359375,210.28125,579.8552856445312,229.28125,-1.0,-1.0,-1.0,-1.0,591.6973876953125,230.46875,-1.0,-1.0,-1.0,-1.0,557.3552856445312,181.78125,562.0921020507812,180.59375,-1.0,-1.0,573.9342041015625,175.84375
560.9078979492188,185.34375,579.8552856445312,190.09375,568.01318359375,194.84375,566.8289184570312,222.15625,558.5394897460938,210.28125,592.881591796875,184.15625,604.7236938476562,211.46875,597.618408203125,216.21875,-1.0,-1.0,-1.0,-1.0,-1.0,-1.0,-1.0,-1.0,-1.0,-1.0,-1.0,-1.0,557.3552856445312,181.78125,562.0921020507812,180.59375,-1.0,-1.0,572.75,175.84375
