204.1750030517578,223.01953125,203.05833435058594,237.54296875,190.77499389648438,237.54296875,185.19166564941406,258.76953125,184.0749969482422,275.52734375,216.4583282470703,238.66015625,222.0416717529297,262.12109375,224.27499389648438,287.81640625,191.89166259765625,281.11328125,191.89166259765625,312.39453125,189.6583251953125,329.15234375,209.75833129882812,282.23046875,208.64166259765625,312.39453125,-1.0,-1.0,201.94166564941406,219.66796875,206.4083251953125,219.66796875,198.5916748046875,221.90234375,209.75833129882812,221.90234375
204.59664916992188,222.1875,203.4705810546875,236.8125,189.95797729492188,236.8125,184.32772827148438,258.1875,183.20167541503906,275.0625,215.85714721679688,236.8125,221.48739624023438,261.5625,221.48739624023438,281.8125,191.0840301513672,280.6875,191.0840301513672,313.3125,191.0840301513672,330.1875,209.10084533691406,281.8125,207.97479248046875,313.3125,-1.0,-1.0,202.34454345703125,218.8125,206.84873962402344,218.8125,197.84033203125,221.0625,210.22689819335938,221.0625
204.72268676757812,219.9375,202.4705810546875,236.8125,190.0840301513672,235.6875,184.4537811279297,257.0625,178.8235321044922,275.0625,215.9832000732422,236.8125,220.48739624023438,262.6875,223.86553955078125,293.0625,191.2100830078125,280.6875,190.0840301513672,314.4375,190.0840301513672,330.1875,209.22689819335938,281.8125,209.22689819335938,314.4375,-1.0,-1.0,202.4705810546875,217.6875,206.97479248046875,217.6875,197.9663848876953,218.8125,210.35293579101562,219.9375
204.21487426757812,221.0625,203.09091186523438,235.6875,189.60330200195312,234.5625,183.9834747314453,255.9375,177.2396697998047,275.0625,215.4545440673828,235.6875,221.07437133789062,259.3125,223.3223114013672,289.6875,190.72726440429688,279.5625,189.60330200195312,314.4375,188.47933959960938,332.4375,209.834716796875,280.6875,208.7107391357422,313.3125,-1.0,-1.0,201.96694946289062,217.6875,207.58677673339844,218.8125,197.4710693359375,218.8125,210.95867919921875,219.9375
202.9666748046875,218.95703125,201.8333282470703,234.81640625,188.23333740234375,234.81640625,182.56666564941406,256.33984375,175.76666259765625,276.73046875,215.43333435058594,234.81640625,221.10000610351562,256.33984375,222.23333740234375,277.86328125,191.63333129882812,277.86328125,189.36666870117188,311.84765625,185.9666748046875,332.23828125,208.63333129882812,278.99609375,209.76666259765625,311.84765625,207.5,328.83984375,200.6999969482422,216.69140625,205.23333740234375,216.69140625,197.3000030517578,217.82421875,209.76666259765625,217.82421875
202.2857208251953,219.2421875,201.14285278320312,235.2109375,188.57142639160156,234.0703125,182.85714721679688,255.7421875,176.0,273.9921875,214.85714721679688,235.2109375,220.57142639160156,258.0234375,221.71429443359375,278.5546875,190.85714721679688,277.4140625,189.71429443359375,311.6328125,185.14285278320312,334.4453125,209.14285278320312,278.5546875,209.14285278320312,311.6328125,206.85714721679688,331.0234375,200.0,216.9609375,205.71429443359375,216.9609375,196.57142639160156,218.1015625,209.14285278320312,218.1015625
201.77685546875,218.1015625,200.63636779785156,235.2109375,188.09091186523438,234.0703125,182.388427734375,255.7421875,175.5454559326172,273.9921875,214.3223114013672,235.2109375,221.165283203125,255.7421875,221.165283203125,276.2734375,190.3719024658203,277.4140625,190.3719024658203,310.4921875,189.2313995361328,331.0234375,208.61984252929688,278.5546875,208.61984252929688,309.3515625,207.47933959960938,324.1796875,199.49586486816406,215.8203125,204.057861328125,215.8203125,196.0743865966797,216.9609375,208.61984252929688,216.9609375
200.77685546875,218.1015625,200.77685546875,235.2109375,188.2313995361328,235.2109375,181.388427734375,255.7421875,175.68594360351562,273.9921875,214.4628143310547,235.2109375,220.165283203125,256.8828125,217.88430786132812,275.1328125,190.51239013671875,277.4140625,190.51239013671875,311.6328125,188.2313995361328,331.0234375,207.61984252929688,278.5546875,207.61984252929688,311.6328125,206.47933959960938,325.3203125,198.49586486816406,215.8203125,203.057861328125,215.8203125,195.0743865966797,218.1015625,207.61984252929688,216.9609375
200.6750030517578,219.54296875,200.6750030517578,234.47265625,186.875,234.47265625,179.97500610351562,256.29296875,175.375,273.51953125,214.47500610351562,234.47265625,220.22500610351562,253.99609375,216.77499389648438,274.66796875,189.1750030517578,276.96484375,189.1750030517578,311.41796875,189.1750030517578,330.94140625,207.5749969482422,278.11328125,206.4250030517578,312.56640625,206.4250030517578,324.05078125,198.375,217.24609375,202.97500610351562,216.09765625,193.77499389648438,219.54296875,206.4250030517578,218.39453125
200.49586486816406,218.546875,200.49586486816406,234.734375,186.611572265625,234.734375,179.66941833496094,256.703125,173.88429260253906,275.203125,214.38015747070312,234.734375,220.165283203125,255.546875,215.5371856689453,275.203125,188.9256134033203,278.671875,190.0826416015625,313.359375,188.9256134033203,331.859375,207.43801879882812,279.828125,206.28099060058594,313.359375,203.96694946289062,331.859375,197.02479553222656,216.234375,202.80990600585938,216.234375,193.5537109375,218.546875,206.28099060058594,217.390625
199.49586486816406,219.703125,199.49586486816406,234.734375,185.611572265625,235.890625,178.66941833496094,257.859375,172.88429260253906,277.515625,213.38015747070312,234.734375,220.3223114013672,255.546875,215.6942138671875,274.046875,189.0826416015625,280.984375,189.0826416015625,315.671875,186.76858520507812,333.015625,207.59503173828125,282.140625,205.28099060058594,314.515625,-1.0,-1.0,197.18182373046875,217.390625,201.80990600585938,217.390625,192.5537109375,219.703125,205.28099060058594,218.546875
199.65289306640625,220.859375,198.49586486816406,235.890625,185.76858520507812,235.890625,177.66941833496094,257.859375,171.88429260253906,279.828125,212.38015747070312,234.734375,219.3223114013672,256.703125,214.6942138671875,275.203125,189.2396697998047,280.984375,189.2396697998047,313.359375,-1.0,-1.0,206.59503173828125,280.984375,205.43801879882812,313.359375,-1.0,-1.0,196.18182373046875,218.546875,200.80990600585938,217.390625,191.5537109375,219.703125,204.28099060058594,219.703125
196.5737762451172,220.02734375,197.73770141601562,236.32421875,183.77049255371094,236.32421875,176.78688049316406,259.60546875,169.80328369140625,278.23046875,211.70492553710938,236.32421875,218.6885223388672,257.27734375,214.0327911376953,275.90234375,188.42623901367188,281.72265625,188.42623901367188,314.31640625,186.09835815429688,331.77734375,205.88525390625,280.55859375,204.7213134765625,313.15234375,-1.0,-1.0,194.24591064453125,217.69921875,198.90164184570312,216.53515625,189.5901641845703,220.02734375,203.557373046875,218.86328125
195.5737762451172,220.02734375,196.73770141601562,236.32421875,182.77049255371094,237.48828125,176.95082092285156,260.76953125,168.80328369140625,279.39453125,210.70492553710938,236.32421875,217.6885223388672,258.44140625,213.0327911376953,278.23046875,187.42623901367188,282.88671875,188.5901641845703,316.64453125,186.26229858398438,332.94140625,204.88525390625,281.72265625,203.7213134765625,314.31640625,-1.0,-1.0,193.24591064453125,217.69921875,197.90164184570312,216.53515625,188.5901641845703,220.02734375,201.39344787597656,218.86328125
194.90081787109375,220.1953125,196.07437133789062,236.6015625,181.99172973632812,236.6015625,177.29751586914062,260.0390625,167.90908813476562,278.7890625,210.1570281982422,235.4296875,216.02479553222656,257.6953125,212.50413513183594,277.6171875,185.51239013671875,282.3046875,187.8594970703125,316.2890625,-1.0,-1.0,204.2892608642578,282.3046875,203.11570739746094,315.1171875,-1.0,-1.0,192.5537109375,217.8515625,197.2479248046875,216.6796875,187.8594970703125,220.1953125,200.76858520507812,219.0234375
194.39024353027344,220.1953125,194.39024353027344,236.6015625,180.34146118164062,236.6015625,175.65853881835938,258.8671875,168.63414001464844,277.6171875,208.43902587890625,235.4296875,214.2926788330078,258.8671875,211.9512176513672,278.7890625,185.02438354492188,282.3046875,186.19512939453125,315.1171875,185.02438354492188,332.6953125,202.58535766601562,282.3046875,201.4146270751953,313.9453125,-1.0,-1.0,190.8780517578125,217.8515625,196.73170471191406,216.6796875,187.3658447265625,220.1953125,199.0731658935547,219.0234375
190.77049255371094,219.36328125,193.1311492919922,235.87890625,178.9672088623047,235.87890625,174.24591064453125,259.47265625,167.1639404296875,279.52734375,207.29507446289062,235.87890625,214.37704467773438,258.29296875,212.01638793945312,278.34765625,183.6885223388672,281.88671875,186.04917907714844,318.45703125,-1.0,-1.0,203.7541046142578,281.88671875,202.5737762451172,316.09765625,-1.0,-1.0,188.4098358154297,217.00390625,194.3114776611328,217.00390625,186.04917907714844,219.36328125,199.0327911376953,218.18359375
192.1311492919922,220.54296875,192.1311492919922,234.69921875,177.9672088623047,235.87890625,173.24591064453125,259.47265625,166.1639404296875,280.70703125,206.29507446289062,234.69921875,213.37704467773438,257.11328125,211.01638793945312,278.34765625,183.8688507080078,281.88671875,185.04917907714844,317.27734375,-1.0,-1.0,201.5737762451172,281.88671875,202.7541046142578,314.91796875,-1.0,-1.0,188.5901641845703,217.00390625,194.49180603027344,215.82421875,185.04917907714844,219.36328125,198.0327911376953,219.36328125
189.95082092285156,219.36328125,192.3114776611328,234.69921875,178.1475372314453,234.69921875,172.24591064453125,258.29296875,166.34426879882812,280.70703125,206.47540283203125,234.69921875,212.37704467773438,255.93359375,210.01638793945312,278.34765625,182.8688507080078,281.88671875,181.6885223388672,317.27734375,180.50819396972656,334.97265625,200.5737762451172,281.88671875,199.39344787597656,316.09765625,-1.0,-1.0,187.5901641845703,215.82421875,193.49180603027344,215.82421875,184.04917907714844,218.18359375,197.0327911376953,218.18359375
190.9512176513672,218.34375,190.9512176513672,233.78125,176.7073211669922,234.96875,170.77235412597656,258.71875,166.02438354492188,281.28125,206.38211059570312,233.78125,212.31707763671875,257.53125,211.1300811767578,278.90625,181.4552764892578,281.28125,181.4552764892578,315.71875,180.26829528808594,334.71875,200.4471435546875,281.28125,199.26016235351562,314.53125,-1.0,-1.0,187.39024353027344,215.96875,193.3251953125,214.78125,183.8292694091797,217.15625,196.88616943359375,217.15625
187.29507446289062,217.50390625,190.88525390625,233.04296875,176.52459716796875,234.23828125,169.34426879882812,258.14453125,164.557373046875,280.85546875,205.24591064453125,233.04296875,211.22950744628906,256.94921875,211.22950744628906,280.85546875,181.3114776611328,280.85546875,181.3114776611328,314.32421875,181.3114776611328,334.64453125,200.45901489257812,280.85546875,198.06558227539062,314.32421875,-1.0,-1.0,186.09835815429688,215.11328125,190.88525390625,213.91796875,183.70492553710938,216.30859375,196.8688507080078,216.30859375
187.49180603027344,217.50390625,189.88525390625,233.04296875,175.52459716796875,233.04296875,168.34426879882812,255.75390625,163.557373046875,276.07421875,204.24591064453125,233.04296875,210.22950744628906,255.75390625,211.42623901367188,279.66015625,180.3114776611328,280.85546875,181.50819396972656,314.32421875,181.50819396972656,333.44921875,200.65573120117188,280.85546875,197.06558227539062,313.12890625,-1.0,-1.0,186.29507446289062,215.11328125,191.08197021484375,213.91796875,182.70492553710938,216.30859375,195.8688507080078,216.30859375
188.17742919921875,216.30859375,189.3709716796875,233.04296875,175.0483856201172,233.04296875,166.69354248046875,256.94921875,161.9193572998047,279.66015625,203.69354248046875,233.04296875,209.66128540039062,255.75390625,210.85484313964844,278.46484375,179.8225860595703,279.66015625,179.8225860595703,314.32421875,179.8225860595703,333.44921875,198.9193572998047,280.85546875,196.53225708007812,313.12890625,-1.0,-1.0,185.7903289794922,213.91796875,191.75807189941406,212.72265625,183.40322875976562,215.11328125,195.33871459960938,215.11328125
185.98387145996094,216.30859375,188.3709716796875,233.04296875,174.0483856201172,233.04296875,165.69354248046875,254.55859375,162.11289978027344,276.07421875,202.69354248046875,233.04296875,208.66128540039062,254.55859375,209.85484313964844,277.26953125,178.8225860595703,279.66015625,181.20968627929688,316.71484375,-1.0,-1.0,197.9193572998047,280.85546875,194.33871459960938,316.71484375,-1.0,-1.0,183.59677124023438,213.91796875,188.3709716796875,213.91796875,181.20968627929688,215.11328125,194.33871459960938,215.11328125
186.51219177246094,216.6640625,187.7154541015625,232.3046875,174.47967529296875,232.3046875,164.85365295410156,255.1640625,161.243896484375,278.0234375,202.15447998046875,232.3046875,208.1707305908203,255.1640625,209.37399291992188,278.0234375,178.0894317626953,280.4296875,180.49594116210938,316.5234375,-1.0,-1.0,197.34146118164062,280.4296875,193.73170471191406,315.3203125,-1.0,-1.0,185.30894470214844,214.2578125,192.52845764160156,211.8515625,182.90243530273438,215.4609375,194.93496704101562,216.6640625
187.1999969482422,217.8671875,187.1999969482422,232.3046875,172.8000030517578,232.3046875,164.39999389648438,256.3671875,159.60000610351562,276.8203125,201.60000610351562,232.3046875,207.60000610351562,255.1640625,208.8000030517578,279.2265625,176.39999389648438,280.4296875,177.60000610351562,316.5234375,-1.0,-1.0,195.60000610351562,280.4296875,190.8000030517578,317.7265625,-1.0,-1.0,184.8000030517578,214.2578125,192.0,214.2578125,182.39999389648438,215.4609375,194.39999389648438,216.6640625
187.39999389648438,219.0703125,186.1999969482422,232.3046875,171.8000030517578,232.3046875,162.1999969482422,256.3671875,158.60000610351562,278.0234375,200.60000610351562,232.3046875,206.60000610351562,255.1640625,209.0,279.2265625,176.60000610351562,280.4296875,177.8000030517578,316.5234375,-1.0,-1.0,195.8000030517578,280.4296875,192.1999969482422,315.3203125,-1.0,-1.0,185.0,215.4609375,191.0,215.4609375,181.39999389648438,216.6640625,193.39999389648438,217.8671875
181.60000610351562,217.8671875,186.39999389648438,233.5078125,172.0,232.3046875,162.39999389648438,256.3671875,158.8000030517578,279.2265625,200.8000030517578,233.5078125,206.8000030517578,257.5703125,209.20001220703125,280.4296875,175.60000610351562,281.6328125,178.0,316.5234375,-1.0,-1.0,194.8000030517578,281.6328125,191.1999969482422,316.5234375,-1.0,-1.0,181.60000610351562,215.4609375,185.1999969482422,215.4609375,181.60000610351562,216.6640625,192.39999389648438,217.8671875
182.73387145996094,217.03515625,185.15322875976562,232.77734375,170.63710021972656,232.77734375,162.1693572998047,255.78515625,157.3306427001953,276.37109375,200.8790283203125,232.77734375,206.92742919921875,256.99609375,209.34677124023438,278.79296875,175.47579956054688,281.21484375,176.68548583984375,316.33203125,-1.0,-1.0,194.8306427001953,281.21484375,189.991943359375,316.33203125,-1.0,-1.0,181.52420043945312,214.61328125,186.36289978027344,214.61328125,179.10484313964844,215.82421875,192.41128540039062,217.03515625
184.63491821289062,219.45703125,184.63491821289062,232.77734375,171.36508178710938,232.77734375,162.92063903808594,253.36328125,158.09524536132812,276.37109375,200.3174591064453,233.98828125,206.34921264648438,256.99609375,207.55555725097656,278.79296875,174.984130859375,281.21484375,176.1904754638672,316.33203125,-1.0,-1.0,193.07937622070312,281.21484375,189.4603271484375,315.12109375,-1.0,-1.0,182.22222900390625,215.82421875,189.4603271484375,215.82421875,179.8095245361328,217.03515625,191.87301635742188,218.24609375
189.6666717529297,219.45703125,184.84127807617188,233.98828125,170.36508178710938,232.77734375,161.92063903808594,254.57421875,155.88888549804688,275.16015625,199.3174591064453,233.98828125,205.34921264648438,256.99609375,205.34921264648438,276.37109375,173.984130859375,281.21484375,175.1904754638672,315.12109375,-1.0,-1.0,192.07937622070312,282.42578125,188.4603271484375,315.12109375,-1.0,-1.0,187.25396728515625,215.82421875,190.87301635742188,215.82421875,180.015869140625,217.03515625,193.2857208251953,217.03515625
184.2080078125,219.859375,184.2080078125,234.484375,169.61599731445312,233.265625,161.10400390625,256.421875,156.24000549316406,275.921875,198.8000030517578,234.484375,204.8800048828125,256.421875,204.8800048828125,277.140625,173.26400756835938,282.015625,173.26400756835938,317.359375,-1.0,-1.0,191.50399780273438,282.015625,186.63999938964844,317.359375,-1.0,-1.0,181.7760009765625,216.203125,187.8560028076172,216.203125,179.343994140625,217.421875,191.50399780273438,217.421875
189.28799438476562,218.640625,183.2080078125,234.484375,168.61599731445312,233.265625,160.10400390625,256.421875,155.24000549316406,275.921875,199.0159912109375,234.484375,205.09600830078125,256.421875,203.8800048828125,278.359375,172.26400756835938,282.015625,172.26400756835938,317.359375,-1.0,-1.0,190.50399780273438,283.234375,185.63999938964844,317.359375,-1.0,-1.0,186.8560028076172,216.203125,191.72000122070312,216.203125,178.343994140625,217.421875,194.15199279785156,218.640625
189.77777099609375,217.421875,183.6666717529297,234.484375,169.0,233.265625,159.22222900390625,256.421875,154.3333282470703,275.921875,198.3333282470703,234.484375,204.44444274902344,257.640625,204.44444274902344,279.578125,171.44444274902344,283.234375,172.6666717529297,317.359375,-1.0,-1.0,191.0,284.453125,186.11111450195312,317.359375,180.0,338.078125,187.3333282470703,214.984375,192.22222900390625,214.984375,178.77777099609375,216.203125,194.66665649414062,216.203125
190.0,216.203125,182.6666717529297,233.265625,168.0,232.046875,158.22222900390625,257.640625,154.55555725097656,278.359375,197.3333282470703,233.265625,204.66665649414062,256.421875,205.88888549804688,277.140625,170.44444274902344,282.015625,170.44444274902344,314.921875,-1.0,-1.0,190.0,283.234375,183.88888549804688,316.140625,179.0,334.421875,186.3333282470703,213.765625,191.22222900390625,213.765625,179.0,214.984375,193.66665649414062,216.203125
189.0,216.59765625,181.6666717529297,232.54296875,167.0,231.31640625,158.44444274902344,255.84765625,154.77777099609375,277.92578125,197.55555725097656,233.76953125,203.66665649414062,257.07421875,204.88888549804688,277.92578125,170.6666717529297,281.60546875,168.22222900390625,315.94921875,-1.0,-1.0,189.0,282.83203125,182.88888549804688,317.17578125,178.0,336.80078125,185.3333282470703,212.91796875,190.22222900390625,212.91796875,178.0,214.14453125,191.44444274902344,215.37109375
187.6614227294922,216.59765625,181.51968383789062,231.31640625,166.77952575683594,231.31640625,158.1811065673828,255.84765625,155.7244110107422,279.15234375,197.48818969726562,232.54296875,202.40158081054688,258.30078125,202.40158081054688,282.83203125,169.23622131347656,282.83203125,166.77952575683594,315.94921875,-1.0,-1.0,188.8897705078125,282.83203125,182.74803161621094,318.40234375,-1.0,-1.0,183.97637939453125,214.14453125,190.11810302734375,212.91796875,177.8346405029297,214.14453125,191.34646606445312,215.37109375
185.43307495117188,215.37109375,181.74803161621094,231.31640625,167.00787353515625,230.08984375,158.40945434570312,254.62109375,155.9527587890625,277.92578125,196.48818969726562,231.31640625,202.62991333007812,258.30078125,202.62991333007812,281.60546875,168.23622131347656,281.60546875,164.55117797851562,317.17578125,-1.0,-1.0,187.8897705078125,282.83203125,181.74803161621094,319.62890625,-1.0,-1.0,181.74803161621094,211.69140625,187.8897705078125,211.69140625,176.8346405029297,211.69140625,190.34646606445312,214.14453125
186.71429443359375,214.5390625,180.5238037109375,230.5859375,165.6666717529297,229.3515625,157.0,254.0390625,152.04762268066406,277.4921875,196.61904907226562,230.5859375,201.57144165039062,255.2734375,201.57144165039062,275.0234375,168.14285278320312,279.9609375,164.42857360839844,315.7578125,-1.0,-1.0,186.71429443359375,281.1953125,181.76190185546875,318.2265625,-1.0,-1.0,183.0,210.8359375,187.952392578125,210.8359375,176.8095245361328,210.8359375,190.42857360839844,213.3046875
185.71429443359375,213.3046875,179.5238037109375,229.3515625,164.6666717529297,229.3515625,156.0,252.8046875,151.04762268066406,277.4921875,195.61904907226562,230.5859375,201.8095245361328,254.0390625,198.09524536132812,273.7890625,167.14285278320312,279.9609375,163.42857360839844,315.7578125,-1.0,-1.0,185.71429443359375,281.1953125,180.76190185546875,318.2265625,-1.0,-1.0,182.0,209.6015625,186.952392578125,209.6015625,175.8095245361328,210.8359375,189.42857360839844,212.0703125
182.6953125,213.3046875,178.9921875,229.3515625,164.1796875,229.3515625,155.5390625,254.0390625,149.3671875,278.7265625,195.0390625,229.3515625,198.7421875,255.2734375,197.5078125,278.7265625,165.4140625,279.9609375,161.7109375,316.9921875,-1.0,-1.0,185.1640625,282.4296875,180.2265625,319.4609375,-1.0,-1.0,178.9921875,209.6015625,185.1640625,209.6015625,172.8203125,210.8359375,188.8671875,212.0703125
177.9921875,213.3046875,177.9921875,229.3515625,161.9453125,229.3515625,154.5390625,255.2734375,147.1328125,277.4921875,192.8046875,229.3515625,198.9765625,254.0390625,196.5078125,277.4921875,164.4140625,279.9609375,160.7109375,315.7578125,-1.0,-1.0,185.3984375,281.1953125,180.4609375,318.2265625,-1.0,-1.0,175.5234375,209.6015625,182.9296875,209.6015625,171.8203125,210.8359375,185.3984375,212.0703125
177.38583374023438,212.46484375,177.38583374023438,228.61328125,161.2126007080078,228.61328125,153.74803161621094,254.69921875,145.03936767578125,275.81640625,192.31497192382812,228.61328125,198.53543090820312,254.69921875,194.8031463623047,275.81640625,164.94488525390625,279.54296875,159.968505859375,315.56640625,-1.0,-1.0,184.85040283203125,280.78515625,182.36221313476562,315.56640625,-1.0,-1.0,174.89764404296875,209.98046875,182.36221313476562,208.73828125,171.1653594970703,209.98046875,184.85040283203125,211.22265625
176.38583374023438,212.46484375,176.38583374023438,228.61328125,160.2126007080078,228.61328125,153.99212646484375,254.69921875,146.52755737304688,275.81640625,192.55905151367188,229.85546875,197.53543090820312,253.45703125,193.8031463623047,274.57421875,163.94488525390625,279.54296875,158.968505859375,315.56640625,-1.0,-1.0,183.85040283203125,280.78515625,181.36221313476562,316.80859375,178.8740234375,336.68359375,173.89764404296875,208.73828125,180.11810302734375,208.73828125,170.1653594970703,209.98046875,185.094482421875,211.22265625
177.093017578125,213.70703125,174.61239624023438,228.61328125,159.7286834716797,228.61328125,152.2868194580078,255.94140625,143.60464477539062,278.30078125,190.73643493652344,228.61328125,195.6976776123047,254.69921875,193.21705627441406,274.57421875,162.2093048095703,279.54296875,158.48837280273438,315.56640625,-1.0,-1.0,182.05426025390625,282.02734375,180.81394958496094,316.80859375,-1.0,-1.0,174.61239624023438,209.98046875,182.05426025390625,209.98046875,169.65115356445312,211.22265625,182.05426025390625,213.70703125
174.85272216796875,214.94921875,173.61239624023438,229.85546875,157.48837280273438,229.85546875,151.2868194580078,254.69921875,142.60464477539062,275.81640625,188.49612426757812,229.85546875,193.45736694335938,257.18359375,190.97674560546875,277.05859375,161.2093048095703,280.78515625,157.48837280273438,315.56640625,-1.0,-1.0,181.05426025390625,282.02734375,179.81394958496094,318.05078125,-1.0,-1.0,171.13177490234375,209.98046875,177.3333282470703,209.98046875,167.41085815429688,211.22265625,181.05426025390625,212.46484375
172.375,212.875,171.125,230.375,156.125,230.375,149.875,255.375,141.125,275.375,187.375,230.375,194.875,256.625,187.375,277.875,159.875,281.625,157.375,315.375,-1.0,-1.0,181.125,281.625,179.875,316.625,178.625,335.375,169.875,209.125,176.125,209.125,164.875,211.625,179.875,211.625
170.125,214.125,170.125,231.625,153.875,230.375,147.625,257.875,140.125,279.125,186.375,230.375,193.875,255.375,186.375,276.625,158.875,281.625,157.625,314.125,-1.0,-1.0,178.875,280.375,178.875,314.125,-1.0,-1.0,167.625,210.375,173.875,210.375,162.625,212.875,177.625,211.625
168.35385131835938,214.125,167.10769653320312,231.625,150.90768432617188,231.625,145.92308044433594,259.125,137.1999969482422,284.125,183.3076934814453,230.375,190.78460693359375,257.875,185.8000030517578,276.625,157.13845825195312,284.125,153.39999389648438,315.375,-1.0,-1.0,178.3230743408203,282.875,178.3230743408203,315.375,-1.0,-1.0,165.86154174804688,210.375,172.09231567382812,210.375,160.87692260742188,211.625,174.58460998535156,212.875
168.60000610351562,214.125,166.10769653320312,231.625,148.66152954101562,231.625,143.6769256591797,259.125,137.44615173339844,281.625,182.3076934814453,230.375,188.5384521484375,255.375,184.8000030517578,276.625,154.89230346679688,282.875,151.15383911132812,315.375,-1.0,-1.0,176.07691955566406,281.625,176.07691955566406,314.125,176.07691955566406,335.375,164.86154174804688,210.375,171.09231567382812,210.375,158.63076782226562,212.875,173.58460998535156,212.875
167.97674560546875,212.04296875,164.2093048095703,230.91015625,147.88372802734375,230.91015625,142.8604736328125,258.58203125,136.58139038085938,281.22265625,179.27906799316406,229.65234375,186.81396484375,254.80859375,183.0465087890625,274.93359375,154.1627960205078,282.48046875,147.88372802734375,315.18359375,-1.0,-1.0,175.51162719726562,282.48046875,174.2558135986328,316.44140625,-1.0,-1.0,165.46511840820312,209.52734375,170.48837280273438,209.52734375,156.67442321777344,212.04296875,-1.0,-1.0
165.72093200683594,212.04296875,163.2093048095703,230.91015625,146.88372802734375,230.91015625,140.60464477539062,258.58203125,133.06976318359375,282.48046875,179.53488159179688,229.65234375,185.81396484375,254.80859375,182.0465087890625,276.19140625,151.906982421875,282.48046875,145.62789916992188,316.44140625,-1.0,-1.0,173.2558135986328,282.48046875,173.2558135986328,317.69921875,-1.0,-1.0,161.9534912109375,209.52734375,166.97674560546875,209.52734375,155.67442321777344,212.04296875,169.48837280273438,212.04296875
164.93846130371094,209.52734375,161.15383911132812,229.65234375,144.75384521484375,229.65234375,138.44615173339844,257.32421875,130.87692260742188,283.73828125,177.55384826660156,228.39453125,185.12307739257812,254.80859375,181.33847045898438,276.19140625,149.8000030517578,282.48046875,146.015380859375,316.44140625,-1.0,-1.0,171.24615478515625,283.73828125,169.984619140625,317.69921875,-1.0,-1.0,161.15383911132812,207.01171875,167.4615478515625,207.01171875,154.84616088867188,209.52734375,171.24615478515625,209.52734375
160.15383911132812,209.9453125,158.89230346679688,227.6640625,142.4923095703125,227.6640625,134.92308044433594,255.5078125,127.35384368896484,278.2890625,176.55384826660156,227.6640625,180.33847045898438,255.5078125,182.86154174804688,279.5546875,146.27691650390625,282.0859375,143.75384521484375,316.2578125,-1.0,-1.0,167.72308349609375,282.0859375,167.72308349609375,316.2578125,-1.0,-1.0,156.36923217773438,206.1484375,162.6769256591797,206.1484375,150.06153869628906,208.6796875,166.4615478515625,208.6796875
157.89230346679688,209.9453125,159.15383911132812,227.6640625,142.75384521484375,227.6640625,135.1846160888672,254.2421875,127.61538696289062,278.2890625,175.55384826660156,227.6640625,179.33847045898438,255.5078125,181.86154174804688,278.2890625,146.53846740722656,282.0859375,142.75384521484375,316.2578125,-1.0,-1.0,167.984619140625,282.0859375,167.984619140625,316.2578125,-1.0,-1.0,155.36923217773438,206.1484375,162.93846130371094,206.1484375,150.3230743408203,208.6796875,166.72308349609375,208.6796875
156.89230346679688,208.6796875,158.15383911132812,227.6640625,140.4923095703125,227.6640625,132.92308044433594,254.2421875,125.35384368896484,278.2890625,174.55384826660156,226.3984375,179.60000610351562,254.2421875,182.12307739257812,278.2890625,146.8000030517578,280.8203125,143.015380859375,314.9921875,-1.0,-1.0,168.24615478515625,280.8203125,166.984619140625,314.9921875,-1.0,-1.0,153.10769653320312,206.1484375,160.6769256591797,206.1484375,148.06153869628906,207.4140625,166.984619140625,207.4140625
156.89230346679688,208.6796875,156.89230346679688,227.6640625,140.4923095703125,227.6640625,131.6615447998047,252.9765625,122.83077239990234,280.8203125,174.55384826660156,226.3984375,179.60000610351562,254.2421875,182.12307739257812,278.2890625,144.27691650390625,282.0859375,143.015380859375,317.5234375,-1.0,-1.0,166.984619140625,282.0859375,165.72308349609375,316.2578125,-1.0,-1.0,153.10769653320312,204.8828125,160.6769256591797,204.8828125,148.06153869628906,207.4140625,166.984619140625,207.4140625
156.2248077392578,209.10546875,156.2248077392578,226.93359375,138.42636108398438,226.93359375,130.79844665527344,252.40234375,120.6279067993164,279.14453125,174.02325439453125,226.93359375,179.1085205078125,254.94921875,181.65115356445312,280.41796875,144.78294372558594,281.69140625,143.51162719726562,317.34765625,-1.0,-1.0,166.39535522460938,281.69140625,165.1240234375,316.07421875,-1.0,-1.0,152.41085815429688,205.28515625,160.03875732421875,205.28515625,147.32557678222656,206.55859375,165.1240234375,206.55859375
153.9534912109375,207.83203125,153.9534912109375,225.66015625,137.42636108398438,225.66015625,128.52713012695312,251.12890625,118.3565902709961,276.59765625,171.75193786621094,226.93359375,176.83721923828125,253.67578125,181.9224853515625,280.41796875,143.78294372558594,280.41796875,142.51162719726562,316.07421875,-1.0,-1.0,165.39535522460938,281.69140625,162.85272216796875,314.80078125,-1.0,-1.0,151.41085815429688,204.01171875,157.76744079589844,205.28515625,146.32557678222656,206.55859375,162.85272216796875,207.83203125
154.41537475585938,207.83203125,154.41537475585938,225.66015625,136.53846740722656,225.66015625,125.04615783691406,252.40234375,117.38461303710938,275.32421875,172.29229736328125,226.93359375,178.6769256591797,253.67578125,179.95384216308594,277.87109375,142.92308044433594,279.14453125,141.64614868164062,316.07421875,-1.0,-1.0,164.63076782226562,280.41796875,162.07691955566406,313.52734375,-1.0,-1.0,150.58460998535156,204.01171875,158.24615478515625,205.28515625,145.4769287109375,205.28515625,162.07691955566406,206.55859375
153.41537475585938,206.55859375,153.41537475585938,225.66015625,135.53846740722656,225.66015625,122.76923370361328,251.12890625,115.1076889038086,274.05078125,171.29229736328125,226.93359375,175.12307739257812,254.94921875,180.23077392578125,276.59765625,140.64614868164062,280.41796875,140.64614868164062,317.34765625,-1.0,-1.0,162.35385131835938,281.69140625,158.5230712890625,316.07421875,-1.0,-1.0,149.58460998535156,202.73828125,157.24615478515625,204.01171875,144.4769287109375,205.28515625,161.07691955566406,205.28515625
152.41537475585938,206.984375,152.41537475585938,226.203125,134.53846740722656,224.921875,121.76923370361328,253.109375,114.1076889038086,276.171875,170.29229736328125,227.484375,175.39999389648438,255.671875,177.95384216308594,278.734375,139.64614868164062,281.296875,139.64614868164062,317.171875,-1.0,-1.0,161.35385131835938,282.578125,158.8000030517578,315.890625,-1.0,-1.0,148.58460998535156,201.859375,156.24615478515625,203.140625,143.4769287109375,204.421875,161.35385131835938,204.421875
151.41537475585938,206.984375,152.6923065185547,226.203125,134.8153839111328,224.921875,122.04615783691406,253.109375,114.38461303710938,276.171875,170.56922912597656,227.484375,175.6769256591797,255.671875,178.23077392578125,278.734375,139.92308044433594,281.296875,139.92308044433594,317.171875,-1.0,-1.0,161.63076782226562,281.296875,159.07691955566406,315.890625,-1.0,-1.0,147.58460998535156,203.140625,155.24615478515625,203.140625,143.75384521484375,204.421875,161.63076782226562,204.421875
151.24427795410156,205.703125,152.52671813964844,226.203125,135.85496520996094,224.921875,123.03053283691406,251.828125,115.33587646484375,277.453125,170.4809112548828,226.203125,175.61068725585938,255.671875,179.4580078125,278.734375,139.70228576660156,280.015625,139.70228576660156,315.890625,-1.0,-1.0,161.50381469726562,281.296875,160.22137451171875,315.890625,-1.0,-1.0,148.67938232421875,201.859375,155.0915985107422,203.140625,143.54962158203125,204.421875,161.50381469726562,204.421875
151.23077392578125,206.13671875,152.5230712890625,225.47265625,135.72308349609375,224.18359375,122.80000305175781,251.25390625,115.04615783691406,274.45703125,170.61538696289062,226.76171875,175.78460693359375,255.12109375,179.66152954101562,278.32421875,139.60000610351562,280.90234375,139.60000610351562,318.28515625,-1.0,-1.0,161.56922912597656,282.19140625,158.984619140625,318.28515625,-1.0,-1.0,148.64614868164062,202.26953125,156.39999389648438,203.55859375,144.76922607421875,203.55859375,161.56922912597656,204.84765625
148.47328186035156,207.5859375,151.06869506835938,228.3359375,132.9007568359375,227.0390625,119.92366027832031,250.3828125,112.13740539550781,272.4296875,167.93893432617188,228.3359375,173.1297607421875,258.1640625,177.0229034423828,282.8046875,135.49618530273438,284.1015625,138.0915985107422,321.7109375,-1.0,-1.0,157.5572509765625,286.6953125,157.5572509765625,320.4140625,-1.0,-1.0,145.87786865234375,203.6953125,153.66412353515625,203.6953125,140.68702697753906,206.2890625,160.15267944335938,206.2890625
148.93846130371094,207.5859375,150.23077392578125,228.3359375,133.43077087402344,227.0390625,121.80000305175781,249.0859375,111.46154022216797,272.4296875,168.3230743408203,228.3359375,173.4923095703125,258.1640625,174.78460693359375,282.8046875,136.015380859375,282.8046875,137.3076934814453,320.4140625,-1.0,-1.0,157.984619140625,285.3984375,156.6923065185547,320.4140625,-1.0,-1.0,145.06153869628906,203.6953125,152.8153839111328,203.6953125,141.1846160888672,204.9921875,159.27691650390625,206.2890625
148.46153259277344,206.90625,149.76922607421875,227.90625,132.76922607421875,226.59375,121.0,250.21875,111.84615325927734,273.84375,168.07691955566406,229.21875,173.3076934814453,258.09375,175.92306518554688,283.03125,136.6923065185547,283.03125,138.0,321.09375,-1.0,-1.0,158.92308044433594,285.65625,157.61538696289062,319.78125,-1.0,-1.0,145.84616088867188,202.96875,153.6923065185547,204.28125,141.92308044433594,205.59375,158.92308044433594,205.59375
149.61068725585938,208.21875,150.9236602783203,227.90625,133.85496520996094,226.59375,120.72518920898438,250.21875,111.53434753417969,275.15625,167.99237060546875,229.21875,173.2442626953125,258.09375,175.87022399902344,283.03125,136.4809112548828,283.03125,137.79388427734375,321.09375,-1.0,-1.0,158.80152893066406,285.65625,156.17556762695312,319.78125,-1.0,-1.0,145.6717529296875,204.28125,153.54962158203125,204.28125,141.73281860351562,205.59375,158.80152893066406,206.90625
149.1240234375,207.38671875,149.1240234375,228.51171875,131.99224853515625,225.87109375,121.44961547851562,252.27734375,110.90697479248047,274.72265625,167.57363891601562,228.51171875,170.2093048095703,258.87890625,172.844970703125,285.28515625,131.99224853515625,285.28515625,128.03875732421875,322.25390625,-1.0,-1.0,154.39535522460938,286.60546875,145.17054748535156,324.89453125,-1.0,-1.0,146.48837280273438,202.10546875,154.39535522460938,203.42578125,142.53488159179688,204.74609375,158.34884643554688,204.74609375
149.63076782226562,207.5546875,149.63076782226562,227.4765625,131.10769653320312,226.1484375,120.52307891845703,250.0546875,111.26153564453125,275.2890625,168.15383911132812,228.8046875,170.8000030517578,258.0234375,173.4461669921875,284.5859375,132.43077087402344,283.2578125,128.4615478515625,321.7734375,-1.0,-1.0,154.92308044433594,285.9140625,145.6615447998047,324.4296875,-1.0,-1.0,146.984619140625,202.2421875,153.60000610351562,203.5703125,141.6923065185547,204.8984375,158.89230346679688,206.2265625
148.6666717529297,206.72265625,150.0,228.09765625,131.3333282470703,226.76171875,120.66667175292969,250.80859375,111.33333587646484,274.85546875,168.6666717529297,229.43359375,171.33334350585938,258.82421875,174.0,285.54296875,132.6666717529297,282.87109375,127.33333587646484,322.94921875,-1.0,-1.0,154.0,286.87890625,146.0,325.62109375,-1.0,-1.0,146.0,202.71484375,154.0,202.71484375,142.0,205.38671875,159.33334350585938,205.38671875
150.5230712890625,206.72265625,149.1846160888672,228.09765625,131.78460693359375,226.76171875,119.73846435546875,252.14453125,111.70769500732422,273.51953125,167.92306518554688,228.09765625,171.93846130371094,258.82421875,173.27691650390625,284.20703125,133.12307739257812,282.87109375,127.76922607421875,320.27734375,-1.0,-1.0,155.87692260742188,286.87890625,145.1692352294922,324.28515625,-1.0,-1.0,147.84616088867188,202.71484375,154.5384521484375,204.05078125,142.4923095703125,205.38671875,159.89230346679688,205.38671875
150.43307495117188,206.05859375,149.0787353515625,227.68359375,131.47244262695312,226.33203125,119.28346252441406,250.66015625,111.15747833251953,274.98828125,168.03936767578125,229.03515625,172.10235595703125,258.76953125,174.81101989746094,284.44921875,132.82676696777344,283.09765625,127.4094467163086,320.94140625,-1.0,-1.0,155.8503875732422,287.15234375,146.3700714111328,323.64453125,-1.0,-1.0,147.7244110107422,202.00390625,154.49606323242188,203.35546875,142.3070831298828,204.70703125,159.91339111328125,204.70703125
147.2093048095703,200.65234375,147.2093048095703,222.27734375,129.67442321777344,222.27734375,117.53488159179688,246.60546875,110.79069519042969,274.98828125,164.7441864013672,223.62890625,171.48837280273438,253.36328125,171.48837280273438,279.04296875,129.67442321777344,281.74609375,125.6279067993164,322.29296875,-1.0,-1.0,153.9534912109375,283.09765625,148.55813598632812,322.29296875,-1.0,-1.0,144.51162719726562,197.94921875,151.2558135986328,197.94921875,140.46511840820312,200.65234375,158.0,199.30078125
149.09231567382812,200.65234375,146.38461303710938,222.27734375,128.7846221923828,222.27734375,116.5999984741211,245.25390625,111.18461608886719,274.98828125,165.33847045898438,223.62890625,172.10769653320312,252.01171875,172.10769653320312,277.69140625,130.13845825195312,280.39453125,124.72307586669922,320.94140625,128.7846221923828,349.32421875,154.5076904296875,281.74609375,147.73846435546875,322.29296875,-1.0,-1.0,145.03076171875,196.59765625,151.8000030517578,197.94921875,139.61538696289062,199.30078125,158.56922912597656,199.30078125
148.11627197265625,201.29296875,146.75193786621094,223.16796875,129.0155029296875,221.80078125,116.73643493652344,246.41015625,111.27906799316406,275.12109375,164.48837280273438,223.16796875,171.31008911132812,253.24609375,171.31008911132812,279.22265625,130.37985229492188,280.58984375,124.9224853515625,322.97265625,-1.0,-1.0,153.57363891601562,283.32421875,146.75193786621094,322.97265625,-1.0,-1.0,144.02325439453125,197.19140625,152.2093048095703,197.19140625,139.93023681640625,199.92578125,157.6666717529297,199.92578125
145.75193786621094,199.92578125,144.38760375976562,221.80078125,126.65116119384766,220.43359375,115.73643493652344,247.77734375,107.55038452148438,279.22265625,163.48837280273438,221.80078125,168.94573974609375,254.61328125,167.58139038085938,279.22265625,126.65116119384766,281.95703125,122.55813598632812,324.33984375,121.19380187988281,350.31640625,151.2093048095703,283.32421875,144.38760375976562,325.70703125,-1.0,-1.0,143.02325439453125,195.82421875,149.844970703125,195.82421875,137.56588745117188,198.55859375,155.3023223876953,198.55859375
145.4375,199.0625,144.0625,221.0625,126.1875,221.0625,113.8125,252.6875,106.9375,281.5625,161.9375,222.4375,168.8125,255.4375,166.0625,287.0625,126.1875,282.9375,122.0625,324.1875,-1.0,-1.0,150.9375,284.3125,145.4375,324.1875,-1.0,-1.0,141.3125,194.9375,148.1875,194.9375,137.1875,197.6875,152.3125,197.6875
-1.0,-1.0,142.53488159179688,221.32421875,161.8527069091797,221.32421875,170.13177490234375,255.89453125,165.99224853515625,278.01953125,123.21705627441406,219.94140625,114.93798828125,255.89453125,105.27906799316406,282.16796875,150.81394958496094,283.55078125,143.91473388671875,325.03515625,-1.0,-1.0,125.97674560546875,280.78515625,120.45736694335938,327.80078125,-1.0,-1.0,-1.0,-1.0,-1.0,-1.0,150.81394958496094,197.81640625,134.2558135986328,197.81640625
-1.0,-1.0,140.8046875,220.5859375,160.2734375,220.5859375,170.0078125,253.9609375,164.4453125,276.2109375,122.7265625,220.5859375,114.3828125,255.3515625,104.6484375,283.1640625,150.5390625,283.1640625,144.9765625,324.8828125,-1.0,-1.0,125.5078125,280.3828125,121.3359375,327.6640625,115.7734375,351.3046875,-1.0,-1.0,-1.0,-1.0,149.1484375,198.3359375,132.4609375,199.7265625
-1.0,-1.0,-1.0,-1.0,159.2734375,220.5859375,169.0078125,253.9609375,166.2265625,276.2109375,-1.0,-1.0,-1.0,-1.0,-1.0,-1.0,-1.0,-1.0,-1.0,-1.0,-1.0,-1.0,-1.0,-1.0,-1.0,-1.0,-1.0,-1.0,-1.0,-1.0,-1.0,-1.0,148.1484375,199.7265625,-1.0,-1.0
139.296875,200.421875,139.296875,221.515625,119.609375,222.921875,111.171875,253.859375,102.734375,283.390625,157.578125,221.515625,166.015625,253.859375,164.609375,279.171875,123.828125,281.984375,119.609375,326.984375,-1.0,-1.0,149.140625,283.390625,143.515625,326.984375,-1.0,-1.0,135.078125,197.609375,143.515625,197.609375,130.859375,200.421875,147.734375,199.015625
137.890625,199.015625,137.890625,222.921875,118.203125,222.921875,109.765625,255.265625,99.921875,283.390625,156.171875,221.515625,164.609375,253.859375,163.203125,280.578125,123.828125,283.390625,119.609375,329.796875,-1.0,-1.0,149.140625,283.390625,143.515625,325.578125,-1.0,-1.0,133.671875,196.203125,142.109375,196.203125,129.453125,197.609375,146.328125,197.609375
136.32557678222656,200.57421875,136.32557678222656,223.19921875,115.16278839111328,224.61328125,109.51937866210938,255.72265625,99.6434097290039,284.00390625,156.0775146484375,223.19921875,164.54263305664062,254.30859375,164.54263305664062,279.76171875,123.6279067993164,284.00390625,119.39534759521484,326.42578125,-1.0,-1.0,147.61239624023438,284.00390625,144.7906951904297,322.18359375,-1.0,-1.0,132.093017578125,197.74609375,140.55813598632812,196.33203125,126.44961547851562,199.16015625,146.20155334472656,199.16015625
135.81101989746094,199.7265625,134.39370727539062,223.8984375,114.55117797851562,225.3203125,107.46456909179688,256.6015625,97.54330444335938,283.6171875,155.65354919433594,222.4765625,162.7401580810547,256.6015625,162.7401580810547,285.0390625,121.6377944946289,285.0390625,115.968505859375,329.1171875,-1.0,-1.0,147.1496124267578,286.4609375,144.31495666503906,324.8515625,-1.0,-1.0,132.97637939453125,196.8828125,140.06298828125,196.8828125,125.88976287841797,199.7265625,144.31495666503906,199.7265625
132.1015625,198.3046875,133.5234375,222.4765625,112.1953125,223.8984375,106.5078125,255.1796875,96.5546875,282.1953125,153.4296875,222.4765625,161.9609375,255.1796875,163.3828125,280.7734375,120.7265625,283.6171875,115.0390625,324.8515625,-1.0,-1.0,146.3203125,283.6171875,144.8984375,323.4296875,-1.0,-1.0,129.2578125,195.4609375,136.3671875,195.4609375,123.5703125,198.3046875,143.4765625,196.8828125
132.40945434570312,197.59375,132.40945434570312,222.03125,112.3464584350586,222.03125,105.18110656738281,253.65625,96.58267974853516,280.96875,151.03936767578125,220.59375,159.63778686523438,252.21875,162.50393676757812,285.28125,118.07874298095703,282.40625,113.77952575683594,325.53125,-1.0,-1.0,145.3070831298828,282.40625,142.44094848632812,322.65625,-1.0,-1.0,128.1102294921875,194.71875,136.7086639404297,194.71875,122.3779525756836,196.15625,141.00787353515625,196.15625
131.53125,196.15625,130.09375,220.59375,111.40625,220.59375,104.21875,253.65625,94.15625,282.40625,151.65625,219.15625,158.84375,255.09375,163.15625,296.78125,117.15625,282.40625,112.84375,326.96875,-1.0,-1.0,144.46875,285.28125,143.03125,326.96875,-1.0,-1.0,127.21875,191.84375,135.84375,191.84375,121.46875,196.15625,141.59375,194.71875
129.39370727539062,195.29296875,129.39370727539062,219.86328125,110.55905151367188,219.86328125,103.31495666503906,253.10546875,93.17322540283203,284.90234375,151.1259765625,218.41796875,159.81890869140625,253.10546875,162.71653747558594,290.68359375,116.35433197021484,282.01171875,112.00787353515625,326.81640625,-1.0,-1.0,143.88189697265625,283.45703125,140.9842529296875,325.37109375,-1.0,-1.0,125.0472412109375,192.40234375,133.7401580810547,190.95703125,120.70079040527344,195.29296875,139.53543090820312,193.84765625
129.39370727539062,195.4296875,129.39370727539062,218.6796875,109.11023712158203,220.1328125,100.41732025146484,252.1015625,-1.0,-1.0,149.6771697998047,217.2265625,159.81890869140625,252.1015625,164.16534423828125,281.1640625,116.35433197021484,282.6171875,112.00787353515625,329.1171875,-1.0,-1.0,143.88189697265625,284.0703125,140.9842529296875,327.6640625,-1.0,-1.0,125.0472412109375,191.0703125,133.7401580810547,191.0703125,119.25196838378906,195.4296875,139.53543090820312,193.9765625
128.81101989746094,194.56640625,128.81101989746094,217.94140625,109.77165222167969,219.40234375,99.51968383789062,250.08203125,-1.0,-1.0,150.77952575683594,217.94140625,159.56692504882812,251.54296875,165.42520141601562,280.76171875,115.62992095947266,282.22265625,111.23622131347656,334.81640625,-1.0,-1.0,143.45669555664062,283.68359375,140.52755737304688,330.43359375,-1.0,-1.0,124.41732788085938,190.18359375,133.20472717285156,190.18359375,120.02362060546875,194.56640625,139.06298828125,193.10546875
128.81101989746094,194.56640625,128.81101989746094,217.94140625,108.30708312988281,217.94140625,98.05511474609375,250.08203125,92.19685363769531,280.76171875,150.77952575683594,216.48046875,158.10235595703125,251.54296875,165.42520141601562,283.68359375,115.62992095947266,282.22265625,111.23622131347656,334.81640625,-1.0,-1.0,143.45669555664062,283.68359375,141.99212646484375,330.43359375,-1.0,-1.0,124.41732788085938,190.18359375,133.20472717285156,190.18359375,120.02362060546875,193.10546875,139.06298828125,191.64453125
127.81101989746094,194.703125,129.2755889892578,218.203125,108.77165222167969,218.203125,97.05511474609375,247.578125,91.19685363769531,278.421875,149.77952575683594,216.734375,158.56692504882812,251.984375,165.8897705078125,287.234375,114.62992095947266,281.359375,111.70079040527344,331.296875,-1.0,-1.0,142.45669555664062,284.296875,142.45669555664062,331.296875,-1.0,-1.0,123.41732788085938,190.296875,132.20472717285156,190.296875,119.02362060546875,193.234375,138.06298828125,193.234375
128.85714721679688,193.83984375,128.85714721679688,217.46484375,108.19047546386719,217.46484375,96.38095092773438,246.99609375,89.0,278.00390625,149.5238037109375,217.46484375,158.38095092773438,252.90234375,165.76190185546875,286.86328125,115.57142639160156,282.43359375,112.61904907226562,331.16015625,-1.0,-1.0,143.61904907226562,283.91015625,143.61904907226562,331.16015625,-1.0,-1.0,124.42857360839844,190.88671875,133.28570556640625,190.88671875,118.52381134033203,193.83984375,139.1904754638672,192.36328125
130.18898010253906,195.31640625,128.7086639404297,217.46484375,107.9842529296875,217.46484375,96.14173126220703,246.99609375,88.74015808105469,278.00390625,150.91339111328125,217.46484375,159.79527282714844,252.90234375,165.71653747558594,283.91015625,115.38582611083984,282.43359375,112.42520141601562,329.68359375,-1.0,-1.0,143.51181030273438,283.91015625,143.51181030273438,329.68359375,-1.0,-1.0,125.74803161621094,190.88671875,134.62991333007812,190.88671875,119.82677459716797,193.83984375,140.55117797851562,192.36328125
131.13385009765625,194.60546875,129.63778686523438,216.98828125,108.69291687011719,216.98828125,95.22834777832031,248.32421875,-1.0,-1.0,150.58267211914062,216.98828125,159.55905151367188,252.80078125,165.54330444335938,282.64453125,116.17323303222656,281.15234375,113.18110656738281,328.90234375,-1.0,-1.0,144.59841918945312,282.64453125,143.10235595703125,328.90234375,-1.0,-1.0,126.64566802978516,190.12890625,135.62203979492188,190.12890625,119.16535949707031,193.11328125,140.1102294921875,191.62109375
131.76190185546875,194.60546875,130.26983642578125,216.98828125,107.88888549804688,216.98828125,94.46031951904297,249.81640625,-1.0,-1.0,151.15872192382812,216.98828125,158.61904907226562,252.80078125,164.58731079101562,285.62890625,116.84127044677734,282.64453125,112.36508178710938,330.39453125,-1.0,-1.0,143.6984100341797,282.64453125,142.20635986328125,330.39453125,-1.0,-1.0,127.28571319580078,190.12890625,136.23809814453125,191.62109375,119.82539367675781,193.11328125,140.71429443359375,193.11328125
131.62991333007812,195.25,130.13385009765625,217.75,107.69291687011719,217.75,94.22834777832031,249.25,85.25196838378906,279.25,152.57479858398438,217.75,160.05511474609375,253.75,164.54330444335938,285.25,115.17323303222656,283.75,112.18110656738281,331.75,-1.0,-1.0,143.59841918945312,283.75,142.10235595703125,331.75,-1.0,-1.0,127.14173126220703,189.25,136.11810302734375,190.75,119.66142272949219,192.25,142.10235595703125,192.25
132.74603271484375,193.89453125,131.23809814453125,218.01953125,110.12698364257812,218.01953125,95.04762268066406,248.17578125,87.5079345703125,276.82421875,152.34921264648438,218.01953125,159.88888549804688,254.20703125,165.92062377929688,285.87109375,116.15872955322266,284.36328125,113.14285278320312,334.12109375,-1.0,-1.0,144.8095245361328,285.87109375,141.79364013671875,332.61328125,-1.0,-1.0,128.22222900390625,190.87890625,137.26983642578125,190.87890625,122.19047546386719,192.38671875,143.3015899658203,192.38671875
135.16000366210938,196.0703125,132.1199951171875,218.8046875,110.83999633789062,218.8046875,97.16000366210938,247.6015625,88.04000091552734,276.3984375,154.9199981689453,218.8046875,161.0,253.6640625,165.55999755859375,282.4609375,116.91999816894531,285.4921875,112.36000061035156,333.9921875,-1.0,-1.0,145.8000030517578,285.4921875,142.75999450683594,330.9609375,-1.0,-1.0,130.60000610351562,191.5234375,138.1999969482422,191.5234375,124.52000427246094,191.5234375,144.27999877929688,193.0390625
134.2857208251953,194.70703125,132.76190185546875,219.08203125,109.9047622680664,217.55859375,96.19047546386719,248.02734375,88.57142639160156,275.44921875,154.09524536132812,219.08203125,161.71429443359375,254.12109375,164.76190185546875,283.06640625,116.0,284.58984375,112.95237731933594,331.81640625,-1.0,-1.0,144.95237731933594,286.11328125,141.90475463867188,330.29296875,-1.0,-1.0,129.71429443359375,191.66015625,138.85714721679688,191.66015625,123.61904907226562,191.66015625,144.95237731933594,193.18359375
135.8095245361328,194.70703125,134.2857208251953,219.08203125,111.42857360839844,219.08203125,97.71428680419922,248.02734375,90.0952377319336,276.97265625,157.14285278320312,220.60546875,161.71429443359375,254.12109375,164.76190185546875,284.58984375,117.52381134033203,284.58984375,112.95237731933594,333.33984375,-1.0,-1.0,146.4761962890625,286.11328125,143.42857360839844,331.81640625,-1.0,-1.0,131.23809814453125,191.66015625,140.38095092773438,191.66015625,125.14285278320312,191.66015625,146.4761962890625,193.18359375
137.2283477783203,195.390625,134.17323303222656,219.890625,112.78739929199219,218.359375,99.03936767578125,248.984375,91.40157318115234,281.140625,157.08660888671875,219.890625,163.19683837890625,253.578125,166.25196838378906,285.734375,118.89763641357422,284.203125,114.31495666503906,333.203125,-1.0,-1.0,147.9212646484375,285.734375,143.3385772705078,330.140625,-1.0,-1.0,134.17323303222656,190.796875,141.81101989746094,192.328125,126.53543090820312,192.328125,146.39370727539062,193.859375
141.3679962158203,195.55078125,136.760009765625,220.17578125,115.25599670410156,218.63671875,101.43199920654297,249.41796875,93.75199890136719,284.81640625,159.8000030517578,221.71484375,165.94400024414062,255.57421875,169.0159912109375,286.35546875,119.86399841308594,287.89453125,115.25599670410156,334.06640625,-1.0,-1.0,149.04800415039062,287.89453125,142.90399169921875,334.06640625,-1.0,-1.0,138.29600524902344,190.93359375,145.9759979248047,192.47265625,129.0800018310547,192.47265625,149.04800415039062,194.01171875
