-1.0,-1.0,312.9577331542969,152.82421875,329.18310546875,152.82421875,332.7887268066406,185.30859375,-1.0,-1.0,296.7323913574219,152.82421875,293.12677001953125,187.11328125,291.3239440917969,212.37890625,325.57745361328125,210.57421875,327.3802795410156,259.30078125,329.18310546875,308.02734375,305.7464904785156,208.76953125,296.7323913574219,261.10546875,298.53521728515625,308.02734375,-1.0,-1.0,-1.0,-1.0,314.76055908203125,129.36328125,298.53521728515625,127.55859375
293.3239440917969,132.97265625,316.76055908203125,151.01953125,332.98590087890625,152.82421875,336.591552734375,183.50390625,-1.0,-1.0,300.53521728515625,151.01953125,295.12677001953125,185.30859375,293.3239440917969,212.37890625,327.57745361328125,210.57421875,329.3802795410156,259.30078125,331.18310546875,309.83203125,307.7464904785156,210.57421875,300.53521728515625,261.10546875,300.53521728515625,309.83203125,-1.0,-1.0,-1.0,-1.0,316.76055908203125,127.55859375,302.3380126953125,127.55859375
295.3239440917969,136.58203125,320.5633850097656,151.01953125,334.98590087890625,151.01953125,338.591552734375,185.30859375,-1.0,-1.0,302.53521728515625,151.01953125,297.12677001953125,185.30859375,295.3239440917969,212.37890625,331.3802795410156,210.57421875,331.3802795410156,261.10546875,333.18310546875,309.83203125,309.7464904785156,210.57421875,302.53521728515625,261.10546875,302.53521728515625,309.83203125,289.9154968261719,138.38671875,297.12677001953125,132.97265625,288.1126708984375,136.58203125,304.3380126953125,127.55859375
297.3239440917969,138.38671875,322.5633850097656,151.01953125,338.7887268066406,152.82421875,340.591552734375,185.30859375,-1.0,-1.0,304.53521728515625,151.01953125,299.12677001953125,187.11328125,297.3239440917969,214.18359375,333.3802795410156,210.57421875,333.3802795410156,261.10546875,335.18310546875,309.83203125,311.7464904785156,210.57421875,304.53521728515625,262.91015625,304.53521728515625,309.83203125,291.9154968261719,136.58203125,299.12677001953125,132.97265625,290.1126708984375,136.58203125,308.1408386230469,127.55859375
299.3239440917969,138.38671875,324.5633850097656,151.01953125,340.7887268066406,151.01953125,-1.0,-1.0,-1.0,-1.0,308.3380126953125,151.01953125,301.12677001953125,187.11328125,301.12677001953125,212.37890625,335.3802795410156,212.37890625,337.18310546875,261.10546875,337.18310546875,309.83203125,313.7464904785156,210.57421875,306.53521728515625,261.10546875,306.53521728515625,309.83203125,295.71832275390625,138.38671875,301.12677001953125,134.77734375,290.3098449707031,136.58203125,310.1408386230469,127.55859375
-1.0,-1.0,326.5633850097656,151.01953125,342.7887268066406,151.01953125,-1.0,-1.0,-1.0,-1.0,310.3380126953125,151.01953125,304.9295654296875,187.11328125,303.12677001953125,212.37890625,339.18310546875,212.37890625,339.18310546875,261.10546875,339.18310546875,309.83203125,317.5492858886719,210.57421875,308.53521728515625,262.91015625,308.53521728515625,309.83203125,-1.0,-1.0,-1.0,-1.0,328.3662109375,127.55859375,312.1408386230469,127.55859375
-1.0,-1.0,330.3662109375,151.01953125,344.7887268066406,151.01953125,-1.0,-1.0,-1.0,-1.0,314.1408386230469,151.01953125,306.9295654296875,187.11328125,306.9295654296875,212.37890625,341.18310546875,212.37890625,341.18310546875,261.10546875,341.18310546875,309.83203125,319.5492858886719,210.57421875,310.53521728515625,262.91015625,310.53521728515625,309.83203125,-1.0,-1.0,-1.0,-1.0,330.3662109375,125.75390625,314.1408386230469,125.75390625
-1.0,-1.0,332.3662109375,151.01953125,346.7887268066406,151.01953125,-1.0,-1.0,-1.0,-1.0,316.1408386230469,151.01953125,310.7323913574219,187.11328125,308.9295654296875,212.37890625,343.18310546875,212.37890625,343.18310546875,261.10546875,343.18310546875,309.83203125,321.5492858886719,210.57421875,312.53521728515625,262.91015625,312.53521728515625,311.63671875,-1.0,-1.0,-1.0,-1.0,332.3662109375,125.75390625,317.94366455078125,125.75390625
-1.0,-1.0,334.3662109375,151.01953125,348.7887268066406,151.01953125,-1.0,-1.0,-1.0,-1.0,318.1408386230469,151.01953125,310.9295654296875,187.11328125,310.9295654296875,212.37890625,345.18310546875,212.37890625,345.18310546875,261.10546875,345.18310546875,309.83203125,323.5492858886719,208.76953125,314.53521728515625,262.91015625,314.53521728515625,311.63671875,-1.0,-1.0,-1.0,-1.0,334.3662109375,125.75390625,319.94366455078125,125.75390625
-1.0,-1.0,336.3662109375,151.01953125,350.7887268066406,151.01953125,-1.0,-1.0,-1.0,-1.0,320.1408386230469,151.01953125,312.9295654296875,187.11328125,311.12677001953125,212.37890625,347.18310546875,210.57421875,347.18310546875,261.10546875,347.18310546875,311.63671875,325.5492858886719,208.76953125,316.53521728515625,262.91015625,316.53521728515625,311.63671875,-1.0,-1.0,-1.0,-1.0,336.3662109375,125.75390625,321.94366455078125,125.75390625
-1.0,-1.0,338.3662109375,150.0234375,352.7887268066406,150.0234375,-1.0,-1.0,-1.0,-1.0,322.1408386230469,150.0234375,314.9295654296875,187.7578125,313.12677001953125,212.9140625,349.18310546875,211.1171875,349.18310546875,261.4296875,347.3802795410156,311.7421875,327.5492858886719,209.3203125,318.53521728515625,263.2265625,318.53521728515625,311.7421875,-1.0,-1.0,-1.0,-1.0,340.16900634765625,124.8671875,323.94366455078125,126.6640625
-1.0,-1.0,339.3999938964844,150.0234375,353.79998779296875,151.8203125,-1.0,-1.0,-1.0,-1.0,323.20001220703125,150.0234375,317.79998779296875,187.7578125,316.0,212.9140625,352.0,211.1171875,350.20001220703125,261.4296875,350.20001220703125,311.7421875,330.3999938964844,209.3203125,319.6000061035156,263.2265625,319.6000061035156,311.7421875,-1.0,-1.0,-1.0,-1.0,341.20001220703125,124.8671875,325.0,126.6640625
-1.0,-1.0,341.3999938964844,150.0234375,355.79998779296875,151.8203125,-1.0,-1.0,-1.0,-1.0,325.20001220703125,150.0234375,318.0,185.9609375,316.20001220703125,212.9140625,352.20001220703125,209.3203125,350.3999938964844,261.4296875,350.3999938964844,311.7421875,330.6000061035156,207.5234375,321.6000061035156,263.2265625,321.6000061035156,311.7421875,-1.0,-1.0,-1.0,-1.0,343.20001220703125,124.8671875,327.0,126.6640625
-1.0,-1.0,343.3999938964844,150.0234375,357.79998779296875,151.8203125,-1.0,-1.0,-1.0,-1.0,325.3999938964844,150.0234375,320.0,185.9609375,316.3999938964844,212.9140625,352.3999938964844,209.3203125,352.3999938964844,261.4296875,350.6000061035156,313.5390625,332.6000061035156,207.5234375,323.6000061035156,263.2265625,321.79998779296875,311.7421875,-1.0,-1.0,-1.0,-1.0,345.20001220703125,124.8671875,327.20001220703125,126.6640625
-1.0,-1.0,343.5633850097656,151.8203125,359.7887268066406,151.8203125,-1.0,-1.0,-1.0,-1.0,327.3380126953125,150.0234375,320.12677001953125,187.7578125,318.3239440917969,212.9140625,354.3802795410156,209.3203125,352.57745361328125,261.4296875,352.57745361328125,311.7421875,332.7464904785156,209.3203125,325.53521728515625,261.4296875,323.7323913574219,311.7421875,-1.0,-1.0,-1.0,-1.0,347.16900634765625,124.8671875,330.94366455078125,126.6640625
-1.0,-1.0,343.76055908203125,150.0234375,359.98590087890625,151.8203125,363.591552734375,184.1640625,-1.0,-1.0,327.53521728515625,150.0234375,322.12677001953125,187.7578125,318.5211181640625,211.1171875,354.57745361328125,209.3203125,352.774658203125,261.4296875,352.774658203125,311.7421875,332.94366455078125,209.3203125,323.9295654296875,261.4296875,323.9295654296875,309.9453125,-1.0,-1.0,-1.0,-1.0,347.3662109375,124.8671875,329.3380126953125,126.6640625
320.5211181640625,135.6484375,343.9577331542969,151.8203125,360.18310546875,151.8203125,363.7887268066406,184.1640625,-1.0,-1.0,327.7323913574219,150.0234375,322.3239440917969,185.9609375,320.5211181640625,211.1171875,354.774658203125,211.1171875,352.9718322753906,261.4296875,354.774658203125,311.7421875,334.94366455078125,209.3203125,324.12677001953125,261.4296875,324.12677001953125,311.7421875,316.9154968261719,133.8515625,322.3239440917969,132.0546875,309.7042236328125,133.8515625,329.53521728515625,128.4609375
-1.0,-1.0,345.76055908203125,150.0234375,361.98590087890625,151.8203125,365.591552734375,184.1640625,-1.0,-1.0,327.7323913574219,150.0234375,322.3239440917969,187.7578125,320.5211181640625,212.9140625,356.57745361328125,211.1171875,352.9718322753906,261.4296875,354.774658203125,311.7421875,334.94366455078125,209.3203125,324.12677001953125,261.4296875,325.9295654296875,311.7421875,-1.0,-1.0,-1.0,-1.0,349.3662109375,126.6640625,329.53521728515625,126.6640625
320.6000061035156,135.6484375,347.6000061035156,150.0234375,362.0,150.0234375,365.6000061035156,184.1640625,-1.0,-1.0,331.3999938964844,150.0234375,322.3999938964844,185.9609375,320.6000061035156,212.9140625,356.6000061035156,211.1171875,354.79998779296875,261.4296875,354.79998779296875,311.7421875,335.0,209.3203125,324.20001220703125,261.4296875,326.0,311.7421875,317.0,133.8515625,322.3999938964844,132.0546875,311.6000061035156,135.6484375,331.3999938964844,126.6640625
321.5211181640625,135.6484375,346.76055908203125,150.0234375,362.98590087890625,150.0234375,366.591552734375,184.1640625,-1.0,-1.0,330.53521728515625,150.0234375,323.3239440917969,187.7578125,321.5211181640625,214.7109375,357.57745361328125,209.3203125,353.9718322753906,261.4296875,355.774658203125,311.7421875,335.94366455078125,209.3203125,325.12677001953125,261.4296875,326.9295654296875,311.7421875,317.9154968261719,133.8515625,323.3239440917969,132.0546875,310.7042236328125,133.8515625,330.53521728515625,126.6640625
321.5211181640625,137.4453125,348.5633850097656,150.0234375,362.98590087890625,150.0234375,366.591552734375,185.9609375,-1.0,-1.0,332.3380126953125,150.0234375,325.12677001953125,187.7578125,321.5211181640625,214.7109375,357.57745361328125,209.3203125,355.774658203125,261.4296875,355.774658203125,311.7421875,337.7464904785156,209.3203125,326.9295654296875,261.4296875,326.9295654296875,311.7421875,317.9154968261719,133.8515625,323.3239440917969,133.8515625,310.7042236328125,133.8515625,330.53521728515625,128.4609375
321.5211181640625,137.4453125,348.5633850097656,150.0234375,362.98590087890625,150.0234375,366.591552734375,184.1640625,-1.0,-1.0,332.3380126953125,150.0234375,325.12677001953125,185.9609375,323.3239440917969,214.7109375,357.57745361328125,209.3203125,355.774658203125,259.6328125,357.57745361328125,313.5390625,337.7464904785156,209.3203125,326.9295654296875,261.4296875,326.9295654296875,311.7421875,319.71832275390625,135.6484375,323.3239440917969,133.8515625,312.5070495605469,133.8515625,332.3380126953125,128.4609375
321.5211181640625,137.4453125,348.5633850097656,150.0234375,362.98590087890625,150.0234375,-1.0,-1.0,-1.0,-1.0,332.3380126953125,150.0234375,325.12677001953125,187.7578125,323.3239440917969,214.7109375,359.3802795410156,209.3203125,355.774658203125,259.6328125,357.57745361328125,313.5390625,337.7464904785156,207.5234375,326.9295654296875,261.4296875,326.9295654296875,311.7421875,319.71832275390625,135.6484375,323.3239440917969,133.8515625,312.5070495605469,135.6484375,332.3380126953125,128.4609375
323.3239440917969,137.4453125,348.5633850097656,150.0234375,362.98590087890625,150.0234375,-1.0,-1.0,-1.0,-1.0,332.3380126953125,150.0234375,326.9295654296875,185.9609375,323.3239440917969,214.7109375,359.3802795410156,209.3203125,355.774658203125,261.4296875,357.57745361328125,313.5390625,337.7464904785156,207.5234375,328.7323913574219,261.4296875,328.7323913574219,311.7421875,319.71832275390625,135.6484375,323.3239440917969,133.8515625,314.3098449707031,135.6484375,332.3380126953125,128.4609375
323.3239440917969,137.4453125,348.5633850097656,150.0234375,362.98590087890625,150.0234375,-1.0,-1.0,-1.0,-1.0,334.1408386230469,150.0234375,326.9295654296875,185.9609375,323.3239440917969,214.7109375,357.57745361328125,209.3203125,355.774658203125,261.4296875,357.57745361328125,313.5390625,339.5492858886719,207.5234375,328.7323913574219,261.4296875,328.7323913574219,311.7421875,319.71832275390625,135.6484375,323.3239440917969,133.8515625,314.3098449707031,135.6484375,332.3380126953125,126.6640625
323.3239440917969,137.4453125,350.3662109375,150.0234375,362.98590087890625,150.0234375,-1.0,-1.0,-1.0,-1.0,334.1408386230469,150.0234375,326.9295654296875,185.9609375,323.3239440917969,214.7109375,357.57745361328125,209.3203125,355.774658203125,261.4296875,357.57745361328125,313.5390625,339.5492858886719,207.5234375,328.7323913574219,261.4296875,328.7323913574219,311.7421875,319.71832275390625,135.6484375,325.12677001953125,133.8515625,314.3098449707031,135.6484375,332.3380126953125,126.6640625
323.3239440917969,135.6484375,350.3662109375,150.0234375,362.98590087890625,150.0234375,-1.0,-1.0,-1.0,-1.0,334.1408386230469,150.0234375,326.9295654296875,185.9609375,323.3239440917969,214.7109375,357.57745361328125,209.3203125,355.774658203125,261.4296875,357.57745361328125,313.5390625,337.7464904785156,207.5234375,328.7323913574219,261.4296875,328.7323913574219,311.7421875,319.71832275390625,135.6484375,325.12677001953125,132.0546875,314.3098449707031,135.6484375,332.3380126953125,126.6640625
323.3999938964844,135.6484375,350.3999938964844,150.0234375,363.0,150.0234375,-1.0,-1.0,-1.0,-1.0,334.20001220703125,148.2265625,325.20001220703125,185.9609375,323.3999938964844,214.7109375,357.6000061035156,209.3203125,355.79998779296875,261.4296875,357.6000061035156,313.5390625,337.79998779296875,207.5234375,328.79998779296875,261.4296875,328.79998779296875,311.7421875,-1.0,-1.0,325.20001220703125,132.0546875,346.79998779296875,124.8671875,330.6000061035156,128.4609375
322.5211181640625,135.6484375,349.5633850097656,148.2265625,363.98590087890625,150.0234375,367.591552734375,184.1640625,-1.0,-1.0,333.3380126953125,148.2265625,326.12677001953125,185.9609375,324.3239440917969,212.9140625,358.57745361328125,209.3203125,356.774658203125,261.4296875,356.774658203125,313.5390625,338.7464904785156,209.3203125,327.9295654296875,259.6328125,327.9295654296875,311.7421875,317.1126708984375,137.4453125,324.3239440917969,132.0546875,345.9577331542969,124.8671875,329.7323913574219,128.4609375
324.3239440917969,135.6484375,349.5633850097656,148.2265625,363.98590087890625,150.0234375,367.591552734375,184.1640625,-1.0,-1.0,333.3380126953125,148.2265625,326.12677001953125,185.9609375,324.3239440917969,211.1171875,358.57745361328125,209.3203125,356.774658203125,261.4296875,356.774658203125,313.5390625,338.7464904785156,209.3203125,327.9295654296875,259.6328125,327.9295654296875,311.7421875,317.1126708984375,137.4453125,324.3239440917969,132.0546875,345.9577331542969,124.8671875,329.7323913574219,128.4609375
324.3239440917969,135.6484375,349.5633850097656,148.2265625,362.18310546875,150.0234375,367.591552734375,185.9609375,-1.0,-1.0,335.1408386230469,148.2265625,326.12677001953125,185.9609375,324.3239440917969,211.1171875,358.57745361328125,209.3203125,356.774658203125,261.4296875,356.774658203125,313.5390625,336.94366455078125,209.3203125,327.9295654296875,261.4296875,327.9295654296875,313.5390625,317.1126708984375,137.4453125,324.3239440917969,130.2578125,-1.0,-1.0,331.53521728515625,126.6640625
324.3239440917969,133.8515625,349.5633850097656,148.2265625,362.18310546875,150.0234375,369.39434814453125,185.9609375,-1.0,-1.0,335.1408386230469,148.2265625,326.12677001953125,185.9609375,324.3239440917969,209.3203125,356.774658203125,209.3203125,356.774658203125,263.2265625,356.774658203125,313.5390625,336.94366455078125,209.3203125,327.9295654296875,263.2265625,327.9295654296875,313.5390625,318.9154968261719,135.6484375,326.12677001953125,130.2578125,-1.0,-1.0,331.53521728515625,126.6640625
324.3239440917969,135.6484375,349.5633850097656,148.2265625,362.18310546875,150.0234375,367.591552734375,184.1640625,-1.0,-1.0,335.1408386230469,148.2265625,326.12677001953125,184.1640625,324.3239440917969,209.3203125,356.774658203125,209.3203125,356.774658203125,263.2265625,356.774658203125,313.5390625,336.94366455078125,209.3203125,327.9295654296875,263.2265625,327.9295654296875,313.5390625,320.71832275390625,135.6484375,327.9295654296875,130.2578125,-1.0,-1.0,333.3380126953125,128.4609375
324.3239440917969,135.6484375,349.5633850097656,148.2265625,360.3802795410156,150.0234375,367.591552734375,184.1640625,-1.0,-1.0,335.1408386230469,148.2265625,327.9295654296875,184.1640625,324.3239440917969,209.3203125,356.774658203125,209.3203125,356.774658203125,263.2265625,356.774658203125,313.5390625,336.94366455078125,209.3203125,327.9295654296875,263.2265625,327.9295654296875,313.5390625,322.5211181640625,133.8515625,326.12677001953125,130.2578125,-1.0,-1.0,333.3380126953125,128.4609375
324.3239440917969,137.4453125,347.76055908203125,148.2265625,360.3802795410156,150.0234375,367.591552734375,184.1640625,-1.0,-1.0,333.3380126953125,148.2265625,327.9295654296875,185.9609375,324.3239440917969,209.3203125,356.774658203125,209.3203125,356.774658203125,263.2265625,356.774658203125,313.5390625,336.94366455078125,209.3203125,327.9295654296875,263.2265625,327.9295654296875,313.5390625,322.5211181640625,135.6484375,326.12677001953125,132.0546875,-1.0,-1.0,333.3380126953125,128.4609375
324.3239440917969,137.4453125,347.76055908203125,148.2265625,360.3802795410156,150.0234375,367.591552734375,182.3671875,-1.0,-1.0,333.3380126953125,148.2265625,327.9295654296875,184.1640625,324.3239440917969,209.3203125,356.774658203125,209.3203125,354.9718322753906,263.2265625,356.774658203125,313.5390625,338.7464904785156,209.3203125,327.9295654296875,263.2265625,327.9295654296875,315.3359375,-1.0,-1.0,324.3239440917969,133.8515625,-1.0,-1.0,331.53521728515625,130.2578125
322.6000061035156,139.2421875,347.79998779296875,148.2265625,360.3999938964844,150.0234375,367.6000061035156,184.1640625,-1.0,-1.0,333.3999938964844,148.2265625,328.0,185.9609375,324.3999938964844,207.5234375,356.79998779296875,209.3203125,355.0,263.2265625,355.0,313.5390625,337.0,209.3203125,326.20001220703125,263.2265625,326.20001220703125,313.5390625,-1.0,-1.0,324.3999938964844,133.8515625,-1.0,-1.0,331.6000061035156,130.2578125
321.71832275390625,139.2421875,346.9577331542969,150.0234375,361.3802795410156,150.0234375,368.591552734375,182.3671875,-1.0,-1.0,332.53521728515625,150.0234375,327.12677001953125,184.1640625,323.5211181640625,207.5234375,357.774658203125,211.1171875,355.9718322753906,263.2265625,355.9718322753906,311.7421875,337.94366455078125,211.1171875,327.12677001953125,263.2265625,327.12677001953125,313.5390625,-1.0,-1.0,323.5211181640625,133.8515625,-1.0,-1.0,330.7323913574219,130.2578125
321.71832275390625,139.2421875,346.9577331542969,148.2265625,359.57745361328125,148.2265625,368.591552734375,182.3671875,-1.0,-1.0,332.53521728515625,150.0234375,328.9295654296875,185.9609375,323.5211181640625,207.5234375,357.774658203125,211.1171875,355.9718322753906,263.2265625,355.9718322753906,311.7421875,337.94366455078125,209.3203125,327.12677001953125,265.0234375,327.12677001953125,313.5390625,-1.0,-1.0,323.5211181640625,133.8515625,-1.0,-1.0,330.7323913574219,130.2578125
321.71832275390625,141.0390625,346.9577331542969,148.2265625,359.57745361328125,150.0234375,366.7887268066406,182.3671875,-1.0,-1.0,334.3380126953125,148.2265625,328.9295654296875,187.7578125,323.5211181640625,207.5234375,357.774658203125,211.1171875,354.16900634765625,263.2265625,355.9718322753906,311.7421875,337.94366455078125,211.1171875,327.12677001953125,263.2265625,327.12677001953125,313.5390625,-1.0,-1.0,323.5211181640625,133.8515625,-1.0,-1.0,330.7323913574219,130.2578125
321.71832275390625,141.0390625,346.9577331542969,148.2265625,359.57745361328125,150.0234375,368.591552734375,182.3671875,-1.0,-1.0,334.3380126953125,148.2265625,330.7323913574219,185.9609375,323.5211181640625,207.5234375,357.774658203125,211.1171875,354.16900634765625,263.2265625,355.9718322753906,311.7421875,339.7464904785156,211.1171875,327.12677001953125,263.2265625,327.12677001953125,313.5390625,-1.0,-1.0,323.5211181640625,133.8515625,-1.0,-1.0,330.7323913574219,130.2578125
321.71832275390625,141.0390625,348.76055908203125,148.2265625,361.3802795410156,150.0234375,368.591552734375,182.3671875,-1.0,-1.0,334.3380126953125,150.0234375,330.7323913574219,184.1640625,323.5211181640625,207.5234375,357.774658203125,211.1171875,354.16900634765625,263.2265625,355.9718322753906,311.7421875,339.7464904785156,211.1171875,327.12677001953125,263.2265625,325.3239440917969,313.5390625,318.1126708984375,139.2421875,321.71832275390625,133.8515625,-1.0,-1.0,330.7323913574219,130.2578125
321.71832275390625,141.0390625,348.76055908203125,150.0234375,359.57745361328125,150.0234375,366.7887268066406,180.5703125,-1.0,-1.0,336.1408386230469,150.0234375,330.7323913574219,185.9609375,323.5211181640625,207.5234375,357.774658203125,211.1171875,354.16900634765625,263.2265625,355.9718322753906,311.7421875,339.7464904785156,211.1171875,325.3239440917969,263.2265625,327.12677001953125,313.5390625,318.1126708984375,139.2421875,321.71832275390625,135.6484375,-1.0,-1.0,330.7323913574219,130.2578125
321.71832275390625,141.0390625,348.76055908203125,148.2265625,359.57745361328125,150.0234375,366.7887268066406,180.5703125,-1.0,-1.0,336.1408386230469,150.0234375,332.53521728515625,184.1640625,323.5211181640625,205.7265625,357.774658203125,211.1171875,354.16900634765625,263.2265625,355.9718322753906,311.7421875,339.7464904785156,211.1171875,325.3239440917969,261.4296875,327.12677001953125,313.5390625,-1.0,-1.0,323.5211181640625,135.6484375,-1.0,-1.0,330.7323913574219,130.2578125
321.71832275390625,141.0390625,348.76055908203125,148.2265625,359.57745361328125,148.2265625,368.591552734375,178.7734375,-1.0,-1.0,336.1408386230469,150.0234375,332.53521728515625,182.3671875,323.5211181640625,205.7265625,357.774658203125,209.3203125,354.16900634765625,263.2265625,355.9718322753906,311.7421875,339.7464904785156,209.3203125,325.3239440917969,261.4296875,327.12677001953125,311.7421875,318.1126708984375,141.0390625,323.5211181640625,135.6484375,-1.0,-1.0,330.7323913574219,130.2578125
323.5211181640625,142.8359375,348.76055908203125,148.2265625,359.57745361328125,148.2265625,368.591552734375,178.7734375,-1.0,-1.0,336.1408386230469,148.2265625,332.53521728515625,180.5703125,323.5211181640625,203.9296875,357.774658203125,211.1171875,354.16900634765625,263.2265625,355.9718322753906,309.9453125,339.7464904785156,211.1171875,325.3239440917969,261.4296875,327.12677001953125,311.7421875,-1.0,-1.0,323.5211181640625,135.6484375,-1.0,-1.0,330.7323913574219,130.2578125
321.71832275390625,142.8359375,348.76055908203125,148.2265625,357.774658203125,146.4296875,368.591552734375,178.7734375,-1.0,-1.0,336.1408386230469,148.2265625,332.53521728515625,180.5703125,323.5211181640625,203.9296875,357.774658203125,209.3203125,354.16900634765625,263.2265625,355.9718322753906,309.9453125,339.7464904785156,209.3203125,325.3239440917969,263.2265625,327.12677001953125,311.7421875,318.1126708984375,142.8359375,323.5211181640625,135.6484375,-1.0,-1.0,330.7323913574219,130.2578125
321.71832275390625,141.0390625,348.76055908203125,148.2265625,359.57745361328125,148.2265625,368.591552734375,176.9765625,-1.0,-1.0,337.94366455078125,148.2265625,332.53521728515625,180.5703125,323.5211181640625,203.9296875,357.774658203125,209.3203125,354.16900634765625,263.2265625,355.9718322753906,309.9453125,341.5492858886719,209.3203125,325.3239440917969,263.2265625,325.3239440917969,311.7421875,316.3098449707031,141.0390625,321.71832275390625,135.6484375,-1.0,-1.0,330.7323913574219,130.2578125
321.71832275390625,142.8359375,348.76055908203125,148.2265625,359.57745361328125,148.2265625,368.591552734375,176.9765625,-1.0,-1.0,337.94366455078125,148.2265625,330.7323913574219,180.5703125,321.71832275390625,205.7265625,357.774658203125,209.3203125,354.16900634765625,263.2265625,355.9718322753906,309.9453125,339.7464904785156,209.3203125,325.3239440917969,263.2265625,325.3239440917969,311.7421875,316.3098449707031,142.8359375,323.5211181640625,135.6484375,-1.0,-1.0,330.7323913574219,130.2578125
321.71832275390625,142.8359375,348.76055908203125,148.2265625,359.57745361328125,148.2265625,368.591552734375,178.7734375,-1.0,-1.0,337.94366455078125,148.2265625,330.7323913574219,180.5703125,321.71832275390625,203.9296875,357.774658203125,209.3203125,354.16900634765625,263.2265625,355.9718322753906,311.7421875,339.7464904785156,209.3203125,325.3239440917969,263.2265625,325.3239440917969,311.7421875,316.3098449707031,144.6328125,323.5211181640625,137.4453125,-1.0,-1.0,330.7323913574219,130.2578125
321.71832275390625,142.8359375,348.76055908203125,148.2265625,359.57745361328125,148.2265625,368.591552734375,178.7734375,-1.0,-1.0,337.94366455078125,150.0234375,330.7323913574219,182.3671875,321.71832275390625,205.7265625,357.774658203125,211.1171875,354.16900634765625,265.0234375,355.9718322753906,311.7421875,339.7464904785156,211.1171875,325.3239440917969,263.2265625,327.12677001953125,311.7421875,316.3098449707031,144.6328125,323.5211181640625,137.4453125,-1.0,-1.0,330.7323913574219,130.2578125
321.71832275390625,142.8359375,348.76055908203125,148.2265625,359.57745361328125,148.2265625,368.591552734375,180.5703125,-1.0,-1.0,337.94366455078125,150.0234375,330.7323913574219,184.1640625,321.71832275390625,205.7265625,357.774658203125,211.1171875,354.16900634765625,265.0234375,355.9718322753906,311.7421875,339.7464904785156,211.1171875,325.3239440917969,263.2265625,327.12677001953125,311.7421875,316.3098449707031,144.6328125,323.5211181640625,137.4453125,-1.0,-1.0,330.7323913574219,130.2578125
321.71832275390625,144.6328125,348.76055908203125,148.2265625,359.57745361328125,148.2265625,368.591552734375,178.7734375,-1.0,-1.0,337.94366455078125,150.0234375,330.7323913574219,184.1640625,319.9154968261719,205.7265625,357.774658203125,209.3203125,354.16900634765625,263.2265625,354.16900634765625,311.7421875,341.5492858886719,209.3203125,325.3239440917969,263.2265625,327.12677001953125,311.7421875,316.3098449707031,144.6328125,323.5211181640625,137.4453125,-1.0,-1.0,330.7323913574219,130.2578125
321.71832275390625,144.6328125,348.76055908203125,148.2265625,359.57745361328125,148.2265625,368.591552734375,178.7734375,-1.0,-1.0,337.94366455078125,150.0234375,330.7323913574219,182.3671875,319.9154968261719,205.7265625,357.774658203125,209.3203125,354.16900634765625,265.0234375,354.16900634765625,313.5390625,339.7464904785156,211.1171875,325.3239440917969,263.2265625,325.3239440917969,311.7421875,316.3098449707031,144.6328125,321.71832275390625,139.2421875,-1.0,-1.0,330.7323913574219,130.2578125
319.9154968261719,144.6328125,348.76055908203125,148.2265625,359.57745361328125,148.2265625,368.591552734375,178.7734375,-1.0,-1.0,337.94366455078125,150.0234375,332.53521728515625,184.1640625,319.9154968261719,205.7265625,355.9718322753906,209.3203125,354.16900634765625,263.2265625,354.16900634765625,313.5390625,339.7464904785156,211.1171875,325.3239440917969,263.2265625,325.3239440917969,311.7421875,316.3098449707031,144.6328125,321.71832275390625,139.2421875,-1.0,-1.0,330.7323913574219,130.2578125
319.9154968261719,144.6328125,348.76055908203125,148.2265625,359.57745361328125,148.2265625,368.591552734375,178.7734375,-1.0,-1.0,337.94366455078125,150.0234375,332.53521728515625,184.1640625,319.9154968261719,207.5234375,355.9718322753906,209.3203125,354.16900634765625,263.2265625,354.16900634765625,313.5390625,339.7464904785156,209.3203125,325.3239440917969,261.4296875,327.12677001953125,311.7421875,316.3098449707031,144.6328125,321.71832275390625,139.2421875,-1.0,-1.0,330.7323913574219,130.2578125
319.9154968261719,144.6328125,348.76055908203125,148.2265625,357.774658203125,148.2265625,368.591552734375,178.7734375,-1.0,-1.0,337.94366455078125,150.0234375,332.53521728515625,184.1640625,319.9154968261719,207.5234375,355.9718322753906,209.3203125,354.16900634765625,263.2265625,354.16900634765625,313.5390625,339.7464904785156,209.3203125,325.3239440917969,261.4296875,325.3239440917969,311.7421875,316.3098449707031,144.6328125,321.71832275390625,139.2421875,-1.0,-1.0,330.7323913574219,130.2578125
319.9154968261719,144.6328125,348.76055908203125,148.2265625,359.57745361328125,148.2265625,368.591552734375,180.5703125,-1.0,-1.0,337.94366455078125,151.8203125,332.53521728515625,184.1640625,319.9154968261719,207.5234375,355.9718322753906,209.3203125,354.16900634765625,263.2265625,354.16900634765625,313.5390625,339.7464904785156,211.1171875,323.5211181640625,261.4296875,325.3239440917969,311.7421875,316.3098449707031,144.6328125,321.71832275390625,139.2421875,-1.0,-1.0,332.53521728515625,130.2578125
319.9154968261719,144.6328125,348.76055908203125,148.2265625,357.774658203125,148.2265625,368.591552734375,178.7734375,-1.0,-1.0,337.94366455078125,150.0234375,332.53521728515625,184.1640625,318.1126708984375,207.5234375,355.9718322753906,209.3203125,354.16900634765625,263.2265625,354.16900634765625,313.5390625,339.7464904785156,211.1171875,323.5211181640625,261.4296875,325.3239440917969,311.7421875,316.3098449707031,144.6328125,321.71832275390625,139.2421875,-1.0,-1.0,330.7323913574219,130.2578125
319.9154968261719,144.6328125,348.76055908203125,148.2265625,359.57745361328125,148.2265625,368.591552734375,178.7734375,-1.0,-1.0,339.7464904785156,150.0234375,332.53521728515625,184.1640625,318.1126708984375,205.7265625,355.9718322753906,209.3203125,354.16900634765625,263.2265625,354.16900634765625,313.5390625,339.7464904785156,209.3203125,323.5211181640625,261.4296875,325.3239440917969,311.7421875,316.3098449707031,144.6328125,321.71832275390625,139.2421875,-1.0,-1.0,332.53521728515625,130.2578125
321.71832275390625,144.6328125,348.76055908203125,148.2265625,357.774658203125,146.4296875,368.591552734375,180.5703125,-1.0,-1.0,339.7464904785156,150.0234375,334.3380126953125,184.1640625,318.1126708984375,205.7265625,355.9718322753906,209.3203125,354.16900634765625,265.0234375,354.16900634765625,313.5390625,339.7464904785156,211.1171875,323.5211181640625,261.4296875,325.3239440917969,311.7421875,316.3098449707031,144.6328125,323.5211181640625,139.2421875,-1.0,-1.0,332.53521728515625,130.2578125
321.71832275390625,144.6328125,348.76055908203125,148.2265625,357.774658203125,146.4296875,368.591552734375,180.5703125,-1.0,-1.0,339.7464904785156,150.0234375,334.3380126953125,185.9609375,318.1126708984375,205.7265625,355.9718322753906,211.1171875,354.16900634765625,265.0234375,354.16900634765625,313.5390625,339.7464904785156,211.1171875,323.5211181640625,261.4296875,325.3239440917969,311.7421875,316.3098449707031,144.6328125,323.5211181640625,139.2421875,-1.0,-1.0,332.53521728515625,130.2578125
321.71832275390625,144.6328125,348.76055908203125,148.2265625,357.774658203125,146.4296875,368.591552734375,180.5703125,-1.0,-1.0,339.7464904785156,150.0234375,334.3380126953125,185.9609375,318.1126708984375,205.7265625,355.9718322753906,211.1171875,354.16900634765625,263.2265625,354.16900634765625,313.5390625,339.7464904785156,211.1171875,323.5211181640625,261.4296875,325.3239440917969,311.7421875,316.3098449707031,144.6328125,323.5211181640625,139.2421875,-1.0,-1.0,332.53521728515625,130.2578125
321.71832275390625,146.4296875,348.76055908203125,148.2265625,357.774658203125,148.2265625,368.591552734375,180.5703125,-1.0,-1.0,339.7464904785156,151.8203125,336.1408386230469,184.1640625,319.9154968261719,205.7265625,355.9718322753906,211.1171875,354.16900634765625,263.2265625,355.9718322753906,313.5390625,339.7464904785156,211.1171875,323.5211181640625,261.4296875,325.3239440917969,311.7421875,316.3098449707031,146.4296875,321.71832275390625,141.0390625,-1.0,-1.0,330.7323913574219,130.2578125
321.71832275390625,146.4296875,348.76055908203125,148.2265625,357.774658203125,148.2265625,368.591552734375,180.5703125,-1.0,-1.0,339.7464904785156,151.8203125,336.1408386230469,184.1640625,319.9154968261719,207.5234375,355.9718322753906,211.1171875,354.16900634765625,263.2265625,355.9718322753906,313.5390625,339.7464904785156,209.3203125,323.5211181640625,259.6328125,325.3239440917969,311.7421875,318.1126708984375,146.4296875,321.71832275390625,141.0390625,-1.0,-1.0,330.7323913574219,130.2578125
321.71832275390625,146.4296875,348.76055908203125,148.2265625,357.774658203125,148.2265625,368.591552734375,180.5703125,-1.0,-1.0,339.7464904785156,151.8203125,336.1408386230469,185.9609375,319.9154968261719,207.5234375,355.9718322753906,211.1171875,354.16900634765625,263.2265625,355.9718322753906,313.5390625,339.7464904785156,211.1171875,323.5211181640625,261.4296875,325.3239440917969,311.7421875,318.1126708984375,146.4296875,321.71832275390625,141.0390625,-1.0,-1.0,330.7323913574219,130.2578125
321.71832275390625,146.4296875,348.76055908203125,148.2265625,357.774658203125,148.2265625,368.591552734375,180.5703125,-1.0,-1.0,339.7464904785156,151.8203125,336.1408386230469,185.9609375,319.9154968261719,207.5234375,355.9718322753906,211.1171875,352.3662109375,263.2265625,355.9718322753906,313.5390625,339.7464904785156,211.1171875,323.5211181640625,261.4296875,325.3239440917969,311.7421875,318.1126708984375,146.4296875,321.71832275390625,141.0390625,-1.0,-1.0,330.7323913574219,130.2578125
321.71832275390625,146.4296875,348.76055908203125,148.2265625,355.9718322753906,146.4296875,-1.0,-1.0,-1.0,-1.0,341.5492858886719,151.8203125,336.1408386230469,185.9609375,319.9154968261719,207.5234375,355.9718322753906,211.1171875,352.3662109375,263.2265625,355.9718322753906,313.5390625,339.7464904785156,211.1171875,323.5211181640625,261.4296875,327.12677001953125,311.7421875,318.1126708984375,146.4296875,321.71832275390625,141.0390625,-1.0,-1.0,330.7323913574219,132.0546875
321.71832275390625,146.4296875,348.76055908203125,148.2265625,355.9718322753906,146.4296875,-1.0,-1.0,-1.0,-1.0,341.5492858886719,150.0234375,337.94366455078125,185.9609375,319.9154968261719,207.5234375,355.9718322753906,211.1171875,354.16900634765625,263.2265625,355.9718322753906,313.5390625,339.7464904785156,211.1171875,323.5211181640625,261.4296875,325.3239440917969,311.7421875,318.1126708984375,146.4296875,321.71832275390625,141.0390625,-1.0,-1.0,330.7323913574219,132.0546875
321.71832275390625,146.4296875,348.76055908203125,148.2265625,355.9718322753906,146.4296875,-1.0,-1.0,-1.0,-1.0,341.5492858886719,150.0234375,337.94366455078125,185.9609375,321.71832275390625,207.5234375,355.9718322753906,211.1171875,352.3662109375,263.2265625,355.9718322753906,311.7421875,339.7464904785156,211.1171875,323.5211181640625,261.4296875,327.12677001953125,311.7421875,318.1126708984375,146.4296875,321.71832275390625,141.0390625,-1.0,-1.0,332.53521728515625,130.2578125
321.71832275390625,146.4296875,348.76055908203125,148.2265625,355.9718322753906,146.4296875,-1.0,-1.0,-1.0,-1.0,341.5492858886719,150.0234375,337.94366455078125,185.9609375,321.71832275390625,207.5234375,355.9718322753906,211.1171875,354.16900634765625,263.2265625,355.9718322753906,311.7421875,339.7464904785156,211.1171875,323.5211181640625,261.4296875,325.3239440917969,311.7421875,318.1126708984375,146.4296875,321.71832275390625,141.0390625,-1.0,-1.0,332.53521728515625,130.2578125
321.71832275390625,146.4296875,348.76055908203125,148.2265625,355.9718322753906,146.4296875,-1.0,-1.0,-1.0,-1.0,341.5492858886719,150.0234375,337.94366455078125,185.9609375,321.71832275390625,207.5234375,355.9718322753906,211.1171875,354.16900634765625,263.2265625,355.9718322753906,311.7421875,339.7464904785156,211.1171875,323.5211181640625,261.4296875,325.3239440917969,311.7421875,318.1126708984375,146.4296875,321.71832275390625,141.0390625,-1.0,-1.0,332.53521728515625,130.2578125
321.71832275390625,146.4296875,348.76055908203125,148.2265625,355.9718322753906,146.4296875,-1.0,-1.0,-1.0,-1.0,341.5492858886719,150.0234375,337.94366455078125,185.9609375,321.71832275390625,205.7265625,355.9718322753906,211.1171875,354.16900634765625,263.2265625,355.9718322753906,311.7421875,339.7464904785156,211.1171875,323.5211181640625,261.4296875,325.3239440917969,311.7421875,318.1126708984375,146.4296875,323.5211181640625,141.0390625,-1.0,-1.0,332.53521728515625,130.2578125
321.71832275390625,146.4296875,348.76055908203125,148.2265625,355.9718322753906,146.4296875,-1.0,-1.0,-1.0,-1.0,341.5492858886719,150.0234375,337.94366455078125,185.9609375,321.71832275390625,205.7265625,355.9718322753906,211.1171875,354.16900634765625,263.2265625,355.9718322753906,313.5390625,339.7464904785156,211.1171875,323.5211181640625,261.4296875,325.3239440917969,311.7421875,316.3098449707031,144.6328125,321.71832275390625,141.0390625,-1.0,-1.0,332.53521728515625,130.2578125
321.71832275390625,146.4296875,348.76055908203125,148.2265625,355.9718322753906,146.4296875,368.591552734375,184.1640625,-1.0,-1.0,341.5492858886719,150.0234375,337.94366455078125,185.9609375,321.71832275390625,205.7265625,355.9718322753906,211.1171875,354.16900634765625,263.2265625,355.9718322753906,313.5390625,339.7464904785156,211.1171875,323.5211181640625,261.4296875,327.12677001953125,311.7421875,316.3098449707031,144.6328125,321.71832275390625,141.0390625,-1.0,-1.0,332.53521728515625,130.2578125
321.71832275390625,146.4296875,348.76055908203125,148.2265625,355.9718322753906,146.4296875,368.591552734375,184.1640625,-1.0,-1.0,341.5492858886719,150.0234375,337.94366455078125,185.9609375,321.71832275390625,205.7265625,355.9718322753906,212.9140625,354.16900634765625,263.2265625,355.9718322753906,313.5390625,339.7464904785156,211.1171875,323.5211181640625,261.4296875,327.12677001953125,311.7421875,316.3098449707031,144.6328125,321.71832275390625,141.0390625,-1.0,-1.0,332.53521728515625,130.2578125
321.71832275390625,146.4296875,348.76055908203125,148.2265625,355.9718322753906,146.4296875,368.591552734375,185.9609375,-1.0,-1.0,341.5492858886719,150.0234375,337.94366455078125,185.9609375,321.71832275390625,205.7265625,355.9718322753906,211.1171875,354.16900634765625,263.2265625,355.9718322753906,313.5390625,339.7464904785156,211.1171875,323.5211181640625,261.4296875,327.12677001953125,311.7421875,316.3098449707031,144.6328125,321.71832275390625,141.0390625,-1.0,-1.0,332.53521728515625,130.2578125
321.71832275390625,146.4296875,348.76055908203125,148.2265625,355.9718322753906,146.4296875,366.7887268066406,185.9609375,-1.0,-1.0,341.5492858886719,150.0234375,339.7464904785156,185.9609375,321.71832275390625,205.7265625,355.9718322753906,212.9140625,354.16900634765625,263.2265625,355.9718322753906,313.5390625,339.7464904785156,211.1171875,323.5211181640625,261.4296875,327.12677001953125,311.7421875,316.3098449707031,144.6328125,321.71832275390625,141.0390625,-1.0,-1.0,332.53521728515625,130.2578125
321.71832275390625,146.4296875,348.76055908203125,148.2265625,355.9718322753906,146.4296875,-1.0,-1.0,-1.0,-1.0,341.5492858886719,150.0234375,339.7464904785156,185.9609375,321.71832275390625,205.7265625,355.9718322753906,212.9140625,354.16900634765625,263.2265625,355.9718322753906,313.5390625,339.7464904785156,211.1171875,323.5211181640625,261.4296875,327.12677001953125,311.7421875,316.3098449707031,144.6328125,321.71832275390625,141.0390625,-1.0,-1.0,332.53521728515625,130.2578125
321.71832275390625,146.4296875,348.76055908203125,148.2265625,354.16900634765625,146.4296875,-1.0,-1.0,-1.0,-1.0,341.5492858886719,150.0234375,339.7464904785156,185.9609375,321.71832275390625,205.7265625,355.9718322753906,212.9140625,354.16900634765625,263.2265625,355.9718322753906,311.7421875,339.7464904785156,211.1171875,323.5211181640625,261.4296875,327.12677001953125,311.7421875,316.3098449707031,144.6328125,321.71832275390625,141.0390625,-1.0,-1.0,332.53521728515625,130.2578125
321.71832275390625,146.4296875,348.76055908203125,148.2265625,354.16900634765625,144.6328125,-1.0,-1.0,-1.0,-1.0,343.35211181640625,150.0234375,339.7464904785156,185.9609375,321.71832275390625,205.7265625,357.774658203125,212.9140625,354.16900634765625,263.2265625,355.9718322753906,313.5390625,339.7464904785156,211.1171875,323.5211181640625,263.2265625,327.12677001953125,311.7421875,316.3098449707031,146.4296875,321.71832275390625,141.0390625,-1.0,-1.0,332.53521728515625,130.2578125
321.71832275390625,146.4296875,348.76055908203125,148.2265625,354.16900634765625,144.6328125,-1.0,-1.0,-1.0,-1.0,343.35211181640625,150.0234375,341.5492858886719,185.9609375,323.5211181640625,205.7265625,357.774658203125,212.9140625,354.16900634765625,263.2265625,355.9718322753906,313.5390625,339.7464904785156,211.1171875,321.71832275390625,261.4296875,327.12677001953125,311.7421875,316.3098449707031,146.4296875,321.71832275390625,141.0390625,-1.0,-1.0,332.53521728515625,130.2578125
321.71832275390625,146.4296875,348.76055908203125,148.2265625,354.16900634765625,144.6328125,-1.0,-1.0,-1.0,-1.0,341.5492858886719,150.0234375,341.5492858886719,185.9609375,323.5211181640625,203.9296875,357.774658203125,212.9140625,354.16900634765625,263.2265625,355.9718322753906,311.7421875,339.7464904785156,211.1171875,323.5211181640625,263.2265625,327.12677001953125,311.7421875,316.3098449707031,146.4296875,321.71832275390625,141.0390625,-1.0,-1.0,332.53521728515625,130.2578125
321.71832275390625,146.4296875,348.76055908203125,148.2265625,354.16900634765625,146.4296875,-1.0,-1.0,-1.0,-1.0,343.35211181640625,150.0234375,341.5492858886719,184.1640625,323.5211181640625,203.9296875,357.774658203125,211.1171875,354.16900634765625,263.2265625,355.9718322753906,311.7421875,339.7464904785156,211.1171875,323.5211181640625,261.4296875,327.12677001953125,311.7421875,316.3098449707031,146.4296875,321.71832275390625,141.0390625,-1.0,-1.0,332.53521728515625,130.2578125
321.71832275390625,146.4296875,348.76055908203125,148.2265625,354.16900634765625,146.4296875,-1.0,-1.0,-1.0,-1.0,341.5492858886719,150.0234375,341.5492858886719,184.1640625,323.5211181640625,203.9296875,357.774658203125,211.1171875,354.16900634765625,263.2265625,355.9718322753906,311.7421875,339.7464904785156,211.1171875,323.5211181640625,263.2265625,327.12677001953125,311.7421875,316.3098449707031,146.4296875,321.71832275390625,141.0390625,-1.0,-1.0,332.53521728515625,130.2578125
321.71832275390625,146.4296875,348.76055908203125,148.2265625,354.16900634765625,144.6328125,-1.0,-1.0,-1.0,-1.0,343.35211181640625,150.0234375,343.35211181640625,184.1640625,323.5211181640625,203.9296875,357.774658203125,211.1171875,354.16900634765625,263.2265625,355.9718322753906,311.7421875,339.7464904785156,211.1171875,323.5211181640625,263.2265625,327.12677001953125,311.7421875,316.3098449707031,146.4296875,321.71832275390625,141.0390625,-1.0,-1.0,332.53521728515625,130.2578125
321.71832275390625,146.4296875,348.76055908203125,148.2265625,354.16900634765625,144.6328125,-1.0,-1.0,-1.0,-1.0,343.35211181640625,150.0234375,343.35211181640625,184.1640625,323.5211181640625,202.1328125,357.774658203125,211.1171875,354.16900634765625,263.2265625,355.9718322753906,311.7421875,339.7464904785156,211.1171875,323.5211181640625,263.2265625,327.12677001953125,311.7421875,316.3098449707031,146.4296875,321.71832275390625,141.0390625,-1.0,-1.0,332.53521728515625,130.2578125
321.71832275390625,146.4296875,348.76055908203125,148.2265625,354.16900634765625,144.6328125,-1.0,-1.0,-1.0,-1.0,343.35211181640625,150.0234375,343.35211181640625,184.1640625,323.5211181640625,202.1328125,357.774658203125,211.1171875,354.16900634765625,263.2265625,355.9718322753906,311.7421875,339.7464904785156,211.1171875,323.5211181640625,263.2265625,327.12677001953125,311.7421875,316.3098449707031,144.6328125,321.71832275390625,141.0390625,-1.0,-1.0,332.53521728515625,130.2578125
321.71832275390625,146.4296875,348.76055908203125,148.2265625,354.16900634765625,146.4296875,-1.0,-1.0,-1.0,-1.0,343.35211181640625,150.0234375,343.35211181640625,184.1640625,323.5211181640625,202.1328125,357.774658203125,211.1171875,354.16900634765625,263.2265625,355.9718322753906,311.7421875,339.7464904785156,211.1171875,323.5211181640625,263.2265625,327.12677001953125,311.7421875,316.3098449707031,144.6328125,321.71832275390625,141.0390625,-1.0,-1.0,332.53521728515625,130.2578125
321.71832275390625,146.4296875,348.76055908203125,148.2265625,354.16900634765625,144.6328125,-1.0,-1.0,-1.0,-1.0,343.35211181640625,150.0234375,343.35211181640625,182.3671875,323.5211181640625,200.3359375,357.774658203125,209.3203125,354.16900634765625,263.2265625,355.9718322753906,311.7421875,341.5492858886719,209.3203125,323.5211181640625,261.4296875,327.12677001953125,311.7421875,316.3098449707031,144.6328125,321.71832275390625,141.0390625,-1.0,-1.0,332.53521728515625,130.2578125
321.71832275390625,146.4296875,348.76055908203125,148.2265625,354.16900634765625,144.6328125,-1.0,-1.0,-1.0,-1.0,343.35211181640625,150.0234375,341.5492858886719,182.3671875,323.5211181640625,198.5390625,357.774658203125,209.3203125,354.16900634765625,263.2265625,355.9718322753906,313.5390625,341.5492858886719,209.3203125,323.5211181640625,261.4296875,327.12677001953125,311.7421875,316.3098449707031,144.6328125,321.71832275390625,141.0390625,-1.0,-1.0,334.3380126953125,130.2578125
321.71832275390625,144.6328125,348.76055908203125,148.2265625,355.9718322753906,146.4296875,-1.0,-1.0,-1.0,-1.0,343.35211181640625,150.0234375,341.5492858886719,180.5703125,323.5211181640625,196.7421875,357.774658203125,209.3203125,354.16900634765625,263.2265625,355.9718322753906,311.7421875,341.5492858886719,209.3203125,325.3239440917969,261.4296875,327.12677001953125,311.7421875,318.1126708984375,144.6328125,323.5211181640625,139.2421875,-1.0,-1.0,334.3380126953125,130.2578125
321.71832275390625,142.8359375,348.76055908203125,146.4296875,355.9718322753906,144.6328125,-1.0,-1.0,-1.0,-1.0,343.35211181640625,150.0234375,341.5492858886719,180.5703125,321.71832275390625,196.7421875,357.774658203125,209.3203125,354.16900634765625,263.2265625,355.9718322753906,313.5390625,341.5492858886719,209.3203125,325.3239440917969,261.4296875,327.12677001953125,311.7421875,318.1126708984375,142.8359375,323.5211181640625,139.2421875,-1.0,-1.0,334.3380126953125,130.2578125
321.71832275390625,142.8359375,348.76055908203125,148.2265625,355.9718322753906,144.6328125,-1.0,-1.0,-1.0,-1.0,343.35211181640625,150.0234375,341.5492858886719,180.5703125,321.71832275390625,194.9453125,357.774658203125,209.3203125,354.16900634765625,265.0234375,355.9718322753906,313.5390625,341.5492858886719,209.3203125,325.3239440917969,261.4296875,327.12677001953125,311.7421875,319.9154968261719,142.8359375,323.5211181640625,139.2421875,-1.0,-1.0,332.53521728515625,130.2578125
321.71832275390625,142.8359375,348.76055908203125,146.4296875,355.9718322753906,144.6328125,-1.0,-1.0,-1.0,-1.0,343.35211181640625,150.0234375,341.5492858886719,180.5703125,321.71832275390625,193.1484375,357.774658203125,209.3203125,354.16900634765625,265.0234375,354.16900634765625,313.5390625,341.5492858886719,209.3203125,325.3239440917969,263.2265625,327.12677001953125,311.7421875,318.1126708984375,142.8359375,321.71832275390625,139.2421875,-1.0,-1.0,332.53521728515625,132.0546875
321.71832275390625,142.8359375,348.76055908203125,146.4296875,355.9718322753906,144.6328125,-1.0,-1.0,-1.0,-1.0,343.35211181640625,150.0234375,341.5492858886719,180.5703125,321.71832275390625,193.1484375,359.57745361328125,209.3203125,354.16900634765625,265.0234375,354.16900634765625,313.5390625,341.5492858886719,209.3203125,325.3239440917969,263.2265625,327.12677001953125,311.7421875,318.1126708984375,142.8359375,321.71832275390625,139.2421875,-1.0,-1.0,332.53521728515625,130.2578125
319.9154968261719,142.8359375,348.76055908203125,146.4296875,354.16900634765625,144.6328125,-1.0,-1.0,-1.0,-1.0,343.35211181640625,150.0234375,341.5492858886719,180.5703125,319.9154968261719,193.1484375,359.57745361328125,209.3203125,355.9718322753906,265.0234375,354.16900634765625,313.5390625,341.5492858886719,209.3203125,325.3239440917969,263.2265625,327.12677001953125,311.7421875,318.1126708984375,141.0390625,321.71832275390625,139.2421875,-1.0,-1.0,332.53521728515625,130.2578125
319.9154968261719,142.8359375,348.76055908203125,146.4296875,355.9718322753906,144.6328125,-1.0,-1.0,-1.0,-1.0,343.35211181640625,150.0234375,341.5492858886719,178.7734375,319.9154968261719,193.1484375,359.57745361328125,209.3203125,355.9718322753906,265.0234375,355.9718322753906,313.5390625,341.5492858886719,209.3203125,325.3239440917969,263.2265625,327.12677001953125,313.5390625,316.3098449707031,141.0390625,319.9154968261719,139.2421875,-1.0,-1.0,332.53521728515625,130.2578125
319.9154968261719,142.8359375,348.76055908203125,146.4296875,355.9718322753906,144.6328125,-1.0,-1.0,-1.0,-1.0,343.35211181640625,150.0234375,341.5492858886719,178.7734375,318.1126708984375,194.9453125,359.57745361328125,209.3203125,355.9718322753906,265.0234375,355.9718322753906,313.5390625,341.5492858886719,209.3203125,325.3239440917969,263.2265625,327.12677001953125,313.5390625,316.3098449707031,142.8359375,319.9154968261719,139.2421875,-1.0,-1.0,332.53521728515625,130.2578125
319.9154968261719,142.8359375,348.76055908203125,146.4296875,355.9718322753906,144.6328125,-1.0,-1.0,-1.0,-1.0,343.35211181640625,150.0234375,341.5492858886719,178.7734375,316.3098449707031,194.9453125,359.57745361328125,207.5234375,355.9718322753906,265.0234375,355.9718322753906,313.5390625,341.5492858886719,207.5234375,325.3239440917969,263.2265625,327.12677001953125,313.5390625,318.1126708984375,141.0390625,319.9154968261719,139.2421875,-1.0,-1.0,332.53521728515625,130.2578125
321.71832275390625,142.8359375,350.5633850097656,146.4296875,355.9718322753906,144.6328125,-1.0,-1.0,-1.0,-1.0,343.35211181640625,150.0234375,339.7464904785156,178.7734375,318.1126708984375,193.1484375,359.57745361328125,207.5234375,355.9718322753906,263.2265625,354.16900634765625,313.5390625,341.5492858886719,207.5234375,325.3239440917969,263.2265625,327.12677001953125,313.5390625,319.9154968261719,142.8359375,321.71832275390625,139.2421875,-1.0,-1.0,332.53521728515625,132.0546875
321.71832275390625,142.8359375,348.76055908203125,146.4296875,355.9718322753906,144.6328125,-1.0,-1.0,-1.0,-1.0,343.35211181640625,150.0234375,339.7464904785156,180.5703125,314.5070495605469,193.1484375,359.57745361328125,207.5234375,355.9718322753906,263.2265625,354.16900634765625,313.5390625,341.5492858886719,207.5234375,325.3239440917969,263.2265625,327.12677001953125,313.5390625,318.1126708984375,142.8359375,321.71832275390625,139.2421875,-1.0,-1.0,332.53521728515625,132.0546875
321.71832275390625,142.8359375,348.76055908203125,146.4296875,355.9718322753906,144.6328125,-1.0,-1.0,-1.0,-1.0,343.35211181640625,150.0234375,339.7464904785156,180.5703125,312.7042236328125,193.1484375,357.774658203125,207.5234375,355.9718322753906,263.2265625,354.16900634765625,313.5390625,341.5492858886719,209.3203125,325.3239440917969,263.2265625,327.12677001953125,313.5390625,319.9154968261719,142.8359375,321.71832275390625,139.2421875,-1.0,-1.0,332.53521728515625,132.0546875
321.71832275390625,142.8359375,350.5633850097656,146.4296875,355.9718322753906,144.6328125,-1.0,-1.0,-1.0,-1.0,343.35211181640625,148.2265625,337.94366455078125,180.5703125,314.5070495605469,191.3515625,359.57745361328125,207.5234375,355.9718322753906,263.2265625,354.16900634765625,313.5390625,341.5492858886719,209.3203125,325.3239440917969,263.2265625,327.12677001953125,313.5390625,-1.0,-1.0,321.71832275390625,139.2421875,-1.0,-1.0,334.3380126953125,132.0546875
323.5211181640625,142.8359375,348.76055908203125,146.4296875,355.9718322753906,144.6328125,-1.0,-1.0,-1.0,-1.0,343.35211181640625,148.2265625,337.94366455078125,180.5703125,314.5070495605469,189.5546875,359.57745361328125,209.3203125,355.9718322753906,265.0234375,354.16900634765625,313.5390625,341.5492858886719,209.3203125,325.3239440917969,263.2265625,327.12677001953125,313.5390625,321.71832275390625,141.0390625,323.5211181640625,139.2421875,-1.0,-1.0,334.3380126953125,132.0546875
323.5211181640625,142.8359375,350.5633850097656,146.4296875,357.774658203125,144.6328125,-1.0,-1.0,-1.0,-1.0,343.35211181640625,148.2265625,336.1408386230469,180.5703125,312.7042236328125,191.3515625,359.57745361328125,209.3203125,355.9718322753906,265.0234375,354.16900634765625,313.5390625,341.5492858886719,209.3203125,325.3239440917969,263.2265625,327.12677001953125,313.5390625,321.71832275390625,142.8359375,323.5211181640625,139.2421875,-1.0,-1.0,334.3380126953125,132.0546875
323.5211181640625,142.8359375,350.5633850097656,146.4296875,357.774658203125,144.6328125,-1.0,-1.0,-1.0,-1.0,343.35211181640625,148.2265625,336.1408386230469,180.5703125,312.7042236328125,191.3515625,359.57745361328125,209.3203125,355.9718322753906,263.2265625,354.16900634765625,313.5390625,341.5492858886719,209.3203125,325.3239440917969,261.4296875,327.12677001953125,311.7421875,321.71832275390625,142.8359375,323.5211181640625,139.2421875,-1.0,-1.0,334.3380126953125,130.2578125
323.5211181640625,142.8359375,350.5633850097656,146.4296875,357.774658203125,144.6328125,-1.0,-1.0,-1.0,-1.0,343.35211181640625,148.2265625,336.1408386230469,180.5703125,312.7042236328125,191.3515625,359.57745361328125,209.3203125,355.9718322753906,263.2265625,355.9718322753906,311.7421875,341.5492858886719,209.3203125,325.3239440917969,263.2265625,327.12677001953125,311.7421875,321.71832275390625,142.8359375,323.5211181640625,139.2421875,-1.0,-1.0,334.3380126953125,130.2578125
323.5211181640625,141.0390625,350.5633850097656,146.4296875,357.774658203125,144.6328125,-1.0,-1.0,-1.0,-1.0,343.35211181640625,148.2265625,336.1408386230469,180.5703125,310.9013977050781,193.1484375,359.57745361328125,207.5234375,355.9718322753906,263.2265625,355.9718322753906,311.7421875,343.35211181640625,207.5234375,325.3239440917969,261.4296875,327.12677001953125,311.7421875,-1.0,-1.0,323.5211181640625,139.2421875,-1.0,-1.0,334.3380126953125,130.2578125
321.71832275390625,142.8359375,350.5633850097656,146.4296875,357.774658203125,146.4296875,-1.0,-1.0,-1.0,-1.0,343.35211181640625,148.2265625,336.1408386230469,180.5703125,312.7042236328125,193.1484375,359.57745361328125,207.5234375,355.9718322753906,263.2265625,355.9718322753906,311.7421875,343.35211181640625,207.5234375,325.3239440917969,261.4296875,327.12677001953125,311.7421875,319.9154968261719,141.0390625,321.71832275390625,139.2421875,-1.0,-1.0,334.3380126953125,132.0546875
318.1126708984375,142.8359375,352.3662109375,148.2265625,359.57745361328125,146.4296875,-1.0,-1.0,-1.0,-1.0,343.35211181640625,148.2265625,336.1408386230469,182.3671875,316.3098449707031,189.5546875,359.57745361328125,207.5234375,355.9718322753906,263.2265625,355.9718322753906,311.7421875,341.5492858886719,209.3203125,325.3239440917969,263.2265625,327.12677001953125,311.7421875,318.1126708984375,141.0390625,319.9154968261719,139.2421875,-1.0,-1.0,330.7323913574219,133.8515625
316.3098449707031,142.8359375,352.3662109375,148.2265625,359.57745361328125,146.4296875,-1.0,-1.0,-1.0,-1.0,341.5492858886719,150.0234375,337.94366455078125,182.3671875,312.7042236328125,193.1484375,359.57745361328125,207.5234375,355.9718322753906,263.2265625,355.9718322753906,311.7421875,341.5492858886719,209.3203125,325.3239440917969,263.2265625,327.12677001953125,311.7421875,-1.0,-1.0,318.1126708984375,139.2421875,-1.0,-1.0,327.12677001953125,135.6484375
-1.0,-1.0,352.3662109375,148.2265625,359.57745361328125,146.4296875,-1.0,-1.0,-1.0,-1.0,341.5492858886719,150.0234375,337.94366455078125,182.3671875,319.9154968261719,189.5546875,359.57745361328125,207.5234375,355.9718322753906,263.2265625,355.9718322753906,311.7421875,341.5492858886719,209.3203125,325.3239440917969,261.4296875,327.12677001953125,311.7421875,-1.0,-1.0,-1.0,-1.0,-1.0,-1.0,327.12677001953125,135.6484375
-1.0,-1.0,352.3662109375,148.2265625,359.57745361328125,146.4296875,-1.0,-1.0,-1.0,-1.0,339.7464904785156,151.8203125,337.94366455078125,182.3671875,321.71832275390625,189.5546875,359.57745361328125,209.3203125,355.9718322753906,263.2265625,355.9718322753906,311.7421875,341.5492858886719,209.3203125,325.3239440917969,263.2265625,327.12677001953125,311.7421875,-1.0,-1.0,-1.0,-1.0,-1.0,-1.0,327.12677001953125,135.6484375
-1.0,-1.0,352.3662109375,148.2265625,359.57745361328125,146.4296875,-1.0,-1.0,-1.0,-1.0,339.7464904785156,151.8203125,336.1408386230469,184.1640625,319.9154968261719,191.3515625,359.57745361328125,209.3203125,355.9718322753906,263.2265625,355.9718322753906,311.7421875,341.5492858886719,209.3203125,325.3239440917969,263.2265625,327.12677001953125,311.7421875,-1.0,-1.0,-1.0,-1.0,-1.0,-1.0,328.9295654296875,133.8515625
-1.0,-1.0,352.3662109375,148.2265625,359.57745361328125,146.4296875,-1.0,-1.0,-1.0,-1.0,-1.0,-1.0,-1.0,-1.0,-1.0,-1.0,359.57745361328125,209.3203125,355.9718322753906,263.2265625,355.9718322753906,311.7421875,341.5492858886719,209.3203125,325.3239440917969,263.2265625,327.12677001953125,311.7421875,-1.0,-1.0,-1.0,-1.0,-1.0,-1.0,-1.0,-1.0
-1.0,-1.0,352.3662109375,148.2265625,359.57745361328125,146.4296875,-1.0,-1.0,-1.0,-1.0,337.94366455078125,153.6171875,336.1408386230469,184.1640625,316.3098449707031,194.9453125,359.57745361328125,209.3203125,355.9718322753906,263.2265625,355.9718322753906,311.7421875,341.5492858886719,209.3203125,325.3239440917969,263.2265625,327.12677001953125,311.7421875,-1.0,-1.0,-1.0,-1.0,-1.0,-1.0,336.1408386230469,130.2578125
-1.0,-1.0,352.3662109375,148.2265625,359.57745361328125,146.4296875,-1.0,-1.0,-1.0,-1.0,337.94366455078125,153.6171875,336.1408386230469,184.1640625,318.1126708984375,193.1484375,359.57745361328125,209.3203125,355.9718322753906,265.0234375,355.9718322753906,311.7421875,341.5492858886719,209.3203125,325.3239440917969,263.2265625,327.12677001953125,311.7421875,-1.0,-1.0,-1.0,-1.0,-1.0,-1.0,334.3380126953125,132.0546875
-1.0,-1.0,352.3662109375,148.2265625,359.57745361328125,146.4296875,-1.0,-1.0,-1.0,-1.0,337.94366455078125,153.6171875,336.1408386230469,185.9609375,318.1126708984375,194.9453125,359.57745361328125,209.3203125,355.9718322753906,265.0234375,355.9718322753906,311.7421875,339.7464904785156,209.3203125,325.3239440917969,263.2265625,327.12677001953125,313.5390625,-1.0,-1.0,-1.0,-1.0,-1.0,-1.0,334.3380126953125,132.0546875
-1.0,-1.0,352.3662109375,148.2265625,359.57745361328125,146.4296875,-1.0,-1.0,-1.0,-1.0,337.94366455078125,153.6171875,337.94366455078125,185.9609375,318.1126708984375,194.9453125,359.57745361328125,209.3203125,355.9718322753906,265.0234375,355.9718322753906,311.7421875,339.7464904785156,209.3203125,325.3239440917969,263.2265625,327.12677001953125,311.7421875,-1.0,-1.0,-1.0,-1.0,-1.0,-1.0,334.3380126953125,132.0546875
-1.0,-1.0,352.3662109375,148.2265625,359.57745361328125,146.4296875,-1.0,-1.0,-1.0,-1.0,337.94366455078125,153.6171875,337.94366455078125,185.9609375,318.1126708984375,194.9453125,359.57745361328125,209.3203125,355.9718322753906,265.0234375,355.9718322753906,311.7421875,339.7464904785156,209.3203125,325.3239440917969,263.2265625,327.12677001953125,311.7421875,-1.0,-1.0,-1.0,-1.0,-1.0,-1.0,334.3380126953125,132.0546875
-1.0,-1.0,352.3662109375,148.2265625,359.57745361328125,146.4296875,-1.0,-1.0,-1.0,-1.0,337.94366455078125,153.6171875,336.1408386230469,185.9609375,318.1126708984375,196.7421875,359.57745361328125,209.3203125,355.9718322753906,265.0234375,355.9718322753906,311.7421875,339.7464904785156,209.3203125,325.3239440917969,263.2265625,327.12677001953125,311.7421875,-1.0,-1.0,-1.0,-1.0,-1.0,-1.0,336.1408386230469,130.2578125
-1.0,-1.0,352.3662109375,148.2265625,359.57745361328125,146.4296875,-1.0,-1.0,-1.0,-1.0,337.94366455078125,153.6171875,336.1408386230469,187.7578125,318.1126708984375,196.7421875,359.57745361328125,209.3203125,355.9718322753906,265.0234375,355.9718322753906,311.7421875,341.5492858886719,209.3203125,325.3239440917969,263.2265625,327.12677001953125,311.7421875,-1.0,-1.0,-1.0,-1.0,-1.0,-1.0,336.1408386230469,130.2578125
-1.0,-1.0,352.3662109375,148.2265625,359.57745361328125,146.4296875,-1.0,-1.0,-1.0,-1.0,337.94366455078125,153.6171875,336.1408386230469,187.7578125,312.7042236328125,200.3359375,359.57745361328125,209.3203125,355.9718322753906,265.0234375,355.9718322753906,311.7421875,341.5492858886719,209.3203125,325.3239440917969,263.2265625,327.12677001953125,313.5390625,-1.0,-1.0,-1.0,-1.0,-1.0,-1.0,336.1408386230469,130.2578125
-1.0,-1.0,352.3662109375,148.2265625,361.3802795410156,146.4296875,-1.0,-1.0,-1.0,-1.0,337.94366455078125,153.6171875,336.1408386230469,187.7578125,312.7042236328125,200.3359375,359.57745361328125,211.1171875,355.9718322753906,265.0234375,355.9718322753906,311.7421875,339.7464904785156,211.1171875,325.3239440917969,263.2265625,327.12677001953125,313.5390625,-1.0,-1.0,-1.0,-1.0,-1.0,-1.0,336.1408386230469,130.2578125
-1.0,-1.0,352.3662109375,148.2265625,361.3802795410156,146.4296875,-1.0,-1.0,-1.0,-1.0,337.94366455078125,153.6171875,334.3380126953125,187.7578125,312.7042236328125,200.3359375,359.57745361328125,209.3203125,355.9718322753906,265.0234375,355.9718322753906,311.7421875,341.5492858886719,211.1171875,325.3239440917969,265.0234375,327.12677001953125,313.5390625,-1.0,-1.0,-1.0,-1.0,-1.0,-1.0,336.1408386230469,130.2578125
-1.0,-1.0,352.3662109375,148.2265625,361.3802795410156,146.4296875,-1.0,-1.0,-1.0,-1.0,337.94366455078125,153.6171875,332.53521728515625,189.5546875,310.9013977050781,200.3359375,359.57745361328125,209.3203125,355.9718322753906,265.0234375,355.9718322753906,311.7421875,339.7464904785156,211.1171875,325.3239440917969,265.0234375,327.12677001953125,313.5390625,-1.0,-1.0,-1.0,-1.0,-1.0,-1.0,336.1408386230469,130.2578125
-1.0,-1.0,352.3662109375,148.2265625,361.3802795410156,148.2265625,-1.0,-1.0,-1.0,-1.0,337.94366455078125,153.6171875,332.53521728515625,189.5546875,309.0986022949219,200.3359375,359.57745361328125,211.1171875,355.9718322753906,265.0234375,355.9718322753906,311.7421875,339.7464904785156,211.1171875,325.3239440917969,265.0234375,327.12677001953125,313.5390625,-1.0,-1.0,-1.0,-1.0,-1.0,-1.0,336.1408386230469,130.2578125
-1.0,-1.0,352.3662109375,148.2265625,361.3802795410156,146.4296875,-1.0,-1.0,-1.0,-1.0,337.94366455078125,153.6171875,332.53521728515625,189.5546875,310.9013977050781,202.1328125,359.57745361328125,211.1171875,355.9718322753906,266.8203125,355.9718322753906,311.7421875,339.7464904785156,211.1171875,325.3239440917969,265.0234375,327.12677001953125,313.5390625,-1.0,-1.0,-1.0,-1.0,-1.0,-1.0,336.1408386230469,130.2578125
319.9154968261719,141.0390625,352.3662109375,148.2265625,361.3802795410156,146.4296875,-1.0,-1.0,-1.0,-1.0,337.94366455078125,151.8203125,332.53521728515625,189.5546875,312.7042236328125,202.1328125,359.57745361328125,211.1171875,355.9718322753906,265.0234375,355.9718322753906,311.7421875,339.7464904785156,211.1171875,325.3239440917969,265.0234375,327.12677001953125,313.5390625,318.1126708984375,141.0390625,325.3239440917969,135.6484375,-1.0,-1.0,336.1408386230469,128.4609375
321.71832275390625,141.0390625,352.3662109375,148.2265625,361.3802795410156,148.2265625,-1.0,-1.0,-1.0,-1.0,337.94366455078125,151.8203125,330.7323913574219,191.3515625,-1.0,-1.0,359.57745361328125,211.1171875,355.9718322753906,265.0234375,355.9718322753906,311.7421875,339.7464904785156,211.1171875,325.3239440917969,265.0234375,327.12677001953125,313.5390625,319.9154968261719,141.0390625,327.12677001953125,133.8515625,-1.0,-1.0,336.1408386230469,128.4609375
325.3239440917969,139.2421875,350.5633850097656,148.2265625,361.3802795410156,148.2265625,-1.0,-1.0,-1.0,-1.0,337.94366455078125,151.8203125,330.7323913574219,189.5546875,316.3098449707031,196.7421875,359.57745361328125,211.1171875,355.9718322753906,265.0234375,354.16900634765625,313.5390625,341.5492858886719,209.3203125,327.12677001953125,265.0234375,327.12677001953125,313.5390625,319.9154968261719,141.0390625,327.12677001953125,133.8515625,-1.0,-1.0,336.1408386230469,128.4609375
325.3239440917969,139.2421875,350.5633850097656,148.2265625,361.3802795410156,148.2265625,-1.0,-1.0,-1.0,-1.0,337.94366455078125,150.0234375,330.7323913574219,187.7578125,318.1126708984375,198.5390625,359.57745361328125,211.1171875,355.9718322753906,266.8203125,354.16900634765625,313.5390625,339.7464904785156,211.1171875,327.12677001953125,265.0234375,327.12677001953125,313.5390625,319.9154968261719,141.0390625,325.3239440917969,133.8515625,-1.0,-1.0,334.3380126953125,128.4609375
325.3239440917969,139.2421875,350.5633850097656,148.2265625,361.3802795410156,148.2265625,-1.0,-1.0,-1.0,-1.0,337.94366455078125,150.0234375,330.7323913574219,187.7578125,318.1126708984375,200.3359375,359.57745361328125,211.1171875,355.9718322753906,266.8203125,355.9718322753906,311.7421875,339.7464904785156,211.1171875,327.12677001953125,265.0234375,327.12677001953125,313.5390625,318.1126708984375,142.8359375,325.3239440917969,133.8515625,-1.0,-1.0,334.3380126953125,128.4609375
325.3239440917969,137.4453125,350.5633850097656,148.2265625,361.3802795410156,148.2265625,368.591552734375,180.5703125,-1.0,-1.0,337.94366455078125,150.0234375,328.9295654296875,187.7578125,316.3098449707031,200.3359375,359.57745361328125,211.1171875,355.9718322753906,266.8203125,355.9718322753906,311.7421875,339.7464904785156,211.1171875,327.12677001953125,265.0234375,327.12677001953125,313.5390625,-1.0,-1.0,325.3239440917969,132.0546875,-1.0,-1.0,334.3380126953125,128.4609375
325.3239440917969,137.4453125,348.76055908203125,148.2265625,361.3802795410156,148.2265625,-1.0,-1.0,-1.0,-1.0,337.94366455078125,148.2265625,328.9295654296875,187.7578125,316.3098449707031,198.5390625,357.774658203125,211.1171875,355.9718322753906,265.0234375,355.9718322753906,311.7421875,337.94366455078125,211.1171875,327.12677001953125,265.0234375,327.12677001953125,313.5390625,-1.0,-1.0,325.3239440917969,132.0546875,-1.0,-1.0,334.3380126953125,128.4609375
325.3239440917969,137.4453125,348.76055908203125,148.2265625,361.3802795410156,148.2265625,368.591552734375,182.3671875,-1.0,-1.0,336.1408386230469,150.0234375,327.12677001953125,187.7578125,316.3098449707031,202.1328125,357.774658203125,211.1171875,355.9718322753906,265.0234375,355.9718322753906,311.7421875,337.94366455078125,209.3203125,327.12677001953125,265.0234375,328.9295654296875,315.3359375,-1.0,-1.0,325.3239440917969,133.8515625,-1.0,-1.0,332.53521728515625,128.4609375
325.3239440917969,137.4453125,348.76055908203125,148.2265625,361.3802795410156,148.2265625,366.7887268066406,182.3671875,-1.0,-1.0,334.3380126953125,150.0234375,325.3239440917969,187.7578125,316.3098449707031,200.3359375,357.774658203125,211.1171875,355.9718322753906,265.0234375,355.9718322753906,311.7421875,337.94366455078125,209.3203125,327.12677001953125,265.0234375,328.9295654296875,313.5390625,-1.0,-1.0,325.3239440917969,132.0546875,-1.0,-1.0,330.7323913574219,128.4609375
323.5211181640625,137.4453125,346.9577331542969,148.2265625,361.3802795410156,148.2265625,366.7887268066406,182.3671875,-1.0,-1.0,332.53521728515625,150.0234375,323.5211181640625,185.9609375,316.3098449707031,200.3359375,357.774658203125,209.3203125,355.9718322753906,265.0234375,355.9718322753906,311.7421875,337.94366455078125,209.3203125,327.12677001953125,265.0234375,328.9295654296875,313.5390625,-1.0,-1.0,325.3239440917969,132.0546875,-1.0,-1.0,330.7323913574219,128.4609375
323.5211181640625,137.4453125,346.9577331542969,148.2265625,361.3802795410156,148.2265625,366.7887268066406,182.3671875,-1.0,-1.0,332.53521728515625,150.0234375,323.5211181640625,185.9609375,312.7042236328125,196.7421875,355.9718322753906,209.3203125,355.9718322753906,265.0234375,355.9718322753906,311.7421875,336.1408386230469,209.3203125,327.12677001953125,265.0234375,328.9295654296875,313.5390625,-1.0,-1.0,325.3239440917969,132.0546875,-1.0,-1.0,330.7323913574219,128.4609375
321.71832275390625,137.4453125,345.1549377441406,148.2265625,359.57745361328125,146.4296875,366.7887268066406,180.5703125,-1.0,-1.0,330.7323913574219,148.2265625,323.5211181640625,185.9609375,312.7042236328125,198.5390625,355.9718322753906,211.1171875,355.9718322753906,265.0234375,355.9718322753906,311.7421875,336.1408386230469,209.3203125,327.12677001953125,265.0234375,328.9295654296875,311.7421875,316.3098449707031,137.4453125,323.5211181640625,132.0546875,-1.0,-1.0,330.7323913574219,128.4609375
319.9154968261719,137.4453125,345.1549377441406,148.2265625,357.774658203125,146.4296875,366.7887268066406,180.5703125,-1.0,-1.0,328.9295654296875,148.2265625,321.71832275390625,185.9609375,312.7042236328125,200.3359375,354.16900634765625,211.1171875,355.9718322753906,265.0234375,355.9718322753906,311.7421875,334.3380126953125,211.1171875,325.3239440917969,265.0234375,328.9295654296875,313.5390625,-1.0,-1.0,321.71832275390625,132.0546875,-1.0,-1.0,328.9295654296875,128.4609375
319.9154968261719,137.4453125,343.35211181640625,148.2265625,357.774658203125,148.2265625,366.7887268066406,180.5703125,-1.0,-1.0,327.12677001953125,148.2265625,319.9154968261719,184.1640625,310.9013977050781,203.9296875,354.16900634765625,209.3203125,354.16900634765625,263.2265625,355.9718322753906,311.7421875,332.53521728515625,211.1171875,325.3239440917969,263.2265625,328.9295654296875,313.5390625,-1.0,-1.0,319.9154968261719,132.0546875,-1.0,-1.0,328.9295654296875,128.4609375
316.3098449707031,135.6484375,339.7464904785156,148.2265625,355.9718322753906,150.0234375,363.18310546875,180.5703125,-1.0,-1.0,323.5211181640625,150.0234375,316.3098449707031,187.7578125,-1.0,-1.0,352.3662109375,211.1171875,354.16900634765625,263.2265625,355.9718322753906,311.7421875,330.7323913574219,211.1171875,325.3239440917969,265.0234375,328.9295654296875,313.5390625,-1.0,-1.0,318.1126708984375,130.2578125,-1.0,-1.0,323.5211181640625,128.4609375
316.3098449707031,135.6484375,339.7464904785156,150.0234375,355.9718322753906,150.0234375,363.18310546875,180.5703125,-1.0,-1.0,323.5211181640625,150.0234375,316.3098449707031,187.7578125,-1.0,-1.0,352.3662109375,211.1171875,354.16900634765625,263.2265625,355.9718322753906,311.7421875,330.7323913574219,211.1171875,325.3239440917969,263.2265625,328.9295654296875,311.7421875,-1.0,-1.0,318.1126708984375,130.2578125,-1.0,-1.0,323.5211181640625,128.4609375
316.3098449707031,135.6484375,339.7464904785156,150.0234375,355.9718322753906,150.0234375,363.18310546875,180.5703125,-1.0,-1.0,323.5211181640625,150.0234375,316.3098449707031,189.5546875,-1.0,-1.0,352.3662109375,211.1171875,354.16900634765625,263.2265625,355.9718322753906,311.7421875,330.7323913574219,211.1171875,325.3239440917969,263.2265625,330.7323913574219,313.5390625,-1.0,-1.0,318.1126708984375,130.2578125,-1.0,-1.0,323.5211181640625,128.4609375
316.3098449707031,135.6484375,337.94366455078125,148.2265625,354.16900634765625,148.2265625,363.18310546875,180.5703125,354.16900634765625,196.7421875,321.71832275390625,150.0234375,314.5070495605469,187.7578125,-1.0,-1.0,350.5633850097656,209.3203125,352.3662109375,259.6328125,355.9718322753906,309.9453125,328.9295654296875,211.1171875,325.3239440917969,261.4296875,330.7323913574219,311.7421875,-1.0,-1.0,316.3098449707031,130.2578125,-1.0,-1.0,321.71832275390625,128.4609375
314.3098449707031,135.6484375,337.7464904785156,150.0234375,352.16900634765625,148.2265625,362.98590087890625,178.7734375,352.16900634765625,196.7421875,321.5211181640625,150.0234375,312.5070495605469,187.7578125,-1.0,-1.0,350.3662109375,209.3203125,350.3662109375,261.4296875,353.9718322753906,311.7421875,326.9295654296875,211.1171875,325.12677001953125,265.0234375,328.7323913574219,313.5390625,-1.0,-1.0,316.1126708984375,130.2578125,-1.0,-1.0,319.71832275390625,128.4609375
313.125,136.58203125,336.59722900390625,147.41015625,351.0416564941406,147.41015625,361.875,178.08984375,349.2361145019531,196.13671875,320.34722900390625,149.21484375,309.5138854980469,185.30859375,-1.0,-1.0,349.2361145019531,206.96484375,351.0416564941406,261.10546875,354.65277099609375,311.63671875,327.5694580078125,208.76953125,323.9583435058594,264.71484375,329.375,315.24609375,-1.0,-1.0,313.125,129.36328125,332.9861145019531,125.75390625,318.5416564941406,127.55859375
312.0411071777344,134.77734375,335.5479431152344,149.21484375,350.0137023925781,149.21484375,360.8630065917969,179.89453125,348.2054748535156,196.13671875,317.46575927734375,149.21484375,308.4246520996094,187.11328125,306.6164245605469,208.76953125,348.2054748535156,208.76953125,350.0137023925781,261.10546875,355.4383544921875,311.63671875,324.6986389160156,208.76953125,324.6986389160156,264.71484375,330.123291015625,315.24609375,-1.0,-1.0,312.0411071777344,129.36328125,331.9315185546875,123.94921875,317.46575927734375,127.55859375
-1.0,-1.0,333.5479431152344,149.0234375,349.8219299316406,149.0234375,358.8630065917969,177.7734375,346.2054748535156,195.7421875,315.46575927734375,149.0234375,308.2328796386719,186.7578125,302.8082275390625,206.5234375,346.2054748535156,208.3203125,349.8219299316406,260.4296875,355.24658203125,310.7421875,322.6986389160156,210.1171875,324.5068359375,262.2265625,329.9315185546875,312.5390625,-1.0,-1.0,-1.0,-1.0,331.7397155761719,125.6640625,315.46575927734375,127.4609375
307.0400085449219,134.6484375,332.0533447265625,149.0234375,348.1333312988281,149.0234375,358.85333251953125,175.9765625,344.55999755859375,193.9453125,314.1866760253906,149.0234375,305.2533264160156,186.7578125,301.67999267578125,206.5234375,344.55999755859375,208.3203125,348.1333312988281,260.4296875,355.2799987792969,310.7421875,321.3333435058594,210.1171875,323.1199951171875,264.0234375,328.4800109863281,314.3359375,-1.0,-1.0,307.0400085449219,129.2578125,330.26666259765625,123.8671875,314.1866760253906,127.4609375
-1.0,-1.0,331.3599853515625,148.21484375,347.67999267578125,148.21484375,358.55999755859375,175.28515625,351.3066711425781,195.13671875,313.2266540527344,150.01953125,302.3466796875,187.91796875,-1.0,-1.0,344.0533447265625,207.76953125,347.67999267578125,258.30078125,354.933349609375,308.83203125,320.4800109863281,209.57421875,324.1066589355469,261.91015625,329.5466613769531,316.05078125,-1.0,-1.0,-1.0,-1.0,331.3599853515625,126.55859375,311.413330078125,128.36328125
306.8648681640625,135.58203125,330.4053955078125,148.21484375,346.70269775390625,148.21484375,357.56756591796875,175.28515625,352.1351318359375,196.94140625,310.4864807128906,150.01953125,301.43243408203125,189.72265625,-1.0,-1.0,343.0810852050781,207.76953125,346.70269775390625,256.49609375,353.9459533691406,308.83203125,319.54052734375,209.57421875,323.16217041015625,261.91015625,328.5946044921875,314.24609375,-1.0,-1.0,-1.0,-1.0,330.4053955078125,126.55859375,310.4864807128906,128.36328125
-1.0,-1.0,328.5466613769531,148.21484375,346.67999267578125,148.21484375,357.55999755859375,175.28515625,348.49334716796875,193.33203125,310.413330078125,150.01953125,299.5333251953125,187.91796875,-1.0,-1.0,343.0533447265625,207.76953125,344.8666687011719,256.49609375,353.933349609375,310.63671875,317.6666564941406,209.57421875,323.1066589355469,261.91015625,328.5466613769531,314.24609375,-1.0,-1.0,-1.0,-1.0,330.3599853515625,126.55859375,310.413330078125,128.36328125
-1.0,-1.0,327.5466613769531,150.01953125,345.67999267578125,148.21484375,356.55999755859375,175.28515625,352.933349609375,200.55078125,307.6000061035156,150.01953125,298.5333251953125,187.91796875,-1.0,-1.0,342.0533447265625,207.76953125,345.67999267578125,258.30078125,352.933349609375,312.44140625,318.4800109863281,209.57421875,322.1066589355469,260.10546875,329.3599853515625,314.24609375,-1.0,-1.0,-1.0,-1.0,329.3599853515625,128.36328125,309.413330078125,128.36328125
-1.0,-1.0,326.5946044921875,150.01953125,344.70269775390625,150.01953125,355.56756591796875,175.28515625,350.1351318359375,200.55078125,306.6756896972656,151.82421875,297.6216125488281,187.91796875,310.29730224609375,196.94140625,341.0810852050781,207.76953125,344.70269775390625,258.30078125,351.9459533691406,310.63671875,317.54052734375,209.57421875,322.97296142578125,261.91015625,328.4053955078125,310.63671875,-1.0,-1.0,-1.0,-1.0,330.2162170410156,128.36328125,308.4864807128906,128.36328125
-1.0,-1.0,324.73333740234375,150.01953125,344.67999267578125,150.01953125,355.55999755859375,175.28515625,346.49334716796875,196.94140625,306.6000061035156,151.82421875,295.7200012207031,187.91796875,-1.0,-1.0,341.0533447265625,207.76953125,344.67999267578125,256.49609375,351.933349609375,308.83203125,315.6666564941406,209.57421875,322.9200134277344,260.10546875,328.3599853515625,310.63671875,-1.0,-1.0,-1.0,-1.0,328.3599853515625,128.36328125,308.413330078125,128.36328125
-1.0,-1.0,323.73333740234375,150.01953125,343.67999267578125,150.01953125,354.55999755859375,175.28515625,347.3066711425781,198.74609375,305.6000061035156,151.82421875,294.7200012207031,187.91796875,-1.0,-1.0,340.0533447265625,207.76953125,343.67999267578125,256.49609375,350.933349609375,308.83203125,316.4800109863281,209.57421875,321.9200134277344,260.10546875,329.17333984375,310.63671875,-1.0,-1.0,-1.0,-1.0,329.17333984375,128.36328125,307.413330078125,128.36328125
-1.0,-1.0,322.73333740234375,150.01953125,342.67999267578125,150.01953125,353.55999755859375,177.08984375,346.3066711425781,198.74609375,304.6000061035156,151.82421875,293.7200012207031,187.91796875,-1.0,-1.0,340.8666687011719,205.96484375,342.67999267578125,254.69140625,351.7466735839844,308.83203125,315.4800109863281,209.57421875,320.9200134277344,258.30078125,328.17333984375,308.83203125,-1.0,-1.0,-1.0,-1.0,328.17333984375,128.36328125,306.413330078125,128.36328125
-1.0,-1.0,323.5946044921875,150.01953125,341.70269775390625,150.01953125,350.7567443847656,178.89453125,345.3243408203125,200.55078125,303.6756896972656,151.82421875,294.6216125488281,189.72265625,-1.0,-1.0,339.89190673828125,207.76953125,341.70269775390625,254.69140625,350.7567443847656,308.83203125,314.54052734375,209.57421875,319.97296142578125,258.30078125,327.2162170410156,308.83203125,-1.0,-1.0,-1.0,-1.0,327.2162170410156,128.36328125,305.4864807128906,128.36328125
-1.0,-1.0,323.5466613769531,150.01953125,341.67999267578125,150.01953125,350.7466735839844,177.08984375,347.1199951171875,200.55078125,303.6000061035156,151.82421875,294.5333251953125,189.72265625,-1.0,-1.0,339.8666687011719,207.76953125,341.67999267578125,254.69140625,350.7466735839844,307.02734375,314.4800109863281,209.57421875,319.9200134277344,258.30078125,327.17333984375,307.02734375,-1.0,-1.0,-1.0,-1.0,327.17333984375,128.36328125,305.413330078125,128.36328125
-1.0,-1.0,322.5466613769531,150.01953125,340.67999267578125,150.01953125,351.55999755859375,177.08984375,346.1199951171875,198.74609375,302.6000061035156,151.82421875,293.5333251953125,189.72265625,-1.0,-1.0,338.8666687011719,207.76953125,342.49334716796875,256.49609375,349.7466735839844,314.24609375,315.2933349609375,209.57421875,320.73333740234375,260.10546875,327.9866638183594,308.83203125,-1.0,-1.0,-1.0,-1.0,326.17333984375,128.36328125,306.2266540527344,128.36328125
-1.0,-1.0,321.5946044921875,150.01953125,341.5135192871094,150.01953125,350.56756591796875,180.69921875,345.1351318359375,200.55078125,301.6756896972656,151.82421875,294.43243408203125,189.72265625,-1.0,-1.0,339.70269775390625,207.76953125,341.5135192871094,258.30078125,348.7567443847656,312.44140625,314.3513488769531,211.37890625,319.7837829589844,260.10546875,328.83782958984375,308.83203125,-1.0,-1.0,-1.0,-1.0,325.2162170410156,128.36328125,305.29730224609375,128.36328125
-1.0,-1.0,321.5466613769531,150.01953125,341.49334716796875,150.01953125,350.55999755859375,180.69921875,346.933349609375,200.55078125,301.6000061035156,151.82421875,294.3466796875,189.72265625,-1.0,-1.0,339.67999267578125,207.76953125,341.49334716796875,258.30078125,346.933349609375,312.44140625,314.2933349609375,211.37890625,321.5466613769531,260.10546875,328.79998779296875,308.83203125,-1.0,-1.0,-1.0,-1.0,325.17333984375,128.36328125,305.2266540527344,128.36328125
-1.0,-1.0,322.3599853515625,150.01953125,340.49334716796875,150.01953125,349.55999755859375,180.69921875,347.7466735839844,200.55078125,302.413330078125,151.82421875,293.3466796875,189.72265625,306.0400085449219,196.94140625,338.67999267578125,207.76953125,340.49334716796875,256.49609375,347.7466735839844,310.63671875,315.1066589355469,209.57421875,320.5466613769531,258.30078125,329.61334228515625,308.83203125,-1.0,-1.0,-1.0,-1.0,324.17333984375,128.36328125,306.0400085449219,128.36328125
-1.0,-1.0,322.3599853515625,150.01953125,340.49334716796875,150.01953125,349.55999755859375,180.69921875,349.55999755859375,200.55078125,302.413330078125,151.82421875,293.3466796875,189.72265625,306.0400085449219,196.94140625,338.67999267578125,207.76953125,340.49334716796875,256.49609375,347.7466735839844,310.63671875,315.1066589355469,209.57421875,318.73333740234375,258.30078125,329.61334228515625,308.83203125,-1.0,-1.0,-1.0,-1.0,324.17333984375,128.36328125,306.0400085449219,128.36328125
-1.0,-1.0,322.3599853515625,151.82421875,340.49334716796875,150.01953125,349.55999755859375,180.69921875,351.37335205078125,200.55078125,300.6000061035156,151.82421875,293.3466796875,187.91796875,306.0400085449219,196.94140625,338.67999267578125,207.76953125,340.49334716796875,256.49609375,345.933349609375,310.63671875,315.1066589355469,209.57421875,318.73333740234375,258.30078125,329.61334228515625,310.63671875,-1.0,-1.0,-1.0,-1.0,324.17333984375,128.36328125,306.0400085449219,130.16796875
-1.0,-1.0,322.3599853515625,151.82421875,340.49334716796875,150.01953125,347.7466735839844,180.69921875,349.55999755859375,200.55078125,300.6000061035156,151.82421875,293.3466796875,187.91796875,306.0400085449219,196.94140625,338.67999267578125,207.76953125,340.49334716796875,256.49609375,345.933349609375,310.63671875,315.1066589355469,209.57421875,318.73333740234375,258.30078125,327.79998779296875,308.83203125,-1.0,-1.0,-1.0,-1.0,324.17333984375,128.36328125,306.0400085449219,130.16796875
-1.0,-1.0,322.3599853515625,151.82421875,340.49334716796875,150.01953125,347.7466735839844,178.89453125,349.55999755859375,200.55078125,300.6000061035156,151.82421875,293.3466796875,187.91796875,304.2266540527344,198.74609375,338.67999267578125,207.76953125,340.49334716796875,256.49609375,345.933349609375,312.44140625,315.1066589355469,209.57421875,318.73333740234375,258.30078125,329.61334228515625,310.63671875,-1.0,-1.0,-1.0,-1.0,325.9866638183594,130.16796875,306.0400085449219,130.16796875
-1.0,-1.0,322.3599853515625,150.01953125,340.49334716796875,150.01953125,349.55999755859375,178.89453125,349.55999755859375,200.55078125,300.6000061035156,151.82421875,293.3466796875,187.91796875,304.2266540527344,196.94140625,338.67999267578125,207.76953125,342.3066711425781,256.49609375,345.933349609375,312.44140625,315.1066589355469,209.57421875,318.73333740234375,258.30078125,329.61334228515625,310.63671875,-1.0,-1.0,-1.0,-1.0,325.9866638183594,130.16796875,306.0400085449219,130.16796875
-1.0,-1.0,322.3599853515625,151.82421875,340.49334716796875,150.01953125,349.55999755859375,180.69921875,349.55999755859375,200.55078125,300.6000061035156,151.82421875,293.3466796875,187.91796875,306.0400085449219,196.94140625,338.67999267578125,207.76953125,342.3066711425781,256.49609375,345.933349609375,312.44140625,315.1066589355469,209.57421875,318.73333740234375,258.30078125,329.61334228515625,310.63671875,-1.0,-1.0,-1.0,-1.0,325.9866638183594,130.16796875,306.0400085449219,130.16796875
-1.0,-1.0,322.3599853515625,151.82421875,340.49334716796875,150.01953125,349.55999755859375,180.69921875,349.55999755859375,200.55078125,300.6000061035156,151.82421875,293.3466796875,187.91796875,306.0400085449219,196.94140625,338.67999267578125,207.76953125,342.3066711425781,256.49609375,345.933349609375,312.44140625,315.1066589355469,209.57421875,318.73333740234375,258.30078125,329.61334228515625,310.63671875,-1.0,-1.0,-1.0,-1.0,325.9866638183594,130.16796875,306.0400085449219,130.16796875
-1.0,-1.0,322.3599853515625,151.82421875,340.49334716796875,150.01953125,349.55999755859375,178.89453125,349.55999755859375,200.55078125,300.6000061035156,151.82421875,293.3466796875,187.91796875,304.2266540527344,198.74609375,338.67999267578125,207.76953125,342.3066711425781,256.49609375,345.933349609375,312.44140625,315.1066589355469,209.57421875,318.73333740234375,258.30078125,329.61334228515625,312.44140625,-1.0,-1.0,-1.0,-1.0,322.3599853515625,128.36328125,304.2266540527344,130.16796875
-1.0,-1.0,322.3599853515625,151.82421875,340.49334716796875,150.01953125,349.55999755859375,178.89453125,351.37335205078125,200.55078125,300.6000061035156,151.82421875,293.3466796875,187.91796875,-1.0,-1.0,338.67999267578125,207.76953125,342.3066711425781,256.49609375,345.933349609375,312.44140625,315.1066589355469,209.57421875,318.73333740234375,258.30078125,329.61334228515625,312.44140625,-1.0,-1.0,-1.0,-1.0,322.3599853515625,128.36328125,304.2266540527344,130.16796875
-1.0,-1.0,320.5466613769531,151.82421875,340.49334716796875,150.01953125,349.55999755859375,178.89453125,351.37335205078125,200.55078125,300.6000061035156,151.82421875,293.3466796875,187.91796875,306.0400085449219,196.94140625,338.67999267578125,207.76953125,342.3066711425781,256.49609375,345.933349609375,312.44140625,315.1066589355469,209.57421875,318.73333740234375,258.30078125,329.61334228515625,312.44140625,-1.0,-1.0,-1.0,-1.0,322.3599853515625,128.36328125,304.2266540527344,130.16796875
-1.0,-1.0,320.5466613769531,151.82421875,340.49334716796875,150.01953125,349.55999755859375,178.89453125,349.55999755859375,200.55078125,300.6000061035156,151.82421875,293.3466796875,187.91796875,-1.0,-1.0,338.67999267578125,207.76953125,342.3066711425781,256.49609375,345.933349609375,312.44140625,315.1066589355469,209.57421875,318.73333740234375,258.30078125,329.61334228515625,312.44140625,-1.0,-1.0,-1.0,-1.0,322.3599853515625,128.36328125,304.2266540527344,130.16796875
-1.0,-1.0,320.5466613769531,151.82421875,340.49334716796875,150.01953125,349.55999755859375,178.89453125,351.37335205078125,200.55078125,300.6000061035156,151.82421875,291.5333251953125,187.91796875,-1.0,-1.0,338.67999267578125,207.76953125,342.3066711425781,258.30078125,345.933349609375,312.44140625,315.1066589355469,209.57421875,318.73333740234375,258.30078125,329.61334228515625,312.44140625,-1.0,-1.0,-1.0,-1.0,324.17333984375,128.36328125,304.2266540527344,130.16796875
-1.0,-1.0,322.3599853515625,151.82421875,340.49334716796875,150.01953125,349.55999755859375,180.69921875,351.37335205078125,202.35546875,300.6000061035156,151.82421875,293.3466796875,189.72265625,-1.0,-1.0,338.67999267578125,209.57421875,342.3066711425781,258.30078125,345.933349609375,314.24609375,315.1066589355469,211.37890625,318.73333740234375,260.10546875,329.61334228515625,312.44140625,-1.0,-1.0,-1.0,-1.0,324.17333984375,128.36328125,304.2266540527344,130.16796875
-1.0,-1.0,322.3599853515625,151.82421875,340.49334716796875,151.82421875,349.55999755859375,182.50390625,353.1866760253906,200.55078125,300.6000061035156,151.82421875,293.3466796875,189.72265625,-1.0,-1.0,338.67999267578125,209.57421875,342.3066711425781,258.30078125,345.933349609375,312.44140625,315.1066589355469,211.37890625,318.73333740234375,258.30078125,329.61334228515625,312.44140625,-1.0,-1.0,-1.0,-1.0,324.17333984375,128.36328125,304.2266540527344,128.36328125
-1.0,-1.0,322.3599853515625,151.82421875,340.49334716796875,150.01953125,349.55999755859375,182.50390625,353.1866760253906,200.55078125,300.6000061035156,151.82421875,293.3466796875,189.72265625,-1.0,-1.0,338.67999267578125,209.57421875,342.3066711425781,258.30078125,345.933349609375,312.44140625,315.1066589355469,211.37890625,318.73333740234375,258.30078125,329.61334228515625,312.44140625,-1.0,-1.0,-1.0,-1.0,324.17333984375,128.36328125,304.2266540527344,128.36328125
-1.0,-1.0,320.5466613769531,151.82421875,340.49334716796875,150.01953125,349.55999755859375,182.50390625,353.1866760253906,200.55078125,300.6000061035156,151.82421875,291.5333251953125,189.72265625,-1.0,-1.0,338.67999267578125,209.57421875,342.3066711425781,258.30078125,345.933349609375,314.24609375,315.1066589355469,211.37890625,318.73333740234375,260.10546875,329.61334228515625,312.44140625,-1.0,-1.0,-1.0,-1.0,325.9866638183594,128.36328125,306.0400085449219,128.36328125
-1.0,-1.0,320.5466613769531,151.82421875,340.49334716796875,150.01953125,349.55999755859375,182.50390625,353.1866760253906,200.55078125,300.6000061035156,151.82421875,291.5333251953125,189.72265625,-1.0,-1.0,338.67999267578125,209.57421875,342.3066711425781,258.30078125,345.933349609375,314.24609375,315.1066589355469,211.37890625,318.73333740234375,260.10546875,329.61334228515625,312.44140625,-1.0,-1.0,-1.0,-1.0,325.9866638183594,128.36328125,306.0400085449219,128.36328125
-1.0,-1.0,320.5466613769531,151.82421875,340.49334716796875,150.01953125,349.55999755859375,182.50390625,353.1866760253906,200.55078125,300.6000061035156,151.82421875,291.5333251953125,189.72265625,-1.0,-1.0,338.67999267578125,209.57421875,342.3066711425781,258.30078125,345.933349609375,314.24609375,315.1066589355469,211.37890625,318.73333740234375,260.10546875,329.61334228515625,312.44140625,-1.0,-1.0,-1.0,-1.0,325.9866638183594,128.36328125,306.0400085449219,130.16796875
-1.0,-1.0,320.5466613769531,151.82421875,340.49334716796875,150.01953125,349.55999755859375,182.50390625,353.1866760253906,200.55078125,300.6000061035156,151.82421875,291.5333251953125,189.72265625,-1.0,-1.0,338.67999267578125,209.57421875,342.3066711425781,258.30078125,345.933349609375,314.24609375,315.1066589355469,211.37890625,318.73333740234375,260.10546875,329.61334228515625,312.44140625,-1.0,-1.0,-1.0,-1.0,325.9866638183594,128.36328125,306.0400085449219,130.16796875
-1.0,-1.0,320.5466613769531,151.82421875,340.49334716796875,150.01953125,349.55999755859375,182.50390625,353.1866760253906,202.35546875,300.6000061035156,151.82421875,291.5333251953125,189.72265625,-1.0,-1.0,338.67999267578125,209.57421875,342.3066711425781,260.10546875,345.933349609375,314.24609375,315.1066589355469,211.37890625,318.73333740234375,260.10546875,329.61334228515625,312.44140625,-1.0,-1.0,-1.0,-1.0,325.9866638183594,128.36328125,306.0400085449219,130.16796875
-1.0,-1.0,320.5466613769531,150.01953125,340.49334716796875,150.01953125,349.55999755859375,182.50390625,353.1866760253906,202.35546875,298.78668212890625,151.82421875,296.97332763671875,182.50390625,-1.0,-1.0,338.67999267578125,209.57421875,342.3066711425781,260.10546875,345.933349609375,314.24609375,315.1066589355469,211.37890625,318.73333740234375,260.10546875,329.61334228515625,312.44140625,-1.0,-1.0,-1.0,-1.0,325.9866638183594,128.36328125,306.0400085449219,128.36328125
-1.0,-1.0,322.3599853515625,150.01953125,342.3066711425781,150.01953125,349.55999755859375,182.50390625,353.1866760253906,200.55078125,300.6000061035156,150.01953125,300.6000061035156,180.69921875,-1.0,-1.0,338.67999267578125,207.76953125,342.3066711425781,260.10546875,345.933349609375,314.24609375,315.1066589355469,209.57421875,318.73333740234375,260.10546875,329.61334228515625,312.44140625,-1.0,-1.0,-1.0,-1.0,325.9866638183594,128.36328125,306.0400085449219,128.36328125
-1.0,-1.0,322.3599853515625,150.01953125,342.3066711425781,150.01953125,349.55999755859375,182.50390625,353.1866760253906,202.35546875,302.413330078125,150.01953125,302.413330078125,187.91796875,-1.0,-1.0,338.67999267578125,207.76953125,342.3066711425781,260.10546875,345.933349609375,314.24609375,315.1066589355469,209.57421875,318.73333740234375,260.10546875,329.61334228515625,312.44140625,-1.0,-1.0,-1.0,-1.0,325.9866638183594,128.36328125,306.0400085449219,128.36328125
-1.0,-1.0,322.3599853515625,150.01953125,342.3066711425781,151.82421875,349.55999755859375,182.50390625,353.1866760253906,202.35546875,302.413330078125,150.01953125,307.85333251953125,182.50390625,-1.0,-1.0,338.67999267578125,207.76953125,342.3066711425781,260.10546875,345.933349609375,314.24609375,315.1066589355469,209.57421875,320.5466613769531,261.91015625,329.61334228515625,312.44140625,-1.0,-1.0,-1.0,-1.0,325.9866638183594,128.36328125,304.2266540527344,130.16796875
-1.0,-1.0,322.3599853515625,150.01953125,342.3066711425781,151.82421875,351.37335205078125,184.30859375,353.1866760253906,202.35546875,302.413330078125,148.21484375,309.6666564941406,184.30859375,-1.0,-1.0,338.67999267578125,207.76953125,342.3066711425781,260.10546875,345.933349609375,314.24609375,315.1066589355469,209.57421875,320.5466613769531,261.91015625,327.79998779296875,312.44140625,-1.0,-1.0,-1.0,-1.0,325.9866638183594,126.55859375,306.0400085449219,128.36328125
-1.0,-1.0,320.5466613769531,150.01953125,340.49334716796875,150.01953125,351.37335205078125,186.11328125,353.1866760253906,204.16015625,300.6000061035156,150.01953125,-1.0,-1.0,-1.0,-1.0,338.67999267578125,209.57421875,342.3066711425781,260.10546875,345.933349609375,312.44140625,313.2933349609375,211.37890625,320.5466613769531,263.71484375,329.61334228515625,312.44140625,-1.0,-1.0,-1.0,-1.0,325.9866638183594,126.55859375,306.0400085449219,128.36328125
-1.0,-1.0,322.3599853515625,150.01953125,340.49334716796875,150.01953125,351.37335205078125,184.30859375,351.37335205078125,202.35546875,302.413330078125,150.01953125,-1.0,-1.0,-1.0,-1.0,338.67999267578125,209.57421875,342.3066711425781,260.10546875,345.933349609375,312.44140625,311.4800109863281,211.37890625,320.5466613769531,263.71484375,329.61334228515625,312.44140625,-1.0,-1.0,-1.0,-1.0,327.79998779296875,126.55859375,309.6666564941406,128.36328125
-1.0,-1.0,329.61334228515625,148.21484375,340.49334716796875,148.21484375,349.55999755859375,180.69921875,345.933349609375,200.55078125,315.1066589355469,146.41015625,-1.0,-1.0,-1.0,-1.0,336.8666687011719,207.76953125,342.3066711425781,261.91015625,345.933349609375,312.44140625,311.4800109863281,213.18359375,320.5466613769531,263.71484375,329.61334228515625,312.44140625,-1.0,-1.0,-1.0,-1.0,325.9866638183594,126.55859375,311.4800109863281,126.55859375
