420.67010498046875,176.4609375,423.9690856933594,184.7421875,417.3711242675781,184.7421875,414.0721740722656,197.9921875,412.42266845703125,206.2734375,429.7422790527344,183.9140625,433.865966796875,197.1640625,433.865966796875,207.9296875,419.0206298828125,209.5859375,419.8453674316406,229.4609375,421.4948425292969,247.6796875,428.0927734375,209.5859375,427.2680358886719,230.2890625,428.0927734375,248.5078125,419.8453674316406,175.6328125,422.319580078125,174.8046875,-1.0,-1.0,424.7938232421875,175.6328125
421.4948425292969,175.6328125,423.9690856933594,183.9140625,417.3711242675781,184.7421875,414.0721740722656,196.3359375,411.5979309082031,205.4453125,430.5670166015625,183.9140625,434.69073486328125,196.3359375,433.865966796875,207.1015625,419.0206298828125,209.5859375,419.8453674316406,228.6328125,421.4948425292969,246.8515625,428.0927734375,209.5859375,427.2680358886719,229.4609375,427.2680358886719,246.0234375,420.67010498046875,174.8046875,423.1443176269531,173.9765625,419.0206298828125,174.8046875,425.6185607910156,175.6328125
422.9166564941406,176.48046875,423.75,184.00390625,417.0833435058594,184.00390625,413.75,196.54296875,412.0833435058594,206.57421875,431.25,184.00390625,434.5833435058594,196.54296875,434.5833435058594,207.41015625,418.75,209.91796875,420.4166564941406,229.98046875,422.9166564941406,248.37109375,428.75,209.91796875,427.9166564941406,229.98046875,428.75,248.37109375,421.25,174.80859375,423.75,174.80859375,419.5833435058594,175.64453125,426.25,175.64453125
422.9166564941406,176.48046875,424.5833435058594,184.00390625,417.0833435058594,184.00390625,413.75,197.37890625,412.9166564941406,208.24609375,432.0833435058594,184.00390625,435.4166564941406,197.37890625,435.4166564941406,207.41015625,419.5833435058594,209.91796875,420.4166564941406,230.81640625,423.75,249.20703125,428.75,209.91796875,428.75,230.81640625,429.5833435058594,248.37109375,422.0833435058594,174.80859375,425.4166564941406,174.80859375,420.4166564941406,174.80859375,427.0833435058594,175.64453125
423.75,176.48046875,424.5833435058594,184.83984375,417.0833435058594,184.83984375,412.9166564941406,197.37890625,412.9166564941406,207.41015625,432.0833435058594,184.83984375,436.25,197.37890625,435.4166564941406,207.41015625,419.5833435058594,209.91796875,421.25,229.98046875,423.75,247.53515625,429.5833435058594,209.91796875,429.5833435058594,229.14453125,429.5833435058594,246.69921875,422.0833435058594,174.80859375,425.4166564941406,174.80859375,420.4166564941406,174.80859375,427.9166564941406,175.64453125
425.0729064941406,175.86328125,425.0729064941406,184.37890625,417.3854064941406,184.37890625,412.2604064941406,195.44921875,418.2395935058594,193.74609375,432.7604064941406,184.37890625,436.1770935058594,196.30078125,437.03125,205.66796875,419.9479064941406,209.92578125,422.5104064941406,228.66015625,425.0729064941406,245.69140625,430.1979064941406,209.07421875,430.1979064941406,227.80859375,430.1979064941406,244.83984375,423.3645935058594,174.16015625,426.78125,174.16015625,421.65625,175.01171875,429.34375,175.01171875
425.9270935058594,175.86328125,425.9270935058594,184.37890625,418.2395935058594,185.23046875,413.1145935058594,196.30078125,414.8229064941406,207.37109375,433.6145935058594,184.37890625,437.03125,197.15234375,437.03125,205.66796875,420.8020935058594,209.92578125,422.5104064941406,228.66015625,425.0729064941406,245.69140625,431.0520935058594,209.92578125,430.1979064941406,228.66015625,430.1979064941406,245.69140625,424.21875,174.16015625,426.78125,174.16015625,421.65625,175.01171875,429.34375,175.01171875
426.1473693847656,175.9140625,427.0105285644531,185.3671875,419.2420959472656,185.3671875,414.92633056640625,198.2578125,416.6526184082031,206.8515625,434.7789306640625,185.3671875,437.368408203125,197.3984375,437.368408203125,208.5703125,421.8315734863281,211.1484375,423.5578918457031,229.1953125,427.0105285644531,245.5234375,431.3263244628906,210.2890625,430.4631652832031,229.1953125,430.4631652832031,245.5234375,424.4210510253906,174.1953125,427.8736877441406,174.1953125,422.6947326660156,175.0546875,430.4631652832031,175.9140625
426.1473693847656,175.0546875,427.0105285644531,185.3671875,418.3789367675781,185.3671875,414.06317138671875,198.2578125,415.7894592285156,207.7109375,434.7789306640625,185.3671875,438.2315673828125,198.2578125,437.368408203125,209.4296875,420.9684143066406,211.1484375,422.6947326660156,229.1953125,425.2842102050781,245.5234375,431.3263244628906,211.1484375,430.4631652832031,228.3359375,429.6000061035156,246.3828125,424.4210510253906,173.3359375,427.8736877441406,173.3359375,422.6947326660156,174.1953125,430.4631652832031,175.0546875
426.1473693847656,175.0546875,427.0105285644531,184.5078125,419.2420959472656,184.5078125,414.92633056640625,196.5390625,416.6526184082031,205.9921875,434.7789306640625,184.5078125,438.2315673828125,196.5390625,438.2315673828125,208.5703125,421.8315734863281,210.2890625,423.5578918457031,229.1953125,424.4210510253906,245.5234375,431.3263244628906,210.2890625,430.4631652832031,229.1953125,428.7368469238281,247.2421875,425.2842102050781,173.3359375,427.8736877441406,173.3359375,422.6947326660156,174.1953125,430.4631652832031,175.0546875
427.0105285644531,174.24609375,427.0105285644531,184.65234375,419.2420959472656,184.65234375,414.92633056640625,195.92578125,416.6526184082031,206.33203125,434.7789306640625,184.65234375,437.368408203125,196.79296875,439.0947265625,208.06640625,421.8315734863281,209.80078125,422.6947326660156,228.87890625,424.4210510253906,244.48828125,431.3263244628906,209.80078125,430.4631652832031,228.87890625,429.6000061035156,246.22265625,425.2842102050781,172.51171875,427.8736877441406,172.51171875,422.6947326660156,174.24609375,430.4631652832031,174.24609375
427.0105285644531,173.37890625,426.1473693847656,183.78515625,419.2420959472656,183.78515625,414.92633056640625,195.92578125,416.6526184082031,207.19921875,433.9158020019531,182.91796875,437.368408203125,195.92578125,439.0947265625,207.19921875,420.9684143066406,209.80078125,421.8315734863281,228.87890625,423.5578918457031,247.08984375,431.3263244628906,209.80078125,430.4631652832031,228.87890625,429.6000061035156,247.08984375,425.2842102050781,171.64453125,428.7368469238281,171.64453125,422.6947326660156,172.51171875,430.4631652832031,173.37890625
426.8085021972656,172.5625,426.8085021972656,183.0625,418.95745849609375,183.0625,414.5957336425781,196.1875,416.3404235839844,206.6875,434.6595764160156,183.0625,438.14892578125,196.1875,438.14892578125,206.6875,420.7021179199219,209.3125,422.4468078613281,228.5625,423.31915283203125,246.0625,431.17022705078125,209.3125,430.2978820800781,229.4375,430.2978820800781,246.9375,425.0638427734375,170.8125,427.68084716796875,170.8125,422.4468078613281,171.6875,430.2978820800781,172.5625
425.9361572265625,170.8125,425.9361572265625,181.3125,418.0851135253906,181.3125,413.723388671875,194.4375,416.3404235839844,207.5625,433.7872314453125,181.3125,438.14892578125,194.4375,438.14892578125,205.8125,420.7021179199219,208.4375,420.7021179199219,228.5625,423.31915283203125,245.1875,431.17022705078125,208.4375,429.425537109375,229.4375,430.2978820800781,246.9375,424.1914978027344,169.0625,427.68084716796875,169.0625,422.4468078613281,170.8125,429.425537109375,170.8125
424.1914978027344,170.8125,425.9361572265625,180.4375,418.0851135253906,180.4375,413.723388671875,193.5625,415.46807861328125,204.9375,432.9148864746094,180.4375,437.276611328125,193.5625,438.14892578125,205.8125,419.82977294921875,207.5625,420.7021179199219,228.5625,422.4468078613281,243.4375,430.2978820800781,207.5625,429.425537109375,229.4375,429.425537109375,246.9375,423.31915283203125,169.0625,425.9361572265625,169.0625,420.7021179199219,170.8125,428.5531921386719,169.9375
423.8947448730469,169.09765625,425.66314697265625,180.57421875,418.5894775390625,180.57421875,414.1684265136719,192.93359375,415.0526428222656,205.29296875,433.6210632324219,180.57421875,437.15789794921875,193.81640625,438.0421142578125,206.17578125,420.35791015625,207.05859375,420.35791015625,227.36328125,422.1263122558594,244.13671875,430.9684143066406,207.05859375,429.20001220703125,228.24609375,430.0841979980469,246.78515625,422.1263122558594,168.21484375,424.7789611816406,167.33203125,420.35791015625,169.98046875,428.3157958984375,168.21484375
422.8947448730469,169.09765625,424.66314697265625,179.69140625,416.70526123046875,179.69140625,412.2842102050781,192.05078125,414.0526428222656,203.52734375,432.6210632324219,179.69140625,436.15789794921875,192.93359375,437.0421142578125,204.41015625,419.35791015625,207.05859375,419.35791015625,228.24609375,421.1263122558594,245.90234375,429.9684143066406,206.17578125,429.0841979980469,228.24609375,429.0841979980469,246.78515625,422.0105285644531,167.33203125,423.7789611816406,167.33203125,419.35791015625,169.09765625,427.3157958984375,169.09765625
422.3917541503906,169.1484375,424.1649475097656,179.8359375,416.1855773925781,179.8359375,411.7525634765625,188.7421875,-1.0,-1.0,432.1443176269531,178.9453125,435.69073486328125,192.3046875,437.46392822265625,202.9921875,419.7319641113281,206.5546875,418.8453674316406,227.9296875,420.6185607910156,246.6328125,429.4845275878906,206.5546875,428.5979309082031,227.9296875,428.5979309082031,247.5234375,421.5051574707031,167.3671875,424.1649475097656,167.3671875,418.8453674316406,169.1484375,426.8247375488281,168.2578125
422.0520935058594,169.31640625,422.9479064941406,180.09765625,413.9895935058594,180.09765625,411.3020935058594,192.67578125,412.1979064941406,204.35546875,431.0104064941406,180.09765625,435.4895935058594,192.67578125,436.3854064941406,204.35546875,417.5729064941406,207.94921875,417.5729064941406,229.51171875,418.46875,249.27734375,429.21875,207.94921875,427.4270935058594,229.51171875,427.4270935058594,248.37890625,420.2604064941406,167.51953125,423.84375,167.51953125,417.5729064941406,169.31640625,426.53125,169.31640625
421.0520935058594,170.21484375,422.84375,180.99609375,413.8854064941406,180.99609375,411.1979064941406,192.67578125,412.09375,205.25390625,430.90625,180.99609375,435.3854064941406,193.57421875,436.28125,206.15234375,417.46875,208.84765625,416.5729064941406,229.51171875,417.46875,248.37890625,428.21875,207.94921875,427.3229064941406,229.51171875,426.4270935058594,247.48046875,420.15625,168.41796875,422.84375,168.41796875,417.46875,170.21484375,426.4270935058594,170.21484375
419.865966796875,170.296875,421.680419921875,181.171875,413.5154724121094,181.171875,409.8865966796875,193.859375,408.0721740722656,201.109375,429.8453674316406,181.171875,434.3814392089844,193.859375,434.3814392089844,206.546875,416.23712158203125,209.265625,416.23712158203125,230.109375,416.23712158203125,248.234375,428.0309143066406,209.265625,426.21649169921875,229.203125,425.30926513671875,248.234375,418.9587707519531,169.390625,421.680419921875,169.390625,417.1443176269531,170.296875,425.30926513671875,170.296875
419.368408203125,171.203125,422.0841979980469,182.078125,413.93682861328125,182.984375,411.2210388183594,194.765625,409.4105224609375,203.828125,429.3263244628906,182.078125,434.7579040527344,194.765625,433.8526306152344,205.640625,415.74737548828125,209.265625,415.74737548828125,230.109375,416.6526184082031,249.140625,426.61053466796875,209.265625,425.70526123046875,230.109375,425.70526123046875,248.234375,417.5578918457031,169.390625,420.273681640625,169.390625,415.74737548828125,171.203125,423.8947448730469,170.296875
418.625,171.30859375,421.375,182.27734375,413.125,182.27734375,410.375,195.07421875,408.5416564941406,203.30078125,429.625,182.27734375,433.2916564941406,194.16015625,433.2916564941406,204.21484375,414.9583435058594,209.69921875,414.9583435058594,230.72265625,416.7916564941406,249.91796875,425.9583435058594,209.69921875,425.0416564941406,229.80859375,425.0416564941406,248.08984375,417.7083435058594,169.48046875,420.4583435058594,169.48046875,414.9583435058594,171.30859375,423.2083435058594,170.39453125
417.625,170.39453125,420.375,181.36328125,413.0416564941406,181.36328125,410.2916564941406,194.16015625,407.5416564941406,201.47265625,428.625,181.36328125,432.2916564941406,194.16015625,433.2083435058594,203.30078125,413.9583435058594,209.69921875,413.9583435058594,231.63671875,416.7083435058594,250.83203125,425.875,209.69921875,424.9583435058594,230.72265625,424.9583435058594,249.00390625,416.7083435058594,168.56640625,419.4583435058594,168.56640625,414.875,170.39453125,423.125,170.39453125
417.1224365234375,169.48046875,419.8775634765625,180.44921875,411.61224365234375,180.44921875,407.93878173828125,193.24609375,407.0204162597656,203.30078125,428.1428527832031,180.44921875,431.8163146972656,193.24609375,431.8163146972656,204.21484375,413.448974609375,208.78515625,413.448974609375,230.72265625,416.2040710449219,251.74609375,425.38775634765625,208.78515625,424.4693908691406,230.72265625,425.38775634765625,249.00390625,416.2040710449219,167.65234375,418.95916748046875,167.65234375,413.448974609375,169.48046875,422.6326599121094,169.48046875
416.1224365234375,168.6640625,418.8775634765625,179.7265625,410.61224365234375,179.7265625,407.8571472167969,193.5546875,405.10205078125,201.8515625,426.2244873046875,179.7265625,430.8163146972656,192.6328125,429.89794921875,203.6953125,412.448974609375,208.3046875,412.448974609375,230.4296875,415.2040710449219,250.7109375,424.38775634765625,208.3046875,423.4693908691406,230.4296875,424.38775634765625,247.9453125,415.2040710449219,166.8203125,417.95916748046875,166.8203125,412.448974609375,167.7421875,421.6326599121094,168.6640625
414.70001220703125,167.7421875,417.4599914550781,178.8046875,410.1000061035156,178.8046875,406.4200134277344,192.6328125,404.5799865722656,200.9296875,425.739990234375,178.8046875,431.260009765625,191.7109375,431.260009765625,203.6953125,411.94000244140625,207.3828125,411.94000244140625,230.4296875,414.70001220703125,249.7890625,422.9800109863281,207.3828125,422.05999755859375,230.4296875,423.8999938964844,247.0234375,413.7799987792969,165.8984375,416.5400085449219,165.8984375,411.0199890136719,166.8203125,420.2200012207031,166.8203125
412.97979736328125,166.91796875,417.6262512207031,178.07421875,409.26263427734375,179.00390625,405.5454406738281,192.94921875,403.6868591308594,201.31640625,425.06060791015625,178.07421875,428.77777099609375,192.94921875,428.77777099609375,205.96484375,410.1919250488281,206.89453125,411.1212158203125,230.13671875,413.9090881347656,250.58984375,422.2727355957031,207.82421875,421.34344482421875,229.20703125,422.2727355957031,246.87109375,412.97979736328125,164.12890625,415.7676696777344,164.12890625,-1.0,-1.0,419.48486328125,165.98828125
413.9090881347656,165.05859375,415.7676696777344,177.14453125,406.4747619628906,178.07421875,403.6868591308594,191.08984375,403.6868591308594,201.31640625,424.1313171386719,177.14453125,427.8484802246094,192.01953125,427.8484802246094,206.89453125,410.1919250488281,206.89453125,411.1212158203125,229.20703125,413.9090881347656,249.66015625,421.34344482421875,206.89453125,421.34344482421875,229.20703125,421.34344482421875,245.94140625,412.0505065917969,163.19921875,415.7676696777344,163.19921875,410.1919250488281,165.98828125,418.5555419921875,165.05859375
411.97979736328125,164.12890625,413.83837890625,176.21484375,405.4747619628906,176.21484375,402.6868591308594,190.16015625,401.757568359375,199.45703125,423.1313171386719,175.28515625,426.8484802246094,191.08984375,425.919189453125,205.03515625,408.26263427734375,205.03515625,410.1212158203125,229.20703125,412.9090881347656,248.73046875,419.4141540527344,205.03515625,419.4141540527344,228.27734375,420.34344482421875,245.01171875,411.0505065917969,162.26953125,413.83837890625,162.26953125,409.1919250488281,164.12890625,417.5555419921875,164.12890625
411.15625,164.21875,412.09375,176.40625,403.65625,176.40625,400.84375,190.46875,399.90625,199.84375,421.46875,176.40625,426.15625,191.40625,424.28125,204.53125,406.46875,205.46875,408.34375,228.90625,410.21875,248.59375,417.71875,205.46875,417.71875,228.90625,418.65625,248.59375,409.28125,162.34375,413.03125,162.34375,407.40625,164.21875,415.84375,164.21875
408.92474365234375,163.43359375,409.8709716796875,175.72265625,401.3548278808594,175.72265625,396.6236572265625,188.95703125,396.6236572265625,199.35546875,419.3333435058594,175.72265625,425.0107421875,191.79296875,425.0107421875,204.08203125,404.19354248046875,205.02734375,406.0860290527344,228.66015625,408.92474365234375,249.45703125,415.54840087890625,205.02734375,415.54840087890625,228.66015625,416.49462890625,250.40234375,407.0322570800781,161.54296875,410.81719970703125,161.54296875,405.1397705078125,163.43359375,414.6021423339844,163.43359375
407.60870361328125,162.5859375,408.5652160644531,175.9296875,399.0,174.9765625,395.1739196777344,189.2734375,396.13043212890625,200.7109375,417.1739196777344,175.9296875,421.9565124511719,191.1796875,421.9565124511719,203.5703125,401.86956787109375,204.5234375,404.7391357421875,228.3515625,406.65216064453125,249.3203125,414.3043518066406,204.5234375,414.3043518066406,228.3515625,414.3043518066406,248.3671875,405.6956481933594,161.6328125,408.5652160644531,161.6328125,403.7826232910156,163.5390625,412.39129638671875,163.5390625
404.8571472167969,163.828125,405.8241882324219,175.453125,397.1208801269531,175.453125,392.28570556640625,189.015625,394.21978759765625,200.640625,414.5274658203125,175.453125,418.3955993652344,190.953125,418.3955993652344,203.546875,400.02197265625,205.484375,401.9560546875,228.734375,404.8571472167969,249.078125,410.6593322753906,205.484375,411.6263732910156,227.765625,412.5934143066406,249.078125,403.8901062011719,161.890625,406.79119873046875,161.890625,400.989013671875,163.828125,409.69232177734375,162.859375
403.0760803222656,163.99609375,404.0543518066406,176.69140625,396.228271484375,176.69140625,391.3369445800781,189.38671875,393.2934875488281,203.05859375,411.88043212890625,175.71484375,415.7934875488281,191.33984375,415.7934875488281,202.08203125,398.1847839355469,205.98828125,399.1630554199219,229.42578125,403.0760803222656,248.95703125,408.9456481933594,205.98828125,408.9456481933594,228.44921875,409.9239196777344,248.95703125,402.09783935546875,162.04296875,405.0325927734375,162.04296875,399.1630554199219,163.99609375,407.9674072265625,163.01953125
401.28570556640625,164.32421875,402.27471923828125,176.23046875,393.3736267089844,176.23046875,389.4175720214844,190.12109375,390.4065856933594,203.01953125,410.18682861328125,175.23828125,413.1538391113281,191.11328125,413.1538391113281,203.01953125,395.3516540527344,205.99609375,397.3296813964844,228.81640625,400.29669189453125,248.66015625,407.21978759765625,205.99609375,407.21978759765625,227.82421875,407.21978759765625,247.66796875,400.29669189453125,162.33984375,403.26373291015625,162.33984375,397.3296813964844,164.32421875,406.23077392578125,163.33203125
400.2247314453125,163.67578125,400.2247314453125,175.76953125,392.13482666015625,175.76953125,387.0786437988281,190.88671875,390.11236572265625,202.98046875,409.3258361816406,175.76953125,412.35955810546875,190.88671875,411.34832763671875,201.97265625,394.15728759765625,206.00390625,396.1797790527344,229.18359375,398.2022399902344,249.33984375,406.2921447753906,206.00390625,405.2808837890625,228.17578125,405.2808837890625,248.33203125,399.2134704589844,161.66015625,402.2471923828125,162.66796875,396.1797790527344,163.67578125,405.2808837890625,163.67578125
398.72528076171875,162.8359375,398.72528076171875,176.0390625,390.6373596191406,176.0390625,386.5934143066406,190.2578125,387.6044006347656,202.4453125,407.8241882324219,175.0234375,410.8571472167969,192.2890625,408.8351745605469,203.4609375,392.6593322753906,206.5078125,393.6703186035156,228.8515625,395.69232177734375,250.1796875,403.78021240234375,205.4921875,402.76922607421875,228.8515625,402.76922607421875,249.1640625,396.70330810546875,161.8203125,400.74725341796875,161.8203125,394.68133544921875,162.8359375,403.78021240234375,163.8515625
397.72528076171875,162.8515625,397.72528076171875,175.0390625,389.6373596191406,175.0390625,385.5934143066406,189.2578125,385.5934143066406,202.4609375,406.8241882324219,175.0390625,409.8571472167969,190.2734375,408.8461608886719,202.4609375,390.6483459472656,205.5078125,392.6703186035156,227.8515625,393.68133544921875,248.1640625,402.78021240234375,205.5078125,401.76922607421875,228.8671875,400.75823974609375,249.1796875,395.70330810546875,160.8203125,399.74725341796875,160.8203125,393.68133544921875,162.8515625,402.78021240234375,162.8515625
397.2257995605469,161.8359375,397.2257995605469,174.0234375,389.1397705078125,175.0390625,385.0967712402344,188.2421875,385.0967712402344,189.2578125,405.31182861328125,174.0234375,408.3440856933594,190.2734375,408.3440856933594,200.4296875,390.1505432128906,204.4921875,391.1612854003906,227.8515625,391.1612854003906,246.1328125,401.2688293457031,204.4921875,401.2688293457031,228.8671875,399.247314453125,250.1953125,395.20428466796875,159.8046875,398.236572265625,159.8046875,393.18280029296875,161.8359375,401.2688293457031,161.8359375
394.70330810546875,160.8203125,395.71429443359375,174.0234375,387.6263732910156,174.0234375,384.5934143066406,188.2421875,382.5714416503906,198.3984375,404.8132019042969,174.0234375,407.8461608886719,189.2578125,405.8241882324219,201.4453125,389.6483459472656,205.5078125,390.6593322753906,227.8515625,389.6483459472656,245.1171875,400.76922607421875,205.5078125,399.75823974609375,228.8671875,397.73626708984375,250.1953125,393.69232177734375,158.7890625,396.72528076171875,158.7890625,390.6593322753906,160.8203125,399.75823974609375,160.8203125
394.71429443359375,159.8046875,396.73626708984375,174.0234375,387.6373596191406,174.0234375,383.5934143066406,187.2265625,380.5604248046875,197.3828125,404.8241882324219,173.0078125,408.8681335449219,189.2578125,406.8461608886719,201.4453125,388.6483459472656,204.4921875,389.6593322753906,226.8359375,389.6593322753906,244.1015625,400.78021240234375,204.4921875,398.75823974609375,228.8671875,396.73626708984375,250.1953125,393.70330810546875,157.7734375,396.73626708984375,157.7734375,390.6703186035156,159.8046875,399.76922607421875,159.8046875
395.2257995605469,158.7890625,395.2257995605469,171.9921875,386.1290283203125,171.9921875,382.0860290527344,187.2265625,384.1075134277344,201.4453125,404.32257080078125,171.9921875,408.3656005859375,187.2265625,408.3656005859375,200.4296875,389.1612854003906,202.4609375,389.1612854003906,226.8359375,389.1612854003906,245.1171875,401.2903137207031,202.4609375,399.2688293457031,228.8671875,398.258056640625,250.1953125,393.20428466796875,156.7578125,397.247314453125,156.7578125,391.18280029296875,158.7890625,399.2688293457031,158.7890625
395.73626708984375,157.7890625,395.73626708984375,170.9921875,386.6373596191406,170.9921875,381.5824279785156,186.2265625,383.6044006347656,198.4140625,404.8351745605469,170.9921875,408.8791198730469,187.2421875,408.8791198730469,200.4453125,389.6703186035156,202.4765625,389.6703186035156,227.8671875,389.6703186035156,246.1484375,401.80218505859375,202.4765625,399.78021240234375,228.8828125,397.75823974609375,250.2109375,393.71429443359375,155.7578125,397.75823974609375,155.7578125,390.68133544921875,157.7890625,399.78021240234375,157.7890625
395.9456481933594,156.91015625,395.9456481933594,170.21484375,386.75,169.19140625,380.61956787109375,184.54296875,383.6847839355469,197.84765625,406.1630554199219,170.21484375,410.25,186.58984375,409.228271484375,198.87109375,390.8369445800781,201.94140625,390.8369445800781,227.52734375,391.85870361328125,247.99609375,403.09783935546875,201.94140625,401.0543518066406,228.55078125,399.0108642578125,250.04296875,394.9239196777344,154.86328125,397.9891357421875,154.86328125,391.85870361328125,156.91015625,401.0543518066406,156.91015625
396.9456481933594,156.91015625,397.9674072265625,170.21484375,387.75,170.21484375,382.64129638671875,184.54296875,384.6847839355469,197.84765625,407.1630554199219,170.21484375,411.25,186.58984375,413.2934875488281,201.94140625,391.8369445800781,201.94140625,391.8369445800781,227.52734375,392.85870361328125,251.06640625,404.09783935546875,201.94140625,402.0543518066406,228.55078125,400.0108642578125,251.06640625,395.9239196777344,154.86328125,398.9891357421875,154.86328125,392.85870361328125,156.91015625,402.0543518066406,156.91015625
397.6451721191406,157.046875,398.67742919921875,170.453125,389.3870849609375,170.453125,383.19354248046875,187.984375,386.2903137207031,198.296875,406.93548583984375,169.421875,411.06451416015625,186.953125,412.0967712402344,201.390625,391.45159912109375,202.421875,392.4838562011719,228.203125,392.4838562011719,249.859375,403.8387145996094,202.421875,402.80645751953125,229.234375,399.7096862792969,250.890625,395.5806579589844,154.984375,398.67742919921875,154.984375,393.51611328125,157.046875,401.7742004394531,157.046875
399.67742919921875,157.046875,398.6451721191406,169.421875,388.32257080078125,170.453125,384.19354248046875,186.953125,386.258056640625,200.359375,408.9677429199219,169.421875,412.06451416015625,185.921875,413.0967712402344,200.359375,392.45159912109375,202.421875,393.4838562011719,229.234375,394.51611328125,251.921875,404.8387145996094,202.421875,403.80645751953125,229.234375,400.7096862792969,250.890625,397.6129150390625,154.984375,400.7096862792969,154.984375,394.51611328125,157.046875,403.80645751953125,157.046875
401.9361572265625,157.18359375,400.89361572265625,170.69140625,391.5106506347656,170.69140625,386.2978820800781,187.31640625,387.3404235839844,200.82421875,410.276611328125,170.69140625,414.4468078613281,187.31640625,415.4893493652344,200.82421875,394.6383056640625,202.90234375,394.6383056640625,227.83984375,395.68084716796875,250.69921875,406.10638427734375,202.90234375,405.0638427734375,228.87890625,401.9361572265625,250.69921875,399.85107421875,155.10546875,402.9787292480469,155.10546875,395.68084716796875,157.18359375,405.0638427734375,157.18359375
401.89361572265625,158.22265625,401.89361572265625,170.69140625,391.46807861328125,170.69140625,387.2978820800781,185.23828125,386.25531005859375,199.78515625,412.31915283203125,170.69140625,417.53192138671875,186.27734375,418.574462890625,200.82421875,395.6383056640625,202.90234375,396.68084716796875,227.83984375,396.68084716796875,249.66015625,408.14892578125,202.90234375,405.0212707519531,228.87890625,401.89361572265625,249.66015625,400.85107421875,157.18359375,403.9787292480469,157.18359375,397.723388671875,158.22265625,407.10638427734375,158.22265625
403.631591796875,158.56640625,402.5789489746094,171.22265625,392.0526428222656,171.22265625,386.7894592285156,185.98828125,-1.0,-1.0,413.1052551269531,171.22265625,418.368408203125,187.04296875,419.4210510253906,198.64453125,396.2631530761719,203.91796875,397.3157958984375,227.12109375,399.4210510253906,250.32421875,408.8947448730469,203.91796875,404.6842041015625,227.12109375,403.631591796875,249.26953125,401.52630615234375,156.45703125,405.7368469238281,156.45703125,399.4210510253906,157.51171875,407.84210205078125,158.56640625
404.631591796875,158.56640625,403.5789489746094,171.22265625,393.0526428222656,171.22265625,388.84210205078125,187.04296875,387.7894592285156,202.86328125,414.1052551269531,171.22265625,419.368408203125,187.04296875,421.47369384765625,199.69921875,398.3157958984375,204.97265625,399.368408203125,230.28515625,401.47369384765625,252.43359375,409.8947448730469,204.97265625,406.7368469238281,229.23046875,404.631591796875,249.26953125,403.5789489746094,157.51171875,406.7368469238281,157.51171875,400.4210510253906,158.56640625,409.8947448730469,158.56640625
406.134033203125,158.56640625,405.08245849609375,171.22265625,394.5670166015625,171.22265625,390.36083984375,185.98828125,387.2061767578125,197.58984375,415.5979309082031,171.22265625,420.85565185546875,185.98828125,424.01031494140625,195.48046875,398.773193359375,203.91796875,400.87628173828125,229.23046875,402.9793701171875,252.43359375,411.3917541503906,203.91796875,408.23712158203125,228.17578125,406.134033203125,249.26953125,404.0309143066406,156.45703125,407.1855773925781,156.45703125,400.87628173828125,157.51171875,410.3402099609375,158.56640625
407.3404235839844,157.65625,406.276611328125,170.40625,396.7021179199219,170.40625,392.4468078613281,186.34375,388.1914978027344,195.90625,416.9148864746094,170.40625,421.17022705078125,185.28125,424.3616943359375,194.84375,399.89361572265625,203.34375,402.0212707519531,228.84375,403.0851135253906,251.15625,412.6595764160156,203.34375,409.46807861328125,228.84375,406.276611328125,250.09375,405.2127685546875,155.53125,409.46807861328125,156.59375,402.0212707519531,157.65625,411.5957336425781,157.65625
408.84375,156.59375,406.71875,169.34375,397.15625,170.40625,392.90625,186.34375,391.84375,201.21875,417.34375,169.34375,421.59375,185.28125,424.78125,194.84375,401.40625,203.34375,403.53125,228.84375,404.59375,253.28125,414.15625,203.34375,410.96875,228.84375,408.84375,250.09375,405.65625,154.46875,409.90625,154.46875,402.46875,156.59375,413.09375,156.59375
410.0841979980469,155.66015625,409.0105285644531,169.57421875,399.3473815917969,169.57421875,396.1263122558594,185.62890625,390.7579040527344,197.40234375,418.6736755371094,168.50390625,424.0421142578125,184.55859375,427.2631530761719,194.19140625,402.56842041015625,202.75390625,405.78948974609375,229.51171875,405.78948974609375,251.98828125,415.45263671875,203.82421875,414.3789367675781,229.51171875,410.0841979980469,249.84765625,407.93682861328125,153.51953125,411.15789794921875,153.51953125,404.7157897949219,155.66015625,413.3052673339844,155.66015625
411.0841979980469,154.7890625,410.0105285644531,168.8046875,399.273681640625,168.8046875,396.0526428222656,186.0546875,391.7579040527344,197.9140625,419.6736755371094,168.8046875,432.5578918457031,182.8203125,432.5578918457031,183.8984375,403.56842041015625,203.3046875,405.7157897949219,229.1796875,406.78948974609375,252.8984375,415.3789367675781,203.3046875,415.3789367675781,230.2578125,410.0105285644531,250.7421875,407.8631591796875,152.6328125,412.15789794921875,152.6328125,404.64208984375,154.7890625,414.3052673339844,154.7890625
412.375,153.83203125,411.2916564941406,167.94921875,400.4583435058594,167.94921875,396.125,184.23828125,395.0416564941406,197.26953125,421.0416564941406,167.94921875,430.7916564941406,180.98046875,434.0416564941406,185.32421875,404.7916564941406,201.61328125,406.9583435058594,229.84765625,406.9583435058594,254.82421875,417.7916564941406,202.69921875,417.7916564941406,230.93359375,413.4583435058594,249.39453125,411.2916564941406,151.66015625,414.5416564941406,151.66015625,406.9583435058594,153.83203125,416.7083435058594,153.83203125
414.4468078613281,153.07421875,413.3404235839844,167.39453125,403.3829650878906,167.39453125,397.85107421875,182.81640625,395.6383056640625,196.03515625,423.2978820800781,167.39453125,436.574462890625,185.01953125,438.7872314453125,197.13671875,406.7021179199219,202.64453125,407.8085021972656,231.28515625,407.8085021972656,254.41796875,419.9787292480469,203.74609375,418.8723449707031,230.18359375,416.6595764160156,251.11328125,412.2340393066406,150.87109375,416.6595764160156,150.87109375,407.8085021972656,151.97265625,419.9787292480469,153.07421875
415.4468078613281,153.3046875,414.3404235839844,167.7265625,403.276611328125,167.7265625,397.74468994140625,184.3671875,404.3829650878906,181.0390625,425.4042663574219,167.7265625,436.46807861328125,185.4765625,437.574462890625,198.7890625,407.7021179199219,203.2265625,407.7021179199219,232.0703125,408.8085021972656,255.3671875,422.0851135253906,203.2265625,420.9787292480469,230.9609375,418.7659606933594,253.1484375,413.2340393066406,151.0859375,417.6595764160156,151.0859375,408.8085021972656,153.3046875,420.9787292480469,153.3046875
417.8387145996094,153.43359375,415.6021423339844,167.95703125,404.4193420410156,167.95703125,397.7096862792969,182.48046875,406.6559143066406,178.01171875,426.7849426269531,167.95703125,437.9677429199219,184.71484375,437.9677429199219,201.47265625,408.8924865722656,202.58984375,408.8924865722656,231.63671875,410.0107421875,257.33203125,423.43011474609375,203.70703125,423.43011474609375,231.63671875,421.19354248046875,256.21484375,415.6021423339844,151.19921875,420.07525634765625,151.19921875,411.1290283203125,153.43359375,422.31182861328125,153.43359375
419.0638427734375,153.82421875,416.8085021972656,167.41796875,406.6595764160156,167.41796875,398.7659606933594,183.27734375,408.9148864746094,177.61328125,428.0851135253906,167.41796875,438.2340393066406,184.41015625,431.46807861328125,177.61328125,410.04254150390625,204.80078125,410.04254150390625,233.12109375,411.17022705078125,258.04296875,424.7021179199219,204.80078125,424.7021179199219,233.12109375,424.7021179199219,256.91015625,416.8085021972656,151.55859375,421.31915283203125,151.55859375,412.2978820800781,152.69140625,423.574462890625,153.82421875
420.3548278808594,154.1015625,418.07525634765625,167.7890625,407.81719970703125,167.7890625,400.9784851074219,184.8984375,411.236572265625,178.0546875,429.4731140136719,167.7890625,438.5914001464844,184.8984375,431.752685546875,178.0546875,411.236572265625,205.4296875,411.236572265625,233.9453125,412.3763427734375,259.0390625,426.05377197265625,204.2890625,427.19354248046875,232.8046875,428.3333435058594,259.0390625,418.07525634765625,151.8203125,422.6343994140625,151.8203125,413.51611328125,154.1015625,424.9139709472656,152.9609375
422.8723449707031,154.24609375,419.425537109375,168.02734375,409.0851135253906,166.87890625,403.3404235839844,184.10546875,412.53192138671875,179.51171875,430.9148864746094,168.02734375,440.10638427734375,186.40234375,442.4042663574219,202.48046875,412.53192138671875,204.77734375,412.53192138671875,234.63671875,412.53192138671875,259.90234375,427.46807861328125,204.77734375,428.61700439453125,234.63671875,432.0638427734375,259.90234375,420.574462890625,153.09765625,425.17022705078125,153.09765625,415.9787292480469,154.24609375,427.46807861328125,154.24609375
424.19354248046875,155.703125,420.7096862792969,168.421875,410.258056640625,168.421875,403.2903137207031,184.609375,413.741943359375,179.984375,432.32257080078125,169.578125,440.45159912109375,185.765625,441.6129150390625,203.109375,412.5806579589844,205.421875,413.741943359375,234.328125,413.741943359375,260.921875,427.67742919921875,204.265625,428.8387145996094,233.171875,432.32257080078125,258.609375,421.8709716796875,153.390625,425.3548278808594,153.390625,417.2257995605469,154.546875,428.8387145996094,155.703125
424.9347839355469,156.1953125,421.4130554199219,170.2578125,409.6739196777344,169.0859375,403.8043518066406,186.6640625,414.36956787109375,180.8046875,433.15216064453125,170.2578125,440.1956481933594,187.8359375,441.36956787109375,203.0703125,413.1956481933594,205.4140625,414.36956787109375,234.7109375,414.36956787109375,260.4921875,428.4565124511719,205.4140625,429.63043212890625,234.7109375,433.15216064453125,260.4921875,422.5869445800781,152.6796875,427.2825927734375,153.8515625,417.89129638671875,155.0234375,429.63043212890625,156.1953125
424.7608642578125,155.18359375,422.4130554199219,170.51953125,410.6739196777344,170.51953125,404.8043518066406,187.03515625,416.5434875488281,179.95703125,434.15216064453125,170.51953125,440.021728515625,188.21484375,438.84783935546875,204.73046875,414.1956481933594,207.08984375,414.1956481933594,236.58203125,413.021728515625,257.81640625,429.4565124511719,207.08984375,430.63043212890625,236.58203125,434.15216064453125,263.71484375,422.4130554199219,152.82421875,427.10870361328125,152.82421875,418.89129638671875,155.18359375,428.2825927734375,155.18359375
426.0769348144531,155.53125,422.5164794921875,169.78125,410.6483459472656,169.78125,404.71429443359375,187.59375,415.3955993652344,180.46875,434.3846130371094,169.78125,437.945068359375,189.96875,437.945068359375,204.21875,415.3955993652344,206.59375,415.3955993652344,235.09375,413.02197265625,258.84375,430.8241882324219,206.59375,429.6373596191406,235.09375,432.010986328125,264.78125,422.5164794921875,153.15625,427.26373291015625,153.15625,418.9560546875,154.34375,429.6373596191406,155.53125
425.6000061035156,153.6640625,422.0,169.3046875,408.79998779296875,169.3046875,402.79998779296875,186.1484375,412.3999938964844,181.3359375,434.0,169.3046875,438.79998779296875,187.3515625,440.0,202.9921875,413.6000061035156,205.3984375,416.0,235.4765625,412.3999938964844,255.9296875,429.20001220703125,205.3984375,428.0,236.6796875,431.6000061035156,264.3515625,423.20001220703125,151.2578125,426.79998779296875,151.2578125,418.3999938964844,153.6640625,428.0,154.8671875
423.60870361328125,152.61328125,421.1739196777344,167.14453125,409.0,167.14453125,401.6956481933594,187.73046875,410.2173767089844,181.67578125,434.5652160644531,167.14453125,438.2173767089844,186.51953125,437.0,202.26171875,413.86956787109375,204.68359375,415.0869445800781,233.74609375,412.65216064453125,254.33203125,429.6956481933594,204.68359375,428.478271484375,236.16796875,429.6956481933594,265.23046875,421.1739196777344,150.19140625,426.0434875488281,151.40234375,417.521728515625,152.61328125,428.478271484375,152.61328125
422.4193420410156,151.91796875,419.9677429199219,166.63671875,407.7096862792969,166.63671875,401.5806579589844,191.16796875,410.1612854003906,180.12890625,432.2257995605469,165.41015625,437.1290283203125,185.03515625,439.5806579589844,200.98046875,412.6129150390625,204.66015625,413.8387145996094,234.09765625,412.6129150390625,254.94921875,428.54840087890625,204.66015625,426.0967712402344,236.55078125,428.54840087890625,265.98828125,419.9677429199219,149.46484375,424.8709716796875,149.46484375,415.06451416015625,150.69140625,427.32257080078125,150.69140625
420.1145935058594,150.8359375,417.65625,164.4140625,405.3645935058594,165.6484375,400.4479064941406,185.3984375,407.8229064941406,179.2265625,429.9479064941406,164.4140625,433.6354064941406,184.1640625,438.5520935058594,201.4453125,411.5104064941406,203.9140625,412.7395935058594,234.7734375,412.7395935058594,255.7578125,426.2604064941406,203.9140625,425.03125,236.0078125,426.2604064941406,265.6328125,417.65625,148.3671875,422.5729064941406,149.6015625,412.7395935058594,149.6015625,425.03125,150.8359375
417.69073486328125,149.6015625,415.21649169921875,165.6484375,402.8453674316406,165.6484375,396.6597900390625,189.1015625,405.319580078125,177.9921875,427.5876159667969,165.6484375,432.53607177734375,185.3984375,437.4845275878906,205.1484375,409.0309143066406,203.9140625,411.5051574707031,234.7734375,411.5051574707031,258.2265625,425.1134033203125,203.9140625,423.87628173828125,236.0078125,423.87628173828125,265.6328125,415.21649169921875,147.1328125,420.1649475097656,148.3671875,411.5051574707031,149.6015625,422.63916015625,149.6015625
416.1224365234375,150.125,413.6326599121094,165.125,401.1836853027344,165.125,396.2040710449219,185.125,404.9183654785156,176.375,426.0816345214844,165.125,432.3061218261719,186.375,436.04083251953125,205.125,407.4081726074219,203.875,409.89794921875,235.125,412.38775634765625,262.625,422.346923828125,203.875,422.346923828125,236.375,422.346923828125,265.125,413.6326599121094,147.625,417.3673400878906,148.875,408.653076171875,150.125,421.10205078125,150.125
413.6868591308594,150.26953125,412.4343566894531,165.36328125,398.65655517578125,165.36328125,393.6464538574219,188.00390625,401.16162109375,179.19921875,424.9595947265625,164.10546875,431.22222900390625,185.48828125,434.97979736328125,204.35546875,404.919189453125,204.35546875,408.6767578125,235.80078125,411.18182373046875,263.47265625,421.2020263671875,204.35546875,419.9494934082031,237.05859375,418.69696044921875,264.73046875,411.18182373046875,149.01171875,416.1919250488281,147.75390625,407.42425537109375,150.26953125,418.69696044921875,150.26953125
410.4020690917969,150.83203125,410.4020690917969,164.83984375,397.6185607910156,164.83984375,393.78350830078125,182.66796875,398.89691162109375,178.84765625,423.1855773925781,164.83984375,429.57733154296875,185.21484375,434.69073486328125,205.58984375,404.01031494140625,204.31640625,407.8453674316406,236.15234375,409.12371826171875,265.44140625,419.35052490234375,204.31640625,418.0721740722656,236.15234375,416.7938232421875,264.16796875,409.12371826171875,148.28515625,412.9587707519531,148.28515625,405.2886657714844,149.55859375,416.7938232421875,149.55859375
408.5714416503906,151.42578125,407.28570556640625,165.60546875,395.71429443359375,165.60546875,389.28570556640625,183.65234375,398.28570556640625,178.49609375,420.1428527832031,165.60546875,427.8571472167969,183.65234375,433.0,201.69921875,402.1428527832031,205.56640625,406.0,236.50390625,407.28570556640625,267.44140625,417.5714111328125,205.56640625,413.71429443359375,237.79296875,411.1428527832031,264.86328125,406.0,148.84765625,411.1428527832031,148.84765625,402.1428527832031,151.42578125,413.71429443359375,151.42578125
406.87628173828125,152.8828125,405.57733154296875,167.1484375,392.5876159667969,167.1484375,386.0927734375,194.3828125,395.1855773925781,181.4140625,418.5670166015625,165.8515625,427.6597900390625,184.0078125,432.85565185546875,199.5703125,400.3814392089844,207.3515625,402.9793701171875,237.1796875,405.57733154296875,264.4140625,415.96905517578125,207.3515625,412.0721740722656,238.4765625,408.1752624511719,264.4140625,404.2783508300781,148.9921875,409.4742126464844,150.2890625,400.3814392089844,152.8828125,412.0721740722656,151.5859375
404.85858154296875,152.21875,403.54547119140625,167.96875,390.4141540527344,169.28125,385.16162109375,192.90625,393.0404052734375,182.40625,416.6767578125,167.96875,427.18182373046875,185.03125,432.4343566894531,199.46875,398.2929382324219,207.34375,400.919189453125,237.53125,404.85858154296875,266.40625,412.73736572265625,207.34375,410.1111145019531,237.53125,407.48486328125,262.46875,400.919189453125,149.59375,407.48486328125,150.90625,396.97979736328125,152.21875,410.1111145019531,152.21875
402.85858154296875,153.53125,401.54547119140625,167.96875,388.4141540527344,169.28125,383.16162109375,192.90625,391.0404052734375,182.40625,414.6767578125,166.65625,425.18182373046875,183.71875,430.4343566894531,196.84375,396.2929382324219,208.65625,400.2323303222656,237.53125,404.1717224121094,267.71875,412.0505065917969,207.34375,408.1111145019531,237.53125,405.48486328125,263.78125,400.2323303222656,150.90625,405.48486328125,150.90625,396.2929382324219,152.21875,408.1111145019531,152.21875
400.0,151.5546875,400.0,167.4921875,386.6666564941406,167.4921875,378.6666564941406,196.7109375,388.0,183.4296875,413.3333435058594,166.1640625,422.6666564941406,183.4296875,428.0,195.3828125,393.3333435058594,209.9921875,397.3333435058594,239.2109375,401.3333435058594,268.4296875,409.3333435058594,208.6640625,406.6666564941406,239.2109375,402.6666564941406,263.1171875,397.3333435058594,148.8984375,402.6666564941406,150.2265625,393.3333435058594,151.5546875,405.3333435058594,151.5546875
397.6326599121094,150.890625,397.6326599121094,167.015625,384.16326904296875,167.015625,377.4285583496094,195.234375,386.8571472167969,181.796875,411.10205078125,165.671875,420.5306091308594,183.140625,424.5714111328125,193.890625,392.2449035644531,208.671875,396.28570556640625,238.234375,398.9795837402344,266.453125,408.4081726074219,207.328125,404.3673400878906,238.234375,401.6734619140625,263.765625,394.93878173828125,148.203125,400.3265380859375,149.546875,390.89794921875,150.890625,403.0204162597656,150.890625
395.10101318359375,149.70703125,395.10101318359375,164.57421875,381.5656433105469,165.92578125,374.7979736328125,192.95703125,384.2727355957031,180.79296875,408.6363525390625,164.57421875,416.757568359375,183.49609375,420.81817626953125,198.36328125,388.3333435058594,207.82421875,393.7474670410156,237.55859375,397.8080749511719,267.29296875,405.9292907714844,206.47265625,403.22222900390625,238.91015625,399.16162109375,261.88671875,392.3939514160156,147.00390625,397.8080749511719,147.00390625,388.3333435058594,149.70703125,401.8686828613281,149.70703125
392.53533935546875,149.02734375,393.9090881347656,164.06640625,378.7979736328125,165.43359375,371.9292907714844,192.77734375,382.919189453125,179.10546875,406.2727355957031,164.06640625,414.51513671875,183.20703125,415.8888854980469,202.34765625,387.0404052734375,206.44921875,391.16162109375,237.89453125,393.9090881347656,265.23828125,402.1515197753906,206.44921875,402.1515197753906,239.26171875,398.0303039550781,261.13671875,389.7878723144531,146.29296875,395.2828369140625,146.29296875,385.6666564941406,147.66015625,399.404052734375,147.66015625
390.6700134277344,147.8125,392.04998779296875,161.5625,378.25,162.9375,371.3500061035156,184.9375,379.6300048828125,178.0625,405.8500061035156,161.5625,412.75,182.1875,414.1300048828125,200.0625,383.7699890136719,205.5625,387.9100036621094,237.1875,392.04998779296875,266.0625,400.3299865722656,205.5625,401.7099914550781,237.1875,396.19000244140625,259.1875,387.9100036621094,145.0625,393.42999267578125,145.0625,383.7699890136719,146.4375,397.57000732421875,146.4375
387.6700134277344,146.96484375,389.04998779296875,162.17578125,375.25,162.17578125,366.9700012207031,192.59765625,376.6300048828125,177.38671875,402.8500061035156,160.79296875,409.75,182.91796875,409.75,202.27734375,380.7699890136719,206.42578125,384.9100036621094,239.61328125,389.04998779296875,271.41796875,397.3299865722656,205.04296875,400.0899963378906,236.84765625,395.95001220703125,260.35546875,384.9100036621094,144.19921875,390.42999267578125,144.19921875,380.7699890136719,145.58203125,394.57000732421875,145.58203125
386.5306091308594,145.7265625,386.5306091308594,161.0234375,372.653076171875,162.4140625,364.3265380859375,193.0078125,372.653076171875,179.1015625,400.4081726074219,161.0234375,405.9591979980469,181.8828125,405.9591979980469,201.3515625,378.2040710449219,205.5234375,380.9795837402344,238.8984375,386.5306091308594,269.4921875,396.2449035644531,204.1328125,397.6326599121094,236.1171875,394.8571472167969,261.1484375,383.7550964355469,142.9453125,389.3061218261719,144.3359375,379.5918273925781,144.3359375,392.0816345214844,145.7265625
384.3636474609375,145.87109375,384.3636474609375,161.25390625,369.0303039550781,161.25390625,362.06060791015625,187.82421875,371.81817626953125,176.63671875,398.30303955078125,159.85546875,402.48486328125,183.62890625,403.8787841796875,201.80859375,376.0,203.20703125,378.7878723144531,239.56640625,382.9696960449219,270.33203125,394.1212158203125,203.20703125,395.51513671875,236.76953125,395.51513671875,264.73828125,381.57574462890625,143.07421875,387.1515197753906,144.47265625,377.3939514160156,144.47265625,389.93939208984375,144.47265625
382.757568359375,145.87109375,381.3636474609375,159.85546875,367.42425537109375,159.85546875,360.4545593261719,179.43359375,368.81817626953125,175.23828125,396.69696044921875,159.85546875,399.48486328125,183.62890625,402.2727355957031,204.60546875,374.3939514160156,206.00390625,375.7878723144531,240.96484375,381.3636474609375,273.12890625,391.1212158203125,204.60546875,393.9090881347656,238.16796875,393.9090881347656,267.53515625,379.9696960449219,143.07421875,385.54547119140625,144.47265625,375.7878723144531,144.47265625,389.7272644042969,144.47265625
380.2323303222656,146.57421875,380.2323303222656,160.71484375,366.0909118652344,160.71484375,359.02020263671875,180.51171875,366.0909118652344,176.26953125,394.3737487792969,160.71484375,398.61614990234375,184.75390625,400.0303039550781,204.55078125,371.7474670410156,207.37890625,374.57574462890625,242.73046875,378.81817626953125,273.83984375,391.54547119140625,205.96484375,392.9595947265625,239.90234375,394.3737487792969,271.01171875,378.81817626953125,143.74609375,384.4747314453125,143.74609375,374.57574462890625,145.16015625,388.7171630859375,145.16015625
379.71429443359375,145.3046875,376.8571472167969,160.9453125,364.0,160.9453125,356.8571472167969,182.2734375,364.0,176.5859375,392.5714416503906,160.9453125,395.4285888671875,185.1171875,398.28570556640625,206.4453125,369.71429443359375,207.8671875,371.1428527832031,243.4140625,375.4285583496094,273.2734375,389.71429443359375,206.4453125,392.5714416503906,240.5703125,395.4285888671875,274.6953125,376.8571472167969,143.8828125,382.5714416503906,143.8828125,372.5714416503906,145.3046875,386.8571472167969,145.3046875
379.1428527832031,146.7265625,376.28570556640625,160.9453125,362.0,160.9453125,354.8571472167969,180.8515625,363.4285583496094,175.1640625,390.5714416503906,160.9453125,393.4285888671875,185.1171875,396.28570556640625,206.4453125,367.71429443359375,207.8671875,369.1428527832031,243.4140625,373.4285583496094,274.6953125,386.28570556640625,207.8671875,389.1428527832031,240.5703125,394.8571472167969,271.8515625,374.8571472167969,143.8828125,380.5714416503906,143.8828125,370.5714416503906,145.3046875,384.8571472167969,145.3046875
373.28570556640625,146.87890625,371.8571472167969,161.17578125,359.0,159.74609375,350.4285583496094,181.19140625,360.4285583496094,175.47265625,387.5714416503906,161.17578125,389.0,186.91015625,390.4285888671875,209.78515625,363.28570556640625,208.35546875,364.71429443359375,244.09765625,364.71429443359375,272.69140625,381.8571472167969,208.35546875,383.28570556640625,244.09765625,387.5714416503906,275.55078125,370.4285583496094,144.01953125,376.1428527832031,144.01953125,367.5714416503906,144.01953125,380.4285888671875,145.44921875
373.5257568359375,144.73828125,369.19586181640625,160.63671875,356.2061767578125,160.63671875,348.98968505859375,180.87109375,359.0927734375,176.53515625,385.0721740722656,160.63671875,386.5154724121094,185.20703125,385.0721740722656,186.65234375,360.53607177734375,208.33203125,361.9793701171875,243.01953125,361.9793701171875,271.92578125,380.7422790527344,208.33203125,380.7422790527344,244.46484375,385.0721740722656,280.59765625,369.19586181640625,141.84765625,374.96905517578125,143.29296875,366.30926513671875,143.29296875,379.2989807128906,143.29296875
371.54547119140625,144.02734375,368.6363525390625,160.09765625,354.0909118652344,160.09765625,346.81817626953125,182.01171875,357.0,177.62890625,383.18182373046875,160.09765625,384.6363525390625,184.93359375,384.6363525390625,206.84765625,358.4545593261719,208.30859375,359.9090881347656,244.83203125,359.9090881347656,271.12890625,378.81817626953125,208.30859375,378.81817626953125,244.83203125,381.7272644042969,279.89453125,368.6363525390625,141.10546875,373.0,141.10546875,362.81817626953125,142.56640625,377.3636474609375,142.56640625
369.2200012207031,141.83984375,366.260009765625,159.55859375,351.4599914550781,158.08203125,342.5799865722656,181.70703125,354.4200134277344,177.27734375,381.05999755859375,159.55859375,385.5,184.66015625,384.0199890136719,186.13671875,355.8999938964844,206.80859375,358.8599853515625,243.72265625,357.3800048828125,268.82421875,376.6199951171875,206.80859375,376.6199951171875,243.72265625,379.58001708984375,279.16015625,366.260009765625,138.88671875,370.70001220703125,138.88671875,361.82000732421875,140.36328125,375.1400146484375,141.83984375
367.0989990234375,139.62109375,364.12872314453125,157.52734375,347.7920837402344,157.52734375,340.3663330078125,187.37109375,349.2772216796875,178.41796875,378.9801940917969,157.52734375,383.4356384277344,182.89453125,381.95050048828125,191.84765625,355.21783447265625,206.76953125,356.7029724121094,244.07421875,355.21783447265625,267.94921875,374.5247497558594,206.76953125,373.03961181640625,244.07421875,376.0098876953125,278.39453125,362.6435546875,136.63671875,368.58416748046875,136.63671875,358.1881103515625,139.62109375,371.554443359375,139.62109375
363.2549133300781,138.0078125,361.7450866699219,156.1953125,345.13726806640625,156.1953125,339.0980529785156,181.9609375,348.1568603515625,174.3828125,376.8431396484375,156.1953125,381.37255859375,183.4765625,381.37255859375,206.2109375,351.1764831542969,206.2109375,355.70587158203125,244.1015625,354.1960754394531,268.3515625,372.313720703125,206.2109375,370.8039245605469,244.1015625,372.313720703125,280.4765625,360.23529052734375,134.9765625,366.2745056152344,134.9765625,355.70587158203125,136.4921875,370.8039245605469,136.4921875
361.1584167480469,137.39453125,358.0693054199219,154.32421875,344.1683044433594,154.32421875,336.445556640625,185.10546875,347.2574157714844,171.25390625,375.0594177246094,155.86328125,379.69305419921875,182.02734375,381.23760986328125,206.65234375,348.8019714355469,205.11328125,353.4356384277344,243.58984375,353.4356384277344,271.29296875,368.8811950683594,205.11328125,368.8811950683594,245.12890625,370.4257507324219,278.98828125,358.0693054199219,134.31640625,364.2475280761719,134.31640625,351.8910827636719,135.85546875,367.3366394042969,135.85546875
356.0582580566406,135.09765625,356.0582580566406,153.75390625,338.97088623046875,153.75390625,332.7572937011719,178.62890625,342.0776672363281,170.85546875,371.59222412109375,153.75390625,377.8058166503906,180.18359375,380.9126281738281,203.50390625,345.1844787597656,203.50390625,351.3980712890625,242.37109375,352.9514465332031,273.46484375,366.9320373535156,201.94921875,366.9320373535156,242.37109375,366.9320373535156,279.68359375,352.9514465332031,131.98828125,359.1650390625,131.98828125,349.84466552734375,133.54296875,363.82525634765625,133.54296875
353.6346130371094,133.4609375,353.6346130371094,152.3984375,337.8653869628906,152.3984375,329.98077392578125,176.0703125,339.44232177734375,168.1796875,367.8269348144531,150.8203125,375.7115478515625,177.6484375,380.44232177734375,201.3203125,344.1730651855469,202.8984375,348.9038391113281,242.3515625,352.05767822265625,275.4921875,364.673095703125,201.3203125,364.673095703125,242.3515625,363.0961608886719,280.2265625,352.05767822265625,130.3046875,356.7884521484375,130.3046875,347.3269348144531,131.8828125,361.51922607421875,131.8828125
351.10577392578125,132.703125,351.10577392578125,151.828125,335.14422607421875,151.828125,327.1634521484375,178.921875,336.7403869628906,169.359375,367.06732177734375,151.828125,375.0480651855469,177.328125,379.8365478515625,198.046875,341.5288391113281,202.828125,347.9134521484375,242.671875,351.10577392578125,280.921875,362.2788391113281,202.828125,362.2788391113281,242.671875,360.68267822265625,280.921875,347.9134521484375,129.515625,354.2980651855469,129.515625,344.7211608886719,132.703125,359.0865478515625,132.703125
349.0943298339844,131.9453125,350.6981201171875,152.8671875,334.6603698730469,152.8671875,328.2452697753906,178.6171875,334.6603698730469,168.9609375,366.73583984375,151.2578125,374.75469970703125,177.0078125,377.9622802734375,197.9296875,341.0754699707031,204.3671875,347.4905700683594,242.9921875,349.0943298339844,278.3984375,361.9245300292969,202.7578125,361.9245300292969,242.9921875,360.32073974609375,280.0078125,347.4905700683594,130.3359375,353.9056701660156,130.3359375,344.28302001953125,131.9453125,358.71697998046875,131.9453125
348.0952453613281,132.8125,348.0952453613281,152.3125,331.9047546386719,153.9375,322.19049072265625,186.4375,333.5238037109375,170.1875,364.28570556640625,152.3125,374.0,178.3125,378.8571472167969,201.0625,340.0,204.3125,344.8571472167969,243.3125,349.71429443359375,280.6875,359.4285888671875,204.3125,357.80950927734375,243.3125,356.19049072265625,280.6875,346.4761962890625,129.5625,351.3333435058594,129.5625,340.0,132.8125,356.19049072265625,131.1875
346.73785400390625,132.84765625,345.0873718261719,154.27734375,328.58251953125,154.27734375,320.3301086425781,187.24609375,330.2330017089844,170.76171875,363.2427062988281,152.62890625,373.1456298828125,177.35546875,378.0970764160156,198.78515625,336.8349609375,205.37890625,341.7864074707031,244.94140625,348.3883361816406,284.50390625,358.291259765625,205.37890625,354.99029541015625,244.94140625,351.6893310546875,282.85546875,343.4368896484375,129.55078125,350.038818359375,129.55078125,338.4854431152344,132.84765625,353.3398132324219,132.84765625
343.3333435058594,133.9296875,343.3333435058594,153.9921875,326.6666564941406,153.9921875,318.3333435058594,189.1015625,328.3333435058594,172.3828125,360.0,153.9921875,371.6666564941406,179.0703125,376.6666564941406,199.1328125,335.0,207.4921875,338.3333435058594,247.6171875,345.0,284.3984375,356.6666564941406,207.4921875,351.6666564941406,247.6171875,346.6666564941406,282.7265625,340.0,130.5859375,346.6666564941406,130.5859375,335.0,133.9296875,351.6666564941406,132.2578125
339.1568603515625,133.21875,339.1568603515625,155.15625,323.98040771484375,155.15625,313.86273193359375,192.28125,323.98040771484375,175.40625,356.01959228515625,153.46875,369.5097961425781,177.09375,374.5686340332031,197.34375,330.7254943847656,209.15625,337.4705810546875,249.65625,342.5294189453125,286.78125,350.9607849121094,209.15625,347.5882263183594,249.65625,342.5294189453125,283.40625,337.4705810546875,131.53125,342.5294189453125,131.53125,332.4117736816406,133.21875,347.5882263183594,133.21875
337.0707092285156,133.36328125,337.0707092285156,155.60546875,319.89898681640625,155.60546875,311.3131408691406,181.26953125,319.89898681640625,174.42578125,354.242431640625,153.89453125,367.97979736328125,177.84765625,371.41412353515625,193.24609375,328.48486328125,210.35546875,337.0707092285156,249.70703125,340.50506591796875,289.05859375,349.0909118652344,210.35546875,345.65655517578125,251.41796875,340.50506591796875,283.92578125,333.6363525390625,129.94140625,340.50506591796875,129.94140625,328.48486328125,133.36328125,345.65655517578125,133.36328125
333.6326599121094,132.66796875,333.6326599121094,155.11328125,316.28570556640625,155.11328125,307.61224365234375,189.64453125,316.28570556640625,177.55859375,350.9795837402344,153.38671875,364.8571472167969,175.83203125,368.3265380859375,191.37109375,324.95916748046875,210.36328125,333.6326599121094,248.34765625,337.10205078125,289.78515625,345.7755126953125,210.36328125,342.3061218261719,250.07421875,337.10205078125,284.60546875,330.16326904296875,129.21484375,337.10205078125,129.21484375,324.95916748046875,132.66796875,342.3061218261719,132.66796875
328.89794921875,130.23046875,328.89794921875,154.62109375,311.551025390625,154.62109375,302.8775634765625,189.46484375,313.28570556640625,177.26953125,347.9795837402344,152.87890625,361.8571472167969,177.26953125,365.3265380859375,191.20703125,320.2244873046875,208.62890625,330.6326599121094,250.44140625,334.10205078125,290.51171875,341.04083251953125,208.62890625,339.3061218261719,250.44140625,334.10205078125,287.02734375,327.16326904296875,128.48828125,334.10205078125,128.48828125,321.95916748046875,130.23046875,339.3061218261719,130.23046875
326.30926513671875,127.76171875,326.30926513671875,152.37109375,308.78350830078125,154.12890625,301.773193359375,184.01171875,310.53607177734375,173.46484375,345.5876159667969,150.61328125,357.85565185546875,176.98046875,363.1134033203125,191.04296875,317.54638671875,208.62109375,326.30926513671875,250.80859375,331.5670166015625,291.23828125,338.57733154296875,208.62109375,338.57733154296875,252.56640625,331.5670166015625,285.96484375,322.80413818359375,124.24609375,329.8144226074219,124.24609375,319.2989807128906,127.76171875,335.0721740722656,127.76171875
323.3125,126.30859375,323.3125,149.56640625,303.6041564941406,151.35546875,298.2291564941406,179.98046875,307.1875,171.03515625,341.2291564941406,149.56640625,353.77081298828125,174.61328125,357.3541564941406,192.50390625,312.5625,206.81640625,321.5208435058594,247.96484375,326.8958435058594,290.90234375,335.8541564941406,206.81640625,334.0625,249.75390625,326.8958435058594,285.53515625,319.7291564941406,120.94140625,326.8958435058594,120.94140625,314.3541564941406,126.30859375,330.4791564941406,124.51953125
319.92633056640625,122.09375,319.92633056640625,147.46875,301.821044921875,149.28125,290.9578857421875,187.34375,303.631591796875,169.21875,338.0315856933594,147.46875,347.084228515625,176.46875,354.3263244628906,196.40625,309.06317138671875,205.46875,316.3052673339844,248.96875,321.7368469238281,290.65625,332.6000061035156,205.46875,332.6000061035156,250.78125,325.35791015625,279.78125,316.3052673339844,120.28125,323.54736328125,120.28125,310.8736877441406,123.90625,327.1684265136719,122.09375
319.21051025390625,120.45703125,315.54736328125,146.16015625,297.2315673828125,146.16015625,288.07366943359375,179.20703125,299.06317138671875,168.19140625,333.8631591796875,146.16015625,343.02105712890625,173.69921875,348.51580810546875,193.89453125,304.5578918457031,204.91015625,311.88421630859375,248.97265625,317.3789367675781,294.87109375,328.368408203125,204.91015625,330.20001220703125,248.97265625,324.70526123046875,278.34765625,313.7157897949219,118.62109375,321.0421142578125,116.78515625,308.2210388183594,122.29296875,324.70526123046875,122.29296875
313.0212707519531,119.8203125,313.0212707519531,145.8515625,294.5106506347656,145.8515625,283.4042663574219,177.4609375,294.5106506347656,168.1640625,331.53192138671875,145.8515625,338.9361572265625,173.7421875,342.6383056640625,194.1953125,301.9148864746094,205.3515625,307.46807861328125,249.9765625,313.0212707519531,292.7421875,324.1276550292969,203.4921875,327.82977294921875,248.1171875,322.276611328125,283.4453125,309.31915283203125,116.1015625,316.723388671875,116.1015625,305.6170349121094,119.8203125,322.276611328125,119.8203125
310.88043212890625,118.3046875,308.9891357421875,144.7734375,290.0760803222656,144.7734375,280.61956787109375,173.1328125,291.9674072265625,165.5703125,329.7934875488281,144.7734375,337.35870361328125,175.0234375,339.25,199.6015625,297.64129638671875,203.3828125,301.4239196777344,252.5390625,308.9891357421875,294.1328125,324.11956787109375,203.3828125,326.0108642578125,246.8671875,322.228271484375,286.5703125,307.09783935546875,114.5234375,314.6630554199219,114.5234375,301.4239196777344,118.3046875,320.3369445800781,118.3046875
308.3043518066406,117.546875,306.39129638671875,144.234375,287.2608642578125,142.328125,277.6956481933594,170.921875,293.0,161.390625,327.4347839355469,144.234375,333.1739196777344,174.734375,337.0,201.421875,294.9130554199219,203.328125,298.7391357421875,250.984375,304.478271484375,292.921875,321.6956481933594,203.328125,323.60870361328125,247.171875,319.7825927734375,289.109375,304.478271484375,113.734375,312.13043212890625,115.640625,300.65216064453125,117.546875,317.86956787109375,117.546875
306.71429443359375,116.03125,304.78021240234375,143.15625,285.4395751953125,143.15625,273.8351745605469,170.28125,291.24176025390625,162.53125,324.1208801269531,145.09375,329.9230651855469,178.03125,331.8571472167969,203.21875,293.1758117675781,205.15625,295.1098937988281,255.53125,300.9120788574219,298.15625,318.31866455078125,205.15625,320.25274658203125,251.65625,322.18682861328125,292.34375,302.8461608886719,114.09375,310.5824279785156,114.09375,297.0439453125,117.96875,316.3846130371094,117.96875
304.5730285644531,118.453125,302.59552001953125,144.046875,282.8202209472656,144.046875,272.9325866699219,171.609375,288.7528076171875,163.734375,324.34832763671875,144.046875,328.3033752441406,177.515625,330.2808837890625,205.078125,290.7303466796875,207.046875,292.7078552246094,258.234375,298.64044189453125,299.578125,316.4382019042969,207.046875,320.39324951171875,256.265625,322.37078857421875,301.546875,300.61798095703125,112.546875,308.528076171875,114.515625,294.6853942871094,118.453125,314.4606628417969,118.453125
304.0,117.86328125,302.0,143.76171875,280.0,143.76171875,270.0,171.65234375,288.0,165.67578125,322.0,145.75390625,326.0,179.62109375,328.0,203.52734375,288.0,207.51171875,290.0,257.31640625,296.0,297.16015625,314.0,207.51171875,318.0,255.32421875,322.0,299.15234375,300.0,111.88671875,308.0,113.87890625,294.0,117.86328125,312.0,117.86328125
303.4659118652344,116.2734375,299.42047119140625,144.4921875,279.19317626953125,142.4765625,269.0795593261719,172.7109375,289.30682373046875,166.6640625,319.6477355957031,146.5078125,325.7159118652344,178.7578125,331.7840881347656,200.9296875,285.2613525390625,208.9921875,289.30682373046875,259.3828125,293.3522644042969,299.6953125,311.55682373046875,208.9921875,317.625,257.3671875,319.6477355957031,301.7109375,299.42047119140625,112.2421875,307.5113525390625,114.2578125,293.3522644042969,116.2734375,311.55682373046875,118.2890625
300.93182373046875,115.68359375,298.8863525390625,144.23046875,278.43182373046875,142.19140625,266.1590881347656,172.77734375,286.6136474609375,166.66015625,319.3409118652344,146.26953125,323.43182373046875,180.93359375,327.5227355957031,203.36328125,282.5227355957031,209.48046875,286.6136474609375,258.41796875,290.70452880859375,299.19921875,309.1136474609375,209.48046875,315.25,258.41796875,317.2954406738281,303.27734375,298.8863525390625,111.60546875,305.0227355957031,111.60546875,292.75,115.68359375,309.1136474609375,117.72265625
301.4827575683594,114.23046875,297.3448181152344,143.21484375,278.72412109375,141.14453125,264.24139404296875,172.19921875,282.862060546875,168.05859375,318.03448486328125,145.28515625,322.17242431640625,176.33984375,324.24139404296875,201.18359375,282.862060546875,209.46484375,284.9310302734375,259.15234375,284.9310302734375,298.48828125,309.75860595703125,209.46484375,309.75860595703125,259.15234375,313.89654541015625,308.83984375,297.3448181152344,110.08984375,305.6206970214844,110.08984375,291.137939453125,114.23046875,309.75860595703125,114.23046875
301.0465087890625,111.41796875,296.8604736328125,140.62109375,275.93023681640625,140.62109375,263.3721008300781,173.99609375,280.11627197265625,167.73828125,317.79071044921875,142.70703125,321.97674560546875,176.08203125,324.06976318359375,199.02734375,282.20928955078125,209.45703125,284.3023376464844,259.51953125,280.11627197265625,297.06640625,309.4186096191406,209.45703125,309.4186096191406,259.51953125,311.5116271972656,311.66796875,296.8604736328125,107.24609375,303.1395263671875,107.24609375,288.4883728027344,113.50390625,309.4186096191406,111.41796875
298.5581359863281,109.93359375,296.4418640136719,139.57421875,275.2790832519531,137.45703125,262.5813903808594,173.44921875,277.3953552246094,167.09765625,317.6046447753906,141.69140625,319.720947265625,173.44921875,323.9534912109375,188.26953125,281.6278991699219,209.44140625,283.74420166015625,260.25390625,279.5116271972656,296.24609375,311.25579833984375,209.44140625,309.1395263671875,260.25390625,309.1395263671875,311.06640625,294.3255920410156,105.69921875,302.79071044921875,105.69921875,287.97674560546875,109.93359375,309.1395263671875,109.93359375
297.10589599609375,107.1796875,294.9647216796875,137.1484375,273.5529479980469,135.0078125,258.564697265625,175.6796875,275.6941223144531,164.9765625,318.51763916015625,139.2890625,318.51763916015625,175.6796875,322.79998779296875,192.8046875,282.1176452636719,209.9296875,282.1176452636719,261.3046875,277.8352966308594,293.4140625,309.95294189453125,209.9296875,307.811767578125,261.3046875,305.67059326171875,312.6796875,292.8235168457031,102.8984375,301.38824462890625,102.8984375,286.3999938964844,107.1796875,307.811767578125,107.1796875
296.7882385253906,103.4921875,294.62353515625,136.0703125,270.811767578125,133.8984375,259.98822021484375,168.6484375,-1.0,-1.0,318.435302734375,136.0703125,324.9294128417969,175.1640625,322.76470947265625,201.2265625,279.4705810546875,205.5703125,283.79998779296875,257.6953125,279.4705810546875,294.6171875,307.61175537109375,207.7421875,305.4470520019531,259.8671875,303.2823486328125,311.9921875,292.4588317871094,99.1484375,301.1176452636719,99.1484375,285.9647216796875,103.4921875,305.4470520019531,103.4921875
294.4470520019531,99.84765625,292.23529052734375,133.01171875,270.1176452636719,130.80078125,259.058837890625,168.38671875,274.5411682128906,157.33203125,316.564697265625,133.01171875,323.20001220703125,172.80859375,327.62353515625,205.97265625,278.9647216796875,203.76171875,283.38824462890625,259.03515625,281.1764831542969,296.62109375,307.7176513671875,205.97265625,303.29412841796875,261.24609375,301.0823669433594,314.30859375,290.0235290527344,95.42578125,298.87060546875,95.42578125,283.38824462890625,99.84765625,303.29412841796875,99.84765625
294.18389892578125,96.125,294.18389892578125,127.625,271.6551818847656,127.625,258.137939453125,161.375,278.4137878417969,152.375,316.712646484375,129.875,323.47125244140625,168.125,327.9770202636719,204.125,278.4137878417969,199.625,282.9195556640625,258.125,280.6666564941406,298.625,309.95404052734375,204.125,303.1954040527344,260.375,300.9425354003906,314.375,291.9310302734375,91.625,298.6896667480469,91.625,285.17242431640625,98.375,303.1954040527344,96.125
295.05682373046875,94.61328125,292.7613525390625,126.66015625,269.80682373046875,124.37109375,256.0340881347656,158.70703125,276.69317626953125,151.83984375,315.7159118652344,126.66015625,324.8977355957031,167.86328125,327.19317626953125,204.48828125,278.9886474609375,199.91015625,285.875,259.42578125,283.57952880859375,307.49609375,308.82952880859375,202.19921875,304.2386474609375,259.42578125,299.6477355957031,314.36328125,290.4659118652344,90.03515625,299.6477355957031,90.03515625,283.57952880859375,94.61328125,304.2386474609375,94.61328125
294.6666564941406,93.1015625,294.6666564941406,125.6953125,269.0,123.3671875,257.3333435058594,158.2890625,278.3333435058594,151.3046875,318.0,125.6953125,329.6666564941406,165.2734375,329.6666564941406,202.5234375,278.3333435058594,200.1953125,285.3333435058594,258.3984375,287.6666564941406,314.2734375,308.6666564941406,200.1953125,304.0,258.3984375,297.0,316.6015625,290.0,88.4453125,299.3333435058594,88.4453125,283.0,95.4296875,306.3333435058594,93.1015625
296.6593322753906,91.58984375,294.28570556640625,124.73046875,270.5494384765625,122.36328125,258.6813049316406,160.23828125,277.6703186035156,153.13671875,318.02197265625,124.73046875,329.8901062011719,162.60546875,327.5164794921875,198.11328125,280.0439453125,200.48046875,289.5384521484375,259.66015625,291.9120788574219,318.83984375,308.5274658203125,202.84765625,303.78021240234375,259.66015625,294.28570556640625,316.47265625,291.9120788574219,86.85546875,299.032958984375,86.85546875,284.79119873046875,93.95703125,306.1538391113281,93.95703125
296.17205810546875,92.484375,296.17205810546875,123.765625,272.0860290527344,123.765625,260.0429992675781,167.078125,279.31182861328125,152.640625,320.258056640625,123.765625,329.8924865722656,162.265625,329.8924865722656,200.765625,281.7204284667969,203.171875,288.94622802734375,263.328125,291.3548278808594,323.484375,310.6236572265625,203.171875,303.3978576660156,263.328125,293.763427734375,313.859375,293.763427734375,87.671875,300.9892578125,87.671875,286.5376281738281,92.484375,308.2150573730469,92.484375
300.5052490234375,91.01171875,298.06317138671875,125.24609375,273.64208984375,125.24609375,261.43157958984375,164.37109375,280.9684143066406,154.58984375,322.4842224121094,125.24609375,337.1368408203125,164.37109375,351.78948974609375,188.82421875,283.4105224609375,203.49609375,293.178955078125,262.18359375,293.178955078125,315.98046875,312.7157897949219,205.94140625,302.9473571777344,262.18359375,295.6210632324219,311.08984375,295.6210632324219,88.56640625,302.9473571777344,88.56640625,288.29473876953125,93.45703125,310.273681640625,93.45703125
301.3020935058594,92.0234375,298.8229064941406,126.8046875,274.03125,126.8046875,261.6354064941406,166.5546875,278.9895935058594,159.1015625,323.6145935058594,126.8046875,340.96875,159.1015625,353.3645935058594,181.4609375,283.9479064941406,203.8203125,293.8645935058594,260.9609375,293.8645935058594,315.6171875,313.69793701171875,206.3046875,303.78125,263.4453125,298.8229064941406,308.1640625,296.34375,89.5390625,303.78125,89.5390625,288.90625,92.0234375,311.21875,92.0234375
301.8247375488281,93.11328125,299.30926513671875,125.91796875,274.1546325683594,125.91796875,264.0927734375,173.86328125,279.1855773925781,161.24609375,324.46392822265625,125.91796875,342.0721435546875,156.19921875,357.1649475097656,176.38671875,286.7319641113281,206.66796875,296.7938232421875,264.70703125,299.30926513671875,322.74609375,314.4020690917969,206.66796875,304.3402099609375,264.70703125,294.2783508300781,315.17578125,296.7938232421875,88.06640625,306.85565185546875,88.06640625,289.2474365234375,93.11328125,311.8865966796875,93.11328125
305.1224365234375,91.71875,300.0204162597656,125.03125,274.51019287109375,125.03125,264.3061218261719,183.96875,282.16326904296875,158.34375,325.5306091308594,122.46875,343.38775634765625,153.21875,358.6938781738281,171.15625,287.26531982421875,207.03125,300.0204162597656,265.96875,302.5714111328125,327.46875,317.8775634765625,207.03125,307.6734619140625,268.53125,292.3673400878906,312.09375,297.4693908691406,86.59375,307.6734619140625,86.59375,289.8163146972656,89.15625,312.7755126953125,91.71875
305.0303039550781,87.72265625,302.42425537109375,121.54296875,276.3636474609375,124.14453125,265.93939208984375,168.37109375,281.57574462890625,157.96484375,328.48486328125,121.54296875,344.1212158203125,152.76171875,362.3636474609375,170.97265625,286.7878723144531,204.79296875,302.42425537109375,269.83203125,307.6363525390625,334.87109375,318.06060791015625,204.79296875,310.242431640625,269.83203125,297.2121276855469,321.86328125,299.81817626953125,82.51953125,310.242431640625,82.51953125,292.0,87.72265625,315.45452880859375,87.72265625
305.760009765625,83.6484375,303.1199951171875,117.9765625,279.3599853515625,117.9765625,266.1600036621094,165.5078125,282.0,154.9453125,329.52001953125,117.9765625,348.0,152.3046875,363.8399963378906,173.4296875,287.2799987792969,202.4765625,303.1199951171875,268.4921875,303.1199951171875,329.2265625,321.6000061035156,202.4765625,313.67999267578125,271.1328125,303.1199951171875,318.6640625,300.4800109863281,78.3671875,311.0400085449219,78.3671875,289.9200134277344,83.6484375,316.32000732421875,83.6484375
304.94000244140625,78.59375,304.94000244140625,116.21875,280.82000732421875,116.21875,267.4200134277344,161.90625,286.17999267578125,148.46875,334.4200134277344,116.21875,347.82000732421875,151.15625,363.8999938964844,175.34375,288.8599853515625,199.53125,304.94000244140625,269.40625,304.94000244140625,331.21875,321.02001953125,202.21875,318.3399963378906,272.09375,307.6199951171875,320.46875,299.58001708984375,73.21875,310.29998779296875,73.21875,291.5400085449219,81.28125,318.3399963378906,78.59375
306.9090881347656,76.984375,306.9090881347656,112.328125,282.3636474609375,112.328125,268.7272644042969,155.828125,287.81817626953125,144.953125,336.9090881347656,112.328125,350.54547119140625,153.109375,364.18182373046875,177.578125,290.54547119140625,196.609375,304.18182373046875,267.296875,309.6363525390625,335.265625,326.0,199.328125,323.2727355957031,275.453125,306.9090881347656,299.921875,301.45452880859375,71.546875,312.3636474609375,68.828125,293.2727355957031,76.984375,320.54547119140625,74.265625
309.3232421875,68.95703125,309.3232421875,110.32421875,281.8484802246094,110.32421875,268.1111145019531,154.44921875,290.0909118652344,140.66015625,336.7979736328125,110.32421875,350.53533935546875,154.44921875,364.272705078125,182.02734375,292.83837890625,195.81640625,303.8282775878906,264.76171875,306.57574462890625,328.19140625,328.5555419921875,198.57421875,328.5555419921875,273.03515625,309.3232421875,303.37109375,303.8282775878906,66.19921875,314.81817626953125,66.19921875,295.5858459472656,71.71484375,323.06060791015625,68.95703125
312.71429443359375,66.44921875,309.9183654785156,105.71484375,284.7550964355469,105.71484375,265.1836853027344,147.78515625,293.1428527832031,133.76171875,337.8775634765625,105.71484375,349.06121826171875,153.39453125,360.2449035644531,184.24609375,295.93878173828125,198.26953125,301.5306091308594,268.38671875,304.3265380859375,335.69921875,329.48980712890625,198.26953125,335.0816345214844,271.19140625,318.3061218261719,313.26171875,307.1224365234375,60.83984375,315.51019287109375,60.83984375,298.73468017578125,66.44921875,323.89794921875,66.44921875
314.5714416503906,63.859375,311.73468017578125,103.671875,286.2040710449219,100.828125,266.346923828125,143.484375,294.71429443359375,132.109375,340.10205078125,103.671875,348.61224365234375,149.171875,359.95916748046875,186.140625,294.71429443359375,197.515625,297.551025390625,271.453125,306.06121826171875,336.859375,331.59185791015625,197.515625,337.26531982421875,268.609375,325.9183654785156,322.640625,308.89794921875,58.171875,320.2449035644531,58.171875,300.38775634765625,63.859375,328.7550964355469,63.859375
319.5051574707031,61.3515625,313.7319641113281,101.8203125,287.7525634765625,98.9296875,270.4329833984375,142.2890625,299.2989807128906,130.7265625,342.5979309082031,101.8203125,348.3711242675781,148.0703125,357.0309143066406,182.7578125,296.412353515625,197.2109375,299.2989807128906,272.3671875,305.0721740722656,338.8515625,333.9381408691406,197.2109375,342.5979309082031,269.4765625,333.9381408691406,330.1796875,313.7319641113281,55.5703125,325.2783508300781,58.4609375,305.0721740722656,61.3515625,331.0515441894531,64.2421875
324.09375,61.69140625,318.21875,99.77734375,288.84375,99.77734375,271.21875,143.72265625,300.59375,129.07421875,347.59375,99.77734375,353.46875,146.65234375,362.28125,175.94921875,297.65625,196.45703125,300.59375,272.62890625,306.46875,340.01171875,338.78125,196.45703125,347.59375,269.69921875,344.65625,340.01171875,318.21875,55.83203125,327.03125,55.83203125,306.46875,61.69140625,335.84375,61.69140625
326.2631530761719,59.23046875,320.2842102050781,97.92578125,290.38946533203125,97.92578125,272.45263671875,145.55078125,305.33685302734375,130.66796875,350.178955078125,100.90234375,350.178955078125,148.52734375,-1.0,-1.0,299.35791015625,199.12890625,299.35791015625,276.51953125,305.33685302734375,339.02734375,338.2210388183594,199.12890625,350.178955078125,273.54296875,356.15789794921875,347.95703125,320.2842102050781,53.27734375,332.2420959472656,53.27734375,311.3157958984375,59.23046875,338.2210388183594,59.23046875
330.5,56.6796875,324.5,101.9140625,294.5,98.8984375,273.5,144.1328125,306.5,135.0859375,354.5,101.9140625,357.5,150.1640625,357.5,177.3046875,300.5,201.4296875,300.5,276.8203125,303.5,340.1484375,339.5,201.4296875,354.5,276.8203125,366.5,355.2265625,324.5,53.6640625,336.5,53.6640625,312.5,59.6953125,345.5,59.6953125
332.7368469238281,57.28125,326.631591796875,100.15625,296.1052551269531,97.09375,277.78948974609375,146.09375,314.4210510253906,130.78125,357.15789794921875,103.21875,363.2631530761719,149.15625,360.21051025390625,173.65625,302.21051025390625,201.21875,302.21051025390625,277.78125,305.2631530761719,342.09375,341.8947448730469,201.21875,357.15789794921875,277.78125,372.4210510253906,351.28125,326.631591796875,51.15625,338.84210205078125,51.15625,317.47369384765625,60.34375,344.9473876953125,60.34375
340.915771484375,57.87109375,331.631591796875,98.19140625,300.6842041015625,95.08984375,282.11578369140625,144.71484375,316.15789794921875,132.30859375,359.48419189453125,101.29296875,365.6736755371094,154.01953125,368.7684326171875,197.44140625,306.8736877441406,200.54296875,306.8736877441406,278.08203125,303.7789306640625,337.01171875,353.29473876953125,200.54296875,362.5789489746094,281.18359375,371.8631591796875,358.72265625,331.631591796875,48.56640625,344.0105285644531,51.66796875,319.25262451171875,57.87109375,347.1052551269531,60.97265625
342.1914978027344,53.2578125,332.8085021972656,97.2265625,304.6595764160156,97.2265625,285.89361572265625,147.4765625,320.2978820800781,131.7734375,367.2127685546875,100.3671875,370.3404235839844,147.4765625,389.10638427734375,119.2109375,314.04254150390625,204.0078125,307.7872314453125,282.5234375,301.53192138671875,335.9140625,354.7021179199219,200.8671875,364.0851135253906,282.5234375,373.46807861328125,370.4609375,335.9361572265625,46.9765625,348.4468078613281,46.9765625,323.425537109375,53.2578125,354.7021179199219,56.3984375
347.425537109375,50.74609375,337.9148864746094,95.26171875,306.2127685546875,92.08203125,290.3616943359375,142.95703125,325.2340393066406,130.23828125,369.61700439453125,98.44140625,369.61700439453125,146.13671875,-1.0,-1.0,318.89361572265625,203.37109375,315.723388671875,282.86328125,299.8723449707031,336.91796875,360.10638427734375,203.37109375,366.4468078613281,286.04296875,372.7872314453125,368.71484375,341.0851135253906,44.38671875,353.7659606933594,41.20703125,325.2340393066406,50.74609375,360.10638427734375,53.92578125
353.0967712402344,45.015625,340.19354248046875,93.296875,307.93548583984375,90.078125,288.5806579589844,141.578125,324.06451416015625,128.703125,372.45159912109375,93.296875,411.1612854003906,112.609375,388.58062744140625,90.078125,320.8387145996094,202.734375,324.06451416015625,286.421875,304.7096862792969,337.921875,366.0,199.515625,369.2257995605469,286.421875,375.67742919921875,373.328125,346.6451721191406,38.578125,359.54840087890625,38.578125,330.51611328125,45.015625,366.0,48.234375
352.1649475097656,37.7265625,345.69073486328125,89.4765625,310.08245849609375,86.2421875,293.89691162109375,134.7578125,323.03094482421875,121.8203125,378.0618591308594,89.4765625,420.14434814453125,118.5859375,394.2474365234375,89.4765625,326.2680358886719,202.6796875,329.5051574707031,286.7734375,310.08245849609375,335.2890625,368.35052490234375,199.4453125,368.35052490234375,286.7734375,371.587646484375,370.8671875,345.69073486328125,31.2578125,358.63916015625,31.2578125,332.7422790527344,37.7265625,368.35052490234375,40.9609375
357.68316650390625,30.375,347.94061279296875,82.375,312.21783447265625,79.125,295.9801940917969,131.125,321.96038818359375,118.125,380.41583251953125,82.375,416.13861083984375,124.625,403.14849853515625,101.875,328.4554443359375,199.375,338.1980285644531,287.125,318.7128601074219,335.875,373.9207763671875,199.375,370.67327880859375,290.375,370.67327880859375,371.625,351.1881103515625,23.875,364.17822265625,27.125,334.95050048828125,30.375,370.67327880859375,36.875
359.94287109375,26.17578125,350.1714172363281,71.78515625,314.3428649902344,68.52734375,294.79998779296875,127.16796875,324.1142883300781,110.87890625,382.74285888671875,75.04296875,412.05712890625,123.91015625,405.5428466796875,104.36328125,330.6285705566406,192.32421875,343.6571350097656,283.54296875,324.1142883300781,338.92578125,376.22857666015625,192.32421875,372.971435546875,286.80078125,369.71429443359375,371.50390625,350.1714172363281,19.66015625,366.4571533203125,19.66015625,337.1428527832031,26.17578125,369.71429443359375,26.17578125
358.91741943359375,22.9609375,352.38531494140625,68.6796875,316.4587097167969,65.4140625,296.8623962402344,124.1953125,329.52294921875,101.3359375,385.0458679199219,71.9453125,401.37615966796875,133.9921875,414.44036865234375,179.7109375,332.78900146484375,189.5078125,352.38531494140625,280.9453125,336.0550537109375,349.5234375,381.7798156738281,189.5078125,375.2477111816406,287.4765625,371.9816589355469,372.3828125,352.38531494140625,6.6328125,365.44952392578125,6.6328125,339.32110595703125,19.6953125,371.9816589355469,22.9609375
359.78570556640625,15.45703125,356.5,64.55859375,320.3571472167969,61.28515625,297.3571472167969,116.93359375,333.5,97.29296875,392.6428527832031,67.83203125,409.0714111328125,126.75390625,428.78570556640625,179.12890625,336.78570556640625,185.67578125,356.5,280.60546875,346.6428527832031,362.44140625,382.78570556640625,185.67578125,376.21429443359375,283.87890625,369.6428527832031,375.53515625,353.21429443359375,5.63671875,366.3571472167969,5.63671875,340.0714416503906,15.45703125,376.21429443359375,18.73046875
361.97412109375,17.80078125,355.387939453125,63.84765625,319.1637878417969,63.84765625,299.4051818847656,116.47265625,329.0430908203125,100.02734375,391.612060546875,63.84765625,408.07757568359375,126.33984375,424.5430908203125,172.38671875,335.6293029785156,188.83203125,355.387939453125,280.92578125,345.50860595703125,356.57421875,381.7327575683594,188.83203125,378.4396667480469,284.21484375,368.56036376953125,373.01953125,352.0948181152344,4.64453125,368.56036376953125,4.64453125,338.92242431640625,17.80078125,375.14654541015625,17.80078125
364.1499938964844,3.6484375,357.54998779296875,62.9921875,321.25,59.6953125,301.45001220703125,115.7421875,334.45001220703125,99.2578125,397.1499938964844,62.9921875,413.6499938964844,122.3359375,436.75,175.0859375,337.75,184.9765625,364.1499938964844,280.5859375,360.8500061035156,379.4921875,383.95001220703125,184.9765625,377.3500061035156,283.8828125,367.45001220703125,376.1953125,357.54998779296875,3.6484375,370.75,3.6484375,344.3500061035156,3.6484375,380.6499938964844,3.6484375
366.31451416015625,30.08984375,363.008056640625,59.83203125,323.33062744140625,59.83203125,303.491943359375,116.01171875,336.55645751953125,99.48828125,399.3790283203125,59.83203125,422.524169921875,116.01171875,448.9757995605469,165.58203125,339.8629150390625,185.41015625,366.31451416015625,281.24609375,366.31451416015625,377.08203125,389.4596862792969,185.41015625,376.23388671875,284.55078125,363.008056640625,357.25390625,356.3951416015625,26.78515625,372.92742919921875,23.48046875,343.1693420410156,26.78515625,379.5403137207031,23.48046875
371.78125,2.65625,365.15625,58.96875,322.09375,58.96875,302.21875,121.90625,338.65625,102.03125,404.90625,58.96875,434.71875,115.28125,464.53125,164.96875,345.28125,191.46875,375.09375,287.53125,375.09375,386.90625,391.65625,188.15625,375.09375,287.53125,365.15625,380.28125,365.15625,2.65625,378.40625,2.65625,351.90625,2.65625,385.03125,2.65625
377.5267333984375,1.6640625,370.8702392578125,61.5703125,327.6030578613281,61.5703125,304.30535888671875,121.4765625,347.572509765625,101.5078125,410.80914306640625,61.5703125,440.76336669921875,108.1640625,477.3740234375,158.0859375,347.572509765625,194.6953125,377.5267333984375,294.5390625,394.1679382324219,404.3671875,397.4961853027344,194.6953125,374.198486328125,297.8671875,360.885498046875,374.4140625,367.5419921875,1.6640625,384.1831970214844,1.6640625,354.22900390625,1.6640625,390.8396911621094,1.6640625
380.3970642089844,1.6640625,370.4264831542969,61.5703125,330.54412841796875,61.5703125,310.6029357910156,124.8046875,350.48529052734375,104.8359375,413.6323547363281,58.2421875,443.54412841796875,98.1796875,476.7794189453125,138.1171875,350.48529052734375,194.6953125,377.07354736328125,301.1953125,406.98529052734375,407.6953125,400.3382263183594,194.6953125,377.07354736328125,304.5234375,360.45587158203125,377.7421875,370.4264831542969,1.6640625,390.3676452636719,1.6640625,353.808837890625,1.6640625,397.01470947265625,1.6640625
387.6666564941406,1.6640625,377.6666564941406,58.2421875,334.3333435058594,61.5703125,311.0,124.8046875,354.3333435058594,108.1640625,417.6666564941406,58.2421875,447.6666564941406,98.1796875,484.33331298828125,131.4609375,354.3333435058594,191.3671875,384.33331298828125,301.1953125,411.0,424.3359375,404.33331298828125,194.6953125,381.0,304.5234375,361.0,371.0859375,374.33331298828125,1.6640625,394.33331298828125,1.6640625,361.0,1.6640625,404.33331298828125,1.6640625
392.19287109375,2.66015625,378.8785705566406,55.78515625,338.93572998046875,59.10546875,308.97857666015625,122.19140625,352.25,108.91015625,422.1499938964844,52.46484375,452.10711669921875,95.62890625,485.3928527832031,125.51171875,358.9071350097656,195.23828125,392.19287109375,301.48828125,405.50714111328125,407.73828125,412.1642761230469,191.91796875,385.53570556640625,304.80859375,362.2357177734375,371.21484375,382.2071533203125,2.66015625,398.8500061035156,2.66015625,362.2357177734375,2.66015625,405.50714111328125,2.66015625
388.0072021484375,2.66015625,384.6978454589844,49.14453125,341.67626953125,49.14453125,311.89208984375,118.87109375,354.9136657714844,102.26953125,427.71942138671875,49.14453125,460.8129577636719,98.94921875,493.906494140625,125.51171875,361.5323791503906,191.91796875,397.93524169921875,301.48828125,414.4820251464844,424.33984375,414.4820251464844,191.91796875,391.3165588378906,304.80859375,364.84173583984375,371.21484375,381.38848876953125,2.66015625,401.2445983886719,2.66015625,368.1510925292969,2.66015625,407.8633117675781,2.66015625
401.8840637207031,2.66015625,388.60870361328125,42.50390625,345.4637756347656,45.82421875,318.9130554199219,112.23046875,365.3768005371094,92.30859375,435.07244873046875,39.18359375,461.6231689453125,95.62890625,494.81158447265625,122.19140625,365.3768005371094,188.59765625,405.202880859375,304.80859375,411.840576171875,424.33984375,421.7970886230469,185.27734375,408.521728515625,304.80859375,372.0144958496094,374.53515625,388.60870361328125,2.66015625,408.521728515625,2.66015625,368.6956481933594,2.66015625,-1.0,-1.0
401.4160461425781,2.66015625,394.788330078125,35.86328125,348.3941650390625,35.86328125,321.8832092285156,108.91015625,368.2773742675781,85.66796875,437.86859130859375,32.54296875,467.69342041015625,88.98828125,500.83209228515625,125.51171875,368.2773742675781,181.95703125,404.72991943359375,308.12890625,414.6715393066406,424.33984375,427.927001953125,181.95703125,421.29925537109375,314.76953125,394.788330078125,357.93359375,-1.0,-1.0,-1.0,-1.0,371.59124755859375,2.66015625,-1.0,-1.0
-1.0,-1.0,398.3014831542969,25.90234375,351.9779357910156,29.22265625,328.816162109375,98.94921875,368.5220642089844,75.70703125,447.933837890625,22.58203125,474.4044189453125,85.66796875,504.183837890625,132.15234375,375.13970947265625,181.95703125,404.91912841796875,304.80859375,414.8455810546875,424.33984375,438.0073547363281,178.63671875,438.0073547363281,314.76953125,408.2279357910156,354.61328125,-1.0,-1.0,-1.0,-1.0,-1.0,-1.0,-1.0,-1.0
-1.0,-1.0,404.4592590332031,20.21875,358.2073974609375,16.90625,331.77777099609375,89.78125,368.1185302734375,69.90625,454.01483154296875,16.90625,480.4444580078125,83.15625,506.87408447265625,136.15625,381.3333435058594,175.90625,404.4592590332031,305.09375,414.370361328125,424.34375,440.79998779296875,175.90625,450.71112060546875,311.71875,407.7629699707031,364.71875,-1.0,-1.0,-1.0,-1.0,-1.0,-1.0,-1.0,-1.0
-1.0,-1.0,411.7164306640625,3.65625,358.70147705078125,3.65625,332.19403076171875,86.46875,378.58209228515625,56.65625,464.7313537597656,3.65625,484.6119384765625,89.78125,507.80596923828125,149.40625,388.52239990234375,175.90625,401.776123046875,311.71875,411.7164306640625,424.34375,451.47760009765625,175.90625,464.7313537597656,308.40625,424.97015380859375,387.90625,-1.0,-1.0,-1.0,-1.0,-1.0,-1.0,-1.0,-1.0
-1.0,-1.0,421.1729431152344,3.65625,368.2406005859375,3.65625,331.849609375,83.15625,381.47369384765625,50.03125,474.10528564453125,3.65625,490.6466064453125,96.40625,510.4962463378906,156.03125,391.39849853515625,175.90625,401.32330322265625,315.03125,414.556396484375,424.34375,460.8721923828125,179.21875,480.7218017578125,308.40625,441.0225524902344,404.46875,-1.0,-1.0,-1.0,-1.0,-1.0,-1.0,-1.0,-1.0
-1.0,-1.0,431.257568359375,3.65625,378.4090881347656,3.65625,335.4696960449219,76.53125,385.01513671875,46.71875,484.1060791015625,3.65625,494.01513671875,89.78125,507.2272644042969,162.65625,394.92425537109375,179.21875,401.5303039550781,315.03125,411.43939208984375,424.34375,470.8939208984375,179.21875,497.31817626953125,308.40625,464.2878723144531,424.34375,-1.0,-1.0,-1.0,-1.0,-1.0,-1.0,-1.0,-1.0
-1.0,-1.0,432.357666015625,3.65625,379.33575439453125,3.65625,342.8832092285156,76.53125,395.90509033203125,40.09375,495.3211669921875,3.65625,501.94891357421875,89.78125,498.635009765625,149.40625,402.5328369140625,185.84375,405.8467102050781,328.28125,415.788330078125,424.34375,478.7518310546875,179.21875,511.8905029296875,308.40625,498.635009765625,424.34375,-1.0,-1.0,-1.0,-1.0,-1.0,-1.0,-1.0,-1.0
-1.0,-1.0,445.53521728515625,3.65625,389.2676086425781,3.65625,349.5492858886719,76.53125,402.5070495605469,40.09375,498.4929504394531,3.65625,498.4929504394531,93.09375,508.42254638671875,146.09375,412.4366149902344,189.15625,409.12677001953125,328.28125,415.7464599609375,424.34375,488.5633544921875,182.53125,521.6619873046875,321.65625,531.591552734375,424.34375,-1.0,-1.0,-1.0,-1.0,-1.0,-1.0,-1.0,-1.0
-1.0,-1.0,448.5205383300781,2.66015625,391.9315185546875,2.66015625,358.6438293457031,75.70703125,415.2328796386719,35.86328125,518.4246826171875,2.66015625,-1.0,-1.0,-1.0,-1.0,418.5616455078125,191.91796875,415.2328796386719,331.37109375,415.2328796386719,424.33984375,505.1095886230469,185.27734375,535.0684814453125,328.05078125,558.369873046875,424.33984375,-1.0,-1.0,-1.0,-1.0,-1.0,-1.0,-1.0,-1.0
-1.0,-1.0,458.7631530761719,2.66015625,402.3947448730469,2.66015625,369.2368469238281,72.38671875,428.9210510253906,35.86328125,521.76318359375,2.66015625,-1.0,-1.0,-1.0,-1.0,428.9210510253906,191.91796875,418.97369384765625,334.69140625,-1.0,-1.0,515.131591796875,181.95703125,548.2894897460938,324.73046875,574.8157958984375,424.33984375,-1.0,-1.0,-1.0,-1.0,-1.0,-1.0,-1.0,-1.0
-1.0,-1.0,476.36944580078125,1.6640625,413.19744873046875,1.6640625,379.94903564453125,68.2265625,449.77069091796875,24.9609375,532.8917236328125,1.6640625,-1.0,-1.0,-1.0,-1.0,446.44586181640625,188.0390625,433.146484375,334.4765625,-1.0,-1.0,536.216552734375,184.7109375,562.8153076171875,334.4765625,589.4140014648438,424.3359375,-1.0,-1.0,-1.0,-1.0,-1.0,-1.0,-1.0,-1.0
-1.0,-1.0,515.1234741210938,1.6640625,422.13580322265625,1.6640625,398.8888854980469,61.5703125,465.30865478515625,21.6328125,-1.0,-1.0,-1.0,-1.0,-1.0,-1.0,461.9876708984375,184.7109375,445.3827209472656,337.8046875,-1.0,-1.0,554.975341796875,174.7265625,578.2222290039062,321.1640625,-1.0,-1.0,-1.0,-1.0,-1.0,-1.0,-1.0,-1.0,-1.0,-1.0
-1.0,-1.0,531.7283935546875,1.6640625,581.543212890625,1.6640625,-1.0,-1.0,-1.0,-1.0,491.87652587890625,1.6640625,-1.0,-1.0,-1.0,-1.0,578.2222290039062,161.4140625,598.1481323242188,334.4765625,614.7530517578125,424.3359375,488.5555419921875,164.7421875,468.629638671875,347.7890625,-1.0,-1.0,-1.0,-1.0,-1.0,-1.0,-1.0,-1.0,-1.0,-1.0
