74.2727279663086,161.30078125,96.81817626953125,166.15234375,108.09091186523438,164.53515625,-1.0,-1.0,-1.0,-1.0,88.7662353515625,167.76953125,77.4935073852539,183.94140625,80.71428680419922,201.73046875,108.09091186523438,211.43359375,82.32467651367188,269.65234375,77.4935073852539,308.46484375,91.98701477050781,216.28515625,91.98701477050781,269.65234375,98.42857360839844,308.46484375,-1.0,-1.0,75.88311767578125,156.44921875,-1.0,-1.0,80.71428680419922,154.83203125
79.30769348144531,160.30078125,103.53845977783203,166.76953125,113.23076629638672,163.53515625,-1.0,-1.0,-1.0,-1.0,92.23076629638672,168.38671875,82.53845977783203,182.94140625,72.84615325927734,174.85546875,114.84615325927734,208.81640625,90.61538696289062,267.03515625,82.53845977783203,304.23046875,97.07691955566406,212.05078125,98.69230651855469,267.03515625,103.53845977783203,309.08203125,-1.0,-1.0,80.92308044433594,155.44921875,-1.0,-1.0,87.38461303710938,155.44921875
86.88311767578125,157.68359375,107.81817626953125,165.76953125,115.87013244628906,162.53515625,-1.0,-1.0,-1.0,-1.0,101.37662506103516,165.76953125,90.10389709472656,181.94140625,77.22077941894531,175.47265625,122.31169128417969,201.34765625,-1.0,-1.0,-1.0,-1.0,102.98701477050781,212.66796875,104.59740447998047,267.65234375,109.42857360839844,306.46484375,-1.0,-1.0,88.4935073852539,152.83203125,-1.0,-1.0,94.93506622314453,152.83203125
91.2727279663086,159.30078125,113.81817626953125,165.76953125,125.09091186523438,162.53515625,-1.0,-1.0,-1.0,-1.0,104.15584564208984,167.38671875,94.4935073852539,183.55859375,84.83116912841797,175.47265625,126.7012939453125,211.05078125,104.15584564208984,266.03515625,96.10389709472656,304.84765625,108.98701477050781,215.90234375,110.59740447998047,267.65234375,115.42857360839844,308.08203125,-1.0,-1.0,92.88311767578125,154.44921875,-1.0,-1.0,99.32467651367188,152.83203125
98.88311767578125,155.06640625,121.42857360839844,164.76953125,131.09091186523438,163.15234375,-1.0,-1.0,-1.0,-1.0,111.7662353515625,166.38671875,100.4935073852539,180.94140625,89.22077941894531,172.85546875,132.7012939453125,206.81640625,110.15584564208984,268.26953125,102.10389709472656,305.46484375,113.37662506103516,214.90234375,116.59740447998047,268.26953125,121.42857360839844,307.08203125,-1.0,-1.0,100.4935073852539,150.21484375,-1.0,-1.0,108.54545593261719,151.83203125
105.53845977783203,154.06640625,128.15383911132812,165.38671875,137.84616088867188,163.76953125,-1.0,-1.0,-1.0,-1.0,116.84615325927734,167.00390625,108.76922607421875,200.96484375,-1.0,-1.0,136.23077392578125,217.13671875,116.84615325927734,264.03515625,108.76922607421875,307.69921875,120.07691955566406,218.75390625,121.69230651855469,265.65234375,128.15383911132812,306.08203125,-1.0,-1.0,107.15384674072266,149.21484375,-1.0,-1.0,116.84615325927734,149.21484375
110.86842346191406,153.1875,133.7105255126953,164.5625,145.13157653808594,164.5625,-1.0,-1.0,-1.0,-1.0,122.28947448730469,166.1875,114.13157653808594,200.3125,-1.0,-1.0,141.86842346191406,218.1875,122.28947448730469,265.3125,115.76315307617188,309.1875,125.55262756347656,218.1875,127.18421173095703,265.3125,133.7105255126953,305.9375,-1.0,-1.0,114.13157653808594,148.3125,-1.0,-1.0,123.92105102539062,148.3125
115.88311767578125,154.68359375,140.03895568847656,164.38671875,151.3116912841797,162.76953125,-1.0,-1.0,-1.0,-1.0,128.7662353515625,166.00390625,119.10389709472656,199.96484375,-1.0,-1.0,148.09091186523438,217.75390625,127.15584564208984,264.65234375,120.71428680419922,309.93359375,133.59739685058594,217.75390625,133.59739685058594,264.65234375,140.03895568847656,306.69921875,117.4935073852539,148.21484375,119.10389709472656,149.83203125,-1.0,-1.0,128.7662353515625,149.83203125
121.88311767578125,153.68359375,144.42857360839844,165.00390625,155.7012939453125,163.38671875,-1.0,-1.0,-1.0,-1.0,133.1558380126953,166.62109375,125.10389709472656,198.96484375,-1.0,-1.0,152.4805145263672,218.37109375,133.1558380126953,265.26953125,125.10389709472656,308.93359375,137.9870147705078,218.37109375,139.59739685058594,265.26953125,146.03895568847656,305.69921875,121.88311767578125,148.83203125,125.10389709472656,148.83203125,-1.0,-1.0,136.37661743164062,148.83203125
128.53846740722656,152.68359375,151.15383911132812,164.00390625,160.84616088867188,162.38671875,-1.0,-1.0,-1.0,-1.0,139.84616088867188,165.62109375,131.76922607421875,199.58203125,-1.0,-1.0,160.84616088867188,217.37109375,136.61538696289062,264.26953125,131.76922607421875,307.93359375,144.6923065185547,217.37109375,146.3076934814453,264.26953125,152.76922607421875,306.31640625,128.53846740722656,147.83203125,131.76922607421875,147.83203125,-1.0,-1.0,143.07691955566406,147.83203125
134.53846740722656,152.68359375,157.15383911132812,164.00390625,166.84616088867188,162.38671875,-1.0,-1.0,-1.0,-1.0,145.84616088867188,165.62109375,136.15383911132812,197.96484375,-1.0,-1.0,166.84616088867188,217.37109375,142.61538696289062,262.65234375,137.76922607421875,309.55078125,150.6923065185547,217.37109375,150.6923065185547,262.65234375,157.15383911132812,306.31640625,134.53846740722656,147.83203125,136.15383911132812,147.83203125,-1.0,-1.0,147.46153259277344,147.83203125
140.49349975585938,151.68359375,161.42857360839844,164.62109375,172.7012939453125,163.00390625,-1.0,-1.0,-1.0,-1.0,151.7662353515625,164.62109375,140.49349975585938,187.26171875,-1.0,-1.0,171.09091186523438,214.75390625,148.5454559326172,261.65234375,142.10389709472656,306.93359375,156.59739685058594,216.37109375,156.59739685058594,261.65234375,163.03895568847656,305.31640625,140.49349975585938,148.44921875,143.7142791748047,146.83203125,-1.0,-1.0,153.37661743164062,146.83203125
144.88311767578125,152.30078125,165.81817626953125,163.62109375,177.09091186523438,162.00390625,-1.0,-1.0,-1.0,-1.0,157.7662353515625,165.23828125,144.88311767578125,183.02734375,135.2207794189453,173.32421875,175.4805145263672,215.37109375,152.93505859375,262.26953125,148.10389709472656,304.31640625,160.9870147705078,216.98828125,162.59739685058594,262.26953125,167.42857360839844,305.93359375,144.88311767578125,147.44921875,148.10389709472656,147.44921875,-1.0,-1.0,159.37661743164062,147.44921875
150.88311767578125,149.68359375,171.81817626953125,164.23828125,183.09091186523438,162.62109375,-1.0,-1.0,-1.0,-1.0,162.1558380126953,164.23828125,154.10389709472656,196.58203125,157.32467651367188,198.19921875,179.87013244628906,214.37109375,158.93505859375,261.26953125,152.49349975585938,303.31640625,166.9870147705078,215.98828125,165.37661743164062,261.26953125,173.42857360839844,306.55078125,150.88311767578125,144.83203125,154.10389709472656,144.83203125,-1.0,-1.0,166.9870147705078,146.44921875
155.92308044433594,149.68359375,176.92308044433594,162.62109375,186.61538696289062,161.00390625,-1.0,-1.0,-1.0,-1.0,167.23077392578125,164.23828125,157.53846740722656,182.02734375,149.46153259277344,173.94140625,186.61538696289062,212.75390625,162.38461303710938,261.26953125,157.53846740722656,303.31640625,172.07691955566406,214.37109375,172.07691955566406,262.88671875,178.5384521484375,306.55078125,155.92308044433594,144.83203125,159.15383911132812,144.83203125,-1.0,-1.0,170.46153259277344,146.44921875
161.88311767578125,148.68359375,181.20779418945312,163.23828125,192.4805145263672,161.62109375,-1.0,-1.0,-1.0,-1.0,173.1558380126953,163.23828125,165.10389709472656,195.58203125,161.88311767578125,195.58203125,190.87013244628906,211.75390625,168.32467651367188,258.65234375,163.49349975585938,302.31640625,177.9870147705078,214.98828125,176.37661743164062,260.26953125,184.42857360839844,305.55078125,161.88311767578125,145.44921875,165.10389709472656,145.44921875,-1.0,-1.0,176.37661743164062,147.06640625
166.92308044433594,148.68359375,187.92308044433594,163.23828125,197.61538696289062,161.62109375,-1.0,-1.0,-1.0,-1.0,178.23077392578125,163.23828125,168.53846740722656,181.02734375,158.84616088867188,171.32421875,197.61538696289062,211.75390625,175.0,261.88671875,170.15383911132812,302.31640625,183.07691955566406,214.98828125,183.07691955566406,261.88671875,189.5384521484375,305.55078125,166.92308044433594,145.44921875,170.15383911132812,145.44921875,-1.0,-1.0,181.46153259277344,147.06640625
172.88311767578125,148.68359375,193.81817626953125,161.62109375,203.4805145263672,161.62109375,-1.0,-1.0,-1.0,-1.0,184.1558380126953,163.23828125,174.49349975585938,181.02734375,164.83116149902344,172.94140625,203.4805145263672,211.75390625,179.32467651367188,260.26953125,176.10389709472656,300.69921875,188.9870147705078,214.98828125,187.37661743164062,261.88671875,195.42857360839844,305.55078125,172.88311767578125,145.44921875,176.10389709472656,145.44921875,-1.0,-1.0,187.37661743164062,147.06640625
177.92308044433594,148.68359375,198.92308044433594,161.62109375,208.61538696289062,161.62109375,-1.0,-1.0,-1.0,-1.0,189.23077392578125,163.23828125,179.53846740722656,181.02734375,169.84616088867188,169.70703125,208.61538696289062,211.75390625,187.61538696289062,261.88671875,197.3076934814453,303.93359375,194.07691955566406,213.37109375,194.07691955566406,261.88671875,200.5384521484375,305.55078125,177.92308044433594,145.44921875,181.15383911132812,145.44921875,-1.0,-1.0,192.46153259277344,145.44921875
183.88311767578125,148.68359375,204.81817626953125,161.62109375,214.4805145263672,160.00390625,-1.0,-1.0,-1.0,-1.0,195.1558380126953,163.23828125,185.49349975585938,181.02734375,175.83116149902344,172.94140625,214.4805145263672,211.75390625,193.5454559326172,263.50390625,188.7142791748047,302.31640625,199.9870147705078,214.98828125,199.9870147705078,261.88671875,206.42857360839844,305.55078125,183.88311767578125,145.44921875,187.10389709472656,145.44921875,-1.0,-1.0,198.37661743164062,145.44921875
188.88311767578125,149.30078125,209.81817626953125,162.23828125,219.4805145263672,160.62109375,-1.0,-1.0,-1.0,-1.0,201.7662353515625,162.23828125,190.49349975585938,181.64453125,182.44155883789062,171.94140625,219.4805145263672,210.75390625,200.1558380126953,257.65234375,208.20779418945312,302.93359375,204.9870147705078,213.98828125,203.37661743164062,259.26953125,211.42857360839844,306.16796875,188.88311767578125,144.44921875,192.10389709472656,144.44921875,-1.0,-1.0,203.37661743164062,146.06640625
193.92308044433594,149.30078125,214.92308044433594,162.23828125,224.61538696289062,160.62109375,-1.0,-1.0,-1.0,-1.0,205.23077392578125,163.85546875,195.53846740722656,183.26171875,189.07691955566406,171.94140625,224.61538696289062,210.75390625,205.23077392578125,252.80078125,205.23077392578125,302.93359375,210.07691955566406,212.37109375,208.46153259277344,256.03515625,218.15383911132812,306.16796875,193.92308044433594,144.44921875,197.15383911132812,144.44921875,-1.0,-1.0,208.46153259277344,146.06640625
199.88311767578125,149.30078125,219.20779418945312,162.23828125,230.4805145263672,160.62109375,-1.0,-1.0,-1.0,-1.0,211.1558380126953,163.85546875,201.49349975585938,183.26171875,190.2207794189453,170.32421875,228.87013244628906,213.98828125,209.5454559326172,262.50390625,203.10389709472656,301.31640625,214.37661743164062,217.22265625,215.9870147705078,262.50390625,222.42857360839844,306.16796875,199.88311767578125,144.44921875,203.10389709472656,144.44921875,-1.0,-1.0,214.37661743164062,146.06640625
204.88311767578125,147.68359375,224.20779418945312,162.23828125,235.4805145263672,160.62109375,-1.0,-1.0,-1.0,-1.0,216.1558380126953,163.85546875,206.49349975585938,184.87890625,-1.0,-1.0,233.87013244628906,212.37109375,214.5454559326172,260.88671875,208.10389709472656,301.31640625,219.37661743164062,215.60546875,220.9870147705078,260.88671875,227.42857360839844,306.16796875,204.88311767578125,142.83203125,208.10389709472656,144.44921875,-1.0,-1.0,219.37661743164062,146.06640625
210.88311767578125,149.30078125,230.20779418945312,162.23828125,239.87013244628906,160.62109375,-1.0,-1.0,-1.0,-1.0,222.1558380126953,162.23828125,212.49349975585938,192.96484375,-1.0,-1.0,239.87013244628906,212.37109375,222.1558380126953,257.65234375,214.10389709472656,299.69921875,225.37661743164062,213.98828125,225.37661743164062,259.26953125,231.81817626953125,304.55078125,209.27272033691406,146.06640625,212.49349975585938,144.44921875,-1.0,-1.0,223.7662353515625,144.44921875
215.88311767578125,149.30078125,235.20779418945312,160.62109375,244.87013244628906,160.62109375,-1.0,-1.0,-1.0,-1.0,227.1558380126953,162.23828125,217.49349975585938,192.96484375,-1.0,-1.0,243.25973510742188,213.98828125,227.1558380126953,259.26953125,219.10389709472656,301.31640625,230.37661743164062,215.60546875,230.37661743164062,259.26953125,236.81817626953125,306.16796875,215.88311767578125,144.44921875,219.10389709472656,144.44921875,-1.0,-1.0,228.7662353515625,144.44921875
220.92308044433594,147.68359375,240.3076934814453,160.62109375,250.0,160.62109375,-1.0,-1.0,-1.0,-1.0,232.23077392578125,162.23828125,222.53846740722656,192.96484375,-1.0,-1.0,250.0,212.37109375,232.23077392578125,259.26953125,224.15383911132812,299.69921875,235.46153259277344,213.98828125,237.07691955566406,260.88671875,241.92308044433594,304.55078125,220.92308044433594,142.83203125,224.15383911132812,144.44921875,-1.0,-1.0,233.84616088867188,144.44921875
225.27272033691406,149.30078125,246.20779418945312,160.62109375,254.25973510742188,159.00390625,-1.0,-1.0,-1.0,-1.0,236.5454559326172,162.23828125,228.49349975585938,192.96484375,-1.0,-1.0,254.25973510742188,212.37109375,238.1558380126953,259.26953125,230.10389709472656,299.69921875,239.7662353515625,213.98828125,241.37661743164062,259.26953125,247.81817626953125,304.55078125,226.88311767578125,144.44921875,228.49349975585938,144.44921875,-1.0,-1.0,238.1558380126953,144.44921875
231.88311767578125,147.68359375,251.20779418945312,160.62109375,260.8701171875,159.00390625,-1.0,-1.0,-1.0,-1.0,241.5454559326172,162.23828125,233.49349975585938,194.58203125,-1.0,-1.0,260.8701171875,210.75390625,243.1558380126953,257.65234375,235.10389709472656,299.69921875,246.37661743164062,212.37109375,246.37661743164062,259.26953125,252.81817626953125,304.55078125,231.88311767578125,144.44921875,233.49349975585938,144.44921875,-1.0,-1.0,243.1558380126953,142.83203125
237.23684692382812,146.8125,256.8157958984375,159.8125,266.6052551269531,158.1875,-1.0,-1.0,-1.0,-1.0,248.65789794921875,161.4375,238.86842346191406,182.5625,229.07894897460938,179.3125,266.6052551269531,210.1875,248.65789794921875,260.5625,256.8157958984375,304.4375,251.92105102539062,213.4375,253.55262756347656,260.5625,258.4473571777344,304.4375,237.23684692382812,141.9375,240.5,141.9375,-1.0,-1.0,250.2894744873047,143.5625
242.88311767578125,146.68359375,262.2077941894531,159.62109375,271.8701171875,158.00390625,-1.0,-1.0,-1.0,-1.0,254.1558380126953,161.23828125,244.49349975585938,191.96484375,-1.0,-1.0,271.8701171875,211.37109375,254.1558380126953,261.50390625,262.2077941894531,303.55078125,257.3766174316406,214.60546875,258.98699951171875,259.88671875,263.81817626953125,303.55078125,242.88311767578125,141.83203125,246.10389709472656,143.44921875,-1.0,-1.0,255.7662353515625,143.44921875
249.92308044433594,148.30078125,267.69232177734375,159.62109375,277.3846130371094,158.00390625,-1.0,-1.0,-1.0,-1.0,261.23077392578125,161.23828125,251.53846740722656,191.96484375,-1.0,-1.0,277.3846130371094,211.37109375,259.6153869628906,259.88671875,270.9230651855469,303.55078125,264.4615478515625,212.98828125,264.4615478515625,259.88671875,270.9230651855469,305.16796875,248.3076934814453,143.44921875,251.53846740722656,143.44921875,-1.0,-1.0,261.23077392578125,143.44921875
255.3076934814453,146.68359375,274.69232177734375,158.00390625,282.76922607421875,158.00390625,-1.0,-1.0,-1.0,-1.0,268.23077392578125,159.62109375,256.9230651855469,182.26171875,-1.0,-1.0,284.3846130371094,208.13671875,265.0,261.50390625,260.1538391113281,301.93359375,269.8461608886719,211.37109375,269.8461608886719,259.88671875,277.9230651855469,303.55078125,255.3076934814453,143.44921875,258.5384521484375,143.44921875,-1.0,-1.0,268.23077392578125,143.44921875
261.6623229980469,148.30078125,282.597412109375,159.62109375,290.64935302734375,158.00390625,-1.0,-1.0,-1.0,-1.0,272.93505859375,161.23828125,263.2727355957031,191.96484375,-1.0,-1.0,292.2597351074219,211.37109375,271.3246765136719,259.88671875,268.1038818359375,301.93359375,277.7662353515625,212.98828125,276.1558532714844,259.88671875,284.2077941894531,303.55078125,260.05194091796875,143.44921875,264.88311767578125,143.44921875,-1.0,-1.0,274.5454406738281,141.83203125
267.97369384765625,147.4375,289.1842041015625,158.8125,298.97369384765625,158.8125,-1.0,-1.0,-1.0,-1.0,279.3947448730469,160.4375,271.2368469238281,192.9375,-1.0,-1.0,298.97369384765625,210.8125,279.3947448730469,259.5625,274.5,301.8125,284.2894592285156,212.4375,282.65789794921875,259.5625,290.8157958984375,303.4375,266.34210205078125,144.1875,271.2368469238281,142.5625,-1.0,-1.0,281.02630615234375,142.5625
274.97369384765625,145.8125,294.5526428222656,158.8125,304.34210205078125,158.8125,-1.0,-1.0,-1.0,-1.0,286.3947448730469,160.4375,276.6052551269531,191.3125,-1.0,-1.0,305.97369384765625,210.8125,284.7631530761719,259.5625,281.5,301.8125,291.2894592285156,212.4375,289.65789794921875,259.5625,297.8157958984375,303.4375,273.34210205078125,142.5625,278.2368469238281,142.5625,-1.0,-1.0,288.02630615234375,142.5625
281.0769348144531,145.8125,300.4615478515625,157.1875,310.1538391113281,157.1875,-1.0,-1.0,-1.0,-1.0,292.3846130371094,158.8125,282.69232177734375,191.3125,-1.0,-1.0,310.1538391113281,209.1875,290.76922607421875,257.9375,289.1538391113281,301.8125,297.23077392578125,212.4375,295.6153869628906,257.9375,303.69232177734375,303.4375,281.0769348144531,140.9375,284.30767822265625,140.9375,-1.0,-1.0,294.0,140.9375
288.34210205078125,145.8125,307.9210510253906,157.1875,317.71051025390625,157.1875,-1.0,-1.0,-1.0,-1.0,299.7631530761719,158.8125,289.97369384765625,191.3125,-1.0,-1.0,319.34210205078125,207.5625,299.7631530761719,259.5625,299.7631530761719,300.1875,304.65789794921875,210.8125,303.02630615234375,259.5625,311.1842041015625,303.4375,288.34210205078125,140.9375,289.97369384765625,140.9375,-1.0,-1.0,299.7631530761719,142.5625
295.34210205078125,144.1875,314.9210510253906,157.1875,324.71051025390625,155.5625,-1.0,-1.0,-1.0,-1.0,305.131591796875,158.8125,296.97369384765625,191.3125,-1.0,-1.0,326.34210205078125,207.5625,306.7631530761719,256.3125,306.7631530761719,301.8125,310.02630615234375,212.4375,310.02630615234375,257.9375,318.1842041015625,303.4375,295.34210205078125,140.9375,296.97369384765625,140.9375,-1.0,-1.0,308.3947448730469,140.9375
302.34210205078125,144.94140625,321.9210510253906,158.00390625,330.0789489746094,156.37109375,-1.0,-1.0,-1.0,-1.0,312.131591796875,158.00390625,303.97369384765625,192.29296875,-1.0,-1.0,331.71051025390625,203.72265625,313.7631530761719,257.60546875,315.3947448730469,300.05859375,317.02630615234375,208.62109375,317.02630615234375,259.23828125,323.5526428222656,304.95703125,302.34210205078125,140.04296875,305.6052551269531,140.04296875,-1.0,-1.0,313.7631530761719,141.67578125
308.5454406738281,144.94140625,328.18182373046875,158.00390625,338.0,156.37109375,-1.0,-1.0,-1.0,-1.0,320.0,159.63671875,311.81817626953125,193.92578125,303.6363525390625,180.86328125,339.6363525390625,203.72265625,321.6363525390625,262.50390625,323.2727355957031,301.69140625,323.2727355957031,211.88671875,324.9090881347656,260.87109375,331.4545593261719,304.95703125,310.18182373046875,140.04296875,311.81817626953125,140.04296875,-1.0,-1.0,323.2727355957031,141.67578125
315.7105407714844,144.94140625,336.9210510253906,156.37109375,345.0789489746094,154.73828125,-1.0,-1.0,-1.0,-1.0,327.131591796875,158.00390625,317.34210205078125,192.29296875,-1.0,-1.0,346.71051025390625,208.62109375,328.7631530761719,260.87109375,332.02630615234375,301.69140625,332.02630615234375,211.88671875,332.02630615234375,259.23828125,338.5526428222656,304.95703125,317.34210205078125,140.04296875,318.97369384765625,140.04296875,-1.0,-1.0,328.7631530761719,140.04296875
322.7105407714844,144.94140625,343.9210510253906,156.37109375,352.0789489746094,156.37109375,-1.0,-1.0,-1.0,-1.0,334.131591796875,158.00390625,324.34210205078125,192.29296875,-1.0,-1.0,352.0789489746094,210.25390625,335.7631530761719,257.60546875,335.7631530761719,300.05859375,337.3947448730469,213.51953125,339.02630615234375,257.60546875,345.5526428222656,304.95703125,324.34210205078125,140.04296875,325.97369384765625,140.04296875,-1.0,-1.0,335.7631530761719,140.04296875
329.7105407714844,143.94140625,350.9210510253906,157.00390625,359.0789489746094,155.37109375,-1.0,-1.0,-1.0,-1.0,341.131591796875,158.63671875,329.7105407714844,183.12890625,-1.0,-1.0,360.71051025390625,209.25390625,342.7631530761719,258.23828125,341.131591796875,299.05859375,346.02630615234375,212.51953125,346.02630615234375,258.23828125,352.5526428222656,303.95703125,331.34210205078125,139.04296875,332.97369384765625,139.04296875,-1.0,-1.0,342.7631530761719,139.04296875
337.5454406738281,142.30859375,357.18182373046875,155.37109375,365.3636474609375,155.37109375,-1.0,-1.0,-1.0,-1.0,347.3636474609375,157.00390625,335.9090881347656,188.02734375,-1.0,-1.0,365.3636474609375,210.88671875,349.0,259.87109375,350.6363525390625,299.05859375,352.2727355957031,212.51953125,353.9090881347656,259.87109375,358.81817626953125,303.95703125,337.5454406738281,139.04296875,339.18182373046875,137.41015625,-1.0,-1.0,349.0,139.04296875
343.0789489746094,140.67578125,364.2894592285156,155.37109375,372.4473571777344,155.37109375,-1.0,-1.0,-1.0,-1.0,354.5,157.00390625,343.0789489746094,188.02734375,-1.0,-1.0,372.4473571777344,209.25390625,357.7631530761719,258.23828125,362.65789794921875,302.32421875,359.3947448730469,212.51953125,359.3947448730469,258.23828125,365.9210510253906,303.95703125,-1.0,-1.0,346.34210205078125,137.41015625,-1.0,-1.0,354.5,137.41015625
358.2368469238281,142.30859375,377.8157958984375,153.73828125,385.97369384765625,152.10546875,-1.0,-1.0,-1.0,-1.0,369.65789794921875,157.00390625,359.868408203125,191.29296875,-1.0,-1.0,384.34210205078125,210.88671875,369.65789794921875,258.23828125,376.1842041015625,302.32421875,372.9210510253906,212.51953125,374.5526428222656,258.23828125,379.4473571777344,303.95703125,356.6052551269531,137.41015625,359.868408203125,137.41015625,-1.0,-1.0,369.65789794921875,137.41015625
363.6052551269531,141.4296875,384.8157958984375,154.5546875,392.97369384765625,152.9140625,-1.0,-1.0,-1.0,-1.0,376.65789794921875,157.8359375,366.868408203125,192.2890625,365.2368469238281,189.0078125,391.34210205078125,211.9765625,378.2894592285156,257.9140625,376.65789794921875,298.9296875,379.9210510253906,211.9765625,381.5526428222656,257.9140625,388.0789489746094,303.8515625,361.97369384765625,138.1484375,366.868408203125,136.5078125,-1.0,-1.0,376.65789794921875,136.5078125
371.4545593261719,139.7890625,392.7272644042969,154.5546875,402.54547119140625,152.9140625,-1.0,-1.0,-1.0,-1.0,382.9090881347656,156.1953125,371.4545593261719,177.5234375,-1.0,-1.0,400.9090881347656,208.6953125,386.18182373046875,257.9140625,384.5454406738281,297.2890625,387.81817626953125,210.3359375,389.4545593261719,257.9140625,396.0,303.8515625,369.81817626953125,136.5078125,374.7272644042969,134.8671875,-1.0,-1.0,382.9090881347656,136.5078125
378.6052551269531,138.1484375,399.8157958984375,152.9140625,407.97369384765625,151.2734375,-1.0,-1.0,-1.0,-1.0,390.02630615234375,154.5546875,378.6052551269531,177.5234375,-1.0,-1.0,407.97369384765625,207.0546875,393.2894592285156,259.5546875,390.02630615234375,298.9296875,394.9210510253906,208.6953125,396.5526428222656,257.9140625,403.0789489746094,303.8515625,-1.0,-1.0,381.868408203125,134.8671875,-1.0,-1.0,390.02630615234375,136.5078125
385.6052551269531,138.1484375,405.1842041015625,152.9140625,413.34210205078125,149.6328125,-1.0,-1.0,-1.0,-1.0,397.02630615234375,154.5546875,382.34210205078125,175.8828125,375.8157958984375,170.9609375,413.34210205078125,207.0546875,400.2894592285156,257.9140625,398.65789794921875,297.2890625,401.9210510253906,208.6953125,403.5526428222656,257.9140625,410.0789489746094,303.8515625,-1.0,-1.0,388.868408203125,134.8671875,-1.0,-1.0,397.02630615234375,136.5078125
391.77630615234375,138.90234375,413.3289489746094,153.73828125,421.618408203125,152.08984375,-1.0,-1.0,-1.0,-1.0,403.381591796875,157.03515625,395.09210205078125,190.00390625,-1.0,-1.0,421.618408203125,208.13671875,406.6973571777344,259.23828125,405.03948974609375,298.80078125,408.3552551269531,209.78515625,411.6710510253906,259.23828125,418.3026428222656,302.09765625,-1.0,-1.0,395.09210205078125,133.95703125,-1.0,-1.0,403.381591796875,135.60546875
398.7466735839844,137.25390625,420.239990234375,153.73828125,428.50665283203125,152.08984375,-1.0,-1.0,-1.0,-1.0,410.32000732421875,155.38671875,395.44000244140625,175.16796875,388.82666015625,170.22265625,426.85333251953125,211.43359375,415.2799987792969,259.23828125,410.32000732421875,298.80078125,413.6266784667969,211.43359375,416.9333190917969,259.23828125,423.5466613769531,303.74609375,-1.0,-1.0,400.3999938964844,133.95703125,-1.0,-1.0,408.6666564941406,135.60546875
405.7466735839844,138.015625,425.586669921875,152.921875,433.85333251953125,149.609375,-1.0,-1.0,-1.0,-1.0,415.6666564941406,154.578125,402.44000244140625,174.453125,-1.0,-1.0,435.50665283203125,210.890625,422.2799987792969,258.921875,417.32000732421875,298.671875,420.6266784667969,210.890625,423.9333190917969,258.921875,430.5466613769531,301.984375,-1.0,-1.0,407.3999938964844,133.046875,-1.0,-1.0,414.0133361816406,134.703125
411.77630615234375,138.015625,431.6710510253906,152.921875,441.618408203125,152.921875,-1.0,-1.0,-1.0,-1.0,421.72369384765625,154.578125,411.77630615234375,189.359375,-1.0,-1.0,441.618408203125,210.890625,426.6973571777344,258.921875,423.381591796875,298.671875,426.6973571777344,210.890625,430.0131530761719,258.921875,436.6447448730469,301.984375,-1.0,-1.0,413.4342041015625,134.703125,-1.0,-1.0,420.0657958984375,134.703125
417.09332275390625,136.359375,438.586669921875,149.609375,445.20001220703125,149.609375,-1.0,-1.0,-1.0,-1.0,428.6666564941406,152.921875,418.7466735839844,189.359375,-1.0,-1.0,446.85333251953125,207.578125,435.2799987792969,257.265625,430.32000732421875,297.015625,433.6266784667969,209.234375,435.2799987792969,258.921875,443.5466613769531,301.984375,-1.0,-1.0,420.3999938964844,133.046875,-1.0,-1.0,425.3599853515625,133.046875
418.44000244140625,137.12890625,438.2799987792969,150.44140625,446.5466613769531,147.11328125,-1.0,-1.0,-1.0,-1.0,428.3599853515625,153.76953125,418.44000244140625,188.71484375,-1.0,-1.0,448.20001220703125,208.68359375,434.97332763671875,256.94140625,428.3599853515625,298.54296875,434.97332763671875,212.01171875,434.97332763671875,258.60546875,443.239990234375,301.87109375,-1.0,-1.0,420.09332275390625,132.13671875,439.9333190917969,130.47265625,425.0533447265625,133.80078125
418.1333312988281,137.12890625,437.97332763671875,152.10546875,446.239990234375,150.44140625,-1.0,-1.0,-1.0,-1.0,429.7066650390625,153.76953125,414.82666015625,175.40234375,-1.0,-1.0,447.8933410644531,208.68359375,434.6666564941406,256.94140625,431.3599853515625,296.87890625,434.6666564941406,210.34765625,436.32000732421875,256.94140625,442.9333190917969,301.87109375,-1.0,-1.0,419.7866516113281,133.80078125,-1.0,-1.0,424.7466735839844,135.46484375
428.729736328125,139.5859375,448.83782958984375,152.9609375,458.89190673828125,151.2890625,-1.0,-1.0,-1.0,-1.0,437.10809326171875,152.9609375,428.729736328125,188.0703125,430.4053955078125,189.7421875,457.2162170410156,209.8046875,445.4864807128906,258.2890625,438.7837829589844,298.4140625,443.8108215332031,209.8046875,447.16217041015625,258.2890625,455.54052734375,301.7578125,-1.0,-1.0,430.4053955078125,134.5703125,450.5135192871094,131.2265625,435.43243408203125,132.8984375
435.0810852050781,136.2421875,453.5135192871094,151.2890625,463.56756591796875,149.6171875,-1.0,-1.0,-1.0,-1.0,443.45947265625,152.9609375,435.0810852050781,189.7421875,426.70269775390625,188.0703125,463.56756591796875,208.1328125,451.83782958984375,254.9453125,458.54052734375,301.7578125,450.16217041015625,209.8046875,453.5135192871094,256.6171875,460.2162170410156,303.4296875,-1.0,-1.0,438.43243408203125,132.8984375,455.1891784667969,129.5546875,440.10809326171875,132.8984375
433.9200134277344,136.9140625,454.0799865722656,150.2890625,464.1600036621094,150.2890625,-1.0,-1.0,-1.0,-1.0,444.0,153.6328125,432.239990234375,175.3671875,-1.0,-1.0,464.1600036621094,208.8046875,450.7200012207031,258.9609375,447.3599853515625,297.4140625,449.0400085449219,208.8046875,452.3999938964844,257.2890625,460.79998779296875,300.7578125,-1.0,-1.0,435.6000061035156,133.5703125,454.0799865722656,130.2265625,440.6400146484375,133.5703125
437.0540466308594,136.9140625,458.83782958984375,151.9609375,467.2162170410156,150.2890625,-1.0,-1.0,-1.0,-1.0,447.10809326171875,153.6328125,440.4053955078125,190.4140625,-1.0,-1.0,468.89190673828125,210.4765625,457.16217041015625,257.2890625,450.45947265625,299.0859375,453.8108215332031,208.8046875,457.16217041015625,257.2890625,467.2162170410156,302.4296875,-1.0,-1.0,440.4053955078125,133.5703125,460.5135192871094,130.2265625,443.7567443847656,133.5703125
442.729736328125,138.5859375,462.83782958984375,151.9609375,472.89190673828125,150.2890625,-1.0,-1.0,-1.0,-1.0,452.7837829589844,153.6328125,444.4053955078125,188.7421875,-1.0,-1.0,474.56756591796875,208.8046875,462.83782958984375,255.6171875,464.5135192871094,299.0859375,459.4864807128906,208.8046875,461.16217041015625,257.2890625,471.2162170410156,302.4296875,-1.0,-1.0,-1.0,-1.0,464.5135192871094,130.2265625,447.7567443847656,133.5703125
446.729736328125,137.71484375,466.83782958984375,151.15234375,478.56756591796875,149.47265625,-1.0,-1.0,-1.0,-1.0,456.7837829589844,152.83203125,448.4053955078125,188.10546875,443.3783874511719,171.30859375,476.89190673828125,209.94140625,466.83782958984375,255.29296875,473.54052734375,298.96484375,463.4864807128906,209.94140625,465.16217041015625,256.97265625,475.2162170410156,302.32421875,-1.0,-1.0,450.0810852050781,132.67578125,468.5135192871094,129.31640625,453.43243408203125,132.67578125
450.729736328125,136.03515625,472.5135192871094,151.15234375,482.56756591796875,149.47265625,492.6216125488281,179.70703125,-1.0,-1.0,460.7837829589844,152.83203125,450.729736328125,188.10546875,-1.0,-1.0,480.89190673828125,209.94140625,470.83782958984375,255.29296875,477.54052734375,298.96484375,467.4864807128906,209.94140625,469.16217041015625,256.97265625,479.2162170410156,302.32421875,-1.0,-1.0,454.0810852050781,130.99609375,472.5135192871094,129.31640625,457.43243408203125,132.67578125
454.8904113769531,135.15625,475.27398681640625,150.34375,487.16436767578125,150.34375,-1.0,-1.0,-1.0,-1.0,465.0821838378906,152.03125,454.8904113769531,187.46875,-1.0,-1.0,487.16436767578125,209.40625,475.27398681640625,254.96875,482.0684814453125,298.84375,471.876708984375,209.40625,473.5753479003906,256.65625,483.7671203613281,302.21875,-1.0,-1.0,458.28765869140625,130.09375,-1.0,-1.0,463.383544921875,131.78125
457.1917724609375,135.15625,479.27398681640625,150.34375,492.8630065917969,150.34375,-1.0,-1.0,-1.0,-1.0,467.383544921875,152.03125,458.8904113769531,187.46875,-1.0,-1.0,491.16436767578125,209.40625,479.27398681640625,254.96875,486.0684814453125,300.53125,475.876708984375,209.40625,477.5753479003906,256.65625,487.7671203613281,302.21875,-1.0,-1.0,460.58905029296875,131.78125,480.97259521484375,128.40625,463.9862976074219,131.78125
461.1917724609375,135.97265625,483.27398681640625,149.53515625,495.16436767578125,149.53515625,-1.0,-1.0,-1.0,-1.0,471.383544921875,152.92578125,461.1917724609375,186.83203125,473.0821838378906,188.52734375,493.46575927734375,208.87109375,481.5753479003906,256.33984375,474.78082275390625,297.02734375,478.1780700683594,208.87109375,481.5753479003906,256.33984375,490.0684814453125,302.11328125,-1.0,-1.0,462.8904113769531,130.88671875,481.5753479003906,127.49609375,467.9862976074219,132.58203125
463.4931640625,135.97265625,485.5753479003906,149.53515625,497.46575927734375,147.83984375,-1.0,-1.0,-1.0,-1.0,473.6849365234375,151.23046875,465.1917724609375,186.83203125,475.383544921875,186.83203125,495.7671203613281,208.87109375,483.876708984375,256.33984375,478.78082275390625,297.02734375,480.4794616699219,208.87109375,483.876708984375,256.33984375,494.0684814453125,302.11328125,-1.0,-1.0,466.8904113769531,130.88671875,485.5753479003906,127.49609375,470.28765869140625,130.88671875
-1.0,-1.0,487.5753479003906,149.53515625,501.16436767578125,147.83984375,507.9588928222656,178.35546875,-1.0,-1.0,475.6849365234375,151.23046875,467.1917724609375,185.13671875,477.383544921875,188.52734375,497.7671203613281,208.87109375,487.5753479003906,256.33984375,479.0821838378906,297.02734375,482.4794616699219,207.17578125,485.876708984375,256.33984375,496.0684814453125,302.11328125,-1.0,-1.0,-1.0,-1.0,487.5753479003906,127.49609375,472.28765869140625,130.88671875
-1.0,-1.0,489.5753479003906,149.7265625,501.46575927734375,148.0234375,-1.0,-1.0,-1.0,-1.0,477.6849365234375,151.4296875,470.8904113769531,187.1953125,-1.0,-1.0,501.46575927734375,209.3359375,487.876708984375,257.0234375,481.0821838378906,299.6015625,486.1780700683594,209.3359375,489.5753479003906,257.0234375,499.7671203613281,301.3046875,-1.0,-1.0,-1.0,-1.0,489.5753479003906,127.5859375,474.28765869140625,130.9921875
-1.0,-1.0,494.97259521484375,148.83984375,508.5616455078125,147.14453125,-1.0,-1.0,-1.0,-1.0,481.383544921875,152.23046875,474.58905029296875,186.13671875,-1.0,-1.0,506.8630065917969,208.17578125,494.97259521484375,255.64453125,486.4794616699219,298.02734375,491.5753479003906,209.87109375,493.27398681640625,255.64453125,501.7671203613281,301.41796875,-1.0,-1.0,-1.0,-1.0,494.97259521484375,126.80078125,477.9862976074219,131.88671875
-1.0,-1.0,495.27398681640625,148.83984375,510.5616455078125,147.14453125,-1.0,-1.0,-1.0,-1.0,483.383544921875,152.23046875,476.58905029296875,186.13671875,-1.0,-1.0,508.8630065917969,209.87109375,496.97259521484375,255.64453125,491.876708984375,298.02734375,491.876708984375,209.87109375,495.27398681640625,257.33984375,503.7671203613281,301.41796875,-1.0,-1.0,-1.0,-1.0,496.97259521484375,126.80078125,479.9862976074219,131.88671875
-1.0,-1.0,497.27398681640625,148.83984375,510.8630065917969,147.14453125,519.3561401367188,179.35546875,-1.0,-1.0,483.6849365234375,152.23046875,476.8904113769531,187.83203125,-1.0,-1.0,509.16436767578125,209.87109375,498.97259521484375,255.64453125,490.4794616699219,298.02734375,492.1780700683594,209.87109375,495.5753479003906,257.33984375,505.7671203613281,303.11328125,-1.0,-1.0,-1.0,-1.0,498.97259521484375,126.80078125,481.9862976074219,131.88671875
-1.0,-1.0,499.27398681640625,149.0234375,511.16436767578125,147.3203125,519.6575317382812,177.9765625,-1.0,-1.0,485.6849365234375,150.7265625,477.1917724609375,186.4921875,483.9862976074219,189.8984375,509.46575927734375,206.9296875,495.876708984375,256.3203125,489.0821838378906,298.8984375,494.1780700683594,206.9296875,497.5753479003906,258.0234375,507.7671203613281,302.3046875,-1.0,-1.0,-1.0,-1.0,497.5753479003906,126.8828125,482.28765869140625,130.2890625
475.4931640625,133.6953125,499.27398681640625,147.3203125,511.16436767578125,145.6171875,-1.0,-1.0,-1.0,-1.0,485.6849365234375,149.0234375,477.1917724609375,184.7890625,483.9862976074219,189.8984375,509.46575927734375,206.9296875,497.5753479003906,256.3203125,489.0821838378906,300.6015625,494.1780700683594,206.9296875,497.5753479003906,258.0234375,507.7671203613281,302.3046875,-1.0,-1.0,-1.0,-1.0,499.27398681640625,126.8828125,483.9862976074219,130.2890625
-1.0,-1.0,497.5753479003906,147.3203125,511.16436767578125,145.6171875,-1.0,-1.0,-1.0,-1.0,485.6849365234375,149.0234375,477.1917724609375,184.7890625,485.6849365234375,188.1953125,509.46575927734375,206.9296875,495.876708984375,256.3203125,489.0821838378906,298.8984375,494.1780700683594,206.9296875,497.5753479003906,258.0234375,507.7671203613281,302.3046875,-1.0,-1.0,-1.0,-1.0,499.27398681640625,126.8828125,483.9862976074219,128.5859375
-1.0,-1.0,497.5753479003906,147.3203125,509.46575927734375,145.6171875,-1.0,-1.0,-1.0,-1.0,485.6849365234375,147.3203125,475.4931640625,171.1640625,485.6849365234375,188.1953125,509.46575927734375,205.2265625,495.876708984375,256.3203125,489.0821838378906,300.6015625,494.1780700683594,206.9296875,497.5753479003906,258.0234375,507.7671203613281,302.3046875,-1.0,-1.0,-1.0,-1.0,497.5753479003906,126.8828125,483.9862976074219,128.5859375
474.4931640625,133.6953125,496.5753479003906,147.3203125,508.46575927734375,145.6171875,-1.0,-1.0,-1.0,-1.0,484.6849365234375,147.3203125,474.4931640625,171.1640625,482.9862976074219,189.8984375,508.46575927734375,205.2265625,496.5753479003906,258.0234375,489.78082275390625,298.8984375,491.4794616699219,205.2265625,496.5753479003906,258.0234375,506.7671203613281,302.3046875,-1.0,-1.0,-1.0,-1.0,496.5753479003906,126.8828125,482.9862976074219,128.5859375
-1.0,-1.0,495.6486511230469,146.49609375,509.270263671875,144.78515625,-1.0,-1.0,-1.0,-1.0,483.729736328125,148.20703125,476.9189147949219,185.84765625,-1.0,-1.0,507.56756591796875,206.37890625,495.6486511230469,255.99609375,502.45947265625,302.19140625,490.54052734375,206.37890625,495.6486511230469,257.70703125,505.8648681640625,303.90234375,-1.0,-1.0,-1.0,-1.0,495.6486511230469,125.96484375,482.02703857421875,127.67578125
-1.0,-1.0,495.1388854980469,146.671875,508.9166564941406,144.953125,-1.0,-1.0,-1.0,-1.0,483.0833435058594,148.390625,476.1944580078125,184.484375,-1.0,-1.0,507.1944580078125,205.109375,495.1388854980469,256.671875,488.25,299.640625,489.97222900390625,206.828125,495.1388854980469,256.671875,505.47222900390625,303.078125,-1.0,-1.0,-1.0,-1.0,495.1388854980469,126.046875,481.3611145019531,129.484375
-1.0,-1.0,495.8611145019531,147.57421875,507.9166564941406,145.84765625,-1.0,-1.0,-1.0,-1.0,482.0833435058594,149.30078125,475.1944580078125,183.83203125,478.6388854980469,192.46484375,506.1944580078125,206.27734375,495.8611145019531,256.34765625,494.1388854980469,299.51171875,490.6944580078125,206.27734375,494.1388854980469,258.07421875,504.47222900390625,302.96484375,-1.0,-1.0,-1.0,-1.0,495.8611145019531,126.85546875,480.3611145019531,128.58203125
-1.0,-1.0,494.0684814453125,147.57421875,507.876708984375,145.84765625,-1.0,-1.0,-1.0,-1.0,481.9862976074219,149.30078125,475.0821838378906,185.55859375,478.53424072265625,189.01171875,506.15069580078125,206.27734375,494.0684814453125,256.34765625,502.6986389160156,304.69140625,488.8904113769531,206.27734375,494.0684814453125,258.07421875,504.4246520996094,302.96484375,-1.0,-1.0,-1.0,-1.0,494.0684814453125,126.85546875,480.2602844238281,128.58203125
470.8591613769531,131.26171875,493.5633850097656,146.94140625,505.7887268066406,145.19921875,-1.0,-1.0,-1.0,-1.0,481.3380126953125,148.68359375,474.35211181640625,185.26953125,-1.0,-1.0,504.0422668457031,207.91796875,491.81689453125,256.69921875,484.83099365234375,300.25390625,488.3239440917969,207.91796875,493.5633850097656,258.44140625,504.0422668457031,303.73828125,-1.0,-1.0,-1.0,-1.0,493.5633850097656,126.03515625,477.8450622558594,127.77734375
-1.0,-1.0,492.5633850097656,146.94140625,504.7887268066406,145.19921875,511.774658203125,174.81640625,-1.0,-1.0,480.3380126953125,148.68359375,468.1126708984375,169.58984375,478.591552734375,188.75390625,503.0422668457031,206.17578125,490.81689453125,256.69921875,485.57745361328125,300.25390625,487.3239440917969,206.17578125,492.5633850097656,256.69921875,503.0422668457031,303.73828125,-1.0,-1.0,-1.0,-1.0,492.5633850097656,126.03515625,476.8450622558594,127.77734375
-1.0,-1.0,489.81689453125,146.125,503.7887268066406,144.375,510.774658203125,175.875,-1.0,-1.0,477.591552734375,147.875,470.6056213378906,182.875,475.8450622558594,189.875,502.0422668457031,205.625,489.81689453125,258.125,484.57745361328125,300.125,486.3239440917969,207.375,491.5633850097656,258.125,502.0422668457031,305.375,-1.0,-1.0,-1.0,-1.0,489.81689453125,125.125,475.8450622558594,128.625
-1.0,-1.0,488.81689453125,146.125,502.7887268066406,144.375,509.774658203125,175.875,-1.0,-1.0,476.591552734375,147.875,467.8591613769531,182.875,-1.0,-1.0,501.0422668457031,205.625,488.81689453125,256.375,483.57745361328125,300.125,485.3239440917969,207.375,490.5633850097656,258.125,499.2957763671875,303.625,-1.0,-1.0,-1.0,-1.0,488.81689453125,125.125,474.8450622558594,128.625
466.8591613769531,132.24609375,487.81689453125,146.30859375,501.7887268066406,144.55078125,508.774658203125,176.19140625,-1.0,-1.0,475.591552734375,148.06640625,468.6056213378906,184.98046875,-1.0,-1.0,500.0422668457031,206.07421875,486.0704345703125,257.05078125,480.83099365234375,300.99609375,482.57745361328125,207.83203125,487.81689453125,257.05078125,500.0422668457031,304.51171875,-1.0,-1.0,-1.0,-1.0,487.81689453125,123.45703125,473.8450622558594,128.73046875
-1.0,-1.0,486.81689453125,146.30859375,500.7887268066406,144.55078125,507.774658203125,176.19140625,-1.0,-1.0,474.591552734375,149.82421875,467.6056213378906,186.73828125,-1.0,-1.0,499.0422668457031,207.83203125,486.81689453125,257.05078125,479.83099365234375,300.99609375,481.57745361328125,207.83203125,486.81689453125,257.05078125,497.2957763671875,304.51171875,-1.0,-1.0,-1.0,-1.0,486.81689453125,125.21484375,471.0986022949219,128.73046875
-1.0,-1.0,487.1142883300781,145.4921875,499.5142822265625,143.7265625,506.6000061035156,175.5078125,-1.0,-1.0,474.71429443359375,147.2578125,465.8571472167969,184.3359375,-1.0,-1.0,497.74285888671875,205.5234375,485.3428649902344,256.7265625,478.25714111328125,300.8671875,481.79998779296875,205.5234375,487.1142883300781,256.7265625,497.74285888671875,304.3984375,-1.0,-1.0,-1.0,-1.0,485.3428649902344,124.3046875,471.1714172363281,127.8359375
-1.0,-1.0,486.1142883300781,145.4921875,498.5142822265625,143.7265625,505.6000061035156,173.7421875,-1.0,-1.0,471.94287109375,147.2578125,464.8571472167969,184.3359375,-1.0,-1.0,496.74285888671875,203.7578125,484.3428649902344,256.7265625,477.25714111328125,300.8671875,479.028564453125,205.5234375,484.3428649902344,256.7265625,494.971435546875,304.3984375,-1.0,-1.0,-1.0,-1.0,484.3428649902344,124.3046875,468.3999938964844,127.8359375
-1.0,-1.0,483.28167724609375,145.67578125,495.7042236328125,143.90234375,504.57745361328125,175.82421875,-1.0,-1.0,470.8591613769531,147.44921875,460.2112731933594,168.73046875,467.3098449707031,182.91796875,493.9295654296875,205.97265625,481.5070495605469,255.62890625,476.18310546875,301.73828125,477.9577331542969,205.97265625,483.28167724609375,257.40234375,493.9295654296875,305.28515625,-1.0,-1.0,-1.0,-1.0,483.28167724609375,122.62109375,467.3098449707031,126.16796875
-1.0,-1.0,482.28167724609375,145.67578125,496.4788818359375,143.90234375,503.57745361328125,175.82421875,-1.0,-1.0,469.8591613769531,147.44921875,459.2112731933594,168.73046875,466.3098449707031,182.91796875,494.7042236328125,205.97265625,480.5070495605469,257.40234375,475.18310546875,299.96484375,476.9577331542969,205.97265625,484.05633544921875,257.40234375,492.9295654296875,305.28515625,-1.0,-1.0,-1.0,-1.0,482.28167724609375,122.62109375,468.0845031738281,126.16796875
-1.0,-1.0,481.3333435058594,145.67578125,495.5555419921875,143.90234375,502.6666564941406,175.82421875,-1.0,-1.0,468.8888854980469,145.67578125,458.22222900390625,168.73046875,465.3333435058594,182.91796875,493.77777099609375,204.19921875,479.5555419921875,257.40234375,474.22222900390625,299.96484375,476.0,205.97265625,483.1111145019531,257.40234375,492.0,303.51171875,-1.0,-1.0,-1.0,-1.0,481.3333435058594,122.62109375,467.1111145019531,126.16796875
-1.0,-1.0,480.3333435058594,144.859375,492.77777099609375,143.078125,501.6666564941406,173.359375,-1.0,-1.0,467.8888854980469,146.640625,457.22222900390625,168.015625,464.3333435058594,182.265625,492.77777099609375,203.640625,478.5555419921875,257.078125,473.22222900390625,301.609375,476.77777099609375,203.640625,482.1111145019531,257.078125,492.77777099609375,305.171875,-1.0,-1.0,-1.0,-1.0,480.3333435058594,123.484375,464.3333435058594,125.265625
-1.0,-1.0,479.3333435058594,144.859375,493.5555419921875,143.078125,500.6666564941406,173.359375,-1.0,-1.0,466.8888854980469,146.640625,456.22222900390625,168.015625,463.3333435058594,185.828125,491.77777099609375,203.640625,477.5555419921875,257.078125,472.22222900390625,301.609375,474.0,203.640625,479.3333435058594,257.078125,490.0,305.171875,-1.0,-1.0,-1.0,-1.0,479.3333435058594,123.484375,463.3333435058594,125.265625
-1.0,-1.0,478.3333435058594,145.04296875,492.5555419921875,143.25390625,499.6666564941406,173.66796875,-1.0,-1.0,467.6666564941406,145.04296875,455.22222900390625,168.30078125,462.3333435058594,184.40234375,490.77777099609375,204.08203125,478.3333435058594,257.75390625,471.22222900390625,302.48046875,473.0,204.08203125,478.3333435058594,257.75390625,489.0,306.05859375,-1.0,-1.0,-1.0,-1.0,478.3333435058594,121.78515625,462.3333435058594,125.36328125
-1.0,-1.0,477.3333435058594,143.25390625,491.5555419921875,143.25390625,498.6666564941406,175.45703125,-1.0,-1.0,466.6666564941406,145.04296875,454.22222900390625,168.30078125,461.3333435058594,184.40234375,489.77777099609375,204.08203125,477.3333435058594,257.75390625,470.22222900390625,302.48046875,472.0,204.08203125,477.3333435058594,257.75390625,488.0,306.05859375,-1.0,-1.0,-1.0,-1.0,477.3333435058594,121.78515625,463.1111145019531,125.36328125
-1.0,-1.0,476.3333435058594,145.04296875,490.5555419921875,143.25390625,497.6666564941406,175.45703125,-1.0,-1.0,463.8888854980469,146.83203125,451.4444580078125,168.30078125,460.3333435058594,184.40234375,488.77777099609375,205.87109375,474.5555419921875,257.75390625,469.22222900390625,300.69140625,471.0,205.87109375,476.3333435058594,257.75390625,487.0,306.05859375,-1.0,-1.0,-1.0,-1.0,476.3333435058594,123.57421875,460.3333435058594,125.36328125
-1.0,-1.0,475.7464904785156,144.2265625,488.3662109375,142.4296875,497.3802795410156,172.9765625,-1.0,-1.0,463.12677001953125,146.0234375,450.5070495605469,169.3828125,459.5211181640625,183.7578125,488.3662109375,205.3203125,473.94366455078125,257.4296875,468.53521728515625,300.5546875,470.3380126953125,205.3203125,475.7464904785156,257.4296875,486.5633850097656,307.7421875,-1.0,-1.0,-1.0,-1.0,475.7464904785156,122.6640625,459.5211181640625,126.2578125
-1.0,-1.0,474.7464904785156,144.2265625,489.16900634765625,142.4296875,496.3802795410156,174.7734375,-1.0,-1.0,462.12677001953125,146.0234375,449.5070495605469,169.3828125,458.5211181640625,183.7578125,487.3662109375,205.3203125,472.94366455078125,259.2265625,467.53521728515625,300.5546875,469.3380126953125,205.3203125,474.7464904785156,257.4296875,485.5633850097656,307.7421875,-1.0,-1.0,-1.0,-1.0,474.7464904785156,120.8671875,458.5211181640625,124.4609375
-1.0,-1.0,473.7464904785156,144.41015625,486.3662109375,142.60546875,495.3802795410156,175.08984375,-1.0,-1.0,461.12677001953125,146.21484375,448.5070495605469,167.87109375,457.5211181640625,184.11328125,486.3662109375,203.96484375,473.7464904785156,258.10546875,466.53521728515625,301.41796875,468.3380126953125,205.76953125,473.7464904785156,256.30078125,484.5633850097656,306.83203125,-1.0,-1.0,-1.0,-1.0,473.7464904785156,120.94921875,457.5211181640625,124.55859375
-1.0,-1.0,472.7464904785156,144.41015625,487.16900634765625,142.60546875,494.3802795410156,173.28515625,-1.0,-1.0,460.12677001953125,144.41015625,447.5070495605469,167.87109375,454.71832275390625,184.11328125,485.3662109375,203.96484375,472.7464904785156,256.30078125,465.53521728515625,303.22265625,467.3380126953125,203.96484375,472.7464904785156,256.30078125,483.5633850097656,306.83203125,-1.0,-1.0,-1.0,-1.0,472.7464904785156,120.94921875,456.5211181640625,124.55859375
-1.0,-1.0,471.7464904785156,143.59375,484.3662109375,141.78125,493.3802795410156,174.40625,-1.0,-1.0,459.12677001953125,143.59375,446.5070495605469,167.15625,453.71832275390625,185.28125,482.5633850097656,201.59375,471.7464904785156,257.78125,466.3380126953125,301.28125,466.3380126953125,203.40625,469.94366455078125,257.78125,480.76055908203125,308.53125,-1.0,-1.0,-1.0,-1.0,471.7464904785156,121.84375,455.5211181640625,123.65625
-1.0,-1.0,470.7464904785156,143.59375,483.3662109375,141.78125,492.3802795410156,172.59375,-1.0,-1.0,456.3239440917969,145.40625,445.5070495605469,167.15625,452.71832275390625,185.28125,483.3662109375,201.59375,470.7464904785156,257.78125,465.3380126953125,301.28125,465.3380126953125,203.40625,468.94366455078125,257.78125,479.76055908203125,308.53125,-1.0,-1.0,-1.0,-1.0,470.7464904785156,120.03125,454.5211181640625,123.65625
-1.0,-1.0,469.25714111328125,141.95703125,482.05712890625,141.95703125,491.20001220703125,172.90234375,-1.0,-1.0,456.4571533203125,143.77734375,443.6571350097656,167.44140625,452.79998779296875,183.82421875,482.05712890625,202.02734375,469.25714111328125,256.63671875,461.94287109375,302.14453125,463.77142333984375,203.84765625,469.25714111328125,256.63671875,480.22857666015625,307.60546875,-1.0,-1.0,-1.0,-1.0,469.25714111328125,120.11328125,452.79998779296875,123.75390625
-1.0,-1.0,468.2112731933594,141.95703125,481.0281677246094,141.95703125,490.18310546875,172.90234375,-1.0,-1.0,455.3943786621094,143.77734375,442.57745361328125,165.62109375,449.9013977050781,182.00390625,481.0281677246094,203.84765625,468.2112731933594,256.63671875,460.8873291015625,302.14453125,462.71832275390625,203.84765625,468.2112731933594,256.63671875,479.1971740722656,307.60546875,-1.0,-1.0,-1.0,-1.0,468.2112731933594,120.11328125,451.7323913574219,121.93359375
-1.0,-1.0,467.2112731933594,141.95703125,480.0281677246094,141.95703125,489.18310546875,172.90234375,-1.0,-1.0,454.3943786621094,143.77734375,441.57745361328125,165.62109375,448.9013977050781,183.82421875,480.0281677246094,202.02734375,467.2112731933594,256.63671875,459.8873291015625,303.96484375,461.71832275390625,202.02734375,467.2112731933594,256.63671875,478.1971740722656,309.42578125,-1.0,-1.0,-1.0,-1.0,467.2112731933594,120.11328125,452.5633850097656,123.75390625
-1.0,-1.0,466.2112731933594,141.1328125,479.0281677246094,141.1328125,488.18310546875,172.2109375,-1.0,-1.0,453.3943786621094,142.9609375,440.57745361328125,166.7265625,447.9013977050781,183.1796875,479.0281677246094,201.4609375,464.3802795410156,258.1328125,458.8873291015625,305.6640625,460.71832275390625,203.2890625,466.2112731933594,258.1328125,477.1971740722656,309.3203125,-1.0,-1.0,-1.0,-1.0,466.2112731933594,119.1953125,449.7323913574219,122.8515625
-1.0,-1.0,465.2112731933594,141.1328125,479.8591613769531,141.1328125,487.18310546875,172.2109375,-1.0,-1.0,452.3943786621094,142.9609375,439.57745361328125,166.7265625,446.9013977050781,183.1796875,478.0281677246094,203.2890625,465.2112731933594,258.1328125,457.8873291015625,305.6640625,459.71832275390625,203.2890625,465.2112731933594,258.1328125,476.1971740722656,309.3203125,-1.0,-1.0,-1.0,-1.0,465.2112731933594,121.0234375,448.7323913574219,122.8515625
-1.0,-1.0,464.2112731933594,141.30859375,478.8591613769531,141.30859375,488.01409912109375,170.68359375,-1.0,-1.0,451.3943786621094,141.30859375,438.57745361328125,167.01171875,445.9013977050781,183.53515625,477.0281677246094,201.89453125,464.2112731933594,256.97265625,456.8873291015625,306.54296875,458.71832275390625,203.73046875,464.2112731933594,256.97265625,475.1971740722656,308.37890625,-1.0,-1.0,-1.0,-1.0,464.2112731933594,119.27734375,449.5633850097656,122.94921875
-1.0,-1.0,463.2112731933594,141.30859375,477.8591613769531,141.30859375,485.18310546875,170.68359375,-1.0,-1.0,450.3943786621094,143.14453125,437.57745361328125,167.01171875,444.9013977050781,183.53515625,476.0281677246094,201.89453125,463.2112731933594,256.97265625,455.8873291015625,304.70703125,457.71832275390625,203.73046875,463.2112731933594,256.97265625,474.1971740722656,310.21484375,-1.0,-1.0,-1.0,-1.0,463.2112731933594,119.27734375,448.5633850097656,122.94921875
-1.0,-1.0,462.2112731933594,142.328125,476.8591613769531,142.328125,484.18310546875,169.984375,-1.0,-1.0,449.3943786621094,142.328125,436.57745361328125,166.296875,445.7323913574219,182.890625,475.0281677246094,203.171875,460.3802795410156,258.484375,454.8873291015625,304.578125,456.71832275390625,205.015625,462.2112731933594,258.484375,473.1971740722656,310.109375,-1.0,-1.0,-1.0,-1.0,462.2112731933594,120.203125,447.5633850097656,122.046875
-1.0,-1.0,461.2112731933594,142.328125,474.0281677246094,140.484375,483.18310546875,171.828125,-1.0,-1.0,448.3943786621094,142.328125,435.57745361328125,166.296875,442.9013977050781,182.890625,474.0281677246094,203.171875,459.3802795410156,258.484375,453.8873291015625,306.421875,455.71832275390625,203.171875,461.2112731933594,258.484375,472.1971740722656,310.109375,-1.0,-1.0,-1.0,-1.0,463.042236328125,120.203125,446.5633850097656,122.046875
-1.0,-1.0,461.5714416503906,140.66015625,474.5714111328125,140.66015625,482.0,172.13671875,-1.0,-1.0,448.5714416503906,142.51171875,435.5714416503906,166.58203125,443.0,181.39453125,474.5714111328125,203.61328125,461.5714416503906,257.30859375,452.28570556640625,305.44921875,456.0,205.46484375,461.5714416503906,257.30859375,472.71429443359375,309.15234375,-1.0,-1.0,-1.0,-1.0,461.5714416503906,118.44140625,444.8571472167969,120.29296875
-1.0,-1.0,460.5714416503906,140.66015625,473.5714111328125,140.66015625,481.0,172.13671875,-1.0,-1.0,447.5714416503906,142.51171875,434.5714416503906,166.58203125,442.0,181.39453125,473.5714111328125,203.61328125,460.5714416503906,257.30859375,453.1428527832031,305.44921875,455.0,203.61328125,460.5714416503906,257.30859375,471.71429443359375,311.00390625,-1.0,-1.0,-1.0,-1.0,460.5714416503906,118.44140625,445.71429443359375,120.29296875
-1.0,-1.0,459.5714416503906,140.66015625,472.5714111328125,140.66015625,480.0,172.13671875,-1.0,-1.0,446.5714416503906,140.66015625,433.5714416503906,166.58203125,442.8571472167969,181.39453125,470.71429443359375,203.61328125,459.5714416503906,255.45703125,452.1428527832031,305.44921875,454.0,203.61328125,459.5714416503906,255.45703125,470.71429443359375,309.15234375,-1.0,-1.0,-1.0,-1.0,461.4285583496094,118.44140625,444.71429443359375,120.29296875
-1.0,-1.0,459.5714416503906,139.8359375,472.5714111328125,139.8359375,480.0,171.4453125,-1.0,-1.0,446.5714416503906,141.6953125,433.5714416503906,165.8671875,441.0,180.7421875,470.71429443359375,201.1953125,457.71429443359375,255.1171875,452.1428527832031,305.3203125,455.8571472167969,203.0546875,459.5714416503906,255.1171875,470.71429443359375,309.0390625,-1.0,-1.0,-1.0,-1.0,459.5714416503906,117.5234375,444.71429443359375,119.3828125
-1.0,-1.0,458.6760559082031,139.8359375,473.5492858886719,139.8359375,480.98590087890625,171.4453125,-1.0,-1.0,447.5211181640625,139.8359375,434.5070495605469,164.0078125,440.0845031738281,180.7421875,471.69012451171875,203.0546875,458.6760559082031,256.9765625,451.23944091796875,305.3203125,454.9577331542969,203.0546875,458.6760559082031,256.9765625,469.83099365234375,309.0390625,-1.0,-1.0,-1.0,-1.0,460.53521728515625,117.5234375,443.8028259277344,119.3828125
-1.0,-1.0,458.71429443359375,139.8359375,473.5714111328125,139.8359375,481.0,171.4453125,-1.0,-1.0,447.5714416503906,139.8359375,432.71429443359375,165.8671875,442.0,180.7421875,471.71429443359375,201.1953125,458.71429443359375,256.9765625,451.28570556640625,305.3203125,453.1428527832031,201.1953125,458.71429443359375,256.9765625,469.8571472167969,309.0390625,-1.0,-1.0,-1.0,-1.0,460.5714416503906,117.5234375,443.8571472167969,119.3828125
-1.0,-1.0,458.71429443359375,139.8359375,473.5714111328125,139.8359375,481.0,171.4453125,-1.0,-1.0,447.5714416503906,139.8359375,432.71429443359375,164.0078125,442.0,180.7421875,471.71429443359375,201.1953125,458.71429443359375,256.9765625,451.28570556640625,305.3203125,453.1428527832031,201.1953125,458.71429443359375,256.9765625,469.8571472167969,309.0390625,-1.0,-1.0,-1.0,-1.0,460.5714416503906,117.5234375,443.8571472167969,119.3828125
-1.0,-1.0,459.6760559082031,139.8359375,474.5492858886719,139.8359375,481.98590087890625,171.4453125,-1.0,-1.0,446.6619873046875,139.8359375,433.64788818359375,164.0078125,442.94366455078125,182.6015625,472.69012451171875,201.1953125,459.6760559082031,256.9765625,452.23944091796875,305.3203125,454.0986022949219,201.1953125,459.6760559082031,256.9765625,470.83099365234375,310.8984375,-1.0,-1.0,-1.0,-1.0,459.6760559082031,117.5234375,444.8028259277344,119.3828125
-1.0,-1.0,459.71429443359375,139.8359375,474.5714111328125,139.8359375,482.0,169.5859375,-1.0,-1.0,446.71429443359375,139.8359375,433.71429443359375,165.8671875,443.0,182.6015625,472.71429443359375,201.1953125,459.71429443359375,256.9765625,452.28570556640625,305.3203125,454.1428527832031,203.0546875,459.71429443359375,256.9765625,470.8571472167969,309.0390625,-1.0,-1.0,-1.0,-1.0,461.5714416503906,117.5234375,444.8571472167969,119.3828125
-1.0,-1.0,459.71429443359375,139.8359375,474.5714111328125,137.9765625,482.0,169.5859375,-1.0,-1.0,446.71429443359375,139.8359375,433.71429443359375,164.0078125,443.0,182.6015625,472.71429443359375,201.1953125,459.71429443359375,256.9765625,452.28570556640625,305.3203125,454.1428527832031,201.1953125,459.71429443359375,256.9765625,470.8571472167969,309.0390625,-1.0,-1.0,-1.0,-1.0,461.5714416503906,117.5234375,444.8571472167969,119.3828125
-1.0,-1.0,460.6760559082031,139.8359375,475.5492858886719,139.8359375,482.98590087890625,171.4453125,-1.0,-1.0,447.6619873046875,139.8359375,434.64788818359375,164.0078125,443.94366455078125,182.6015625,471.83099365234375,203.0546875,458.81689453125,256.9765625,453.23944091796875,303.4609375,453.23944091796875,201.1953125,458.81689453125,256.9765625,469.9718322753906,310.8984375,-1.0,-1.0,-1.0,-1.0,460.6760559082031,117.5234375,445.8028259277344,119.3828125
-1.0,-1.0,460.71429443359375,139.01171875,475.5714111328125,139.01171875,483.0,168.88671875,-1.0,-1.0,447.71429443359375,139.01171875,434.71429443359375,165.15234375,444.0,181.95703125,471.8571472167969,200.62890625,458.8571472167969,256.64453125,453.28570556640625,305.19140625,453.28570556640625,198.76171875,460.71429443359375,256.64453125,471.8571472167969,308.92578125,-1.0,-1.0,-1.0,-1.0,462.5714416503906,116.60546875,447.71429443359375,118.47265625
-1.0,-1.0,462.5714416503906,137.14453125,475.5714111328125,137.14453125,484.8571472167969,170.75390625,-1.0,-1.0,449.5714416503906,139.01171875,434.71429443359375,165.15234375,444.0,180.08984375,473.71429443359375,200.62890625,460.71429443359375,256.64453125,453.28570556640625,305.19140625,453.28570556640625,198.76171875,460.71429443359375,256.64453125,471.8571472167969,308.92578125,-1.0,-1.0,-1.0,-1.0,462.5714416503906,114.73828125,447.71429443359375,118.47265625
439.3662109375,122.20703125,461.6760559082031,139.01171875,476.5492858886719,139.01171875,483.98590087890625,170.75390625,-1.0,-1.0,448.6619873046875,139.01171875,435.64788818359375,163.28515625,444.94366455078125,181.95703125,472.83099365234375,200.62890625,459.81689453125,256.64453125,454.23944091796875,305.19140625,454.23944091796875,200.62890625,461.6760559082031,256.64453125,470.9718322753906,308.92578125,-1.0,-1.0,443.0845031738281,116.60546875,463.53521728515625,116.60546875,448.6619873046875,118.47265625
-1.0,-1.0,463.5714416503906,139.01171875,476.5714111328125,137.14453125,485.8571472167969,170.75390625,-1.0,-1.0,448.71429443359375,139.01171875,435.71429443359375,165.15234375,445.0,181.95703125,474.71429443359375,200.62890625,461.71429443359375,256.64453125,454.28570556640625,305.19140625,454.28570556640625,198.76171875,461.71429443359375,256.64453125,472.8571472167969,308.92578125,-1.0,-1.0,-1.0,-1.0,463.5714416503906,116.60546875,446.8571472167969,118.47265625
-1.0,-1.0,463.5714416503906,139.01171875,476.5714111328125,137.14453125,485.8571472167969,170.75390625,-1.0,-1.0,450.5714416503906,139.01171875,435.71429443359375,165.15234375,445.0,180.08984375,474.71429443359375,202.49609375,461.71429443359375,258.51171875,454.28570556640625,305.19140625,456.1428527832031,200.62890625,461.71429443359375,258.51171875,472.8571472167969,310.79296875,-1.0,-1.0,-1.0,-1.0,463.5714416503906,116.60546875,446.8571472167969,118.47265625
-1.0,-1.0,464.53521728515625,139.01171875,477.5492858886719,137.14453125,486.8450622558594,170.75390625,-1.0,-1.0,451.5211181640625,139.01171875,436.64788818359375,163.28515625,444.0845031738281,180.08984375,475.69012451171875,202.49609375,462.6760559082031,258.51171875,455.23944091796875,305.19140625,457.0986022949219,200.62890625,462.6760559082031,258.51171875,473.83099365234375,310.79296875,-1.0,-1.0,-1.0,-1.0,464.53521728515625,116.60546875,447.8028259277344,118.47265625
-1.0,-1.0,464.5714416503906,139.01171875,479.4285583496094,137.14453125,486.8571472167969,172.62109375,-1.0,-1.0,451.5714416503906,139.01171875,436.71429443359375,165.15234375,447.8571472167969,180.08984375,475.71429443359375,202.49609375,462.71429443359375,258.51171875,455.28570556640625,305.19140625,457.1428527832031,200.62890625,462.71429443359375,258.51171875,473.8571472167969,310.79296875,-1.0,-1.0,-1.0,-1.0,464.5714416503906,114.73828125,447.8571472167969,118.47265625
-1.0,-1.0,464.5714416503906,139.01171875,479.4285583496094,137.14453125,486.8571472167969,170.75390625,-1.0,-1.0,451.5714416503906,139.01171875,438.5714416503906,163.28515625,447.8571472167969,180.08984375,477.5714111328125,202.49609375,464.5714416503906,256.64453125,455.28570556640625,305.19140625,459.0,200.62890625,464.5714416503906,256.64453125,475.71429443359375,310.79296875,-1.0,-1.0,-1.0,-1.0,466.4285583496094,116.60546875,447.8571472167969,118.47265625
-1.0,-1.0,465.05712890625,138.1875,480.1428527832031,138.1875,487.68572998046875,171.9375,-1.0,-1.0,451.8571472167969,140.0625,438.6571350097656,164.4375,449.971435546875,183.1875,478.25714111328125,203.8125,465.05712890625,256.3125,457.5142822265625,303.1875,459.3999938964844,201.9375,465.05712890625,258.1875,476.3714294433594,310.6875,-1.0,-1.0,-1.0,-1.0,466.94287109375,115.6875,449.971435546875,119.4375
-1.0,-1.0,466.02899169921875,138.1875,479.2174072265625,136.3125,486.7536315917969,170.0625,-1.0,-1.0,452.840576171875,138.1875,439.65216064453125,162.5625,449.07244873046875,179.4375,477.3333435058594,201.9375,464.1449279785156,256.3125,458.4927673339844,303.1875,460.3768005371094,200.0625,466.02899169921875,256.3125,477.3333435058594,310.6875,-1.0,-1.0,-1.0,-1.0,466.02899169921875,115.6875,450.9565124511719,117.5625
-1.0,-1.0,467.9130554199219,138.1875,481.1014404296875,136.3125,488.6376953125,170.0625,-1.0,-1.0,454.7246398925781,138.1875,439.65216064453125,162.5625,452.840576171875,181.3125,479.2174072265625,201.9375,466.02899169921875,256.3125,458.4927673339844,303.1875,460.3768005371094,200.0625,466.02899169921875,256.3125,477.3333435058594,308.8125,-1.0,-1.0,-1.0,-1.0,467.9130554199219,115.6875,450.9565124511719,119.4375
-1.0,-1.0,468.797119140625,138.1875,483.86956787109375,136.3125,489.521728515625,170.0625,-1.0,-1.0,453.7246398925781,138.1875,440.5362243652344,162.5625,451.840576171875,183.1875,480.1014404296875,200.0625,466.9130554199219,254.4375,461.2608642578125,303.1875,461.2608642578125,198.1875,466.9130554199219,256.3125,476.3333435058594,308.8125,-1.0,-1.0,-1.0,-1.0,470.68115234375,115.6875,453.7246398925781,119.4375
-1.0,-1.0,467.797119140625,138.1875,484.7536315917969,138.1875,490.4057922363281,171.9375,-1.0,-1.0,452.7246398925781,140.0625,441.4202880859375,162.5625,452.7246398925781,183.1875,480.9855041503906,200.0625,465.9130554199219,254.4375,460.2608642578125,305.0625,460.2608642578125,200.0625,467.797119140625,256.3125,477.2174072265625,308.8125,-1.0,-1.0,-1.0,-1.0,469.68115234375,115.6875,452.7246398925781,117.5625
-1.0,-1.0,466.797119140625,138.1875,483.7536315917969,136.3125,489.4057922363281,171.9375,-1.0,-1.0,453.60870361328125,140.0625,442.3043518066406,162.5625,453.60870361328125,183.1875,479.9855041503906,198.1875,464.9130554199219,254.4375,461.1449279785156,303.1875,459.2608642578125,198.1875,466.797119140625,256.3125,478.1014404296875,308.8125,-1.0,-1.0,-1.0,-1.0,468.68115234375,115.6875,451.7246398925781,117.5625
-1.0,-1.0,467.68115234375,138.1875,482.7536315917969,136.3125,-1.0,-1.0,-1.0,-1.0,454.4927673339844,138.1875,443.18841552734375,162.5625,452.60870361328125,181.3125,478.9855041503906,198.1875,465.797119140625,254.4375,460.1449279785156,303.1875,458.2608642578125,198.1875,467.68115234375,256.3125,478.9855041503906,310.6875,-1.0,-1.0,-1.0,-1.0,469.5652160644531,115.6875,452.60870361328125,117.5625
-1.0,-1.0,468.5652160644531,138.1875,483.6376953125,136.3125,-1.0,-1.0,-1.0,-1.0,455.3768005371094,138.1875,442.18841552734375,162.5625,455.3768005371094,181.3125,479.86956787109375,200.0625,464.797119140625,254.4375,459.1449279785156,305.0625,459.1449279785156,198.1875,466.68115234375,254.4375,477.9855041503906,310.6875,-1.0,-1.0,-1.0,-1.0,468.5652160644531,115.6875,451.60870361328125,117.5625
-1.0,-1.0,467.5652160644531,137.36328125,482.6376953125,135.48046875,-1.0,-1.0,-1.0,-1.0,454.3768005371094,139.24609375,443.07244873046875,161.83984375,452.4927673339844,182.55078125,478.86956787109375,197.61328125,465.68115234375,254.09765625,458.1449279785156,304.93359375,458.1449279785156,195.73046875,465.68115234375,254.09765625,478.86956787109375,308.69921875,-1.0,-1.0,-1.0,-1.0,469.44927978515625,114.76953125,452.4927673339844,118.53515625
-1.0,-1.0,468.5652160644531,139.24609375,481.7536315917969,137.36328125,-1.0,-1.0,-1.0,-1.0,453.4927673339844,139.24609375,442.18841552734375,161.83984375,455.3768005371094,180.66796875,477.9855041503906,197.61328125,464.797119140625,254.09765625,461.02899169921875,303.05078125,459.1449279785156,197.61328125,466.68115234375,254.09765625,477.9855041503906,310.58203125,-1.0,-1.0,-1.0,-1.0,468.5652160644531,116.65234375,451.60870361328125,118.53515625
-1.0,-1.0,468.6000061035156,139.24609375,481.79998779296875,137.36328125,-1.0,-1.0,-1.0,-1.0,453.5142822265625,139.24609375,442.20001220703125,161.83984375,455.3999938964844,180.66796875,478.028564453125,199.49609375,462.94287109375,254.09765625,461.05712890625,303.05078125,459.1714172363281,197.61328125,466.71429443359375,255.98046875,478.028564453125,310.58203125,-1.0,-1.0,-1.0,-1.0,466.71429443359375,116.65234375,451.6285705566406,118.53515625
-1.0,-1.0,467.68115234375,139.24609375,482.7536315917969,137.36328125,-1.0,-1.0,-1.0,-1.0,454.4927673339844,139.24609375,443.18841552734375,161.83984375,450.7246398925781,180.66796875,477.1014404296875,199.49609375,463.9130554199219,254.09765625,460.1449279785156,303.05078125,460.1449279785156,197.61328125,465.797119140625,255.98046875,477.1014404296875,310.58203125,-1.0,-1.0,-1.0,-1.0,467.68115234375,114.76953125,450.7246398925781,118.53515625
-1.0,-1.0,466.797119140625,137.36328125,481.86956787109375,137.36328125,-1.0,-1.0,-1.0,-1.0,453.60870361328125,139.24609375,442.3043518066406,161.83984375,451.7246398925781,182.55078125,478.1014404296875,199.49609375,466.797119140625,254.09765625,459.2608642578125,304.93359375,459.2608642578125,199.49609375,466.797119140625,255.98046875,478.1014404296875,308.69921875,-1.0,-1.0,-1.0,-1.0,466.797119140625,114.76953125,451.7246398925781,118.53515625
-1.0,-1.0,467.797119140625,137.36328125,482.86956787109375,137.36328125,-1.0,-1.0,-1.0,-1.0,452.7246398925781,139.24609375,443.3043518066406,161.83984375,452.7246398925781,182.55078125,479.1014404296875,199.49609375,467.797119140625,254.09765625,460.2608642578125,304.93359375,460.2608642578125,199.49609375,465.9130554199219,255.98046875,477.2174072265625,310.58203125,-1.0,-1.0,-1.0,-1.0,467.797119140625,114.76953125,450.840576171875,118.53515625
-1.0,-1.0,467.8285827636719,137.36328125,482.9142761230469,137.36328125,486.68572998046875,169.37109375,-1.0,-1.0,452.74285888671875,139.24609375,441.4285583496094,163.72265625,452.74285888671875,182.55078125,479.1428527832031,199.49609375,467.8285827636719,254.09765625,458.3999938964844,303.05078125,460.28570556640625,199.49609375,464.05712890625,255.98046875,477.25714111328125,310.58203125,-1.0,-1.0,-1.0,-1.0,467.8285827636719,114.76953125,450.8571472167969,118.53515625
-1.0,-1.0,466.94287109375,137.36328125,482.028564453125,135.48046875,-1.0,-1.0,-1.0,-1.0,455.6285705566406,139.24609375,440.5428466796875,161.83984375,451.8571472167969,182.55078125,478.25714111328125,201.37890625,466.94287109375,254.09765625,457.5142822265625,303.05078125,461.28570556640625,201.37890625,465.05712890625,255.98046875,476.3714294433594,310.58203125,-1.0,-1.0,-1.0,-1.0,466.94287109375,114.76953125,451.8571472167969,118.53515625
-1.0,-1.0,467.9130554199219,137.36328125,479.2174072265625,135.48046875,-1.0,-1.0,-1.0,-1.0,454.7246398925781,137.36328125,441.5362243652344,161.83984375,452.840576171875,182.55078125,479.2174072265625,199.49609375,466.02899169921875,255.98046875,458.4927673339844,303.05078125,460.3768005371094,199.49609375,466.02899169921875,255.98046875,475.44927978515625,310.58203125,-1.0,-1.0,-1.0,-1.0,466.02899169921875,114.76953125,450.9565124511719,118.53515625
-1.0,-1.0,467.02899169921875,137.36328125,480.2174072265625,135.48046875,-1.0,-1.0,-1.0,-1.0,455.7246398925781,137.36328125,442.5362243652344,161.83984375,451.9565124511719,180.66796875,478.3333435058594,199.49609375,465.1449279785156,255.98046875,457.60870361328125,304.93359375,461.3768005371094,199.49609375,465.1449279785156,255.98046875,476.44927978515625,310.58203125,-1.0,-1.0,-1.0,-1.0,465.1449279785156,114.76953125,450.07244873046875,118.53515625
443.5362243652344,124.18359375,468.02899169921875,137.36328125,481.2174072265625,135.48046875,-1.0,-1.0,-1.0,-1.0,456.7246398925781,137.36328125,443.5362243652344,161.83984375,451.07244873046875,178.78515625,479.3333435058594,199.49609375,468.02899169921875,255.98046875,460.4927673339844,303.05078125,460.4927673339844,199.49609375,464.2608642578125,255.98046875,475.5652160644531,308.69921875,-1.0,-1.0,-1.0,-1.0,466.1449279785156,114.76953125,451.07244873046875,118.53515625
443.5428466796875,124.18359375,468.05712890625,137.36328125,481.25714111328125,135.48046875,-1.0,-1.0,-1.0,-1.0,456.74285888671875,137.36328125,443.5428466796875,161.83984375,452.971435546875,180.66796875,479.3714294433594,201.37890625,468.05712890625,255.98046875,460.5142822265625,304.93359375,462.3999938964844,201.37890625,466.1714172363281,255.98046875,477.4857177734375,308.69921875,-1.0,-1.0,-1.0,-1.0,468.05712890625,114.76953125,452.971435546875,118.53515625
444.5428466796875,124.18359375,469.05712890625,137.36328125,482.25714111328125,135.48046875,-1.0,-1.0,-1.0,-1.0,457.74285888671875,137.36328125,444.5428466796875,161.83984375,452.0857238769531,178.78515625,480.3714294433594,201.37890625,467.1714172363281,257.86328125,459.6285705566406,304.93359375,463.3999938964844,201.37890625,467.1714172363281,255.98046875,478.4857177734375,308.69921875,-1.0,-1.0,-1.0,-1.0,467.1714172363281,114.76953125,452.0857238769531,118.53515625
445.5428466796875,122.30078125,470.05712890625,137.36328125,483.25714111328125,137.36328125,490.79998779296875,169.37109375,-1.0,-1.0,458.74285888671875,137.36328125,443.6571350097656,161.83984375,451.20001220703125,178.78515625,481.3714294433594,201.37890625,470.05712890625,255.98046875,460.6285705566406,303.05078125,462.5142822265625,199.49609375,466.28570556640625,255.98046875,477.6000061035156,308.69921875,-1.0,-1.0,-1.0,-1.0,468.1714172363281,114.76953125,453.0857238769531,118.53515625
-1.0,-1.0,471.05712890625,137.36328125,484.25714111328125,137.36328125,-1.0,-1.0,-1.0,-1.0,457.8571472167969,137.36328125,444.6571350097656,163.72265625,454.0857238769531,180.66796875,482.3714294433594,199.49609375,469.1714172363281,255.98046875,461.6285705566406,303.05078125,463.5142822265625,201.37890625,467.28570556640625,255.98046875,476.71429443359375,308.69921875,-1.0,-1.0,-1.0,-1.0,469.1714172363281,114.76953125,454.0857238769531,118.53515625
447.5428466796875,122.1875,472.05712890625,137.1875,485.25714111328125,137.1875,492.79998779296875,169.0625,-1.0,-1.0,458.8571472167969,139.0625,445.6571350097656,163.4375,455.0857238769531,182.1875,483.3714294433594,199.0625,468.28570556640625,255.3125,462.6285705566406,304.0625,464.5142822265625,200.9375,470.1714172363281,255.3125,477.71429443359375,307.8125,-1.0,-1.0,-1.0,-1.0,470.1714172363281,114.6875,455.0857238769531,118.4375
448.5428466796875,120.3125,473.05712890625,137.1875,486.25714111328125,137.1875,493.79998779296875,169.0625,-1.0,-1.0,459.8571472167969,139.0625,446.6571350097656,163.4375,456.0857238769531,182.1875,484.3714294433594,199.0625,471.1714172363281,253.4375,474.94287109375,307.8125,465.5142822265625,199.0625,469.28570556640625,255.3125,478.71429443359375,307.8125,-1.0,-1.0,452.31427001953125,116.5625,471.1714172363281,114.6875,456.0857238769531,118.4375
449.5428466796875,119.41796875,474.05712890625,138.24609375,487.25714111328125,138.24609375,494.79998779296875,170.25390625,-1.0,-1.0,460.8571472167969,140.12890625,447.6571350097656,162.72265625,455.20001220703125,181.55078125,485.3714294433594,198.49609375,470.28570556640625,254.98046875,464.6285705566406,303.93359375,466.5142822265625,198.49609375,472.1714172363281,254.98046875,479.71429443359375,307.69921875,-1.0,-1.0,453.31427001953125,115.65234375,474.05712890625,113.76953125,457.0857238769531,117.53515625
450.5428466796875,119.41796875,475.05712890625,138.24609375,488.25714111328125,138.24609375,-1.0,-1.0,-1.0,-1.0,461.8571472167969,140.12890625,448.6571350097656,162.72265625,458.0857238769531,181.55078125,486.3714294433594,200.37890625,471.28570556640625,254.98046875,465.6285705566406,305.81640625,469.3999938964844,200.37890625,473.1714172363281,254.98046875,482.6000061035156,307.69921875,-1.0,-1.0,454.31427001953125,115.65234375,475.05712890625,113.76953125,459.971435546875,117.53515625
451.5428466796875,117.53515625,477.94287109375,138.24609375,491.1428527832031,136.36328125,-1.0,-1.0,-1.0,-1.0,464.74285888671875,140.12890625,453.4285583496094,179.66796875,459.0857238769531,183.43359375,489.25714111328125,200.37890625,476.05712890625,254.98046875,466.6285705566406,303.93359375,470.3999938964844,198.49609375,474.1714172363281,256.86328125,485.4857177734375,307.69921875,-1.0,-1.0,455.31427001953125,113.76953125,-1.0,-1.0,462.8571472167969,115.65234375
452.5428466796875,117.4375,478.94287109375,138.0625,492.1428527832031,136.1875,-1.0,-1.0,-1.0,-1.0,465.74285888671875,139.9375,456.31427001953125,179.3125,-1.0,-1.0,490.25714111328125,199.9375,477.05712890625,256.1875,480.8285827636719,306.8125,471.3999938964844,198.0625,475.1714172363281,256.1875,486.4857177734375,306.8125,-1.0,-1.0,456.31427001953125,113.6875,-1.0,-1.0,463.8571472167969,115.5625
455.4285583496094,119.3125,479.94287109375,138.0625,495.028564453125,136.1875,-1.0,-1.0,-1.0,-1.0,466.74285888671875,139.9375,457.31427001953125,177.4375,466.74285888671875,183.0625,491.25714111328125,199.9375,478.05712890625,254.3125,481.8285827636719,306.8125,472.3999938964844,199.9375,478.05712890625,256.1875,487.4857177734375,306.8125,-1.0,-1.0,459.20001220703125,115.5625,-1.0,-1.0,466.74285888671875,115.5625
456.4285583496094,119.3125,482.8285827636719,138.0625,496.028564453125,136.1875,-1.0,-1.0,-1.0,-1.0,467.74285888671875,139.9375,458.31427001953125,177.4375,467.74285888671875,183.0625,492.25714111328125,201.8125,479.05712890625,254.3125,484.71429443359375,308.6875,475.28570556640625,199.9375,479.05712890625,256.1875,490.3714294433594,308.6875,-1.0,-1.0,458.31427001953125,113.6875,-1.0,-1.0,467.74285888671875,115.5625
455.5428466796875,118.41796875,483.8285827636719,137.24609375,497.028564453125,135.36328125,-1.0,-1.0,-1.0,-1.0,470.6285705566406,139.12890625,459.31427001953125,176.78515625,-1.0,-1.0,493.25714111328125,203.14453125,480.05712890625,255.86328125,487.6000061035156,308.58203125,476.28570556640625,201.26171875,480.05712890625,257.74609375,491.3714294433594,306.69921875,-1.0,-1.0,459.31427001953125,112.76953125,-1.0,-1.0,468.74285888671875,114.65234375
458.4285583496094,118.41796875,484.8285827636719,137.24609375,498.028564453125,135.36328125,-1.0,-1.0,-1.0,-1.0,471.6285705566406,139.12890625,460.31427001953125,178.66796875,-1.0,-1.0,494.25714111328125,201.26171875,481.05712890625,255.86328125,488.6000061035156,310.46484375,477.28570556640625,201.26171875,481.05712890625,257.74609375,492.3714294433594,308.58203125,-1.0,-1.0,460.31427001953125,114.65234375,-1.0,-1.0,471.6285705566406,114.65234375
459.4285583496094,118.41796875,485.8285827636719,137.24609375,499.028564453125,135.36328125,-1.0,-1.0,-1.0,-1.0,472.6285705566406,139.12890625,461.31427001953125,176.78515625,-1.0,-1.0,495.25714111328125,201.26171875,482.05712890625,253.98046875,489.6000061035156,310.46484375,478.28570556640625,201.26171875,482.05712890625,255.86328125,493.3714294433594,306.69921875,-1.0,-1.0,461.31427001953125,112.76953125,-1.0,-1.0,472.6285705566406,114.65234375
459.4285583496094,118.41796875,485.8285827636719,135.36328125,499.028564453125,135.36328125,-1.0,-1.0,-1.0,-1.0,472.6285705566406,137.24609375,461.31427001953125,176.78515625,470.74285888671875,182.43359375,497.1428527832031,199.37890625,483.94287109375,253.98046875,476.3999938964844,302.93359375,478.28570556640625,199.37890625,483.94287109375,255.86328125,493.3714294433594,308.58203125,-1.0,-1.0,463.20001220703125,112.76953125,-1.0,-1.0,472.6285705566406,114.65234375
459.4285583496094,118.41796875,487.71429443359375,135.36328125,500.9142761230469,135.36328125,-1.0,-1.0,-1.0,-1.0,474.5142822265625,137.24609375,463.20001220703125,159.83984375,-1.0,-1.0,497.1428527832031,199.37890625,483.94287109375,255.86328125,478.28570556640625,302.93359375,480.1714172363281,199.37890625,483.94287109375,255.86328125,493.3714294433594,308.58203125,-1.0,-1.0,463.20001220703125,112.76953125,-1.0,-1.0,472.6285705566406,114.65234375
459.4285583496094,118.41796875,487.71429443359375,135.36328125,500.9142761230469,135.36328125,-1.0,-1.0,-1.0,-1.0,474.5142822265625,137.24609375,463.20001220703125,161.72265625,-1.0,-1.0,497.1428527832031,199.37890625,485.8285827636719,255.86328125,478.28570556640625,302.93359375,480.1714172363281,199.37890625,483.94287109375,255.86328125,493.3714294433594,308.58203125,-1.0,-1.0,463.20001220703125,112.76953125,-1.0,-1.0,474.5142822265625,114.65234375
459.4285583496094,116.53515625,487.71429443359375,135.36328125,500.9142761230469,135.36328125,-1.0,-1.0,-1.0,-1.0,476.3999938964844,137.24609375,463.20001220703125,161.72265625,-1.0,-1.0,499.028564453125,199.37890625,485.8285827636719,255.86328125,478.28570556640625,302.93359375,480.1714172363281,199.37890625,485.8285827636719,255.86328125,493.3714294433594,310.46484375,-1.0,-1.0,463.20001220703125,112.76953125,-1.0,-1.0,474.5142822265625,114.65234375
461.31427001953125,116.53515625,487.71429443359375,135.36328125,500.9142761230469,135.36328125,-1.0,-1.0,-1.0,-1.0,476.3999938964844,135.36328125,463.20001220703125,178.66796875,-1.0,-1.0,499.028564453125,199.37890625,485.8285827636719,255.86328125,478.28570556640625,302.93359375,480.1714172363281,201.26171875,485.8285827636719,255.86328125,495.25714111328125,310.46484375,-1.0,-1.0,463.20001220703125,110.88671875,-1.0,-1.0,474.5142822265625,114.65234375
459.4285583496094,116.53515625,487.71429443359375,135.36328125,500.9142761230469,133.48046875,-1.0,-1.0,-1.0,-1.0,476.3999938964844,135.36328125,463.20001220703125,178.66796875,472.6285705566406,182.43359375,499.028564453125,199.37890625,483.94287109375,255.86328125,480.1714172363281,302.93359375,480.1714172363281,199.37890625,487.71429443359375,255.86328125,495.25714111328125,310.46484375,-1.0,-1.0,463.20001220703125,110.88671875,-1.0,-1.0,476.3999938964844,114.65234375
461.31427001953125,114.65234375,489.6000061035156,135.36328125,502.79998779296875,137.24609375,508.4571533203125,165.48828125,-1.0,-1.0,478.28570556640625,135.36328125,465.0857238769531,159.83984375,-1.0,-1.0,495.25714111328125,197.49609375,487.71429443359375,255.86328125,493.3714294433594,308.58203125,478.28570556640625,197.49609375,485.8285827636719,255.86328125,495.25714111328125,310.46484375,-1.0,-1.0,465.0857238769531,110.88671875,-1.0,-1.0,476.3999938964844,114.65234375
461.31427001953125,114.65234375,485.8285827636719,137.24609375,499.028564453125,139.12890625,-1.0,-1.0,-1.0,-1.0,476.3999938964844,137.24609375,465.0857238769531,176.78515625,472.6285705566406,182.43359375,491.4857177734375,199.37890625,485.8285827636719,257.74609375,493.3714294433594,308.58203125,478.28570556640625,199.37890625,485.8285827636719,255.86328125,495.25714111328125,308.58203125,-1.0,-1.0,465.0857238769531,110.88671875,-1.0,-1.0,476.3999938964844,114.65234375
461.31427001953125,114.65234375,470.74285888671875,133.48046875,459.4285583496094,129.71484375,-1.0,-1.0,-1.0,-1.0,480.1714172363281,137.24609375,468.8571472167969,180.55078125,-1.0,-1.0,474.5142822265625,201.26171875,489.6000061035156,257.74609375,495.25714111328125,310.46484375,483.94287109375,201.26171875,483.94287109375,255.86328125,482.05712890625,306.69921875,463.20001220703125,110.88671875,465.0857238769531,112.76953125,-1.0,-1.0,476.3999938964844,116.53515625
