-1.0,-1.0,272.07952880859375,169.31640625,286.3977355957031,169.31640625,292.125,192.19140625,297.8522644042969,209.34765625,257.7613525390625,169.31640625,250.60226440429688,190.76171875,243.44317626953125,203.62890625,283.5340881347656,216.49609375,284.9659118652344,257.95703125,286.3977355957031,290.83984375,263.4886474609375,216.49609375,264.9204406738281,259.38671875,267.7840881347656,292.26953125,-1.0,-1.0,-1.0,-1.0,279.2386474609375,150.73046875,264.9204406738281,150.73046875
-1.0,-1.0,270.6477355957031,169.31640625,286.3977355957031,169.31640625,292.125,193.62109375,297.8522644042969,210.77734375,257.7613525390625,169.31640625,249.1704559326172,189.33203125,242.01136779785156,203.62890625,282.1022644042969,216.49609375,283.5340881347656,256.52734375,286.3977355957031,290.83984375,263.4886474609375,217.92578125,263.4886474609375,257.95703125,267.7840881347656,293.69921875,-1.0,-1.0,-1.0,-1.0,277.80682373046875,150.73046875,264.9204406738281,150.73046875
-1.0,-1.0,269.6477355957031,169.31640625,283.9659118652344,169.31640625,291.125,193.62109375,296.8522644042969,210.77734375,256.7613525390625,169.31640625,248.1704559326172,189.33203125,241.01136779785156,203.62890625,281.1022644042969,216.49609375,282.5340881347656,255.09765625,285.3977355957031,290.83984375,262.4886474609375,217.92578125,262.4886474609375,257.95703125,266.7840881347656,292.26953125,-1.0,-1.0,-1.0,-1.0,276.80682373046875,149.30078125,263.9204406738281,150.73046875
-1.0,-1.0,269.6477355957031,170.74609375,283.9659118652344,169.31640625,291.125,196.48046875,295.4204406738281,213.63671875,255.3295440673828,170.74609375,246.73863220214844,193.62109375,239.5795440673828,205.05859375,279.6704406738281,216.49609375,282.5340881347656,255.09765625,285.3977355957031,290.83984375,261.05682373046875,217.92578125,261.05682373046875,256.52734375,262.4886474609375,293.69921875,-1.0,-1.0,-1.0,-1.0,276.80682373046875,150.73046875,261.05682373046875,152.16015625
-1.0,-1.0,268.6477355957031,170.74609375,282.9659118652344,170.74609375,290.125,196.48046875,295.8522644042969,212.20703125,254.3295440673828,170.74609375,245.73863220214844,193.62109375,238.5795440673828,206.48828125,278.6704406738281,216.49609375,281.5340881347656,255.09765625,284.3977355957031,290.83984375,260.05682373046875,217.92578125,260.05682373046875,256.52734375,262.9204406738281,293.69921875,-1.0,-1.0,-1.0,-1.0,275.80682373046875,150.73046875,260.05682373046875,152.16015625
-1.0,-1.0,267.6477355957031,170.74609375,281.9659118652344,170.74609375,289.125,196.48046875,294.8522644042969,213.63671875,251.89772033691406,170.74609375,244.73863220214844,193.62109375,237.5795440673828,206.48828125,279.1022644042969,217.92578125,280.5340881347656,255.09765625,283.3977355957031,290.83984375,259.05682373046875,217.92578125,259.05682373046875,256.52734375,261.9204406738281,293.69921875,-1.0,-1.0,-1.0,-1.0,274.80682373046875,150.73046875,260.4886474609375,152.16015625
-1.0,-1.0,266.2159118652344,170.74609375,280.5340881347656,170.74609375,287.69317626953125,196.48046875,293.4204406738281,210.77734375,251.89772033691406,170.74609375,243.30682373046875,193.62109375,236.14772033691406,206.48828125,277.6704406738281,217.92578125,279.1022644042969,255.09765625,281.9659118652344,292.26953125,257.625,217.92578125,259.05682373046875,256.52734375,260.4886474609375,293.69921875,-1.0,-1.0,-1.0,-1.0,274.80682373046875,152.16015625,259.05682373046875,152.16015625
-1.0,-1.0,265.2159118652344,170.74609375,279.5340881347656,170.74609375,288.125,196.48046875,293.8522644042969,210.77734375,252.3295440673828,170.74609375,242.30682373046875,193.62109375,236.5795440673828,207.91796875,276.6704406738281,217.92578125,278.1022644042969,255.09765625,280.9659118652344,292.26953125,256.625,217.92578125,256.625,256.52734375,259.4886474609375,293.69921875,-1.0,-1.0,-1.0,-1.0,273.80682373046875,152.16015625,258.05682373046875,152.16015625
-1.0,-1.0,265.2159118652344,170.74609375,279.5340881347656,170.74609375,286.69317626953125,196.48046875,290.9886474609375,210.77734375,250.89772033691406,170.74609375,240.875,193.62109375,235.14772033691406,207.91796875,275.2386474609375,217.92578125,278.1022644042969,255.09765625,280.9659118652344,290.83984375,256.625,217.92578125,256.625,256.52734375,258.05682373046875,293.69921875,-1.0,-1.0,-1.0,-1.0,272.375,152.16015625,256.625,152.16015625
-1.0,-1.0,264.2159118652344,170.74609375,278.5340881347656,170.74609375,285.69317626953125,196.48046875,289.9886474609375,210.77734375,249.89772033691406,170.74609375,239.875,193.62109375,235.5795440673828,209.34765625,274.2386474609375,217.92578125,277.1022644042969,255.09765625,279.9659118652344,290.83984375,255.625,217.92578125,255.625,257.95703125,257.05682373046875,293.69921875,-1.0,-1.0,-1.0,-1.0,271.375,152.16015625,255.625,152.16015625
-1.0,-1.0,263.2159118652344,170.74609375,277.5340881347656,170.74609375,284.69317626953125,196.48046875,288.9886474609375,210.77734375,248.89772033691406,170.74609375,238.875,193.62109375,234.5795440673828,209.34765625,273.2386474609375,217.92578125,276.1022644042969,255.09765625,278.9659118652344,290.83984375,254.625,217.92578125,254.625,257.95703125,256.05682373046875,293.69921875,-1.0,-1.0,-1.0,-1.0,270.375,152.16015625,254.625,152.16015625
-1.0,-1.0,261.7840881347656,170.74609375,276.1022644042969,170.74609375,283.2613525390625,196.48046875,287.55682373046875,209.34765625,247.46591186523438,170.74609375,237.44317626953125,195.05078125,234.5795440673828,212.20703125,273.2386474609375,217.92578125,274.6704406738281,255.09765625,277.5340881347656,292.26953125,253.19317626953125,217.92578125,254.625,257.95703125,256.05682373046875,293.69921875,-1.0,-1.0,-1.0,-1.0,270.375,152.16015625,253.19317626953125,152.16015625
-1.0,-1.0,260.7840881347656,170.74609375,275.1022644042969,170.74609375,282.2613525390625,196.48046875,286.55682373046875,207.91796875,246.46591186523438,170.74609375,236.44317626953125,195.05078125,-1.0,-1.0,272.2386474609375,217.92578125,273.6704406738281,255.09765625,276.5340881347656,290.83984375,252.19317626953125,217.92578125,253.625,257.95703125,255.05682373046875,295.12890625,-1.0,-1.0,-1.0,-1.0,267.94317626953125,150.73046875,252.19317626953125,152.16015625
-1.0,-1.0,259.3522644042969,170.74609375,273.6704406738281,170.74609375,280.82952880859375,196.48046875,286.55682373046875,209.34765625,245.03408813476562,170.74609375,235.01136779785156,195.05078125,-1.0,-1.0,270.80682373046875,217.92578125,272.2386474609375,256.52734375,275.1022644042969,292.26953125,250.76136779785156,217.92578125,252.19317626953125,257.95703125,253.625,295.12890625,-1.0,-1.0,-1.0,-1.0,267.94317626953125,150.73046875,252.19317626953125,150.73046875
-1.0,-1.0,258.7840881347656,170.74609375,273.1022644042969,170.74609375,280.2613525390625,196.48046875,284.55682373046875,205.05859375,243.03408813476562,170.74609375,234.44317626953125,195.05078125,-1.0,-1.0,270.2386474609375,217.92578125,271.6704406738281,255.09765625,274.5340881347656,292.26953125,250.19317626953125,217.92578125,250.19317626953125,257.95703125,253.05682373046875,295.12890625,-1.0,-1.0,-1.0,-1.0,265.94317626953125,150.73046875,250.19317626953125,152.16015625
-1.0,-1.0,256.3522644042969,170.74609375,270.6704406738281,170.74609375,279.2613525390625,197.91015625,283.55682373046875,205.05859375,242.03408813476562,170.74609375,233.44317626953125,195.05078125,-1.0,-1.0,267.80682373046875,217.92578125,270.6704406738281,255.09765625,273.5340881347656,292.26953125,249.19317626953125,217.92578125,249.19317626953125,257.95703125,252.05682373046875,295.12890625,-1.0,-1.0,-1.0,-1.0,264.94317626953125,150.73046875,249.19317626953125,152.16015625
-1.0,-1.0,255.35226440429688,170.74609375,269.6704406738281,170.74609375,278.2613525390625,197.91015625,282.55682373046875,205.05859375,241.03408813476562,170.74609375,232.44317626953125,195.05078125,-1.0,-1.0,268.2386474609375,217.92578125,269.6704406738281,255.09765625,272.5340881347656,292.26953125,248.19317626953125,217.92578125,248.19317626953125,257.95703125,251.05682373046875,295.12890625,-1.0,-1.0,-1.0,-1.0,263.94317626953125,150.73046875,248.19317626953125,152.16015625
-1.0,-1.0,254.78408813476562,170.74609375,269.1022644042969,170.74609375,277.69317626953125,197.91015625,281.9886474609375,209.34765625,240.46591186523438,170.74609375,231.875,193.62109375,-1.0,-1.0,266.2386474609375,217.92578125,269.1022644042969,253.66796875,271.9659118652344,290.83984375,246.19317626953125,217.92578125,247.625,257.95703125,249.05682373046875,296.55859375,-1.0,-1.0,-1.0,-1.0,263.375,152.16015625,247.625,152.16015625
-1.0,-1.0,253.78408813476562,170.74609375,268.1022644042969,170.74609375,276.69317626953125,197.91015625,280.9886474609375,209.34765625,239.46591186523438,170.74609375,230.875,195.05078125,-1.0,-1.0,265.2386474609375,217.92578125,268.1022644042969,253.66796875,269.5340881347656,292.26953125,245.19317626953125,219.35546875,246.625,257.95703125,248.05682373046875,296.55859375,-1.0,-1.0,-1.0,-1.0,262.375,152.16015625,245.19317626953125,150.73046875
-1.0,-1.0,252.78408813476562,170.74609375,267.1022644042969,170.74609375,275.69317626953125,197.91015625,279.9886474609375,210.77734375,238.46591186523438,170.74609375,229.875,195.05078125,-1.0,-1.0,264.2386474609375,217.92578125,267.1022644042969,253.66796875,269.9659118652344,292.26953125,244.19317626953125,219.35546875,245.625,257.95703125,248.48863220214844,296.55859375,-1.0,-1.0,-1.0,-1.0,261.375,152.16015625,245.625,150.73046875
-1.0,-1.0,252.21591186523438,171.17578125,267.9659118652344,171.17578125,275.125,198.33984375,279.4204406738281,215.49609375,237.89772033691406,169.74609375,227.875,194.05078125,-1.0,-1.0,263.6704406738281,218.35546875,265.1022644042969,254.09765625,267.9659118652344,291.26953125,243.625,218.35546875,243.625,258.38671875,246.48863220214844,296.98828125,-1.0,-1.0,-1.0,-1.0,259.375,152.58984375,243.625,152.58984375
-1.0,-1.0,251.21591186523438,169.74609375,265.5340881347656,171.17578125,274.125,196.91015625,278.4204406738281,214.06640625,236.89772033691406,169.74609375,226.875,195.48046875,-1.0,-1.0,262.6704406738281,216.92578125,264.1022644042969,254.09765625,266.9659118652344,291.26953125,242.625,218.35546875,242.625,256.95703125,245.48863220214844,296.98828125,-1.0,-1.0,-1.0,-1.0,258.375,151.16015625,242.625,152.58984375
-1.0,-1.0,250.21591186523438,171.17578125,264.5340881347656,171.17578125,271.69317626953125,196.91015625,277.4204406738281,214.06640625,235.89772033691406,169.74609375,225.875,195.48046875,-1.0,-1.0,261.6704406738281,216.92578125,263.1022644042969,254.09765625,265.9659118652344,292.69921875,241.625,218.35546875,241.625,258.38671875,244.48863220214844,296.98828125,-1.0,-1.0,-1.0,-1.0,257.375,151.16015625,241.625,152.58984375
-1.0,-1.0,249.64772033691406,171.17578125,263.9659118652344,171.17578125,271.125,198.33984375,276.8522644042969,215.49609375,233.89772033691406,169.74609375,223.875,195.48046875,219.5795440673828,211.20703125,261.1022644042969,218.35546875,262.5340881347656,256.95703125,265.3977355957031,292.69921875,239.625,219.78515625,241.05682373046875,258.38671875,242.48863220214844,296.98828125,-1.0,-1.0,-1.0,-1.0,256.80682373046875,151.16015625,241.05682373046875,151.16015625
-1.0,-1.0,247.71112060546875,171.17578125,263.3555603027344,171.17578125,270.4666748046875,198.33984375,276.1555480957031,215.49609375,233.4888916015625,169.74609375,223.53334045410156,195.48046875,217.84445190429688,212.63671875,259.0888977050781,218.35546875,261.933349609375,255.52734375,264.77777099609375,294.12890625,239.1777801513672,219.78515625,239.1777801513672,258.38671875,242.022216796875,296.98828125,-1.0,-1.0,-1.0,-1.0,256.24444580078125,151.16015625,240.60000610351562,151.16015625
-1.0,-1.0,247.56179809570312,170.5234375,261.7191162109375,171.9453125,270.2135009765625,197.5390625,274.4606628417969,213.1796875,231.98876953125,170.5234375,223.494384765625,194.6953125,-1.0,-1.0,258.88763427734375,217.4453125,260.3033752441406,255.8359375,264.5505676269531,291.3828125,239.06741333007812,218.8671875,239.06741333007812,258.6796875,240.483154296875,297.0703125,-1.0,-1.0,-1.0,-1.0,254.64044189453125,152.0390625,239.06741333007812,150.6171875
-1.0,-1.0,246.21591186523438,170.74609375,261.9659118652344,170.74609375,269.125,197.91015625,274.8522644042969,215.06640625,231.89772033691406,170.74609375,221.875,195.05078125,-1.0,-1.0,257.6704406738281,217.92578125,260.5340881347656,256.52734375,263.3977355957031,292.26953125,237.625,219.35546875,237.625,259.38671875,239.05682373046875,297.98828125,-1.0,-1.0,-1.0,-1.0,254.80682373046875,150.73046875,239.05682373046875,150.73046875
-1.0,-1.0,245.21591186523438,170.74609375,260.9659118652344,170.74609375,268.125,197.91015625,272.4204406738281,213.63671875,230.89772033691406,169.31640625,220.875,195.05078125,-1.0,-1.0,256.6704406738281,217.92578125,259.5340881347656,256.52734375,260.9659118652344,292.26953125,236.625,219.35546875,236.625,259.38671875,238.05682373046875,297.98828125,-1.0,-1.0,-1.0,-1.0,253.80682373046875,150.73046875,238.05682373046875,150.73046875
-1.0,-1.0,244.21591186523438,170.74609375,259.9659118652344,170.74609375,267.125,197.91015625,272.8522644042969,213.63671875,229.89772033691406,170.74609375,219.875,195.05078125,-1.0,-1.0,255.6704559326172,219.35546875,258.5340881347656,257.95703125,261.3977355957031,292.26953125,235.625,219.35546875,237.05682373046875,259.38671875,238.48863220214844,297.98828125,-1.0,-1.0,-1.0,-1.0,252.80682373046875,150.73046875,237.05682373046875,150.73046875
-1.0,-1.0,243.21591186523438,170.74609375,257.5340881347656,170.74609375,266.125,197.91015625,270.4204406738281,213.63671875,228.89772033691406,169.31640625,218.875,193.62109375,-1.0,-1.0,254.6704559326172,217.92578125,256.1022644042969,256.52734375,258.9659118652344,292.26953125,234.625,219.35546875,234.625,259.38671875,236.05682373046875,297.98828125,-1.0,-1.0,-1.0,-1.0,250.375,150.73046875,234.625,150.73046875
-1.0,-1.0,242.21591186523438,170.74609375,257.9659118652344,170.74609375,266.55682373046875,197.91015625,270.8522644042969,215.06640625,227.89772033691406,170.74609375,217.875,195.05078125,-1.0,-1.0,255.10226440429688,219.35546875,256.5340881347656,257.95703125,259.3977355957031,293.69921875,235.05682373046875,219.35546875,235.05682373046875,260.81640625,236.48863220214844,297.98828125,-1.0,-1.0,-1.0,-1.0,250.80682373046875,150.73046875,235.05682373046875,150.73046875
-1.0,-1.0,242.21591186523438,170.74609375,257.9659118652344,170.74609375,266.55682373046875,197.91015625,270.8522644042969,215.06640625,227.89772033691406,170.74609375,217.875,195.05078125,-1.0,-1.0,255.10226440429688,219.35546875,256.5340881347656,257.95703125,259.3977355957031,293.69921875,235.05682373046875,219.35546875,235.05682373046875,260.81640625,236.48863220214844,297.98828125,-1.0,-1.0,-1.0,-1.0,250.80682373046875,150.73046875,235.05682373046875,150.73046875
-1.0,-1.0,241.21591186523438,170.74609375,255.53408813476562,170.74609375,264.125,197.91015625,268.4204406738281,213.63671875,226.89772033691406,169.31640625,216.875,193.62109375,-1.0,-1.0,252.6704559326172,217.92578125,255.53408813476562,256.52734375,256.9659118652344,292.26953125,232.625,219.35546875,232.625,259.38671875,234.05682373046875,297.98828125,-1.0,-1.0,-1.0,-1.0,249.80682373046875,150.73046875,232.625,150.73046875
-1.0,-1.0,240.21591186523438,168.88671875,254.53408813476562,170.31640625,263.125,197.48046875,267.4204406738281,213.20703125,225.89772033691406,168.88671875,215.875,194.62109375,-1.0,-1.0,251.6704559326172,218.92578125,254.53408813476562,257.52734375,255.96591186523438,293.26953125,231.625,220.35546875,231.625,260.38671875,234.48863220214844,297.55859375,-1.0,-1.0,-1.0,-1.0,248.80682373046875,150.30078125,231.625,150.30078125
-1.0,-1.0,239.21591186523438,168.88671875,254.96591186523438,170.31640625,262.125,197.48046875,266.4204406738281,214.63671875,224.89772033691406,168.88671875,214.875,194.62109375,-1.0,-1.0,252.10226440429688,218.92578125,253.53408813476562,257.52734375,254.96591186523438,293.26953125,230.625,220.35546875,232.05682373046875,260.38671875,233.48863220214844,298.98828125,-1.0,-1.0,-1.0,-1.0,247.80682373046875,150.30078125,232.05682373046875,150.30078125
-1.0,-1.0,239.64772033691406,168.88671875,253.96591186523438,170.31640625,261.125,197.48046875,265.4204406738281,214.63671875,223.89772033691406,168.88671875,213.875,194.62109375,209.5795440673828,208.91796875,251.10226440429688,218.92578125,252.53408813476562,258.95703125,253.96591186523438,294.69921875,229.625,220.35546875,231.05682373046875,260.38671875,232.48863220214844,298.98828125,-1.0,-1.0,-1.0,-1.0,248.23863220214844,150.30078125,231.05682373046875,150.30078125
-1.0,-1.0,239.21591186523438,168.88671875,253.53408813476562,170.31640625,262.125,197.48046875,266.4204406738281,214.63671875,224.89772033691406,168.88671875,214.875,194.62109375,-1.0,-1.0,250.6704559326172,218.92578125,252.10226440429688,257.52734375,254.96591186523438,293.26953125,229.19317626953125,220.35546875,230.625,260.38671875,232.05682373046875,298.98828125,-1.0,-1.0,-1.0,-1.0,247.80682373046875,150.30078125,230.625,150.30078125
-1.0,-1.0,238.78408813476562,170.74609375,253.10226440429688,170.74609375,261.69317626953125,197.91015625,265.9886474609375,212.20703125,224.46591186523438,169.31640625,214.44317626953125,193.62109375,-1.0,-1.0,250.23863220214844,217.92578125,253.10226440429688,256.52734375,254.53408813476562,293.69921875,228.76136779785156,219.35546875,230.19317626953125,260.81640625,233.05682373046875,299.41796875,-1.0,-1.0,-1.0,-1.0,247.375,150.73046875,230.19317626953125,150.73046875
-1.0,-1.0,238.78408813476562,169.31640625,254.53408813476562,170.74609375,261.69317626953125,197.91015625,265.9886474609375,213.63671875,224.46591186523438,169.31640625,214.44317626953125,193.62109375,-1.0,-1.0,250.23863220214844,219.35546875,253.10226440429688,256.52734375,254.53408813476562,293.69921875,230.19317626953125,219.35546875,231.625,260.81640625,233.05682373046875,300.84765625,-1.0,-1.0,-1.0,-1.0,247.375,150.73046875,231.625,150.73046875
-1.0,-1.0,239.78408813476562,169.31640625,254.10226440429688,170.74609375,262.69317626953125,196.48046875,266.9886474609375,213.63671875,224.03408813476562,169.31640625,215.44317626953125,193.62109375,-1.0,-1.0,251.23863220214844,217.92578125,254.10226440429688,256.52734375,255.53408813476562,293.69921875,231.19317626953125,219.35546875,231.19317626953125,260.81640625,234.05682373046875,299.41796875,-1.0,-1.0,-1.0,-1.0,248.375,150.73046875,231.19317626953125,149.30078125
-1.0,-1.0,240.78408813476562,169.31640625,255.10226440429688,169.31640625,263.69317626953125,196.48046875,267.9886474609375,213.63671875,226.46591186523438,167.88671875,216.44317626953125,193.62109375,-1.0,-1.0,252.23863220214844,217.92578125,255.10226440429688,256.52734375,256.5340881347656,292.26953125,230.76136779785156,219.35546875,232.19317626953125,260.81640625,235.05682373046875,299.41796875,-1.0,-1.0,-1.0,-1.0,249.375,150.73046875,232.19317626953125,149.30078125
-1.0,-1.0,242.21591186523438,169.31640625,257.9659118652344,169.31640625,265.125,197.91015625,269.4204406738281,216.49609375,227.89772033691406,167.88671875,217.875,193.62109375,-1.0,-1.0,253.6704559326172,217.92578125,256.5340881347656,257.95703125,256.5340881347656,292.26953125,232.19317626953125,219.35546875,233.625,260.81640625,235.05682373046875,299.41796875,-1.0,-1.0,-1.0,-1.0,250.80682373046875,149.30078125,233.625,149.30078125
-1.0,-1.0,243.21591186523438,167.88671875,258.9659118652344,169.31640625,267.55682373046875,197.91015625,271.8522644042969,215.06640625,228.89772033691406,167.88671875,218.875,193.62109375,-1.0,-1.0,254.6704559326172,217.92578125,257.5340881347656,257.95703125,258.9659118652344,293.69921875,233.19317626953125,219.35546875,236.05682373046875,260.81640625,236.05682373046875,299.41796875,-1.0,-1.0,-1.0,-1.0,251.80682373046875,149.30078125,234.625,149.30078125
-1.0,-1.0,245.64772033691406,167.88671875,259.9659118652344,169.31640625,268.55682373046875,196.48046875,272.8522644042969,215.06640625,229.89772033691406,167.88671875,219.875,193.62109375,215.5795440673828,210.77734375,257.1022644042969,217.92578125,258.5340881347656,257.95703125,259.9659118652344,293.69921875,235.625,219.35546875,237.05682373046875,260.81640625,238.48863220214844,300.84765625,-1.0,-1.0,-1.0,-1.0,252.80682373046875,149.30078125,237.05682373046875,149.30078125
-1.0,-1.0,246.13333129882812,168.31640625,261.77777099609375,168.31640625,268.8888854980469,196.91015625,274.5777893066406,215.49609375,230.4888916015625,168.31640625,220.53334045410156,194.05078125,214.84445190429688,212.63671875,257.5111083984375,218.35546875,258.933349609375,258.38671875,260.3555603027344,296.98828125,236.1777801513672,219.78515625,237.60000610351562,261.24609375,239.022216796875,299.84765625,-1.0,-1.0,-1.0,-1.0,254.6666717529297,148.30078125,239.022216796875,149.73046875
-1.0,-1.0,248.0795440673828,168.31640625,263.82952880859375,169.74609375,270.9886474609375,196.91015625,273.8522644042969,215.49609375,232.3295440673828,168.31640625,222.30682373046875,194.05078125,216.5795440673828,208.34765625,259.5340881347656,218.35546875,262.3977355957031,258.38671875,263.82952880859375,295.55859375,238.05682373046875,218.35546875,239.48863220214844,259.81640625,240.9204559326172,299.84765625,-1.0,-1.0,-1.0,-1.0,256.6704406738281,148.30078125,239.48863220214844,149.73046875
-1.0,-1.0,250.0795440673828,168.31640625,265.82952880859375,169.74609375,272.9886474609375,196.91015625,277.2840881347656,215.49609375,234.3295440673828,168.31640625,224.30682373046875,194.05078125,218.5795440673828,208.34765625,261.5340881347656,218.35546875,262.9659118652344,258.38671875,265.82952880859375,295.55859375,240.05682373046875,218.35546875,241.48863220214844,259.81640625,242.9204559326172,298.41796875,-1.0,-1.0,-1.0,-1.0,258.6704406738281,148.30078125,241.48863220214844,149.73046875
-1.0,-1.0,251.0795440673828,168.31640625,266.82952880859375,168.31640625,273.9886474609375,196.91015625,278.2840881347656,215.49609375,235.3295440673828,166.88671875,225.30682373046875,194.05078125,219.5795440673828,206.91796875,262.5340881347656,218.35546875,265.3977355957031,256.95703125,266.82952880859375,295.55859375,241.05682373046875,216.92578125,242.48863220214844,259.81640625,243.9204559326172,298.41796875,-1.0,-1.0,-1.0,-1.0,259.6704406738281,148.30078125,242.48863220214844,148.30078125
-1.0,-1.0,253.0795440673828,168.31640625,268.82952880859375,168.31640625,275.9886474609375,196.91015625,280.2840881347656,214.06640625,237.3295440673828,166.88671875,227.30682373046875,194.05078125,221.5795440673828,208.34765625,264.5340881347656,218.35546875,265.9659118652344,258.38671875,268.82952880859375,295.55859375,243.05682373046875,218.35546875,244.48863220214844,259.81640625,245.9204559326172,299.84765625,-1.0,-1.0,-1.0,-1.0,261.6704406738281,148.30078125,244.48863220214844,148.30078125
-1.0,-1.0,255.0795440673828,167.31640625,270.82952880859375,168.74609375,277.9886474609375,195.91015625,282.2840881347656,214.49609375,239.3295440673828,167.31640625,229.30682373046875,193.05078125,223.5795440673828,208.77734375,266.5340881347656,217.35546875,267.9659118652344,257.38671875,270.82952880859375,294.55859375,245.05682373046875,217.35546875,246.48863220214844,258.81640625,246.48863220214844,297.41796875,-1.0,-1.0,-1.0,-1.0,263.6704406738281,147.30078125,246.48863220214844,148.73046875
-1.0,-1.0,256.07952880859375,167.31640625,271.82952880859375,168.74609375,278.9886474609375,195.91015625,283.2840881347656,214.49609375,241.76136779785156,165.88671875,230.30682373046875,193.05078125,224.5795440673828,207.34765625,267.5340881347656,217.35546875,270.3977355957031,257.38671875,271.82952880859375,295.98828125,246.05682373046875,217.35546875,247.48863220214844,258.81640625,248.9204559326172,297.41796875,-1.0,-1.0,-1.0,-1.0,264.6704406738281,147.30078125,247.48863220214844,148.73046875
-1.0,-1.0,258.07952880859375,167.31640625,273.82952880859375,167.31640625,280.9886474609375,195.91015625,285.2840881347656,214.49609375,242.3295440673828,165.88671875,232.30682373046875,193.05078125,226.5795440673828,207.34765625,269.5340881347656,217.35546875,272.3977355957031,258.81640625,273.82952880859375,294.55859375,248.05682373046875,217.35546875,249.48863220214844,258.81640625,250.9204559326172,297.41796875,-1.0,-1.0,-1.0,-1.0,266.6704406738281,147.30078125,249.48863220214844,147.30078125
-1.0,-1.0,259.5555419921875,167.31640625,275.20001220703125,167.31640625,282.31109619140625,195.91015625,288.0,217.35546875,243.91111755371094,167.31640625,233.95555114746094,194.48046875,226.84445190429688,210.20703125,270.933349609375,218.78515625,272.3555603027344,258.81640625,273.77777099609375,295.98828125,249.60000610351562,218.78515625,251.022216796875,258.81640625,252.44444274902344,297.41796875,-1.0,-1.0,-1.0,-1.0,268.0888977050781,147.30078125,251.022216796875,147.30078125
-1.0,-1.0,261.07952880859375,166.31640625,276.82952880859375,167.74609375,283.9886474609375,194.91015625,288.2840881347656,213.49609375,245.3295440673828,166.31640625,235.30682373046875,192.05078125,229.5795440673828,206.34765625,272.5340881347656,217.78515625,275.3977355957031,257.81640625,276.82952880859375,296.41796875,251.05682373046875,217.78515625,252.48863220214844,259.24609375,253.9204559326172,296.41796875,-1.0,-1.0,-1.0,-1.0,269.6704406738281,146.30078125,252.48863220214844,147.73046875
-1.0,-1.0,263.07952880859375,166.31640625,278.82952880859375,167.74609375,285.9886474609375,194.91015625,290.2840881347656,213.49609375,247.3295440673828,166.31640625,237.30682373046875,192.05078125,231.5795440673828,207.77734375,274.5340881347656,217.78515625,275.9659118652344,257.81640625,278.82952880859375,294.98828125,253.05682373046875,217.78515625,254.48863220214844,259.24609375,255.9204559326172,296.41796875,-1.0,-1.0,-1.0,-1.0,271.6704406738281,146.30078125,254.48863220214844,147.73046875
-1.0,-1.0,265.5113525390625,166.31640625,281.2613525390625,167.74609375,286.9886474609375,194.91015625,292.7159118652344,213.49609375,248.3295440673828,166.31640625,238.30682373046875,192.05078125,232.5795440673828,206.34765625,275.5340881347656,217.78515625,278.3977355957031,256.38671875,278.3977355957031,294.98828125,254.05682373046875,217.78515625,256.9204406738281,259.24609375,258.3522644042969,294.98828125,-1.0,-1.0,-1.0,-1.0,274.1022644042969,147.73046875,256.9204406738281,146.30078125
-1.0,-1.0,267.5113525390625,166.31640625,283.2613525390625,166.31640625,288.9886474609375,193.48046875,294.7159118652344,212.06640625,251.76136779785156,164.88671875,240.30682373046875,192.05078125,234.5795440673828,204.91796875,277.5340881347656,216.35546875,280.3977355957031,256.38671875,280.3977355957031,296.41796875,256.05682373046875,217.78515625,258.9204406738281,257.81640625,258.9204406738281,294.98828125,-1.0,-1.0,-1.0,-1.0,276.1022644042969,146.30078125,258.9204406738281,146.30078125
-1.0,-1.0,269.5113525390625,166.31640625,285.2613525390625,166.31640625,292.4204406738281,194.91015625,295.2840881347656,213.49609375,253.76136779785156,164.88671875,242.30682373046875,192.05078125,236.5795440673828,206.34765625,280.9659118652344,216.35546875,282.3977355957031,257.81640625,282.3977355957031,296.41796875,258.05682373046875,217.78515625,260.9204406738281,259.24609375,260.9204406738281,294.98828125,-1.0,-1.0,-1.0,-1.0,278.1022644042969,146.30078125,260.9204406738281,146.30078125
-1.0,-1.0,271.94317626953125,165.31640625,287.69317626953125,165.31640625,293.4204406738281,192.48046875,297.7159118652344,211.06640625,254.76136779785156,165.31640625,244.73863220214844,191.05078125,237.5795440673828,205.34765625,281.9659118652344,215.35546875,284.82952880859375,255.38671875,286.2613525390625,292.55859375,260.4886474609375,216.78515625,261.9204406738281,258.24609375,263.3522644042969,295.41796875,-1.0,-1.0,-1.0,-1.0,279.1022644042969,146.73046875,261.9204406738281,146.73046875
-1.0,-1.0,272.5113525390625,165.31640625,289.69317626953125,165.31640625,295.4204406738281,193.91015625,299.7159118652344,211.06640625,256.7613525390625,165.31640625,245.30682373046875,192.48046875,239.5795440673828,205.34765625,283.9659118652344,216.78515625,286.82952880859375,255.38671875,286.82952880859375,293.98828125,262.4886474609375,218.21484375,263.9204406738281,258.24609375,265.3522644042969,296.84765625,-1.0,-1.0,-1.0,-1.0,281.1022644042969,145.30078125,263.9204406738281,146.73046875
-1.0,-1.0,273.94317626953125,165.53125,289.69317626953125,165.53125,296.8522644042969,192.84375,298.2840881347656,212.96875,258.19317626953125,164.09375,248.1704559326172,191.40625,242.44317626953125,205.78125,285.3977355957031,215.84375,288.2613525390625,256.09375,286.82952880859375,293.46875,263.9204406738281,217.28125,265.3522644042969,258.96875,265.3522644042969,294.90625,-1.0,-1.0,-1.0,-1.0,282.5340881347656,145.40625,265.3522644042969,145.40625
-1.0,-1.0,276.5581359863281,165.17578125,291.20928955078125,165.17578125,297.06976318359375,191.47265625,-1.0,-1.0,260.4418640136719,163.71484375,250.18605041503906,188.55078125,242.86045837402344,204.62109375,288.279052734375,216.30859375,289.74420166015625,257.21484375,288.279052734375,296.66015625,264.83721923828125,217.76953125,266.3023376464844,260.13671875,267.7674560546875,298.12109375,-1.0,-1.0,-1.0,-1.0,285.3488464355469,144.72265625,267.7674560546875,144.72265625
-1.0,-1.0,276.5581359863281,163.921875,291.20928955078125,163.921875,298.5348815917969,191.828125,-1.0,-1.0,261.906982421875,163.921875,250.18605041503906,190.359375,242.86045837402344,205.046875,289.74420166015625,216.796875,291.20928955078125,257.921875,289.74420166015625,299.046875,266.3023376464844,216.796875,267.7674560546875,259.390625,267.7674560546875,299.046875,-1.0,-1.0,-1.0,-1.0,285.3488464355469,144.828125,267.7674560546875,144.828125
-1.0,-1.0,277.75,163.54296875,292.75,163.54296875,300.25,190.40234375,-1.0,-1.0,262.75,163.54296875,252.25,190.40234375,244.75,205.32421875,289.75,215.76953125,292.75,257.55078125,292.75,299.33203125,267.25,217.26171875,268.75,260.53515625,268.75,299.33203125,-1.0,-1.0,-1.0,-1.0,286.75,144.14453125,270.25,144.14453125
-1.0,-1.0,278.75,163.75,293.75,163.75,301.25,190.75,-1.0,-1.0,263.75,163.75,251.75,189.25,245.75,205.75,290.75,216.25,292.25,258.25,290.75,298.75,268.25,217.75,269.75,259.75,269.75,300.25,-1.0,-1.0,-1.0,-1.0,287.75,144.25,269.75,144.25
-1.0,-1.0,279.2289123535156,164.6796875,294.4096374511719,164.6796875,302.0,190.4453125,-1.0,-1.0,264.0481872558594,163.1640625,253.42169189453125,190.4453125,247.34939575195312,204.0859375,292.8915710449219,217.7265625,294.4096374511719,258.6484375,292.8915710449219,301.0859375,268.6024169921875,217.7265625,270.1204833984375,260.1640625,270.1204833984375,299.5703125,-1.0,-1.0,-1.0,-1.0,288.33734130859375,143.4609375,270.1204833984375,143.4609375
-1.0,-1.0,279.95123291015625,163.578125,295.31707763671875,163.578125,303.0,189.609375,-1.0,-1.0,264.5853576660156,163.578125,253.8292694091797,188.078125,247.68292236328125,203.390625,292.243896484375,215.640625,293.7804870605469,258.515625,292.243896484375,299.859375,269.19512939453125,217.171875,270.7317199707031,260.046875,272.2682800292969,299.859375,-1.0,-1.0,-1.0,-1.0,289.17071533203125,143.671875,272.2682800292969,143.671875
-1.0,-1.0,280.4444580078125,162.9921875,296.0,162.9921875,300.6666564941406,190.8359375,-1.0,-1.0,264.8888854980469,162.9921875,254.0,189.2890625,247.77777099609375,203.2109375,292.8888854980469,215.5859375,294.4444580078125,258.8984375,292.8888854980469,302.2109375,269.5555419921875,217.1328125,271.1111145019531,260.4453125,271.1111145019531,299.1171875,-1.0,-1.0,-1.0,-1.0,289.77777099609375,142.8828125,272.6666564941406,142.8828125
-1.0,-1.0,279.8888854980469,163.40625,295.4444580078125,163.40625,301.6666564941406,189.96875,-1.0,-1.0,264.3333435058594,163.40625,255.0,188.40625,248.77777099609375,202.46875,292.3333435058594,214.96875,295.4444580078125,257.15625,293.8888854980469,297.78125,270.5555419921875,216.53125,272.1111145019531,260.28125,272.1111145019531,300.90625,-1.0,-1.0,-1.0,-1.0,289.22222900390625,141.53125,272.1111145019531,143.09375
-1.0,-1.0,281.1625061035156,162.8203125,296.9125061035156,162.8203125,301.63751220703125,189.6484375,-1.0,-1.0,265.4125061035156,162.8203125,254.3874969482422,188.0703125,248.08749389648438,202.2734375,292.1875,214.8984375,295.3374938964844,257.5078125,293.76251220703125,298.5390625,270.13751220703125,216.4765625,271.7124938964844,260.6640625,271.7124938964844,300.1171875,-1.0,-1.0,-1.0,-1.0,289.0375061035156,142.3046875,271.7124938964844,143.8828125
-1.0,-1.0,281.0759582519531,163.02734375,297.02532958984375,163.02734375,303.4050598144531,191.57421875,-1.0,-1.0,265.1265869140625,163.02734375,255.5569610595703,188.40234375,247.582275390625,202.67578125,293.83544921875,215.36328125,295.4303894042969,258.18359375,293.83544921875,299.41796875,269.911376953125,216.94921875,271.5063171386719,261.35546875,273.10125732421875,301.00390625,-1.0,-1.0,-1.0,-1.0,290.64556884765625,142.41015625,271.5063171386719,142.41015625
-1.0,-1.0,280.76922607421875,162.6484375,296.9230651855469,162.6484375,303.3846130371094,191.6171875,-1.0,-1.0,266.23077392578125,162.6484375,254.92308044433594,188.3984375,248.46153259277344,202.8828125,293.69232177734375,215.7578125,295.30767822265625,259.2109375,295.30767822265625,299.4453125,271.0769348144531,217.3671875,272.69232177734375,260.8203125,272.69232177734375,301.0546875,-1.0,-1.0,-1.0,-1.0,290.4615478515625,141.7265625,271.0769348144531,141.7265625
-1.0,-1.0,280.1538391113281,162.85546875,297.9230651855469,162.85546875,304.3846130371094,191.96484375,-1.0,-1.0,264.0,162.85546875,254.3076934814453,188.73046875,247.84616088867188,203.28515625,293.0769348144531,214.60546875,296.30767822265625,258.26953125,296.30767822265625,297.08203125,270.4615478515625,216.22265625,272.0769348144531,259.88671875,272.0769348144531,300.31640625,-1.0,-1.0,-1.0,-1.0,289.8461608886719,141.83203125,272.0769348144531,141.83203125
-1.0,-1.0,280.0,162.4765625,298.0,162.4765625,304.54547119140625,192.0078125,-1.0,-1.0,263.6363525390625,162.4765625,253.81817626953125,190.3671875,-1.0,-1.0,291.45452880859375,214.9765625,294.7272644042969,257.6328125,293.0909118652344,297.0078125,268.5454406738281,216.6171875,271.81817626953125,260.9140625,271.81817626953125,298.6484375,-1.0,-1.0,-1.0,-1.0,289.81817626953125,141.1484375,271.81817626953125,142.7890625
-1.0,-1.0,279.0,162.4765625,297.0,162.4765625,303.54547119140625,192.0078125,-1.0,-1.0,264.2727355957031,160.8359375,252.81817626953125,188.7265625,246.27272033691406,205.1328125,292.0909118652344,214.9765625,293.7272644042969,259.2734375,293.7272644042969,298.6484375,269.18182373046875,216.6171875,270.81817626953125,260.9140625,270.81817626953125,300.2890625,-1.0,-1.0,-1.0,-1.0,288.81817626953125,141.1484375,270.81817626953125,142.7890625
-1.0,-1.0,279.3026428222656,161.68359375,295.881591796875,161.68359375,302.5131530761719,189.70703125,-1.0,-1.0,262.72369384765625,161.68359375,252.7763214111328,188.05859375,247.80262756347656,206.19140625,292.5657958984375,214.43359375,294.22369384765625,257.29296875,294.22369384765625,301.80078125,269.3552551269531,216.08203125,271.0131530761719,260.58984375,271.0131530761719,300.15234375,-1.0,-1.0,-1.0,-1.0,287.59210205078125,141.90234375,271.0131530761719,141.90234375
-1.0,-1.0,278.3026428222656,161.68359375,294.881591796875,161.68359375,303.1710510253906,189.70703125,-1.0,-1.0,261.72369384765625,161.68359375,251.7763214111328,188.05859375,246.80262756347656,206.19140625,291.5657958984375,214.43359375,293.22369384765625,257.29296875,293.22369384765625,301.80078125,268.3552551269531,216.08203125,270.0131530761719,260.58984375,270.0131530761719,301.80078125,-1.0,-1.0,-1.0,-1.0,286.59210205078125,140.25390625,270.0131530761719,141.90234375
-1.0,-1.0,278.2337646484375,160.890625,294.8571472167969,160.890625,301.5065002441406,190.703125,-1.0,-1.0,261.6103820800781,160.890625,251.63636779785156,187.390625,244.9870147705078,203.953125,289.8701171875,213.890625,291.532470703125,258.609375,291.532470703125,301.671875,266.597412109375,215.546875,268.2597351074219,260.265625,268.2597351074219,301.671875,-1.0,-1.0,-1.0,-1.0,286.54547119140625,141.015625,268.2597351074219,141.015625
-1.0,-1.0,275.5714416503906,160.890625,293.8571472167969,160.890625,300.5065002441406,190.703125,-1.0,-1.0,260.6103820800781,160.890625,250.63636779785156,187.390625,243.9870147705078,203.953125,288.8701171875,213.890625,292.1947937011719,260.265625,292.1947937011719,300.015625,265.597412109375,215.546875,267.2597351074219,260.265625,267.2597351074219,301.671875,-1.0,-1.0,-1.0,-1.0,285.54547119140625,139.359375,267.2597351074219,141.015625
-1.0,-1.0,274.5714416503906,160.09765625,292.8571472167969,160.09765625,299.5065002441406,190.05078125,-1.0,-1.0,259.6103820800781,160.09765625,249.63636779785156,186.72265625,242.9870147705078,203.36328125,287.8701171875,215.01171875,289.532470703125,259.94140625,289.532470703125,301.54296875,264.597412109375,215.01171875,266.2597351074219,259.94140625,266.2597351074219,301.54296875,-1.0,-1.0,-1.0,-1.0,284.54547119140625,140.12890625,266.2597351074219,140.12890625
-1.0,-1.0,273.5714416503906,160.09765625,290.1947937011719,158.43359375,298.5065002441406,188.38671875,-1.0,-1.0,258.6103820800781,160.09765625,248.63636779785156,186.72265625,241.9870147705078,203.36328125,286.8701171875,213.34765625,288.532470703125,259.94140625,288.532470703125,301.54296875,263.597412109375,215.01171875,265.2597351074219,259.94140625,265.2597351074219,301.54296875,-1.0,-1.0,-1.0,-1.0,283.54547119140625,140.12890625,265.2597351074219,140.12890625
-1.0,-1.0,272.5714416503906,160.09765625,289.1947937011719,158.43359375,297.5065002441406,188.38671875,-1.0,-1.0,257.6103820800781,160.09765625,245.97402954101562,188.38671875,240.9870147705078,203.36328125,285.8701171875,213.34765625,289.1947937011719,259.94140625,287.532470703125,301.54296875,262.597412109375,215.01171875,264.2597351074219,261.60546875,264.2597351074219,301.54296875,-1.0,-1.0,-1.0,-1.0,282.54547119140625,140.12890625,264.2597351074219,140.12890625
-1.0,-1.0,271.6666564941406,159.3046875,288.3333435058594,159.3046875,296.6666564941406,187.7265625,301.6666564941406,206.1171875,256.6666564941406,159.3046875,245.0,189.3984375,240.0,204.4453125,286.6666564941406,212.8046875,288.3333435058594,257.9453125,288.3333435058594,299.7421875,261.6666564941406,214.4765625,263.3333435058594,259.6171875,263.3333435058594,301.4140625,-1.0,-1.0,-1.0,-1.0,281.6666564941406,139.2421875,263.3333435058594,139.2421875
-1.0,-1.0,270.6666564941406,159.3046875,287.3333435058594,157.6328125,295.6666564941406,186.0546875,299.0,206.1171875,255.6666717529297,159.3046875,244.0,189.3984375,-1.0,-1.0,284.0,212.8046875,287.3333435058594,257.9453125,287.3333435058594,301.4140625,260.6666564941406,214.4765625,262.3333435058594,259.6171875,262.3333435058594,303.0859375,-1.0,-1.0,-1.0,-1.0,280.6666564941406,137.5703125,262.3333435058594,139.2421875
-1.0,-1.0,270.1428527832031,158.51171875,287.0259704589844,156.83203125,295.467529296875,187.06640625,298.8441467285156,207.22265625,254.94805908203125,158.51171875,243.12986755371094,188.74609375,-1.0,-1.0,283.64935302734375,212.26171875,287.0259704589844,257.61328125,287.0259704589844,299.60546875,260.01300048828125,213.94140625,261.7012939453125,260.97265625,261.7012939453125,301.28515625,-1.0,-1.0,-1.0,-1.0,278.58441162109375,138.35546875,261.7012939453125,138.35546875
-1.0,-1.0,269.1428527832031,158.51171875,286.0259704589844,156.83203125,294.467529296875,187.06640625,299.532470703125,202.18359375,253.94805908203125,158.51171875,242.12986755371094,188.74609375,-1.0,-1.0,282.64935302734375,212.26171875,286.0259704589844,259.29296875,286.0259704589844,301.28515625,259.01300048828125,213.94140625,260.7012939453125,259.29296875,260.7012939453125,301.28515625,-1.0,-1.0,-1.0,-1.0,277.58441162109375,136.67578125,260.7012939453125,138.35546875
-1.0,-1.0,268.23077392578125,157.71875,285.1538391113281,157.71875,293.6153869628906,186.40625,297.0,208.34375,253.0,157.71875,241.15383911132812,188.09375,-1.0,-1.0,281.76922607421875,213.40625,283.4615478515625,258.96875,285.1538391113281,301.15625,258.0769348144531,215.09375,259.76922607421875,260.65625,259.76922607421875,302.84375,-1.0,-1.0,-1.0,-1.0,276.69232177734375,137.46875,259.76922607421875,137.46875
-1.0,-1.0,267.23077392578125,157.71875,284.1538391113281,156.03125,292.6153869628906,184.71875,297.69232177734375,204.96875,252.0,157.71875,240.15383911132812,188.09375,-1.0,-1.0,280.76922607421875,211.71875,282.4615478515625,258.96875,285.8461608886719,296.09375,257.0769348144531,213.40625,258.76922607421875,258.96875,258.76922607421875,302.84375,-1.0,-1.0,-1.0,-1.0,275.69232177734375,135.78125,258.76922607421875,137.46875
-1.0,-1.0,266.23077392578125,158.62109375,283.1538391113281,156.92578125,289.9230651855469,185.74609375,295.0,209.48046875,249.3076934814453,158.62109375,237.46153259277344,189.13671875,-1.0,-1.0,279.76922607421875,212.87109375,281.4615478515625,258.64453125,283.1538391113281,297.63671875,256.0769348144531,214.56640625,257.76922607421875,260.33984375,257.76922607421875,302.72265625,-1.0,-1.0,-1.0,-1.0,274.69232177734375,136.58203125,257.76922607421875,136.58203125
-1.0,-1.0,265.23077392578125,156.92578125,282.1538391113281,156.92578125,288.9230651855469,185.74609375,294.0,206.08984375,250.0,156.92578125,238.15383911132812,187.44140625,-1.0,-1.0,278.76922607421875,211.17578125,280.4615478515625,258.64453125,280.4615478515625,301.02734375,255.07691955566406,214.56640625,256.76922607421875,260.33984375,256.76922607421875,302.72265625,-1.0,-1.0,-1.0,-1.0,273.69232177734375,136.58203125,256.76922607421875,136.58203125
-1.0,-1.0,264.23077392578125,156.92578125,281.1538391113281,156.92578125,287.9230651855469,185.74609375,293.0,207.78515625,249.0,156.92578125,237.15383911132812,187.44140625,-1.0,-1.0,277.76922607421875,211.17578125,279.4615478515625,258.64453125,279.4615478515625,299.33203125,254.07691955566406,214.56640625,255.76922607421875,260.33984375,255.76922607421875,302.72265625,-1.0,-1.0,-1.0,-1.0,272.69232177734375,134.88671875,255.76922607421875,136.58203125
-1.0,-1.0,262.4683532714844,156.1328125,279.4303894042969,156.1328125,286.2151794433594,183.3828125,291.3038024902344,205.5234375,247.20252990722656,156.1328125,235.32911682128906,186.7890625,231.93670654296875,208.9296875,276.0379638671875,212.3359375,277.73419189453125,256.6171875,277.73419189453125,300.8984375,252.2911376953125,214.0390625,253.98733520507812,260.0234375,253.98733520507812,304.3046875,-1.0,-1.0,-1.0,-1.0,272.64556884765625,135.6953125,255.6835479736328,135.6953125
-1.0,-1.0,261.4683532714844,156.1328125,278.4303894042969,156.1328125,283.51898193359375,183.3828125,288.60760498046875,205.5234375,246.20252990722656,156.1328125,234.32911682128906,186.7890625,229.24050903320312,208.9296875,275.0379638671875,210.6328125,276.73419189453125,256.6171875,276.73419189453125,300.8984375,252.98733520507812,214.0390625,252.98733520507812,260.0234375,252.98733520507812,304.3046875,-1.0,-1.0,-1.0,-1.0,271.64556884765625,135.6953125,254.6835479736328,135.6953125
-1.0,-1.0,263.5128173828125,157.05078125,278.974365234375,157.05078125,285.8461608886719,184.42578125,291.0,206.66796875,246.3333282470703,157.05078125,234.3076934814453,186.13671875,229.15383911132812,203.24609375,275.5384521484375,211.80078125,278.974365234375,257.99609375,278.974365234375,302.48046875,251.4871826171875,215.22265625,253.2051239013672,259.70703125,253.2051239013672,304.19140625,-1.0,-1.0,-1.0,-1.0,272.1025695800781,134.80859375,253.2051239013672,136.51953125
-1.0,-1.0,262.5128173828125,157.05078125,277.974365234375,155.33984375,284.8461608886719,184.42578125,288.28204345703125,206.66796875,245.3333282470703,157.05078125,233.3076934814453,186.13671875,228.15383911132812,203.24609375,274.5384521484375,211.80078125,277.974365234375,257.99609375,277.974365234375,302.48046875,250.4871826171875,213.51171875,252.2051239013672,259.70703125,252.2051239013672,304.19140625,-1.0,-1.0,-1.0,-1.0,271.1025695800781,134.80859375,252.2051239013672,134.80859375
-1.0,-1.0,260.73419189453125,155.33984375,277.9493713378906,155.33984375,283.1139221191406,186.13671875,288.2784729003906,208.37890625,245.24050903320312,155.33984375,233.18988037109375,184.42578125,226.30380249023438,204.95703125,274.5063171386719,211.80078125,277.9493713378906,257.99609375,276.22784423828125,300.76953125,250.40505981445312,213.51171875,252.1265869140625,259.70703125,252.1265869140625,304.19140625,-1.0,-1.0,-1.0,-1.0,271.06329345703125,134.80859375,252.1265869140625,134.80859375
-1.0,-1.0,261.5128173828125,155.33984375,278.69232177734375,155.33984375,282.1282043457031,186.13671875,-1.0,-1.0,244.3333282470703,155.33984375,230.58973693847656,186.13671875,-1.0,-1.0,273.5384521484375,211.80078125,275.25640869140625,257.99609375,276.974365234375,300.76953125,249.4871826171875,213.51171875,249.4871826171875,261.41796875,251.2051239013672,304.19140625,-1.0,-1.0,-1.0,-1.0,270.1025695800781,133.09765625,251.2051239013672,134.80859375
-1.0,-1.0,259.73419189453125,155.33984375,276.9493713378906,155.33984375,280.39239501953125,186.13671875,285.55694580078125,210.08984375,242.51898193359375,155.33984375,230.46835327148438,187.84765625,-1.0,-1.0,271.7848205566406,211.80078125,275.22784423828125,257.99609375,275.22784423828125,300.76953125,247.6835479736328,213.51171875,249.40505981445312,261.41796875,251.1265869140625,304.19140625,-1.0,-1.0,-1.0,-1.0,268.3417663574219,133.09765625,251.1265869140625,134.80859375
-1.0,-1.0,258.79486083984375,156.265625,275.974365234375,154.546875,279.4102478027344,183.765625,-1.0,-1.0,241.61538696289062,154.546875,229.58973693847656,187.203125,-1.0,-1.0,270.82049560546875,211.265625,274.25640869140625,259.390625,272.5384521484375,300.640625,246.76922607421875,212.984375,246.76922607421875,262.828125,250.2051239013672,304.078125,-1.0,-1.0,-1.0,-1.0,267.3846130371094,133.921875,250.2051239013672,133.921875
-1.0,-1.0,258.73419189453125,154.546875,275.9493713378906,154.546875,279.39239501953125,182.046875,-1.0,-1.0,241.51898193359375,154.546875,227.74684143066406,187.203125,-1.0,-1.0,270.7848205566406,209.546875,272.5063171386719,257.671875,272.5063171386719,302.359375,246.6835479736328,212.984375,246.6835479736328,261.109375,248.40505981445312,304.078125,-1.0,-1.0,-1.0,-1.0,267.3417663574219,133.921875,248.40505981445312,133.921875
-1.0,-1.0,257.0126647949219,154.546875,274.22784423828125,154.546875,277.6708984375,180.328125,-1.0,-1.0,241.51898193359375,154.546875,227.74684143066406,187.203125,-1.0,-1.0,267.3417663574219,209.546875,272.5063171386719,255.953125,272.5063171386719,300.640625,244.96202087402344,212.984375,246.6835479736328,259.390625,246.6835479736328,304.078125,-1.0,-1.0,-1.0,-1.0,265.6202392578125,133.921875,248.40505981445312,133.921875
-1.0,-1.0,257.73419189453125,154.546875,273.22784423828125,154.546875,276.6708984375,178.609375,-1.0,-1.0,240.51898193359375,154.546875,226.74684143066406,185.484375,-1.0,-1.0,268.06329345703125,209.546875,271.5063171386719,255.953125,273.22784423828125,300.640625,243.96202087402344,212.984375,245.6835479736328,261.109375,247.40505981445312,305.796875,-1.0,-1.0,-1.0,-1.0,266.3417663574219,133.921875,247.40505981445312,133.921875
-1.0,-1.0,257.73419189453125,154.546875,274.9493713378906,154.546875,276.6708984375,176.890625,-1.0,-1.0,240.51898193359375,152.828125,226.74684143066406,185.484375,-1.0,-1.0,268.06329345703125,211.265625,271.5063171386719,255.953125,273.22784423828125,302.359375,243.96202087402344,212.984375,245.6835479736328,261.109375,247.40505981445312,305.796875,-1.0,-1.0,-1.0,-1.0,266.3417663574219,132.203125,247.40505981445312,133.921875
-1.0,-1.0,258.4556884765625,152.828125,273.9493713378906,152.828125,277.39239501953125,176.890625,-1.0,-1.0,241.24050903320312,152.828125,227.46835327148438,185.484375,-1.0,-1.0,267.06329345703125,209.546875,270.5063171386719,255.953125,272.22784423828125,302.359375,242.96202087402344,212.984375,246.40505981445312,261.109375,248.1265869140625,305.796875,-1.0,-1.0,-1.0,-1.0,265.3417663574219,132.203125,248.1265869140625,132.203125
-1.0,-1.0,258.4556884765625,152.828125,275.6708984375,154.546875,277.39239501953125,176.890625,-1.0,-1.0,239.51898193359375,152.828125,225.74684143066406,185.484375,-1.0,-1.0,268.7848205566406,209.546875,270.5063171386719,255.953125,272.22784423828125,300.640625,244.6835479736328,212.984375,246.40505981445312,259.390625,248.1265869140625,304.078125,-1.0,-1.0,-1.0,-1.0,267.06329345703125,132.203125,248.1265869140625,132.203125
-1.0,-1.0,258.4556884765625,152.828125,273.9493713378906,152.828125,277.39239501953125,178.609375,-1.0,-1.0,239.51898193359375,152.828125,225.74684143066406,185.484375,-1.0,-1.0,267.06329345703125,209.546875,270.5063171386719,255.953125,273.9493713378906,302.359375,244.6835479736328,212.984375,246.40505981445312,261.109375,248.1265869140625,304.078125,-1.0,-1.0,-1.0,-1.0,265.3417663574219,130.484375,248.1265869140625,130.484375
-1.0,-1.0,258.4556884765625,152.828125,275.6708984375,152.828125,277.39239501953125,175.171875,270.5063171386719,195.796875,241.24050903320312,152.828125,225.74684143066406,185.484375,-1.0,-1.0,268.7848205566406,211.265625,270.5063171386719,255.953125,273.9493713378906,302.359375,244.6835479736328,212.984375,246.40505981445312,261.109375,248.1265869140625,304.078125,-1.0,-1.0,-1.0,-1.0,265.3417663574219,130.484375,248.1265869140625,132.203125
-1.0,-1.0,258.4556884765625,152.828125,275.6708984375,152.828125,277.39239501953125,176.890625,272.22784423828125,202.671875,241.24050903320312,152.828125,227.46835327148438,183.765625,-1.0,-1.0,268.7848205566406,211.265625,268.7848205566406,259.390625,273.9493713378906,302.359375,242.96202087402344,212.984375,246.40505981445312,262.828125,248.1265869140625,304.078125,-1.0,-1.0,-1.0,-1.0,265.3417663574219,130.484375,248.1265869140625,132.203125
-1.0,-1.0,258.4556884765625,151.109375,273.9493713378906,151.109375,277.39239501953125,176.890625,272.22784423828125,204.390625,241.24050903320312,151.109375,227.46835327148438,183.765625,-1.0,-1.0,268.7848205566406,211.265625,268.7848205566406,259.390625,273.9493713378906,302.359375,244.6835479736328,212.984375,246.40505981445312,262.828125,249.8480987548828,304.078125,-1.0,-1.0,-1.0,-1.0,263.6202392578125,130.484375,248.1265869140625,132.203125
-1.0,-1.0,258.4556884765625,151.109375,272.22784423828125,151.109375,277.39239501953125,176.890625,275.6708984375,206.109375,241.24050903320312,151.109375,227.46835327148438,183.765625,-1.0,-1.0,268.7848205566406,209.546875,270.5063171386719,259.390625,273.9493713378906,304.078125,242.96202087402344,212.984375,246.40505981445312,262.828125,248.1265869140625,304.078125,-1.0,-1.0,-1.0,-1.0,261.89874267578125,130.484375,248.1265869140625,132.203125
-1.0,-1.0,256.73419189453125,149.390625,270.5063171386719,149.390625,275.6708984375,173.453125,-1.0,-1.0,241.24050903320312,149.390625,227.46835327148438,183.765625,-1.0,-1.0,265.3417663574219,206.109375,272.22784423828125,259.390625,273.9493713378906,302.359375,244.6835479736328,211.265625,246.40505981445312,264.546875,248.1265869140625,305.796875,-1.0,-1.0,-1.0,-1.0,260.1772155761719,130.484375,248.1265869140625,130.484375
-1.0,-1.0,255.01266479492188,151.109375,268.7848205566406,151.109375,275.6708984375,170.015625,-1.0,-1.0,241.24050903320312,149.390625,227.46835327148438,182.046875,-1.0,-1.0,263.6202392578125,209.546875,268.7848205566406,261.109375,275.6708984375,302.359375,242.96202087402344,212.984375,246.40505981445312,264.546875,248.1265869140625,305.796875,-1.0,-1.0,-1.0,-1.0,256.73419189453125,133.921875,246.40505981445312,132.203125
-1.0,-1.0,255.01266479492188,149.390625,265.3417663574219,151.109375,-1.0,-1.0,-1.0,-1.0,241.24050903320312,149.390625,227.46835327148438,182.046875,-1.0,-1.0,265.3417663574219,209.546875,272.22784423828125,261.109375,275.6708984375,300.640625,242.96202087402344,212.984375,246.40505981445312,264.546875,248.1265869140625,305.796875,-1.0,-1.0,-1.0,-1.0,256.73419189453125,132.203125,246.40505981445312,132.203125
-1.0,-1.0,251.5696258544922,149.390625,261.89874267578125,149.390625,-1.0,-1.0,-1.0,-1.0,239.51898193359375,151.109375,227.46835327148438,182.046875,-1.0,-1.0,265.3417663574219,209.546875,272.22784423828125,261.109375,275.6708984375,300.640625,242.96202087402344,212.984375,246.40505981445312,264.546875,248.1265869140625,305.796875,-1.0,-1.0,-1.0,-1.0,-1.0,-1.0,242.96202087402344,135.640625
-1.0,-1.0,253.2911376953125,151.109375,263.6202392578125,151.109375,-1.0,-1.0,-1.0,-1.0,241.24050903320312,151.109375,227.46835327148438,183.765625,-1.0,-1.0,263.6202392578125,211.265625,268.7848205566406,261.109375,273.9493713378906,302.359375,242.96202087402344,214.703125,246.40505981445312,264.546875,248.1265869140625,305.796875,-1.0,-1.0,-1.0,-1.0,255.01266479492188,133.921875,244.6835479736328,133.921875
