611.8919067382812,296.40234375,618.3783569335938,307.26171875,612.9729614257812,307.26171875,611.8919067382812,327.89453125,611.8919067382812,345.26953125,623.7838134765625,307.26171875,630.270263671875,327.89453125,621.6216430664062,344.18359375,614.0540771484375,346.35546875,606.4865112304688,374.58984375,-1.0,-1.0,622.7026977539062,346.35546875,-1.0,-1.0,-1.0,-1.0,610.810791015625,293.14453125,612.9729614257812,293.14453125,-1.0,-1.0,619.45947265625,294.23046875
607.810791015625,295.2421875,615.3783569335938,308.1796875,609.9729614257812,309.2578125,607.810791015625,329.7421875,-1.0,-1.0,619.7026977539062,308.1796875,625.1080932617188,329.7421875,616.45947265625,342.6796875,615.3783569335938,348.0703125,-1.0,-1.0,-1.0,-1.0,621.8648681640625,346.9921875,601.3243408203125,379.3359375,595.9189453125,400.8984375,604.5675659179688,293.0859375,608.8919067382812,292.0078125,-1.0,-1.0,614.2973022460938,293.0859375
594.0810546875,298.66015625,590.8378295898438,306.26171875,584.3513793945312,305.17578125,581.1080932617188,314.94921875,590.8378295898438,312.77734375,598.4053955078125,308.43359375,597.3243408203125,317.12109375,590.8378295898438,314.94921875,583.270263671875,326.89453125,-1.0,-1.0,-1.0,-1.0,593.0,327.98046875,-1.0,-1.0,-1.0,-1.0,593.0,297.57421875,596.2432250976562,297.57421875,589.7567749023438,297.57421875,-1.0,-1.0
595.4053955078125,298.66015625,610.54052734375,308.43359375,617.0270385742188,306.26171875,619.189208984375,329.06640625,-1.0,-1.0,602.9729614257812,310.60546875,600.810791015625,332.32421875,-1.0,-1.0,614.8648681640625,347.52734375,591.0810546875,375.76171875,593.2432250976562,406.16796875,608.3783569335938,349.69921875,593.2432250976562,375.76171875,593.2432250976562,400.73828125,593.2432250976562,296.48828125,599.729736328125,294.31640625,592.1621704101562,296.48828125,601.8919067382812,295.40234375
596.729736328125,294.2421875,603.2161865234375,307.1796875,597.810791015625,307.1796875,-1.0,-1.0,-1.0,-1.0,607.54052734375,307.1796875,610.7838134765625,329.8203125,595.6486206054688,342.7578125,597.810791015625,348.1484375,-1.0,-1.0,-1.0,-1.0,606.45947265625,349.2265625,-1.0,-1.0,-1.0,-1.0,595.6486206054688,291.0078125,599.9729614257812,291.0078125,-1.0,-1.0,604.2973022460938,294.2421875
590.5675659179688,293.31640625,595.9729614257812,305.26171875,587.3243408203125,306.34765625,580.8378295898438,317.20703125,589.4865112304688,311.77734375,603.54052734375,305.26171875,607.8648681640625,328.06640625,591.6486206054688,338.92578125,591.6486206054688,346.52734375,589.4865112304688,376.93359375,591.6486206054688,405.16796875,602.45947265625,346.52734375,591.6486206054688,378.01953125,593.810791015625,401.91015625,590.5675659179688,292.23046875,592.729736328125,291.14453125,-1.0,-1.0,598.1351318359375,293.31640625
587.5675659179688,292.23046875,592.9729614257812,305.26171875,585.4053955078125,305.26171875,580.0,319.37890625,586.4865112304688,310.69140625,600.54052734375,304.17578125,604.8648681640625,326.98046875,588.6486206054688,337.83984375,587.5675659179688,343.26953125,588.6486206054688,374.76171875,591.8919067382812,404.08203125,598.3783569335938,344.35546875,590.810791015625,376.93359375,592.9729614257812,402.99609375,587.5675659179688,290.05859375,589.729736328125,290.05859375,-1.0,-1.0,595.1351318359375,292.23046875
580.2432250976562,292.1640625,591.0540771484375,304.0234375,584.5675659179688,305.1015625,584.5675659179688,325.5859375,577.0,338.5234375,596.45947265625,304.0234375,600.7838134765625,326.6640625,582.4053955078125,337.4453125,585.6486206054688,344.9921875,588.8919067382812,376.2578125,593.2161865234375,402.1328125,593.2161865234375,344.9921875,591.0540771484375,375.1796875,594.2973022460938,404.2890625,-1.0,-1.0,583.4865112304688,288.9296875,-1.0,-1.0,587.810791015625,288.9296875
577.3243408203125,293.40234375,587.0540771484375,304.26171875,580.5675659179688,305.34765625,579.4865112304688,323.80859375,574.0810546875,334.66796875,592.45947265625,304.26171875,596.7838134765625,327.06640625,582.729736328125,333.58203125,581.6486206054688,343.35546875,582.729736328125,370.50390625,596.7838134765625,396.56640625,590.2973022460938,343.35546875,588.1351318359375,370.50390625,593.54052734375,399.82421875,576.2432250976562,291.23046875,579.4865112304688,290.14453125,-1.0,-1.0,585.9729614257812,290.14453125
574.3243408203125,292.31640625,582.9729614257812,304.26171875,576.4865112304688,305.34765625,576.4865112304688,323.80859375,570.0,332.49609375,589.45947265625,304.26171875,589.45947265625,325.98046875,574.3243408203125,331.41015625,579.729736328125,342.26953125,577.5675659179688,369.41796875,593.7838134765625,399.82421875,587.2973022460938,342.26953125,584.0540771484375,370.50390625,591.6216430664062,401.99609375,574.3243408203125,290.14453125,577.5675659179688,289.05859375,-1.0,-1.0,584.0540771484375,290.14453125
571.3243408203125,292.2421875,579.9729614257812,305.1796875,573.4865112304688,305.1796875,572.4053955078125,322.4296875,565.9189453125,331.0546875,586.45947265625,304.1015625,586.45947265625,325.6640625,572.4053955078125,331.0546875,574.5675659179688,341.8359375,583.2161865234375,374.1796875,592.9459228515625,401.1328125,582.1351318359375,342.9140625,578.8919067382812,374.1796875,581.0540771484375,401.1328125,571.3243408203125,290.0859375,573.4865112304688,290.0859375,-1.0,-1.0,579.9729614257812,291.1640625
568.4053955078125,293.48828125,575.9729614257812,305.43359375,568.4053955078125,305.43359375,570.5675659179688,322.80859375,-1.0,-1.0,583.54052734375,305.43359375,581.3783569335938,327.15234375,566.2432250976562,330.41015625,573.810791015625,345.61328125,571.6486206054688,380.36328125,568.4053955078125,403.16796875,580.2973022460938,345.61328125,583.54052734375,381.44921875,590.0270385742188,396.65234375,568.4053955078125,290.23046875,570.5675659179688,290.23046875,-1.0,-1.0,575.9729614257812,291.31640625
563.2432250976562,292.40234375,570.810791015625,305.43359375,564.3243408203125,305.43359375,565.4053955078125,322.80859375,557.8378295898438,331.49609375,577.2973022460938,306.51953125,577.2973022460938,327.15234375,560.0,330.41015625,566.4865112304688,346.69921875,564.3243408203125,378.19140625,557.8378295898438,405.33984375,575.1351318359375,345.61328125,581.6216430664062,379.27734375,590.270263671875,400.99609375,562.1621704101562,290.23046875,564.3243408203125,290.23046875,-1.0,-1.0,570.810791015625,291.31640625
559.1621704101562,293.3984375,567.810791015625,306.3359375,561.3243408203125,305.2578125,560.2432250976562,323.5859375,554.8378295898438,331.1328125,574.2973022460938,306.3359375,573.2161865234375,327.8984375,555.9189453125,331.1328125,563.4865112304688,341.9140625,559.1621704101562,379.6484375,550.5134887695312,402.2890625,572.1351318359375,345.1484375,579.7026977539062,376.4140625,589.4324340820312,399.0546875,558.0810546875,291.2421875,560.2432250976562,291.2421875,-1.0,-1.0,566.729736328125,291.2421875
556.4196166992188,292.48828125,562.9553833007812,306.60546875,556.4196166992188,305.51953125,555.3303833007812,323.98046875,548.7946166992188,331.58203125,569.4910888671875,306.60546875,568.4017944335938,327.23828125,553.1517944335938,331.58203125,559.6875,341.35546875,555.3303833007812,377.19140625,544.4375,404.33984375,567.3125,341.35546875,557.5089111328125,376.10546875,544.4375,403.25390625,556.4196166992188,290.31640625,559.6875,290.31640625,-1.0,-1.0,565.1339111328125,292.48828125
550.0,291.40234375,558.6486206054688,306.60546875,552.1621704101562,305.51953125,552.1621704101562,322.89453125,-1.0,-1.0,565.1351318359375,306.60546875,562.9729614257812,328.32421875,547.8378295898438,330.49609375,555.4053955078125,340.26953125,550.0,379.36328125,-1.0,-1.0,562.9729614257812,341.35546875,552.1621704101562,378.27734375,541.3513793945312,404.33984375,-1.0,-1.0,552.1621704101562,290.31640625,-1.0,-1.0,558.6486206054688,292.48828125
550.2432250976562,293.4765625,555.6486206054688,306.4140625,549.1621704101562,306.4140625,550.2432250976562,322.5859375,-1.0,-1.0,561.0540771484375,307.4921875,558.8919067382812,329.0546875,543.7567749023438,329.0546875,550.2432250976562,340.9140625,-1.0,-1.0,-1.0,-1.0,558.8919067382812,345.2265625,548.0810546875,377.5703125,-1.0,-1.0,549.1621704101562,291.3203125,552.4053955078125,291.3203125,-1.0,-1.0,556.729736328125,293.4765625
545.3303833007812,293.66015625,551.8660888671875,306.69140625,545.3303833007812,306.69140625,-1.0,-1.0,-1.0,-1.0,557.3125,306.69140625,554.0446166992188,329.49609375,540.9732055664062,328.41015625,546.4196166992188,345.78515625,542.0625,380.53515625,538.7946166992188,404.42578125,554.0446166992188,346.87109375,560.5803833007812,376.19140625,576.9196166992188,393.56640625,544.2410888671875,291.48828125,547.5089111328125,291.48828125,-1.0,-1.0,554.0446166992188,292.57421875
542.1621704101562,293.66015625,547.5675659179688,305.60546875,542.1621704101562,305.60546875,538.9189453125,319.72265625,-1.0,-1.0,552.9729614257812,306.69140625,550.810791015625,327.32421875,537.8378295898438,329.49609375,542.1621704101562,339.26953125,540.0,390.30859375,538.9189453125,403.33984375,549.729736328125,339.26953125,-1.0,-1.0,-1.0,-1.0,542.1621704101562,290.40234375,544.3243408203125,291.48828125,-1.0,-1.0,549.729736328125,292.57421875
537.0,293.5546875,544.5675659179688,305.4140625,541.3243408203125,305.4140625,534.8378295898438,317.2734375,529.4324340820312,311.8828125,548.8919067382812,306.4921875,545.6486206054688,326.9765625,532.6756591796875,329.1328125,539.1621704101562,342.0703125,539.1621704101562,374.4140625,538.0810546875,402.4453125,545.6486206054688,343.1484375,540.2432250976562,374.4140625,540.2432250976562,405.6796875,537.0,290.3203125,539.1621704101562,291.3984375,-1.0,-1.0,545.6486206054688,292.4765625
532.0625,292.57421875,540.7767944335938,304.51953125,535.3303833007812,304.51953125,-1.0,-1.0,-1.0,-1.0,545.1339111328125,305.60546875,540.7767944335938,327.32421875,527.7053833007812,327.32421875,534.2410888671875,344.69921875,538.5982055664062,377.27734375,538.5982055664062,403.33984375,542.9553833007812,344.69921875,541.8660888671875,378.36328125,539.6875,406.59765625,532.0625,290.40234375,534.2410888671875,290.40234375,-1.0,-1.0,541.8660888671875,291.48828125
530.1517944335938,291.48828125,536.6875,303.43359375,531.2410888671875,304.51953125,-1.0,-1.0,-1.0,-1.0,541.0446166992188,304.51953125,536.6875,326.23828125,523.6160888671875,326.23828125,531.2410888671875,342.52734375,536.6875,375.10546875,538.8660888671875,400.08203125,538.8660888671875,343.61328125,541.0446166992188,375.10546875,551.9375,392.48046875,530.1517944335938,289.31640625,532.3303833007812,289.31640625,-1.0,-1.0,538.8660888671875,290.40234375
525.9189453125,290.40234375,533.4865112304688,302.34765625,529.1621704101562,302.34765625,-1.0,-1.0,-1.0,-1.0,536.729736328125,303.43359375,532.4053955078125,324.06640625,521.5946044921875,328.41015625,531.3243408203125,341.44140625,532.4053955078125,372.93359375,539.9729614257812,392.48046875,535.6486206054688,341.44140625,535.6486206054688,372.93359375,538.8919067382812,400.08203125,525.9189453125,288.23046875,528.0810546875,288.23046875,-1.0,-1.0,534.5675659179688,289.31640625
-1.0,-1.0,531.8660888671875,303.609375,537.3125,303.609375,-1.0,-1.0,-1.0,-1.0,527.5089111328125,305.796875,526.4196166992188,326.578125,515.5267944335938,334.234375,535.1339111328125,339.703125,526.4196166992188,373.609375,531.8660888671875,400.953125,528.5982055664062,339.703125,534.0446166992188,374.703125,538.4017944335938,403.140625,-1.0,-1.0,-1.0,-1.0,531.8660888671875,289.390625,523.1517944335938,291.578125
519.0625,294.859375,528.8660888671875,303.609375,532.1339111328125,303.609375,-1.0,-1.0,-1.0,-1.0,527.7767944335938,304.703125,522.3303833007812,326.578125,510.34820556640625,330.953125,531.0446166992188,340.796875,515.7946166992188,373.609375,519.0625,399.859375,526.6875,341.890625,533.2232055664062,374.703125,538.6696166992188,400.953125,-1.0,-1.0,520.1517944335938,291.578125,-1.0,-1.0,525.5982055664062,290.484375
512.3157958984375,291.40234375,525.368408203125,304.43359375,528.631591796875,303.34765625,-1.0,-1.0,-1.0,-1.0,523.1929931640625,304.43359375,518.8421020507812,327.23828125,510.1403503417969,337.01171875,527.5438842773438,340.26953125,530.8070068359375,375.01953125,537.3333129882812,402.16796875,521.0175170898438,341.35546875,510.1403503417969,375.01953125,511.2280578613281,403.25390625,-1.0,-1.0,514.4912109375,289.23046875,-1.0,-1.0,519.9298095703125,290.31640625
510.5575256347656,294.765625,522.6282958984375,304.609375,525.9203491210938,304.609375,-1.0,-1.0,-1.0,-1.0,519.3363037109375,305.703125,514.9468994140625,324.296875,512.752197265625,338.515625,524.822998046875,342.890625,505.07080078125,378.984375,499.5840759277344,404.140625,516.0442504882812,340.703125,530.3097534179688,376.796875,537.9911499023438,403.046875,510.5575256347656,288.203125,512.752197265625,291.484375,-1.0,-1.0,520.4336547851562,291.484375
507.0782470703125,292.578125,515.843505859375,304.609375,513.6521606445312,304.609375,-1.0,-1.0,-1.0,-1.0,515.843505859375,305.703125,511.46087646484375,324.296875,500.50433349609375,335.234375,507.0782470703125,346.171875,-1.0,-1.0,-1.0,-1.0,518.0347900390625,346.171875,527.8956298828125,375.703125,536.660888671875,403.046875,507.0782470703125,290.390625,510.365234375,290.390625,-1.0,-1.0,518.0347900390625,292.578125
501.3628234863281,293.671875,509.04425048828125,305.703125,502.4601745605469,304.609375,-1.0,-1.0,-1.0,-1.0,513.4336547851562,305.703125,507.9468994140625,324.296875,494.77874755859375,334.140625,503.5575256347656,346.171875,501.3628234863281,375.703125,-1.0,-1.0,514.5309448242188,345.078125,523.3097534179688,374.609375,536.4779052734375,398.671875,501.3628234863281,290.390625,503.5575256347656,291.484375,-1.0,-1.0,511.23895263671875,292.578125
497.47369384765625,293.76953125,507.4210510253906,306.98828125,512.9473876953125,306.98828125,-1.0,-1.0,-1.0,-1.0,503.0,306.98828125,504.1052551269531,326.81640625,491.9473571777344,333.42578125,511.84210205078125,344.44140625,518.4736938476562,375.28515625,533.9473876953125,399.51953125,504.1052551269531,344.44140625,519.5789184570312,374.18359375,535.0526123046875,397.31640625,-1.0,-1.0,499.6842041015625,291.56640625,-1.0,-1.0,505.21051025390625,292.66796875
493.368408203125,295.97265625,503.3157958984375,306.98828125,507.7368469238281,305.88671875,-1.0,-1.0,-1.0,-1.0,503.3157958984375,306.98828125,-1.0,-1.0,-1.0,-1.0,495.5789489746094,345.54296875,490.0526428222656,373.08203125,-1.0,-1.0,505.52630615234375,345.54296875,515.4736938476562,374.18359375,529.8421020507812,389.60546875,-1.0,-1.0,494.47369384765625,291.56640625,-1.0,-1.0,501.1052551269531,293.76953125
-1.0,-1.0,501.4210510253906,306.98828125,508.0526428222656,305.88671875,-1.0,-1.0,-1.0,-1.0,493.6842041015625,308.08984375,498.1052551269531,326.81640625,488.15789794921875,333.42578125,505.84210205078125,342.23828125,506.9473571777344,374.18359375,524.631591796875,396.21484375,495.8947448730469,342.23828125,485.9473571777344,377.48828125,-1.0,-1.0,-1.0,-1.0,-1.0,-1.0,-1.0,-1.0,497.0,297.07421875
-1.0,-1.0,498.54998779296875,308.08984375,506.25,308.08984375,-1.0,-1.0,-1.0,-1.0,490.8500061035156,308.08984375,-1.0,-1.0,-1.0,-1.0,-1.0,-1.0,-1.0,-1.0,-1.0,-1.0,-1.0,-1.0,-1.0,-1.0,-1.0,-1.0,-1.0,-1.0,-1.0,-1.0,-1.0,-1.0,-1.0,-1.0
-1.0,-1.0,492.5882263183594,335.62890625,-1.0,-1.0,-1.0,-1.0,-1.0,-1.0,-1.0,-1.0,-1.0,-1.0,-1.0,-1.0,-1.0,-1.0,-1.0,-1.0,-1.0,-1.0,489.2705993652344,358.76171875,483.7411804199219,380.79296875,481.5294189453125,401.72265625,-1.0,-1.0,-1.0,-1.0,-1.0,-1.0,-1.0,-1.0
