321.467529296875,162.30078125,325.6233825683594,172.69140625,317.3116760253906,173.73046875,314.1947937011719,191.39453125,318.35064697265625,194.51171875,333.93505859375,170.61328125,339.1298828125,188.27734375,320.4285583496094,193.47265625,320.4285583496094,204.90234375,322.5065002441406,231.91796875,326.662353515625,255.81640625,333.93505859375,203.86328125,338.0909118652344,229.83984375,337.05194091796875,252.69921875,320.4285583496094,160.22265625,323.5454406738281,159.18359375,317.3116760253906,160.22265625,326.662353515625,160.22265625
325.71795654296875,161.4140625,328.8717956542969,171.8828125,320.4615478515625,172.9296875,315.20513916015625,190.7265625,324.6666564941406,190.7265625,337.28204345703125,171.8828125,342.5384521484375,189.6796875,336.23077392578125,191.7734375,324.6666564941406,205.3828125,325.71795654296875,234.6953125,329.9230651855469,257.7265625,337.28204345703125,205.3828125,341.4871826171875,233.6484375,341.4871826171875,255.6328125,324.6666564941406,159.3203125,327.8205261230469,159.3203125,322.5640869140625,159.3203125,330.974365234375,159.3203125
329.2749938964844,160.3671875,332.42498779296875,171.8828125,324.0249938964844,172.9296875,319.82501220703125,190.7265625,325.07501220703125,193.8671875,340.82501220703125,170.8359375,347.125,186.5390625,325.07501220703125,193.8671875,328.2250061035156,204.3359375,329.2749938964844,232.6015625,333.4750061035156,255.6328125,340.82501220703125,204.3359375,343.9750061035156,231.5546875,345.0249938964844,255.6328125,327.17498779296875,159.3203125,331.375,158.2734375,326.125,160.3671875,335.57501220703125,159.3203125
331.2250061035156,160.51171875,334.375,172.11328125,324.92498779296875,172.11328125,321.7749938964844,190.04296875,327.0249938964844,191.09765625,342.7749938964844,171.05859375,349.07501220703125,187.93359375,340.67498779296875,191.09765625,330.17498779296875,204.80859375,331.2250061035156,234.33984375,335.42498779296875,256.48828125,342.7749938964844,203.75390625,346.9750061035156,232.23046875,348.0249938964844,256.48828125,330.17498779296875,158.40234375,333.32501220703125,157.34765625,328.07501220703125,159.45703125,336.4750061035156,158.40234375
334.7804870605469,159.45703125,336.8780517578125,172.11328125,328.48779296875,172.11328125,325.3414611816406,190.04296875,328.48779296875,194.26171875,346.31707763671875,171.05859375,351.56097412109375,186.87890625,343.17071533203125,192.15234375,332.68292236328125,204.80859375,332.68292236328125,234.33984375,337.92681884765625,257.54296875,345.2682800292969,203.75390625,349.4634094238281,233.28515625,350.51220703125,259.65234375,332.68292236328125,158.40234375,336.8780517578125,157.34765625,330.5853576660156,158.40234375,340.0243835449219,158.40234375
337.4939880371094,159.65625,339.6144714355469,171.34375,330.0722961425781,172.40625,326.8915710449219,189.40625,333.2530212402344,193.65625,349.1566162109375,171.34375,354.45782470703125,187.28125,347.0361328125,191.53125,335.3735046386719,204.28125,335.3735046386719,235.09375,340.6747131347656,257.40625,348.09637451171875,204.28125,352.33734130859375,234.03125,353.3975830078125,260.59375,336.4337463378906,157.53125,339.6144714355469,156.46875,333.2530212402344,158.59375,343.85540771484375,158.59375
339.1707458496094,158.73046875,342.3902587890625,171.57421875,331.6585388183594,171.57421875,328.43902587890625,190.83984375,335.95123291015625,191.91015625,352.04876708984375,170.50390625,356.3414611816406,187.62890625,347.756103515625,190.83984375,337.0243835449219,204.75390625,338.0975646972656,235.79296875,342.3902587890625,257.19921875,349.9024353027344,204.75390625,354.19512939453125,235.79296875,356.3414611816406,262.55078125,338.0975646972656,156.58984375,341.31707763671875,156.58984375,334.8780517578125,157.66015625,345.6097412109375,157.66015625
343.243896484375,158.73046875,344.31707763671875,171.57421875,334.6585388183594,172.64453125,331.43902587890625,189.76953125,336.80487060546875,194.05078125,353.9756164550781,171.57421875,358.268310546875,188.69921875,351.82928466796875,190.83984375,338.95123291015625,205.82421875,340.0243835449219,235.79296875,345.3902587890625,257.19921875,351.82928466796875,204.75390625,355.04876708984375,233.65234375,359.3414611816406,260.41015625,341.0975646972656,157.66015625,345.3902587890625,156.58984375,337.8780517578125,158.73046875,348.6097412109375,158.73046875
344.8915710449219,158.8671875,347.06024169921875,171.8046875,336.21685791015625,171.8046875,332.9638671875,189.0546875,338.3855285644531,195.5234375,356.81927490234375,171.8046875,360.0722961425781,186.8984375,353.5662536621094,190.1328125,340.5542297363281,204.1484375,341.6385498046875,232.1796875,345.97589111328125,256.9765625,353.5662536621094,204.1484375,355.73492431640625,232.1796875,360.0722961425781,258.0546875,342.722900390625,156.7109375,347.06024169921875,155.6328125,339.4698791503906,157.7890625,350.3132629394531,157.7890625
346.97589111328125,158.8671875,348.06024169921875,171.8046875,337.21685791015625,171.8046875,333.9638671875,187.9765625,338.30120849609375,195.5234375,357.81927490234375,171.8046875,361.0722961425781,186.8984375,354.5662536621094,191.2109375,340.4698791503906,203.0703125,342.6385498046875,232.1796875,346.97589111328125,258.0546875,353.48193359375,203.0703125,356.73492431640625,231.1015625,359.9879455566406,256.9765625,344.8072204589844,155.6328125,348.06024169921875,155.6328125,341.5542297363281,157.7890625,352.3975830078125,157.7890625
346.8915710449219,158.8671875,349.06024169921875,171.8046875,339.30120849609375,171.8046875,334.9638671875,187.9765625,340.3855285644531,196.6015625,358.81927490234375,171.8046875,362.0722961425781,186.8984375,357.73492431640625,192.2890625,341.4698791503906,203.0703125,343.6385498046875,232.1796875,347.97589111328125,256.9765625,355.5662536621094,203.0703125,357.73492431640625,230.0234375,358.81927490234375,256.9765625,345.8072204589844,156.7109375,349.06024169921875,156.7109375,342.5542297363281,157.7890625,353.3975830078125,157.7890625
348.48236083984375,158.9453125,350.6470642089844,171.8828125,340.9058837890625,171.8828125,335.4941101074219,189.1328125,343.0705871582031,194.5234375,360.38824462890625,170.8046875,364.7176513671875,188.0546875,358.2235412597656,193.4453125,343.0705871582031,203.1484375,345.23529052734375,232.2578125,349.564697265625,257.0546875,356.058837890625,203.1484375,358.2235412597656,232.2578125,359.3058776855469,260.2890625,347.3999938964844,157.8671875,350.6470642089844,156.7890625,344.1529541015625,157.8671875,354.9764709472656,158.9453125
352.2289123535156,160.0234375,352.2289123535156,170.8046875,342.4698791503906,170.8046875,337.0481872558594,189.1328125,347.8915710449219,192.3671875,361.9879455566406,170.8046875,365.240966796875,186.9765625,360.90362548828125,192.3671875,345.722900390625,203.1484375,346.8072204589844,231.1796875,350.06024169921875,259.2109375,358.73492431640625,202.0703125,359.81927490234375,232.2578125,359.81927490234375,262.4453125,350.06024169921875,157.8671875,354.3975830078125,157.8671875,347.8915710449219,158.9453125,357.6506042480469,158.9453125
353.2289123535156,157.8671875,353.2289123535156,170.8046875,342.3855285644531,170.8046875,338.0481872558594,189.1328125,348.8915710449219,192.3671875,364.0722961425781,170.8046875,367.3253173828125,186.9765625,360.81927490234375,192.3671875,346.722900390625,203.1484375,348.8915710449219,231.1796875,351.06024169921875,259.2109375,359.73492431640625,202.0703125,359.73492431640625,232.2578125,361.90362548828125,263.5234375,352.14459228515625,155.7109375,355.3975830078125,156.7890625,347.8072204589844,157.8671875,359.73492431640625,157.8671875
355.3132629394531,160.0234375,355.3132629394531,170.8046875,344.4698791503906,170.8046875,340.1325378417969,189.1328125,349.8915710449219,192.3671875,365.0722961425781,170.8046875,369.4096374511719,185.8984375,362.90362548828125,192.3671875,347.722900390625,203.1484375,348.8072204589844,229.0234375,350.97589111328125,257.0546875,360.73492431640625,202.0703125,360.73492431640625,230.1015625,361.81927490234375,264.6015625,353.14459228515625,157.8671875,357.48193359375,157.8671875,349.8915710449219,157.8671875,360.73492431640625,157.8671875
356.3132629394531,157.00390625,356.3132629394531,170.03515625,346.5542297363281,170.03515625,341.1325378417969,188.49609375,351.97589111328125,191.75390625,366.0722961425781,170.03515625,370.4096374511719,187.41015625,362.81927490234375,193.92578125,348.722900390625,202.61328125,348.722900390625,229.76171875,349.8072204589844,259.08203125,361.73492431640625,202.61328125,360.6506042480469,231.93359375,361.73492431640625,265.59765625,354.14459228515625,155.91796875,358.48193359375,154.83203125,350.8915710449219,157.00390625,361.73492431640625,155.91796875
357.3132629394531,155.7890625,357.3132629394531,169.8046875,346.4698791503906,169.8046875,341.0481872558594,188.1328125,351.8915710449219,191.3671875,368.1566162109375,169.8046875,371.4096374511719,187.0546875,364.90362548828125,192.4453125,349.722900390625,203.2265625,349.722900390625,231.2578125,350.8072204589844,259.2890625,362.73492431640625,203.2265625,361.6506042480469,233.4140625,362.73492431640625,265.7578125,355.14459228515625,153.6328125,359.48193359375,153.6328125,351.8915710449219,155.7890625,363.81927490234375,155.7890625
357.811767578125,155.7890625,358.89410400390625,168.7265625,348.0705871582031,169.8046875,342.6588134765625,187.0546875,353.48236083984375,192.4453125,368.6352844238281,168.7265625,372.9647216796875,185.9765625,366.4705810546875,192.4453125,350.23529052734375,203.2265625,350.23529052734375,230.1796875,351.3176574707031,258.2109375,364.3058776855469,203.2265625,362.14117431640625,232.3359375,363.2235412597656,268.9921875,356.7294006347656,153.6328125,359.9764709472656,153.6328125,353.48236083984375,154.7109375,364.3058776855469,154.7109375
359.3975830078125,153.6328125,359.3975830078125,167.6484375,348.5542297363281,167.6484375,344.21685791015625,184.8984375,346.3855285644531,194.6015625,370.240966796875,167.6484375,374.57830810546875,184.8984375,368.0722961425781,191.3671875,350.722900390625,202.1484375,350.722900390625,229.1015625,352.8915710449219,256.0546875,365.90362548828125,202.1484375,364.81927490234375,233.4140625,364.81927490234375,265.7578125,357.2289123535156,151.4765625,361.5662536621094,151.4765625,355.06024169921875,153.6328125,365.90362548828125,153.6328125
360.3975830078125,153.83203125,359.3132629394531,167.94921875,348.4698791503906,167.94921875,343.0481872558594,185.32421875,346.30120849609375,195.09765625,370.1566162109375,169.03515625,375.57830810546875,185.32421875,367.9879455566406,190.75390625,350.6385498046875,200.52734375,351.722900390625,229.84765625,352.8072204589844,254.82421875,365.81927490234375,201.61328125,365.81927490234375,233.10546875,364.73492431640625,266.76953125,358.2289123535156,151.66015625,362.5662536621094,151.66015625,354.97589111328125,152.74609375,365.81927490234375,153.83203125
361.3975830078125,152.74609375,360.3132629394531,167.94921875,348.3855285644531,167.94921875,344.0481872558594,185.32421875,350.5542297363281,192.92578125,371.1566162109375,167.94921875,376.57830810546875,184.23828125,367.90362548828125,189.66796875,351.6385498046875,200.52734375,352.722900390625,228.76171875,353.8072204589844,255.91015625,367.90362548828125,201.61328125,366.81927490234375,232.01953125,364.6506042480469,265.68359375,359.2289123535156,150.57421875,362.48193359375,150.57421875,355.97589111328125,151.66015625,366.81927490234375,152.74609375
361.22222900390625,150.9765625,361.22222900390625,166.5078125,350.1111145019531,166.5078125,344.5555419921875,184.2578125,347.8888854980469,193.1328125,372.3333435058594,166.5078125,376.77777099609375,183.1484375,369.0,189.8046875,352.3333435058594,200.8984375,353.4444580078125,228.6328125,354.5555419921875,258.5859375,369.0,200.8984375,369.0,231.9609375,366.77777099609375,265.2421875,359.0,148.7578125,363.4444580078125,148.7578125,355.6666564941406,150.9765625,366.77777099609375,150.9765625
361.93670654296875,151.42578125,361.93670654296875,167.28515625,350.5443115234375,167.28515625,344.8481140136719,184.27734375,349.4050598144531,192.20703125,373.3291015625,166.15234375,377.8860778808594,183.14453125,372.18988037109375,188.80859375,353.9620361328125,200.13671875,355.10125732421875,228.45703125,356.2405090332031,259.04296875,369.911376953125,199.00390625,369.911376953125,229.58984375,366.4936828613281,264.70703125,359.6582336425781,149.16015625,364.2151794433594,149.16015625,357.3797607421875,151.42578125,367.6329040527344,151.42578125
362.58026123046875,152.8203125,362.58026123046875,166.5078125,351.22222900390625,166.5078125,345.543212890625,183.6171875,348.95062255859375,191.6015625,373.9382629394531,166.5078125,379.6172790527344,183.6171875,373.9382629394531,188.1796875,355.76544189453125,200.7265625,355.76544189453125,229.2421875,356.9012451171875,261.1796875,370.5308532714844,199.5859375,370.5308532714844,231.5234375,367.1234436035156,264.6015625,360.30865478515625,150.5390625,364.85186767578125,150.5390625,358.03704833984375,151.6796875,368.2592468261719,152.8203125
362.7804870605469,151.80078125,362.7804870605469,166.73046875,351.31707763671875,166.73046875,345.5853576660156,183.95703125,350.1707458496094,190.84765625,375.3902587890625,166.73046875,379.9756164550781,183.95703125,373.0975646972656,189.69921875,355.9024353027344,201.18359375,355.9024353027344,229.89453125,357.04876708984375,262.05078125,370.80487060546875,200.03515625,370.80487060546875,231.04296875,368.51220703125,264.34765625,361.6341552734375,149.50390625,366.2195129394531,149.50390625,358.19512939453125,150.65234375,369.6585388183594,151.80078125
363.243896484375,151.04296875,363.243896484375,166.17578125,351.5365905761719,167.33984375,346.8536682128906,184.80078125,346.8536682128906,195.27734375,376.1219482421875,166.17578125,381.9756164550781,183.63671875,374.95123291015625,189.45703125,356.2195129394531,202.26171875,357.3902587890625,232.52734375,358.56097412109375,262.79296875,372.6097412109375,201.09765625,371.43902587890625,232.52734375,367.92681884765625,263.95703125,362.07318115234375,148.71484375,366.756103515625,148.71484375,358.56097412109375,151.04296875,370.2682800292969,151.04296875
364.4146423339844,151.1640625,363.243896484375,166.3984375,351.5365905761719,167.5703125,346.8536682128906,185.1484375,352.7073059082031,192.1796875,376.1219482421875,166.3984375,381.9756164550781,183.9765625,376.1219482421875,189.8359375,357.3902587890625,201.5546875,359.7317199707031,230.8515625,359.7317199707031,262.4921875,372.6097412109375,200.3828125,372.6097412109375,230.8515625,367.92681884765625,262.4921875,362.07318115234375,148.8203125,366.756103515625,148.8203125,358.56097412109375,151.1640625,370.2682800292969,151.1640625
364.02410888671875,151.59375,364.02410888671875,167.03125,352.21685791015625,167.03125,347.4939880371094,186.03125,354.57830810546875,191.96875,377.0120544433594,167.03125,381.73492431640625,184.84375,381.73492431640625,196.71875,356.93975830078125,202.65625,360.48193359375,232.34375,360.48193359375,262.03125,373.4698791503906,201.46875,372.2891540527344,232.34375,368.7469787597656,263.21875,361.66265869140625,149.21875,367.5662536621094,149.21875,358.1204833984375,151.59375,371.1084289550781,151.59375
365.20001220703125,151.72265625,364.0,167.26171875,352.0,167.26171875,347.20001220703125,186.38671875,360.3999938964844,188.77734375,377.20001220703125,166.06640625,382.0,183.99609375,380.79998779296875,193.55859375,358.0,201.92578125,361.6000061035156,231.80859375,362.79998779296875,261.69140625,373.6000061035156,200.73046875,372.3999938964844,231.80859375,367.6000061035156,262.88671875,362.79998779296875,149.33203125,367.6000061035156,149.33203125,359.20001220703125,151.72265625,371.20001220703125,151.72265625
364.18603515625,150.6484375,364.18603515625,166.2890625,353.3023376464844,167.4921875,347.25579833984375,185.5390625,354.5116271972656,192.7578125,377.4883728027344,166.2890625,382.3255920410156,183.1328125,377.4883728027344,189.1484375,358.1395263671875,202.3828125,361.7674560546875,231.2578125,362.97674560546875,262.5390625,373.8604736328125,201.1796875,372.6511535644531,231.2578125,367.81396484375,263.7421875,361.7674560546875,149.4453125,367.81396484375,149.4453125,358.1395263671875,150.6484375,371.4418640136719,151.8515625
363.46429443359375,149.76953125,364.6785583496094,166.72265625,352.53570556640625,167.93359375,346.46429443359375,186.09765625,354.96429443359375,190.94140625,376.8214416503906,165.51171875,382.8928527832031,183.67578125,382.8928527832031,198.20703125,358.6071472167969,203.05078125,363.46429443359375,233.32421875,364.6785583496094,264.80859375,374.3928527832031,201.83984375,373.1785888671875,232.11328125,368.3214416503906,263.59765625,361.03570556640625,148.55859375,365.8928527832031,147.34765625,357.3928527832031,150.98046875,369.53570556640625,149.76953125
363.97674560546875,149.6484375,365.18603515625,166.4921875,353.093017578125,167.6953125,347.0465087890625,186.9453125,351.88372802734375,195.3671875,377.279052734375,165.2890625,382.11627197265625,183.3359375,377.279052734375,189.3515625,359.1395263671875,202.5859375,363.97674560546875,233.8671875,365.18603515625,266.3515625,374.8604736328125,201.3828125,372.4418640136719,232.6640625,367.6046447753906,266.3515625,361.5581359863281,148.4453125,366.3953552246094,147.2421875,357.93023681640625,150.8515625,370.02325439453125,149.6484375
362.3999938964844,149.6484375,364.79998779296875,166.4921875,352.79998779296875,166.4921875,346.79998779296875,185.7421875,349.20001220703125,195.3671875,376.79998779296875,165.2890625,382.79998779296875,183.3359375,378.0,189.3515625,358.79998779296875,202.5859375,363.6000061035156,233.8671875,366.0,267.5546875,374.3999938964844,201.3828125,373.20001220703125,232.6640625,368.3999938964844,267.5546875,361.20001220703125,148.4453125,366.0,148.4453125,357.6000061035156,149.6484375,369.6000061035156,149.6484375
361.3488464355469,149.6484375,364.97674560546875,165.2890625,352.88372802734375,166.4921875,346.83721923828125,185.7421875,350.4651184082031,195.3671875,375.8604736328125,165.2890625,381.906982421875,183.3359375,377.06976318359375,189.3515625,358.93023681640625,202.5859375,363.7674560546875,233.8671875,366.18603515625,268.7578125,374.6511535644531,201.3828125,373.4418640136719,232.6640625,368.6046447753906,267.5546875,360.1395263671875,147.2421875,364.97674560546875,147.2421875,356.5116271972656,149.6484375,369.81396484375,149.6484375
361.10345458984375,149.109375,363.54022216796875,166.171875,351.3563232421875,166.171875,346.4827575683594,185.671875,352.57470703125,195.421875,376.9425354003906,164.953125,383.03448486328125,184.453125,375.7241516113281,190.546875,358.6666564941406,202.734375,362.32183837890625,234.421875,365.9770202636719,267.328125,374.5057373046875,201.515625,372.0689697265625,234.421875,368.4137878417969,268.546875,358.6666564941406,146.671875,363.54022216796875,145.453125,356.2298889160156,149.109375,369.6321716308594,147.890625
360.25,148.23828125,363.93182373046875,165.41015625,350.43182373046875,166.63671875,345.5227355957031,185.03515625,352.8863525390625,193.62109375,376.2045593261719,164.18359375,382.3409118652344,182.58203125,376.2045593261719,188.71484375,359.0227355957031,203.43359375,362.7045593261719,232.87109375,366.3863525390625,268.44140625,374.9772644042969,202.20703125,373.75,230.41796875,368.8409118652344,268.44140625,357.7954406738281,145.78515625,362.7045593261719,144.55859375,355.3409118652344,148.23828125,368.8409118652344,147.01171875
360.5384521484375,147.3671875,363.0,164.6484375,350.69232177734375,165.8828125,345.76922607421875,185.6328125,355.6153869628906,191.8046875,376.5384521484375,163.4140625,382.69232177734375,181.9296875,375.30767822265625,188.1015625,358.0769348144531,204.1484375,363.0,233.7734375,367.9230651855469,267.1015625,374.0769348144531,201.6796875,374.0769348144531,232.5390625,369.1538391113281,267.1015625,356.8461608886719,144.8984375,363.0,143.6640625,354.3846130371094,147.3671875,367.9230651855469,146.1328125
360.3260803222656,145.75390625,362.84783935546875,163.36328125,348.978271484375,165.87890625,343.9347839355469,187.26171875,355.2826232910156,189.77734375,375.4565124511719,162.10546875,381.7608642578125,182.23046875,376.7174072265625,188.51953125,357.8043518066406,203.61328125,361.5869445800781,232.54296875,367.89129638671875,266.50390625,374.1956481933594,202.35546875,375.4565124511719,231.28515625,367.89129638671875,266.50390625,357.8043518066406,143.23828125,362.84783935546875,143.23828125,354.021728515625,147.01171875,367.89129638671875,144.49609375
361.3763427734375,144.8828125,362.6451721191406,162.6015625,348.68817138671875,165.1328125,344.8817138671875,185.3828125,355.0322570800781,191.7109375,375.3333435058594,161.3359375,381.67742919921875,180.3203125,377.8709716796875,187.9140625,357.56988525390625,203.1015625,361.3763427734375,232.2109375,368.9892578125,265.1171875,374.06451416015625,201.8359375,377.8709716796875,229.6796875,367.7204284667969,266.3828125,357.56988525390625,142.3515625,363.9139709472656,142.3515625,353.763427734375,146.1484375,367.7204284667969,144.8828125
361.53192138671875,144.140625,361.53192138671875,162.078125,348.7659606933594,163.359375,343.6595764160156,185.140625,353.8723449707031,190.265625,374.2978820800781,160.796875,380.68084716796875,180.015625,378.1276550292969,187.703125,356.425537109375,203.078125,358.9787292480469,232.546875,364.0851135253906,267.140625,373.0212707519531,200.515625,378.1276550292969,229.984375,373.0212707519531,260.734375,358.9787292480469,141.578125,362.8085021972656,141.578125,353.8723449707031,144.140625,367.9148864746094,142.859375
361.3263244628906,142.98046875,361.3263244628906,162.31640625,348.4842224121094,162.31640625,343.3473815917969,184.23046875,353.6210632324219,186.80859375,375.45263671875,161.02734375,380.5894775390625,180.36328125,375.45263671875,186.80859375,356.1894836425781,202.27734375,358.7579040527344,233.21484375,362.61053466796875,268.01953125,374.1684265136719,200.98828125,378.02105712890625,229.34765625,372.88421630859375,260.28515625,357.47369384765625,141.69140625,362.61053466796875,140.40234375,353.6210632324219,144.26953125,367.74737548828125,142.98046875
360.1875,142.1015625,361.4791564941406,161.5546875,347.2708435058594,161.5546875,343.3958435058594,183.6015625,353.7291564941406,188.7890625,374.3958435058594,160.2578125,380.8541564941406,179.7109375,378.2708435058594,184.8984375,355.0208435058594,201.7578125,358.8958435058594,232.8828125,362.7708435058594,267.8984375,373.1041564941406,200.4609375,376.9791564941406,230.2890625,374.3958435058594,260.1171875,357.6041564941406,140.8046875,362.7708435058594,139.5078125,352.4375,143.3984375,367.9375,142.1015625
359.9793701171875,142.22265625,359.9793701171875,159.18359375,346.98968505859375,160.48828125,343.0927734375,182.66796875,353.4845275878906,183.97265625,374.2680358886719,157.87890625,379.46392822265625,178.75390625,376.865966796875,183.97265625,354.78350830078125,202.23828125,357.3814392089844,234.85546875,362.57733154296875,270.08203125,372.96905517578125,200.93359375,378.1649475097656,230.94140625,374.2680358886719,263.55859375,357.3814392089844,139.61328125,362.57733154296875,139.61328125,353.4845275878906,142.22265625,367.773193359375,140.91796875
360.3917541503906,140.14453125,360.3917541503906,157.30859375,347.19586181640625,158.62890625,343.23712158203125,179.75390625,353.7938232421875,183.71484375,374.9072265625,155.98828125,380.1855773925781,178.43359375,376.226806640625,186.35546875,355.1134033203125,200.87890625,357.7525634765625,233.88671875,363.0309143066406,269.53515625,372.2680358886719,199.55859375,378.865966796875,231.24609375,376.226806640625,265.57421875,357.7525634765625,138.82421875,363.0309143066406,138.82421875,353.7938232421875,141.46484375,368.30926513671875,140.14453125
360.0,140.70703125,360.0,158.07421875,346.6666564941406,159.41015625,341.3333435058594,180.78515625,353.3333435058594,182.12109375,373.3333435058594,156.73828125,380.0,176.77734375,377.3333435058594,186.12890625,353.3333435058594,199.48828125,356.0,232.88671875,361.3333435058594,268.95703125,370.6666564941406,198.15234375,377.3333435058594,230.21484375,376.0,266.28515625,357.3333435058594,138.03515625,362.6666564941406,138.03515625,353.3333435058594,140.70703125,368.0,140.70703125
359.93878173828125,140.828125,358.5918273925781,158.296875,345.1224365234375,159.640625,338.38775634765625,181.140625,351.8571472167969,182.484375,373.4081726074219,156.953125,378.7959289550781,178.453125,377.448974609375,185.171875,351.8571472167969,202.640625,355.89794921875,234.890625,359.93878173828125,269.828125,370.71429443359375,201.296875,377.448974609375,233.546875,377.448974609375,269.828125,357.2449035644531,138.140625,362.6326599121094,138.140625,353.2040710449219,140.828125,368.0204162597656,140.828125
360.21649169921875,140.0703125,358.8556823730469,156.3828125,345.2474365234375,157.7421875,338.44329833984375,179.4921875,350.69073486328125,183.5703125,372.46392822265625,153.6640625,379.2680358886719,176.7734375,375.1855773925781,187.6484375,352.0515441894531,201.2421875,353.4123840332031,236.5859375,358.8556823730469,271.9296875,369.7422790527344,198.5234375,375.1855773925781,233.8671875,379.2680358886719,271.9296875,357.4948425292969,137.3515625,362.9381408691406,137.3515625,352.0515441894531,140.0703125,367.0206298828125,138.7109375
360.16162109375,140.19140625,358.7878723144531,156.59765625,345.0505065917969,157.96484375,336.8080749511719,179.83984375,350.5454406738281,182.57421875,372.5252685546875,156.59765625,376.6464538574219,178.47265625,373.89898681640625,186.67578125,350.5454406738281,203.08203125,353.2929382324219,238.62890625,357.4141540527344,272.80859375,368.404052734375,200.34765625,373.89898681640625,237.26171875,380.7676696777344,272.80859375,357.4141540527344,137.45703125,362.9090881347656,137.45703125,351.919189453125,140.19140625,367.0303039550781,140.19140625
361.1428527832031,140.81640625,358.3673400878906,156.02734375,344.48980712890625,157.41015625,336.16326904296875,179.53515625,350.04083251953125,183.68359375,372.2449035644531,154.64453125,377.7959289550781,178.15234375,370.8571472167969,185.06640625,350.04083251953125,203.04296875,351.4285583496094,237.61328125,356.9795837402344,273.56640625,369.4693908691406,201.66015625,373.6326599121094,237.61328125,380.5714416503906,273.56640625,358.3673400878906,138.05078125,362.5306091308594,138.05078125,352.8163146972656,140.81640625,366.6938781738281,139.43359375
360.57574462890625,140.9453125,359.18182373046875,156.2421875,345.242431640625,156.2421875,338.2727355957031,178.4921875,350.81817626953125,184.0546875,371.7272644042969,157.6328125,377.30303955078125,177.1015625,374.51513671875,188.2265625,349.42425537109375,202.1328125,352.2121276855469,238.2890625,356.3939514160156,273.0546875,367.54547119140625,200.7421875,373.1212158203125,236.8984375,378.69696044921875,273.0546875,357.7878723144531,138.1640625,363.3636474609375,138.1640625,353.6060485839844,139.5546875,367.54547119140625,140.9453125
360.9696960449219,141.47265625,358.18182373046875,158.25390625,344.242431640625,158.25390625,337.2727355957031,180.62890625,352.6060485839844,183.42578125,372.1212158203125,159.65234375,376.30303955078125,180.62890625,373.51513671875,187.62109375,348.42425537109375,204.40234375,351.2121276855469,239.36328125,354.0,274.32421875,367.93939208984375,203.00390625,372.1212158203125,237.96484375,376.30303955078125,274.32421875,358.18182373046875,138.67578125,363.757568359375,138.67578125,352.6060485839844,140.07421875,366.54547119140625,141.47265625
361.81817626953125,140.74609375,358.9898986816406,159.12890625,344.8484802246094,157.71484375,337.77777099609375,178.92578125,353.3333435058594,183.16796875,373.1313171386719,159.12890625,377.3737487792969,181.75390625,374.54547119140625,188.82421875,349.0909118652344,202.96484375,350.50506591796875,238.31640625,353.3333435058594,273.66796875,368.8888854980469,202.96484375,371.7171630859375,238.31640625,374.54547119140625,276.49609375,357.57574462890625,136.50390625,364.6464538574219,137.91796875,353.3333435058594,140.74609375,367.4747314453125,140.74609375
361.8571472167969,140.8828125,359.0,159.3671875,344.71429443359375,157.9453125,336.1428527832031,179.2734375,351.8571472167969,183.5390625,373.28570556640625,160.7890625,377.5714416503906,184.9609375,373.28570556640625,187.8046875,349.0,203.4453125,350.4285583496094,237.5703125,353.28570556640625,270.2734375,369.0,203.4453125,371.8571472167969,238.9921875,374.71429443359375,275.9609375,359.0,136.6171875,364.71429443359375,136.6171875,354.71429443359375,140.8828125,369.0,140.8828125
361.7070617675781,138.58984375,358.83837890625,158.60546875,344.49493408203125,157.17578125,335.8888854980469,180.05078125,353.10101318359375,184.33984375,374.61614990234375,160.03515625,378.919189453125,185.76953125,371.7474670410156,190.05859375,348.7979736328125,204.35546875,348.7979736328125,238.66796875,350.2323303222656,271.55078125,367.4444580078125,204.35546875,370.3131408691406,240.09765625,371.7474670410156,275.83984375,358.83837890625,135.73046875,364.57574462890625,135.73046875,354.53533935546875,138.58984375,368.8787841796875,138.58984375
360.8399963378906,138.71875,359.3999938964844,157.40625,343.55999755859375,155.96875,336.3599853515625,180.40625,352.20001220703125,184.71875,373.79998779296875,160.28125,378.1199951171875,186.15625,362.2799987792969,189.03125,347.8800048828125,204.84375,349.32000732421875,237.90625,349.32000732421875,270.96875,368.0400085449219,204.84375,369.4800109863281,239.34375,372.3599853515625,276.71875,357.9599914550781,135.84375,365.1600036621094,135.84375,353.6400146484375,138.71875,369.4800109863281,138.71875
361.2799987792969,139.29296875,358.3999938964844,158.08203125,344.0,155.19140625,335.3599853515625,181.20703125,351.20001220703125,184.09765625,374.239990234375,159.52734375,378.55999755859375,184.09765625,371.3599853515625,189.87890625,348.32000732421875,204.33203125,349.760009765625,237.57421875,351.20001220703125,269.37109375,368.4800109863281,204.33203125,369.9200134277344,239.01953125,371.3599853515625,276.59765625,358.3999938964844,134.95703125,364.1600036621094,136.40234375,354.08001708984375,139.29296875,368.4800109863281,139.29296875
362.2300109863281,137.9765625,359.30999755859375,156.8671875,344.7099914550781,155.4140625,335.95001220703125,178.6640625,350.54998779296875,183.0234375,375.3699951171875,158.3203125,379.75,183.0234375,369.5299987792969,188.8359375,347.6300048828125,204.8203125,349.0899963378906,238.2421875,347.6300048828125,274.5703125,368.07000732421875,206.2734375,369.5299987792969,242.6015625,370.989990234375,278.9296875,359.30999755859375,135.0703125,365.1499938964844,135.0703125,353.4700012207031,137.9765625,369.5299987792969,136.5234375
361.6060485839844,135.765625,360.1313171386719,157.796875,343.9090881347656,156.328125,335.06060791015625,178.359375,349.8080749511719,182.765625,376.3535461425781,157.796875,380.77777099609375,182.765625,371.9292907714844,188.640625,349.8080749511719,206.265625,349.8080749511719,238.578125,346.85858154296875,272.359375,368.97979736328125,204.796875,368.97979736328125,242.984375,370.45452880859375,279.703125,358.65655517578125,134.296875,364.5555419921875,134.296875,354.2323303222656,137.234375,368.97979736328125,135.765625
361.6060485839844,135.765625,358.65655517578125,156.328125,343.9090881347656,156.328125,335.06060791015625,176.890625,346.85858154296875,182.765625,374.8787841796875,157.796875,382.2525329589844,182.765625,370.45452880859375,185.703125,348.3333435058594,201.859375,348.3333435058594,237.109375,349.8080749511719,267.953125,368.97979736328125,201.859375,368.97979736328125,238.578125,368.97979736328125,278.234375,357.18182373046875,132.828125,364.5555419921875,132.828125,354.2323303222656,135.765625,368.97979736328125,135.765625
360.2449035644531,135.0078125,358.7550964355469,155.7890625,343.8571472167969,154.3046875,334.9183654785156,178.0546875,346.83673095703125,182.5078125,375.1428527832031,155.7890625,382.5918273925781,181.0234375,369.1836853027344,185.4765625,348.3265380859375,201.8046875,346.83673095703125,235.9453125,349.8163146972656,265.6328125,367.6938781738281,201.8046875,369.1836853027344,237.4296875,367.6938781738281,277.5078125,357.26531982421875,132.0390625,363.2244873046875,133.5234375,352.7959289550781,135.0078125,369.1836853027344,135.0078125
360.1212158203125,135.75,358.6262512207031,155.25,343.6767578125,155.25,333.2121276855469,177.75,348.16162109375,182.25,373.57574462890625,155.25,382.5454406738281,180.75,369.0909118652344,183.75,348.16162109375,203.25,348.16162109375,239.25,351.1515197753906,272.25,369.0909118652344,203.25,369.0909118652344,240.75,367.595947265625,278.25,357.1313171386719,131.25,363.1111145019531,132.75,352.6464538574219,134.25,367.595947265625,134.25
359.1212158203125,134.25,359.1212158203125,155.25,342.6767578125,155.25,333.7070617675781,177.75,347.16162109375,182.25,375.5656433105469,155.25,383.0404052734375,180.75,368.0909118652344,182.25,348.65655517578125,203.25,347.16162109375,237.75,351.6464538574219,269.25,369.5858459472656,203.25,369.5858459472656,239.25,366.595947265625,278.25,356.1313171386719,131.25,362.1111145019531,131.25,351.6464538574219,132.75,368.0909118652344,134.25
360.1515197753906,133.4921875,360.1515197753906,154.7109375,343.48486328125,154.7109375,335.9090881347656,178.9609375,349.5454406738281,181.9921875,376.81817626953125,154.7109375,384.3939208984375,181.9921875,370.757568359375,180.4765625,348.0303039550781,203.2109375,348.0303039550781,239.5859375,352.57574462890625,272.9296875,369.242431640625,203.2109375,369.242431640625,242.6171875,366.2121276855469,280.5078125,355.6060485839844,130.4609375,361.6666564941406,130.4609375,352.57574462890625,133.4921875,367.7272644042969,133.4921875
359.2799987792969,133.4921875,359.2799987792969,154.7109375,344.0799865722656,153.1953125,334.9599914550781,178.9609375,350.1600036621094,180.4765625,376.0,154.7109375,383.6000061035156,181.9921875,369.91998291015625,180.4765625,348.6400146484375,203.2109375,348.6400146484375,239.5859375,353.20001220703125,277.4765625,368.3999938964844,203.2109375,369.91998291015625,239.5859375,366.8800048828125,280.5078125,356.239990234375,130.4609375,362.32000732421875,130.4609375,351.67999267578125,133.4921875,368.3999938964844,133.4921875
359.6868591308594,134.265625,359.6868591308594,154.171875,342.7979736328125,154.171875,335.1212158203125,178.671875,348.93939208984375,181.734375,376.57574462890625,154.171875,384.2525329589844,181.734375,370.4343566894531,181.734375,348.93939208984375,201.640625,350.4747314453125,239.921875,353.54547119140625,278.203125,370.4343566894531,201.640625,368.89898681640625,238.390625,367.3636474609375,281.265625,355.080810546875,131.203125,361.22222900390625,131.203125,350.4747314453125,132.734375,367.3636474609375,132.734375
359.1515197753906,134.39453125,360.6868591308594,154.40234375,342.26263427734375,154.40234375,336.1212158203125,179.02734375,349.93939208984375,182.10546875,377.57574462890625,154.40234375,385.2525329589844,182.10546875,371.4343566894531,182.10546875,349.93939208984375,200.57421875,353.0101013183594,239.05078125,356.080810546875,280.60546875,369.89898681640625,200.57421875,368.3636474609375,239.05078125,365.2929382324219,279.06640625,354.54547119140625,131.31640625,362.22222900390625,131.31640625,351.4747314453125,132.85546875,368.3636474609375,132.85546875
358.1111145019531,133.78125,359.6666564941406,154.09375,342.5555419921875,154.09375,336.3333435058594,180.65625,351.8888854980469,182.21875,376.77777099609375,154.09375,384.5555419921875,182.21875,370.5555419921875,182.21875,350.3333435058594,202.53125,355.0,241.59375,356.5555419921875,280.65625,370.5555419921875,202.53125,369.0,240.03125,365.8888854980469,280.65625,355.0,130.65625,361.22222900390625,130.65625,350.3333435058594,132.21875,367.4444580078125,132.21875
358.6060485839844,133.0390625,360.18182373046875,155.1328125,342.8484802246094,155.1328125,336.54547119140625,180.3828125,350.7272644042969,183.5390625,377.51513671875,153.5546875,385.3939514160156,181.9609375,371.2121276855469,183.5390625,350.7272644042969,204.0546875,355.4545593261719,240.3515625,358.6060485839844,279.8046875,371.2121276855469,202.4765625,369.6363525390625,240.3515625,363.3333435058594,281.3828125,355.4545593261719,129.8828125,361.757568359375,129.8828125,350.7272644042969,133.0390625,368.06060791015625,131.4609375
359.10308837890625,133.16796875,360.69073486328125,153.78515625,344.8144226074219,155.37109375,336.87628173828125,180.74609375,351.1649475097656,183.91796875,378.1546325683594,153.78515625,386.0927734375,180.74609375,371.80413818359375,182.33203125,352.7525634765625,202.94921875,357.5154724121094,241.01171875,362.2783508300781,280.66015625,371.80413818359375,202.94921875,370.21649169921875,239.42578125,365.45361328125,279.07421875,355.9278259277344,129.99609375,362.2783508300781,129.99609375,351.1649475097656,133.16796875,368.6288757324219,131.58203125
359.5979309082031,132.42578125,361.2061767578125,154.84765625,345.12371826171875,154.84765625,337.08245849609375,180.47265625,351.55670166015625,183.67578125,378.89691162109375,153.24609375,386.9381408691406,180.47265625,386.9381408691406,204.49609375,353.1649475097656,204.49609375,359.5979309082031,241.33203125,362.8144226074219,282.97265625,372.46392822265625,202.89453125,370.8556823730469,241.33203125,367.63916015625,281.37109375,356.3814392089844,129.22265625,362.8144226074219,129.22265625,351.55670166015625,132.42578125,369.2474365234375,132.42578125
358.0816345214844,133.30078125,361.3061218261719,154.32421875,345.1836853027344,154.32421875,337.1224365234375,180.19921875,348.4081726074219,185.05078125,377.4285583496094,152.70703125,387.10205078125,180.19921875,372.5918273925781,183.43359375,354.8571472167969,204.45703125,359.6938781738281,241.65234375,364.5306091308594,283.69921875,372.5918273925781,202.83984375,370.9795837402344,241.65234375,367.7550964355469,280.46484375,356.4693908691406,128.44921875,362.9183654785156,128.44921875,351.6326599121094,133.30078125,369.3673400878906,131.68359375
358.5625,133.4375,361.8125,154.5625,345.5625,154.5625,337.4375,180.5625,352.0625,187.0625,378.0625,152.9375,387.8125,180.5625,373.1875,183.8125,355.3125,206.5625,360.1875,243.9375,366.6875,286.1875,373.1875,204.9375,371.5625,242.3125,369.9375,282.9375,355.3125,130.1875,361.8125,128.5625,352.0625,133.4375,368.3125,130.1875
359.03125,132.7109375,362.3229064941406,154.0390625,345.8645935058594,154.0390625,337.6354064941406,181.9296875,352.4479064941406,186.8515625,378.78125,152.3984375,388.65625,180.2890625,375.4895935058594,185.2109375,355.7395935058594,206.5390625,362.3229064941406,244.2734375,367.2604064941406,288.5703125,375.4895935058594,203.2578125,372.1979064941406,244.2734375,368.90625,290.2109375,355.7395935058594,129.4296875,362.3229064941406,129.4296875,350.8020935058594,132.7109375,368.90625,131.0703125
358.2886657714844,131.19921875,361.5876159667969,152.62890625,345.0927734375,154.27734375,338.4948425292969,182.30078125,353.3402099609375,187.24609375,379.7319641113281,150.98046875,389.6288757324219,179.00390625,376.4329833984375,183.94921875,356.63916015625,207.02734375,363.23712158203125,246.58984375,368.1855773925781,289.44921875,374.78350830078125,203.73046875,373.134033203125,243.29296875,371.4845275878906,272.96484375,353.3402099609375,127.90234375,359.9381408691406,127.90234375,350.0412292480469,131.19921875,368.1855773925781,127.90234375
357.0721740722656,128.79296875,362.08245849609375,152.08984375,343.7113342285156,153.75390625,338.7010192871094,182.04296875,357.0721740722656,187.03515625,378.78350830078125,150.42578125,388.80413818359375,177.05078125,378.78350830078125,183.70703125,357.0721740722656,207.00390625,363.7525634765625,246.94140625,367.0927734375,290.20703125,375.44329833984375,203.67578125,373.773193359375,246.94140625,370.4329833984375,286.87890625,353.7319641113281,127.12890625,360.412353515625,125.46484375,350.3917541503906,130.45703125,367.0927734375,127.12890625
357.52630615234375,128.03515625,360.8947448730469,151.55078125,344.0526428222656,151.55078125,339.0,181.78515625,355.84210205078125,185.14453125,379.4210510253906,149.87109375,387.84210205078125,176.74609375,376.0526428222656,181.78515625,355.84210205078125,205.30078125,364.2631530761719,245.61328125,369.3157958984375,290.96484375,376.0526428222656,203.62109375,376.0526428222656,243.93359375,371.0,289.28515625,352.47369384765625,124.67578125,359.21051025390625,124.67578125,349.1052551269531,128.03515625,367.631591796875,124.67578125
355.90625,126.46875,360.96875,150.09375,342.40625,151.78125,339.03125,180.46875,357.59375,182.15625,377.84375,146.71875,387.96875,175.40625,376.15625,182.15625,355.90625,204.09375,364.34375,244.59375,369.40625,291.84375,376.15625,200.71875,376.15625,244.59375,369.40625,291.84375,352.53125,123.09375,359.28125,121.40625,349.15625,126.46875,366.03125,124.78125
356.3125,123.9921875,361.4375,147.8359375,342.6458435058594,149.5390625,337.5208435058594,178.4921875,354.6041564941406,180.1953125,378.5208435058594,146.1328125,388.7708435058594,175.0859375,375.1041564941406,181.8984375,356.3125,204.0390625,363.1458435058594,244.9140625,371.6875,290.8984375,376.8125,200.6328125,378.5208435058594,244.9140625,369.9791564941406,292.6015625,352.8958435058594,120.5859375,359.7291564941406,120.5859375,349.4791564941406,125.6953125,366.5625,123.9921875
355.93682861328125,123.203125,361.11578369140625,147.265625,342.1263122558594,148.984375,336.9473571777344,178.203125,355.93682861328125,179.921875,378.3789367675781,145.546875,388.7368469238281,174.765625,374.92633056640625,179.921875,355.93682861328125,207.421875,361.11578369140625,245.234375,369.74737548828125,288.203125,380.1052551269531,205.703125,380.1052551269531,243.515625,368.02105712890625,295.078125,352.4842224121094,119.765625,361.11578369140625,118.046875,349.0315856933594,123.203125,368.02105712890625,121.484375
356.63916015625,122.4140625,360.10308837890625,144.9609375,342.78350830078125,146.6953125,335.8556823730469,177.9140625,354.9072265625,179.6484375,377.42266845703125,143.2265625,387.8144226074219,174.4453125,375.69073486328125,177.9140625,354.9072265625,203.9296875,360.10308837890625,245.5546875,367.0309143066406,292.3828125,379.1546325683594,203.9296875,382.6185607910156,240.3515625,379.1546325683594,276.7734375,353.1752624511719,117.2109375,360.10308837890625,117.2109375,347.9793701171875,122.4140625,367.0309143066406,120.6796875
356.0515441894531,119.875,359.55670166015625,144.375,342.0309143066406,144.375,333.2680358886719,174.125,350.7938232421875,177.625,377.08245849609375,142.625,387.5979309082031,172.375,375.32989501953125,177.625,354.2989807128906,202.125,359.55670166015625,244.125,366.5670166015625,293.125,377.08245849609375,200.375,384.0927734375,238.875,380.5876159667969,275.625,352.54638671875,116.375,359.55670166015625,116.375,347.2886657714844,121.625,366.5670166015625,119.875
355.46392822265625,119.0703125,359.01031494140625,143.7890625,341.2783508300781,143.7890625,332.4123840332031,175.5703125,351.91754150390625,173.8046875,378.5154724121094,142.0234375,389.1546325683594,173.8046875,374.96905517578125,177.3359375,353.69073486328125,202.0546875,359.01031494140625,246.1953125,366.10308837890625,293.8671875,378.5154724121094,200.2890625,383.8350524902344,240.8984375,382.0618591308594,277.9765625,351.91754150390625,115.5390625,359.01031494140625,115.5390625,346.5979309082031,120.8359375,366.10308837890625,117.3046875
354.51019287109375,118.265625,358.06121826171875,141.421875,340.3061218261719,143.203125,331.4285583496094,173.484375,349.1836853027344,171.703125,375.8163146972656,141.421875,386.4693908691406,173.484375,374.04083251953125,177.046875,352.73468017578125,201.984375,356.28570556640625,248.296875,365.16326904296875,294.609375,375.8163146972656,200.203125,382.9183654785156,241.171875,382.9183654785156,282.140625,350.95916748046875,114.703125,358.06121826171875,114.703125,345.6326599121094,120.046875,365.16326904296875,116.484375
353.9183654785156,117.4609375,357.51019287109375,140.8203125,339.551025390625,142.6171875,330.5714416503906,173.1640625,348.5306091308594,171.3671875,375.4693908691406,140.8203125,386.2449035644531,173.1640625,371.8775634765625,176.7578125,350.3265380859375,203.7109375,355.71429443359375,250.4296875,364.6938781738281,295.3515625,375.4693908691406,200.1171875,382.653076171875,245.0390625,382.653076171875,286.3671875,350.3265380859375,113.8671875,357.51019287109375,113.8671875,344.93878173828125,119.2578125,364.6938781738281,115.6640625
353.2727355957031,116.65625,356.9090881347656,142.03125,338.7272644042969,142.03125,329.6363525390625,172.84375,347.81817626953125,171.03125,375.0909118652344,140.21875,384.18182373046875,172.84375,371.4545593261719,178.28125,349.6363525390625,203.65625,355.0909118652344,248.96875,364.18182373046875,294.28125,373.2727355957031,200.03125,382.3636474609375,245.34375,384.18182373046875,290.65625,349.6363525390625,113.03125,356.9090881347656,113.03125,344.18182373046875,118.46875,364.18182373046875,116.65625
353.2574157714844,117.6796875,355.0792236328125,141.4453125,336.86138916015625,141.4453125,327.7524719238281,174.3515625,347.7920837402344,170.6953125,373.2970275878906,141.4453125,384.22772216796875,174.3515625,369.6534729003906,178.0078125,347.7920837402344,203.6015625,353.2574157714844,251.1328125,362.3663330078125,295.0078125,371.4752502441406,201.7734375,380.58416748046875,249.3046875,384.22772216796875,295.0078125,349.6138610839844,112.1953125,356.9010009765625,112.1953125,344.1485290527344,117.6796875,364.1881103515625,115.8515625
352.67327880859375,116.890625,356.3564453125,140.859375,336.0989990234375,140.859375,326.8910827636719,174.046875,347.14849853515625,172.203125,374.77227783203125,140.859375,383.9801940917969,174.046875,371.089111328125,177.734375,347.14849853515625,207.234375,352.67327880859375,253.328125,361.8811950683594,295.734375,372.9306945800781,205.390625,380.2970275878906,253.328125,385.82177734375,299.421875,348.9901123046875,113.203125,356.3564453125,111.359375,343.46533203125,116.890625,363.7227783203125,115.046875
352.089111328125,116.1015625,355.8118896484375,140.2734375,337.1980285644531,140.2734375,326.0296936035156,173.7421875,346.50494384765625,175.6015625,374.4257507324219,140.2734375,383.732666015625,173.7421875,370.7029724121094,179.3203125,346.50494384765625,203.4921875,352.089111328125,251.8359375,361.39605712890625,296.4609375,370.7029724121094,201.6328125,378.14849853515625,249.9765625,385.59405517578125,298.3203125,348.3663330078125,112.3828125,355.8118896484375,112.3828125,344.6435546875,116.1015625,365.1188049316406,116.1015625
352.4117736816406,115.3125,356.1764831542969,141.5625,335.4705810546875,139.6875,326.058837890625,175.3125,348.6470642089844,177.1875,375.0,139.6875,384.4117736816406,175.3125,369.3529357910156,180.9375,344.8823547363281,203.4375,352.4117736816406,252.1875,359.941162109375,297.1875,371.23529052734375,201.5625,376.8823547363281,248.4375,384.4117736816406,295.3125,348.6470642089844,111.5625,356.1764831542969,111.5625,344.8823547363281,115.3125,363.70587158203125,115.3125
352.4117736816406,114.5234375,354.29412841796875,140.9921875,333.5882263183594,140.9921875,326.058837890625,175.0234375,348.6470642089844,180.6953125,375.0,140.9921875,384.4117736816406,175.0234375,369.3529357910156,180.6953125,343.0,203.3828125,350.5294189453125,252.5390625,359.941162109375,297.9140625,371.23529052734375,201.4921875,375.0,248.7578125,380.6470642089844,292.2421875,348.6470642089844,110.7421875,356.1764831542969,110.7421875,343.0,116.4140625,363.70587158203125,114.5234375
352.2745056152344,114.8671875,356.1176452636719,139.8515625,334.98040771484375,139.8515625,325.37255859375,174.4453125,342.6666564941406,185.9765625,375.3333435058594,139.8515625,384.941162109375,176.3671875,367.6470642089844,180.2109375,344.5882263183594,203.2734375,350.3529357910156,253.2421875,359.9607849121094,299.3671875,371.4902038574219,203.2734375,375.3333435058594,249.3984375,379.17645263671875,297.4453125,348.4313659667969,111.0234375,356.1176452636719,111.0234375,344.5882263183594,114.8671875,363.8039245605469,112.9453125
352.69305419921875,113.20703125,354.6336669921875,140.44140625,335.22772216796875,140.44140625,325.5247497558594,173.51171875,341.04949951171875,185.18359375,375.9801940917969,140.44140625,385.68316650390625,177.40234375,368.21783447265625,179.34765625,342.9901123046875,202.69140625,350.7524719238281,253.26953125,358.5148620605469,298.01171875,370.1584167480469,200.74609375,375.9801940917969,249.37890625,379.86138916015625,299.95703125,348.8118896484375,111.26171875,356.5742492675781,111.26171875,342.9901123046875,115.15234375,364.3366394042969,113.20703125
354.089111328125,113.515625,356.04949951171875,141.078125,334.4851379394531,139.109375,324.68316650390625,170.609375,336.445556640625,190.296875,377.6138610839844,141.078125,385.4554443359375,174.546875,369.77227783203125,180.453125,344.2871398925781,204.078125,350.1683044433594,253.296875,358.0098876953125,298.578125,371.732666015625,204.078125,373.69305419921875,251.328125,375.6534729003906,302.515625,348.2079162597656,109.578125,356.04949951171875,109.578125,344.2871398925781,113.515625,363.8910827636719,113.515625
354.0,111.87890625,358.0,139.76953125,336.0,139.76953125,324.0,171.64453125,334.0,195.55078125,380.0,139.76953125,386.0,175.62890625,368.0,179.61328125,346.0,205.51171875,352.0,253.32421875,356.0,301.13671875,372.0,205.51171875,374.0,255.31640625,374.0,307.11328125,350.0,107.89453125,358.0,107.89453125,346.0,111.87890625,366.0,111.87890625
353.45001220703125,109.2265625,359.510009765625,139.4609375,335.2699890136719,139.4609375,327.19000244140625,169.6953125,325.1700134277344,191.8671875,379.7099914550781,139.4609375,387.7900085449219,173.7265625,369.6099853515625,179.7734375,347.3900146484375,207.9921875,353.45001220703125,254.3515625,355.4700012207031,300.7109375,371.6300048828125,205.9765625,371.6300048828125,256.3671875,373.6499938964844,306.7578125,351.42999267578125,105.1953125,359.510009765625,105.1953125,345.3699951171875,111.2421875,367.5899963378906,109.2265625
354.94000244140625,107.56640625,359.0199890136719,138.15234375,336.5799865722656,136.11328125,328.4200134277344,168.73828125,326.3800048828125,193.20703125,381.4599914550781,138.15234375,387.58001708984375,172.81640625,371.260009765625,178.93359375,344.739990234375,203.40234375,352.8999938964844,252.33984375,354.94000244140625,299.23828125,373.29998779296875,205.44140625,371.260009765625,256.41796875,373.29998779296875,307.39453125,350.8599853515625,105.52734375,359.0199890136719,103.48828125,346.7799987792969,109.60546875,367.17999267578125,107.56640625
355.4100036621094,105.90625,359.5299987792969,134.78125,336.8699951171875,134.78125,326.57000732421875,167.78125,324.510009765625,194.59375,382.19000244140625,136.84375,390.42999267578125,171.90625,369.8299865722656,176.03125,345.1099853515625,204.90625,349.2300109863281,250.28125,353.3500061035156,299.78125,371.8900146484375,204.90625,369.8299865722656,256.46875,371.8900146484375,308.03125,351.2900085449219,103.84375,359.5299987792969,101.78125,347.16998291015625,107.96875,367.7699890136719,105.90625
354.8800048828125,104.24609375,359.0400085449219,133.44921875,336.1600036621094,133.44921875,325.760009765625,166.82421875,323.67999267578125,196.02734375,381.91998291015625,133.44921875,390.239990234375,170.99609375,371.5199890136719,177.25390625,344.4800109863281,204.37109375,346.55999755859375,250.26171875,352.79998779296875,296.15234375,371.5199890136719,204.37109375,369.44000244140625,256.51953125,371.5199890136719,308.66796875,350.7200012207031,102.16015625,359.0400085449219,100.07421875,346.55999755859375,106.33203125,367.3599853515625,104.24609375
354.8163146972656,102.69921875,359.06121826171875,132.33984375,335.71429443359375,130.22265625,327.2244873046875,164.09765625,322.9795837402344,189.50390625,382.40814208984375,132.33984375,393.0204162597656,170.44921875,376.04083251953125,174.68359375,344.2040710449219,202.20703125,344.2040710449219,253.01953125,350.5714111328125,295.36328125,371.7958984375,204.32421875,369.6734619140625,259.37109375,371.7958984375,310.18359375,350.5714111328125,98.46484375,359.06121826171875,98.46484375,346.3265380859375,104.81640625,367.551025390625,102.69921875
354.28570556640625,101.92578125,358.5714111328125,129.65234375,337.1428527832031,129.65234375,326.4285583496094,161.64453125,322.1428527832031,187.23828125,382.1428527832031,129.65234375,392.8571472167969,168.04296875,375.71429443359375,174.44140625,343.5714111328125,202.16796875,343.5714111328125,253.35546875,350.0,293.87890625,373.5714111328125,202.16796875,371.4285583496094,259.75390625,373.5714111328125,310.94140625,352.1428527832031,97.66015625,360.71429443359375,97.66015625,345.71429443359375,101.92578125,369.28570556640625,99.79296875
352.5918273925781,99.109375,359.0816345214844,129.296875,335.28570556640625,127.140625,326.6326599121094,161.640625,322.3061218261719,187.515625,382.8775634765625,129.296875,395.8571472167969,165.953125,374.2244873046875,172.421875,343.93878173828125,200.453125,341.7755126953125,250.046875,350.4285583496094,295.328125,374.2244873046875,200.453125,372.06121826171875,258.671875,372.06121826171875,312.578125,350.4285583496094,94.796875,359.0816345214844,94.796875,343.93878173828125,99.109375,367.73468017578125,99.109375
352.6363525390625,98.3203125,359.1212158203125,126.5546875,335.34344482421875,126.5546875,326.69696044921875,161.3046875,320.2121276855469,187.3671875,380.73736572265625,126.5546875,393.7070617675781,165.6484375,369.9292907714844,169.9921875,343.9898986816406,200.3984375,339.6666564941406,248.1796875,350.4747314453125,298.1328125,372.0909118652344,200.3984375,372.0909118652344,259.0390625,372.0909118652344,311.1640625,348.3131408691406,93.9765625,356.9595947265625,93.9765625,343.9898986816406,98.3203125,367.7676696777344,96.1484375
352.53607177734375,97.63671875,359.1546325683594,126.17578125,334.8865966796875,126.17578125,326.0618591308594,161.30078125,319.44329833984375,187.64453125,381.21649169921875,126.17578125,394.45361328125,163.49609375,370.1855773925781,167.88671875,343.7113342285156,200.81640625,339.2989807128906,249.11328125,350.32989501953125,301.80078125,374.5979309082031,198.62109375,374.5979309082031,257.89453125,372.3917541503906,310.58203125,348.12371826171875,93.24609375,356.9484558105469,91.05078125,343.7113342285156,97.63671875,365.773193359375,95.44140625
351.48980712890625,96.84765625,358.10205078125,125.58984375,333.8571472167969,125.58984375,325.0408020019531,160.96484375,320.6326599121094,185.28515625,382.346923828125,125.58984375,395.5714111328125,165.38671875,369.1224365234375,165.38671875,342.6734619140625,198.55078125,338.26531982421875,249.40234375,349.28570556640625,306.88671875,375.73468017578125,198.55078125,373.5306091308594,256.03515625,371.3265380859375,311.30859375,347.0816345214844,90.21484375,355.89794921875,90.21484375,342.6734619140625,94.63671875,366.9183654785156,92.42578125
351.93878173828125,93.9296875,358.61224365234375,125.2109375,334.1428527832031,125.2109375,323.0204162597656,160.9609375,320.7959289550781,187.7734375,383.0816345214844,122.9765625,394.2040710449219,163.1953125,371.95916748046875,165.4296875,343.0408020019531,201.1796875,340.8163146972656,252.5703125,347.48980712890625,310.6640625,374.18365478515625,201.1796875,374.18365478515625,259.2734375,371.95916748046875,312.8984375,347.48980712890625,89.4609375,354.16326904296875,89.4609375,343.0408020019531,96.1640625,365.28570556640625,91.6953125
351.38775634765625,93.125,358.1224365234375,124.625,333.4285583496094,124.625,324.448974609375,160.625,322.2040710449219,187.625,382.8163146972656,122.375,394.0408020019531,162.875,371.5918273925781,165.125,342.4081726074219,196.625,340.16326904296875,255.125,349.1428527832031,313.625,376.0816345214844,196.625,373.83673095703125,255.125,371.5918273925781,313.625,344.653076171875,88.625,353.6326599121094,88.625,340.16326904296875,95.375,364.8571472167969,90.875
349.6288757324219,92.41796875,358.7010192871094,124.24609375,333.7525634765625,124.24609375,324.680419921875,160.62109375,322.4123840332031,190.17578125,383.64947509765625,121.97265625,394.98968505859375,162.89453125,372.30926513671875,165.16796875,342.8247375488281,196.99609375,342.8247375488281,258.37890625,345.0927734375,317.48828125,374.57733154296875,196.99609375,374.57733154296875,258.37890625,372.30926513671875,312.94140625,345.0927734375,87.87109375,354.1649475097656,87.87109375,340.55670166015625,94.69140625,365.5051574707031,90.14453125
346.71429443359375,93.0078125,355.8571472167969,122.8671875,330.71429443359375,122.8671875,323.8571472167969,159.6171875,321.5714416503906,189.4765625,381.0,122.8671875,394.71429443359375,161.9140625,369.5714416503906,164.2109375,342.1428527832031,198.6640625,344.4285888671875,262.9765625,344.4285888671875,318.1015625,374.1428527832031,198.6640625,374.1428527832031,262.9765625,371.8571472167969,313.5078125,342.1428527832031,86.1171875,351.28570556640625,86.1171875,337.5714416503906,93.0078125,362.71429443359375,90.7109375
344.87628173828125,92.32421875,354.1134033203125,122.48828125,328.7113342285156,124.80859375,321.78350830078125,161.93359375,321.78350830078125,189.77734375,381.8247375488281,122.48828125,393.3711242675781,161.93359375,367.96905517578125,164.25390625,342.5670166015625,199.05859375,342.5670166015625,257.06640625,342.5670166015625,315.07421875,374.89691162109375,196.73828125,372.5876159667969,259.38671875,370.2783508300781,315.07421875,342.5670166015625,87.68359375,351.80413818359375,85.36328125,335.63916015625,92.32421875,361.0412292480469,90.00390625
344.2680358886719,91.53515625,353.587646484375,121.90234375,327.9587707519531,124.23828125,320.9690856933594,161.61328125,320.9690856933594,191.98046875,379.21649169921875,121.90234375,393.19586181640625,163.94921875,367.5670166015625,166.28515625,341.9381408691406,196.65234375,344.2680358886719,259.72265625,341.9381408691406,315.78515625,374.55670166015625,196.65234375,374.55670166015625,262.05859375,372.226806640625,315.78515625,339.6082458496094,86.86328125,351.2577209472656,84.52734375,334.9484558105469,91.53515625,360.57733154296875,89.19921875
343.5520935058594,90.74609375,352.96875,121.31640625,327.0729064941406,123.66796875,320.0104064941406,161.29296875,320.0104064941406,194.21484375,378.8645935058594,121.31640625,392.9895935058594,163.64453125,369.44793701171875,168.34765625,341.1979064941406,196.56640625,343.5520935058594,260.05859375,345.90625,318.84765625,374.15625,196.56640625,374.15625,260.05859375,374.15625,314.14453125,338.84375,86.04296875,350.6145935058594,83.69140625,334.1354064941406,90.74609375,360.03125,88.39453125
343.3999938964844,90.6640625,353.0,121.7421875,326.6000061035156,124.1328125,319.3999938964844,159.9921875,319.3999938964844,191.0703125,377.0,119.3515625,393.79998779296875,159.9921875,367.3999938964844,169.5546875,341.0,198.2421875,345.79998779296875,262.7890625,348.20001220703125,322.5546875,374.6000061035156,198.2421875,372.20001220703125,265.1796875,374.6000061035156,320.1640625,336.20001220703125,85.8828125,348.20001220703125,83.4921875,331.3999938964844,90.6640625,357.79998779296875,88.2734375
340.368408203125,88.23046875,350.0526428222656,119.81640625,323.4210510253906,124.67578125,318.5789489746094,163.55078125,318.5789489746094,195.13671875,376.6842041015625,117.38671875,391.21051025390625,158.69140625,367.0,168.41015625,340.368408203125,199.99609375,345.2105407714844,263.16796875,347.631591796875,323.91015625,374.2631530761719,197.56640625,371.84210205078125,263.16796875,374.2631530761719,319.05078125,335.52630615234375,83.37109375,345.2105407714844,83.37109375,330.6842041015625,88.23046875,357.3157958984375,85.80078125
338.95745849609375,85.68359375,351.2978820800781,120.13671875,324.14892578125,122.59765625,316.74468994140625,161.97265625,316.74468994140625,193.96484375,375.9787292480469,115.21484375,393.25531005859375,159.51171875,366.10638427734375,169.35546875,338.95745849609375,196.42578125,343.89361572265625,262.87109375,346.3616943359375,329.31640625,373.5106201171875,193.96484375,373.5106201171875,262.87109375,375.9787292480469,319.47265625,334.0212707519531,80.76171875,343.89361572265625,80.76171875,329.0851135253906,88.14453125,356.2340393066406,83.22265625
338.31915283203125,83.25,348.276611328125,118.25,320.89361572265625,120.75,315.9148864746094,160.75,313.425537109375,193.25,375.6595764160156,115.75,390.59576416015625,158.25,368.1914978027344,168.25,338.31915283203125,198.25,340.8085021972656,265.75,348.276611328125,330.75,370.68084716796875,195.75,370.68084716796875,263.25,375.6595764160156,320.75,333.3404235839844,78.25,343.2978820800781,75.75,328.3616943359375,85.75,353.25531005859375,80.75
338.1397705078125,80.81640625,348.2903137207031,116.36328125,320.3763427734375,118.90234375,315.30108642578125,162.06640625,312.763427734375,192.53515625,376.20428466796875,113.82421875,388.8924560546875,154.44921875,366.05377197265625,167.14453125,335.6021423339844,200.15234375,340.67742919921875,263.62890625,348.2903137207031,332.18359375,371.1290283203125,195.07421875,371.1290283203125,263.62890625,376.20428466796875,319.48828125,330.5268859863281,75.73828125,343.2150573730469,73.19921875,325.45159912109375,83.35546875,353.3656005859375,78.27734375
337.50537109375,76.59375,345.18280029296875,112.46875,317.0322570800781,117.59375,311.9139709472656,158.59375,311.9139709472656,194.46875,373.33331298828125,109.90625,388.68817138671875,150.90625,365.6559143066406,163.71875,334.94622802734375,197.03125,340.06451416015625,263.65625,347.741943359375,332.84375,370.7742004394531,191.90625,373.33331298828125,255.96875,375.8924560546875,314.90625,329.82794189453125,71.46875,342.6236572265625,68.90625,324.7096862792969,79.15625,352.8602294921875,74.03125
336.0434875488281,74.12109375,346.478271484375,110.54296875,317.7826232910156,113.14453125,309.9565124511719,159.97265625,307.34783935546875,196.39453125,375.1739196777344,107.94140625,388.2174072265625,152.16796875,364.7391357421875,162.57421875,333.4347839355469,198.99609375,338.65216064453125,266.63671875,346.478271484375,331.67578125,369.95654296875,196.39453125,372.5652160644531,258.83203125,377.7825927734375,313.46484375,330.8260803222656,68.91796875,341.2608642578125,68.91796875,325.60870361328125,76.72265625,351.6956481933594,71.51953125
335.40216064453125,71.6484375,343.2934875488281,108.6171875,314.35870361328125,111.2578125,309.09783935546875,158.7890625,309.09783935546875,203.6796875,372.228271484375,108.6171875,388.0108642578125,148.2265625,366.9674072265625,161.4296875,330.14129638671875,201.0390625,335.40216064453125,267.0546875,345.9239196777344,330.4296875,366.9674072265625,198.3984375,374.85870361328125,259.1328125,377.4891357421875,309.3046875,327.5108642578125,66.3671875,340.6630554199219,63.7265625,322.25,74.2890625,351.1847839355469,69.0078125
335.24176025390625,69.0703125,343.28570556640625,106.4765625,311.1098937988281,109.1484375,308.4285583496094,157.2421875,305.74725341796875,197.3203125,370.0989074707031,103.8046875,386.18682861328125,149.2265625,364.73626708984375,159.9140625,329.8791198730469,202.6640625,335.24176025390625,272.1328125,345.967041015625,330.9140625,367.4176025390625,199.9921875,375.4615478515625,258.7734375,378.1428527832031,312.2109375,327.19781494140625,63.7265625,340.6044006347656,61.0546875,321.8351745605469,71.7421875,351.3296813964844,66.3984375
335.967041015625,67.59765625,341.4175720214844,105.55078125,311.4395751953125,108.26171875,308.71429443359375,157.05859375,314.1648254394531,197.72265625,371.3955993652344,102.83984375,387.74725341796875,148.92578125,365.945068359375,159.76953125,327.79119873046875,203.14453125,335.967041015625,273.62890625,346.8681335449219,333.26953125,368.67034912109375,200.43359375,376.8461608886719,260.07421875,379.5714416503906,314.29296875,327.79119873046875,62.17578125,341.4175720214844,59.46484375,322.3406677246094,70.30859375,352.3186950683594,64.88671875
336.43011474609375,66.01953125,339.1612854003906,104.41015625,309.1182861328125,104.41015625,309.1182861328125,153.76953125,-1.0,-1.0,369.20428466796875,101.66796875,388.32257080078125,148.28515625,363.741943359375,156.51171875,328.236572265625,203.12890625,333.69891357421875,268.94140625,347.3548278808594,334.75390625,366.4731140136719,200.38671875,377.3978576660156,257.97265625,377.3978576660156,315.55859375,328.236572265625,60.53515625,341.8924865722656,57.79296875,322.7742004394531,66.01953125,350.0860290527344,60.53515625
337.1612854003906,64.44140625,339.93548583984375,103.26953125,309.4193420410156,103.26953125,301.0967712402344,155.96484375,-1.0,-1.0,370.45159912109375,100.49609375,387.0967712402344,147.64453125,359.3548278808594,158.73828125,326.06451416015625,203.11328125,334.3870849609375,275.22265625,345.48388671875,336.23828125,364.9032287597656,200.33984375,378.7742004394531,261.35546875,378.7742004394531,319.59765625,328.8387145996094,58.89453125,342.7096862792969,56.12109375,320.51611328125,64.44140625,351.0322570800781,58.89453125
336.74468994140625,62.86328125,339.5531921386719,102.12890625,308.6595764160156,102.12890625,303.04254150390625,155.41796875,305.85107421875,197.48828125,370.4468078613281,102.12890625,387.2978515625,147.00390625,362.0212707519531,158.22265625,325.5106201171875,200.29296875,333.9361572265625,270.41015625,345.17022705078125,337.72265625,364.82977294921875,197.48828125,378.8723449707031,259.19140625,378.8723449707031,323.69921875,328.31915283203125,57.25390625,342.3616943359375,54.44921875,322.7021179199219,62.86328125,350.7872314453125,57.25390625
338.368408203125,61.28515625,338.368408203125,100.98828125,307.33685302734375,100.98828125,301.6947326660156,154.87109375,-1.0,-1.0,369.3999938964844,100.98828125,386.3262939453125,146.36328125,363.75787353515625,157.70703125,324.2631530761719,200.24609375,335.54736328125,273.98046875,344.0105285644531,336.37109375,363.75787353515625,197.41015625,377.8631591796875,262.63671875,380.6842041015625,333.53515625,329.9052734375,55.61328125,341.1894836425781,52.77734375,321.4421081542969,61.28515625,352.47369384765625,55.61328125
337.82977294921875,59.8125,337.82977294921875,100.0625,306.2340393066406,100.0625,300.4893493652344,154.6875,309.10638427734375,192.0625,369.425537109375,100.0625,386.6595764160156,146.0625,363.68084716796875,157.5625,326.3404235839844,200.6875,334.95745849609375,272.5625,343.574462890625,338.6875,363.68084716796875,197.8125,375.17022705078125,266.8125,380.9148864746094,341.5625,329.2127685546875,54.0625,343.574462890625,51.1875,320.5957336425781,59.8125,352.1914978027344,54.0625
338.84210205078125,55.328125,338.84210205078125,98.921875,306.88421630859375,98.921875,303.97894287109375,154.140625,312.6947326660156,189.015625,370.79998779296875,98.921875,385.3263244628906,145.421875,364.9894714355469,157.046875,327.2210693359375,200.640625,335.93682861328125,276.203125,344.65264892578125,340.140625,362.084228515625,197.734375,376.61053466796875,270.390625,382.4210510253906,345.953125,330.1263122558594,49.515625,344.65264892578125,49.515625,321.4105224609375,58.234375,353.368408203125,52.421875
339.5789489746094,56.65625,339.5789489746094,97.78125,307.15789794921875,97.78125,304.21051025390625,153.59375,313.0526428222656,185.90625,372.0,97.78125,386.7368469238281,147.71875,366.1052551269531,156.53125,324.84210205078125,200.59375,336.631591796875,274.03125,345.47369384765625,341.59375,366.1052551269531,197.65625,374.9473571777344,271.09375,383.78948974609375,347.46875,333.6842041015625,50.78125,345.47369384765625,47.84375,324.84210205078125,56.65625,357.2631530761719,53.71875
342.80645751953125,55.18359375,339.81719970703125,96.85546875,309.92474365234375,96.85546875,306.93548583984375,153.41015625,309.92474365234375,186.15234375,372.69891357421875,96.85546875,387.6451721191406,147.45703125,369.7096862792969,156.38671875,327.8602294921875,201.03515625,336.82794189453125,275.44921875,342.80645751953125,343.91015625,366.7204284667969,201.03515625,375.68817138671875,272.47265625,384.6559143066406,349.86328125,333.8387145996094,49.23046875,348.7849426269531,46.25390625,324.8709716796875,55.18359375,357.752685546875,52.20703125
342.3777770996094,53.81640625,342.3777770996094,96.14453125,309.1333312988281,99.16796875,309.1333312988281,156.61328125,315.1777648925781,195.91796875,378.6444396972656,99.16796875,390.73333740234375,147.54296875,372.6000061035156,156.61328125,327.26666259765625,201.96484375,336.3333435058594,277.55078125,345.3999938964844,344.06640625,366.5555419921875,198.94140625,375.6222229003906,274.52734375,384.68890380859375,350.11328125,336.3333435058594,44.74609375,351.4444580078125,44.74609375,327.26666259765625,53.81640625,360.5111083984375,50.79296875
345.69317626953125,51.44921875,345.69317626953125,97.50390625,308.875,97.50390625,311.94317626953125,152.76953125,311.94317626953125,195.75390625,379.44317626953125,97.50390625,391.7159118652344,149.69921875,376.375,155.83984375,330.3522644042969,201.89453125,339.55682373046875,275.58203125,345.69317626953125,346.19921875,367.17047119140625,198.82421875,376.375,275.58203125,379.44317626953125,352.33984375,339.55682373046875,42.23828125,351.82952880859375,42.23828125,327.2840881347656,51.44921875,364.1022644042969,48.37890625
349.6744079589844,49.9765625,346.5813903808594,96.6171875,309.4651184082031,96.6171875,312.5581359863281,152.5859375,315.6511535644531,199.2265625,383.69769287109375,96.6171875,392.97674560546875,152.5859375,374.4186096191406,158.8046875,328.02325439453125,202.3359375,337.3023376464844,280.0703125,343.4883728027344,345.3671875,368.2325439453125,202.3359375,374.4186096191406,276.9609375,377.5116271972656,357.8046875,340.3953552246094,43.7578125,355.8604736328125,40.6484375,331.11627197265625,49.9765625,365.1395263671875,46.8671875
353.3975830078125,48.50390625,350.240966796875,95.73046875,312.3614501953125,92.58203125,312.3614501953125,152.40234375,321.8313293457031,199.62890625,384.9638671875,95.73046875,397.5903625488281,152.40234375,378.6506042480469,158.69921875,331.30120849609375,199.62890625,340.7710876464844,278.33984375,343.9277038574219,347.60546875,369.18072509765625,199.62890625,375.49395751953125,272.04296875,375.49395751953125,363.34765625,343.9277038574219,39.05859375,356.55419921875,39.05859375,334.45782470703125,48.50390625,369.18072509765625,45.35546875
354.3333435058594,43.94140625,351.14813232421875,91.87109375,312.9259338378906,91.87109375,316.1111145019531,152.58203125,319.2962951660156,206.90234375,389.370361328125,95.06640625,398.9259338378906,149.38671875,379.8148193359375,158.97265625,332.03704833984375,200.51171875,344.77777099609375,280.39453125,344.77777099609375,344.30078125,373.4444580078125,200.51171875,376.629638671875,277.19921875,373.4444580078125,363.47265625,347.96295166015625,37.55078125,360.7037048339844,37.55078125,335.22222900390625,47.13671875,370.25927734375,43.94140625
357.9493713378906,42.4296875,354.7088623046875,87.7109375,319.06329345703125,87.7109375,319.06329345703125,149.1640625,312.582275390625,158.8671875,390.35443115234375,90.9453125,406.55694580078125,149.1640625,383.8734130859375,158.8671875,338.5063171386719,197.6796875,344.9873352050781,275.3046875,344.9873352050781,346.4609375,377.39239501953125,194.4453125,377.39239501953125,278.5390625,374.15191650390625,369.1015625,351.4683532714844,35.9609375,364.4303894042969,32.7265625,338.5063171386719,42.4296875,374.15191650390625,39.1953125
361.125,35.125,357.875,87.125,322.125,83.875,322.125,145.625,322.125,161.875,393.625,87.125,409.875,145.625,387.125,158.625,341.625,194.375,344.875,272.375,344.875,343.875,383.875,191.125,380.625,275.625,374.125,366.625,351.375,28.625,367.625,28.625,341.625,38.375,377.375,35.125
362.6666564941406,31.94921875,362.6666564941406,84.07421875,323.5555419921875,84.07421875,326.8148193359375,145.97265625,330.0740661621094,162.26171875,398.5185241699219,84.07421875,414.8148193359375,145.97265625,392.0,152.48828125,346.370361328125,198.09765625,349.629638671875,276.28515625,343.1111145019531,341.44140625,385.4814758300781,194.83984375,382.22222900390625,279.54296875,375.7037048339844,367.50390625,356.14813232421875,25.43359375,372.4444580078125,25.43359375,346.370361328125,31.94921875,382.22222900390625,31.94921875
367.1111145019531,28.7578125,367.1111145019531,81.0078125,327.7037048339844,77.7421875,327.7037048339844,143.0546875,334.2716064453125,162.6484375,406.5185241699219,81.0078125,416.370361328125,143.0546875,390.0987548828125,149.5859375,344.1234436035156,198.5703125,347.40740966796875,280.2109375,344.1234436035156,338.9921875,390.0987548828125,195.3046875,383.5308532714844,280.2109375,380.2469177246094,371.6484375,360.543212890625,22.2265625,373.67901611328125,22.2265625,347.40740966796875,28.7578125,386.8148193359375,28.7578125
370.2682800292969,25.609375,366.9756164550781,74.828125,330.756103515625,74.828125,327.4634094238281,130.609375,340.6341552734375,163.421875,406.48779296875,78.109375,422.95123291015625,140.453125,396.6097412109375,153.578125,347.2195129394531,192.953125,343.92681884765625,278.265625,343.92681884765625,347.171875,393.31707763671875,192.953125,386.731689453125,281.546875,380.1463317871094,373.421875,360.3902587890625,19.046875,376.8536682128906,19.046875,350.51220703125,25.609375,390.0243835449219,25.609375
371.7710876464844,21.4296875,371.7710876464844,74.1796875,332.1566162109375,74.1796875,332.1566162109375,130.2265625,348.66265869140625,166.4921875,411.38555908203125,74.1796875,427.8915710449219,140.1171875,401.48193359375,143.4140625,351.9638671875,196.1640625,348.66265869140625,278.5859375,342.06024169921875,354.4140625,398.18072509765625,196.1640625,391.57830810546875,285.1796875,381.6746826171875,377.4921875,365.1686706542969,18.1328125,378.3735046386719,18.1328125,355.26507568359375,21.4296875,391.57830810546875,21.4296875
378.2261962890625,18.17578125,374.9166564941406,71.05078125,335.202392578125,74.35546875,335.202392578125,133.83984375,355.05950927734375,170.19140625,414.6309509277344,71.05078125,431.1785888671875,137.14453125,408.01190185546875,143.75390625,355.05950927734375,193.32421875,355.05950927734375,282.55078125,345.1309509277344,355.25390625,398.0833435058594,193.32421875,394.7738037109375,289.16015625,384.8452453613281,378.38671875,368.297607421875,1.65234375,384.8452453613281,1.65234375,358.3690490722656,18.17578125,394.7738037109375,18.17578125
380.7176513671875,1.65625,377.3999938964844,67.90625,334.2705993652344,71.21875,337.5882263183594,134.15625,360.811767578125,173.90625,417.2117614746094,67.90625,437.1176452636719,137.46875,410.57647705078125,140.78125,360.811767578125,193.78125,360.811767578125,283.21875,347.5411682128906,352.78125,403.941162109375,193.78125,397.3058776855469,289.84375,384.0352783203125,379.28125,370.76470947265625,1.65625,387.3529357910156,1.65625,360.811767578125,14.90625,400.62353515625,1.65625
384.7176513671875,11.59375,378.08233642578125,64.59375,338.2705993652344,67.90625,341.5882263183594,137.46875,371.4470520019531,180.53125,421.2117614746094,64.59375,441.1176452636719,134.15625,411.2588195800781,137.46875,364.811767578125,193.78125,368.12939453125,289.84375,354.85882568359375,359.40625,407.941162109375,190.46875,401.3058776855469,293.15625,384.7176513671875,379.28125,374.76470947265625,1.65625,391.3529357910156,1.65625,361.4941101074219,14.90625,401.3058776855469,1.65625
385.3999938964844,1.65625,382.08233642578125,61.28125,342.2705993652344,64.59375,348.9058837890625,140.78125,382.08233642578125,183.84375,425.2117614746094,61.28125,445.1176452636719,130.84375,425.2117614746094,130.84375,372.12939453125,190.46875,385.3999938964844,279.90625,382.08233642578125,385.90625,411.941162109375,187.15625,408.62353515625,286.53125,382.08233642578125,375.96875,375.4470520019531,1.65625,395.3529357910156,1.65625,365.4941101074219,1.65625,405.3058776855469,1.65625
393.7176513671875,1.65625,387.08233642578125,61.28125,343.95294189453125,64.59375,353.9058837890625,140.78125,393.7176513671875,190.46875,430.2117614746094,57.96875,453.435302734375,130.84375,433.5294189453125,130.84375,373.811767578125,190.46875,390.3999938964844,283.21875,363.85882568359375,379.28125,416.941162109375,187.15625,410.3058776855469,289.84375,387.08233642578125,379.28125,383.76470947265625,1.65625,400.3529357910156,1.65625,367.17645263671875,1.65625,410.3058776855469,1.65625
394.3999938964844,1.65625,391.08233642578125,57.96875,347.95294189453125,61.28125,354.5882263183594,137.46875,381.12939453125,190.46875,434.2117614746094,57.96875,460.7529296875,134.15625,444.1647033691406,130.84375,377.811767578125,187.15625,394.3999938964844,283.21875,377.811767578125,385.90625,420.941162109375,187.15625,414.3058776855469,289.84375,381.12939453125,379.28125,384.4470520019531,1.65625,404.3529357910156,1.65625,371.17645263671875,1.65625,414.3058776855469,1.65625
401.7176513671875,1.65625,395.08233642578125,57.96875,351.95294189453125,61.28125,365.2235412597656,137.46875,398.3999938964844,190.46875,438.2117614746094,54.65625,461.435302734375,127.53125,444.8470458984375,127.53125,381.811767578125,177.21875,398.3999938964844,286.53125,385.12939453125,389.21875,424.941162109375,180.53125,418.3058776855469,289.84375,388.4470520019531,379.28125,391.76470947265625,1.65625,411.67059326171875,1.65625,375.17645263671875,1.65625,421.62353515625,1.65625
406.7176513671875,1.65625,400.08233642578125,54.65625,356.95294189453125,54.65625,370.2235412597656,137.46875,406.7176513671875,193.78125,443.2117614746094,54.65625,466.435302734375,130.84375,446.5294189453125,124.21875,383.4941101074219,173.90625,403.3999938964844,289.84375,396.76470947265625,399.15625,426.62353515625,183.84375,416.67059326171875,293.15625,390.12939453125,382.59375,393.4470520019531,1.65625,419.98822021484375,1.65625,376.85882568359375,1.65625,426.62353515625,1.65625
414.0352783203125,1.65625,400.76470947265625,51.34375,360.95294189453125,51.34375,370.9058837890625,130.84375,407.3999938964844,193.78125,443.89410400390625,51.34375,467.1176452636719,130.84375,450.5294189453125,124.21875,387.4941101074219,170.59375,407.3999938964844,286.53125,414.0352783203125,395.84375,430.62353515625,177.21875,414.0352783203125,289.84375,390.811767578125,379.28125,394.12939453125,1.65625,-1.0,-1.0,380.85882568359375,1.65625,-1.0,-1.0
421.3529357910156,1.65625,404.76470947265625,48.03125,364.95294189453125,51.34375,374.9058837890625,130.84375,411.3999938964844,193.78125,447.89410400390625,48.03125,474.435302734375,127.53125,454.5294189453125,120.90625,391.4941101074219,170.59375,411.3999938964844,293.15625,388.17645263671875,382.59375,434.62353515625,180.53125,411.3999938964844,293.15625,427.98822021484375,422.34375,-1.0,-1.0,-1.0,-1.0,384.85882568359375,1.65625,-1.0,-1.0
423.0352783203125,11.59375,409.76470947265625,44.71875,369.95294189453125,44.71875,373.2705993652344,87.78125,-1.0,-1.0,452.89410400390625,44.71875,479.435302734375,130.84375,462.8470458984375,117.59375,396.4941101074219,170.59375,413.08233642578125,293.15625,436.3058776855469,405.78125,439.62353515625,177.21875,413.08233642578125,299.78125,386.5411682128906,385.90625,-1.0,-1.0,-1.0,-1.0,389.85882568359375,1.65625,-1.0,-1.0
417.08233642578125,1.65625,417.08233642578125,41.40625,377.2705993652344,41.40625,-1.0,-1.0,-1.0,-1.0,456.89410400390625,41.40625,480.1176452636719,124.21875,-1.0,-1.0,400.4941101074219,170.59375,420.3999938964844,289.84375,443.62353515625,409.09375,440.3058776855469,173.90625,420.3999938964844,296.46875,387.2235412597656,385.90625,-1.0,-1.0,-1.0,-1.0,393.85882568359375,1.65625,433.67059326171875,1.65625
425.3999938964844,14.90625,422.08233642578125,38.09375,382.2705993652344,38.09375,-1.0,-1.0,-1.0,-1.0,461.89410400390625,38.09375,478.48236083984375,110.96875,478.48236083984375,117.59375,405.4941101074219,157.34375,428.7176513671875,286.53125,451.941162109375,409.09375,448.62353515625,163.96875,425.3999938964844,289.84375,385.5882263183594,385.90625,-1.0,-1.0,-1.0,-1.0,395.5411682128906,1.65625,-1.0,-1.0
-1.0,-1.0,426.08233642578125,31.46875,386.2705993652344,31.46875,-1.0,-1.0,-1.0,-1.0,465.89410400390625,31.46875,482.48236083984375,104.34375,469.2117614746094,144.09375,409.4941101074219,157.34375,436.0352783203125,296.46875,452.62353515625,405.78125,452.62353515625,157.34375,426.08233642578125,299.78125,386.2705993652344,385.90625,-1.0,-1.0,-1.0,-1.0,399.5411682128906,1.65625,-1.0,-1.0
417.811767578125,1.65625,431.08233642578125,31.46875,394.5882263183594,31.46875,-1.0,-1.0,-1.0,-1.0,467.57647705078125,28.15625,487.48236083984375,107.65625,480.8470458984375,170.59375,411.17645263671875,163.96875,450.98822021484375,303.09375,460.941162109375,422.34375,454.3058776855469,167.28125,431.08233642578125,299.78125,391.2705993652344,385.90625,-1.0,-1.0,-1.0,-1.0,-1.0,-1.0,444.3529357910156,1.65625
-1.0,-1.0,435.08233642578125,21.53125,398.5882263183594,21.53125,-1.0,-1.0,-1.0,-1.0,474.89410400390625,21.53125,488.1647033691406,97.71875,474.89410400390625,134.15625,418.4941101074219,160.65625,454.98822021484375,303.09375,461.62353515625,409.09375,458.3058776855469,167.28125,438.3999938964844,299.78125,395.2705993652344,385.90625,-1.0,-1.0,-1.0,-1.0,-1.0,-1.0,-1.0,-1.0
-1.0,-1.0,440.08233642578125,1.65625,406.9058837890625,1.65625,-1.0,-1.0,-1.0,-1.0,476.57647705078125,18.21875,499.79998779296875,104.34375,499.79998779296875,114.28125,430.12939453125,173.90625,456.67059326171875,303.09375,466.62353515625,409.09375,469.941162109375,173.90625,443.3999938964844,303.09375,400.2705993652344,385.90625,-1.0,-1.0,-1.0,-1.0,-1.0,-1.0,-1.0,-1.0
-1.0,-1.0,-1.0,-1.0,-1.0,-1.0,-1.0,-1.0,-1.0,-1.0,397.6352844238281,21.53125,417.5411682128906,107.65625,440.76470947265625,187.15625,-1.0,-1.0,-1.0,-1.0,-1.0,-1.0,-1.0,-1.0,-1.0,-1.0,-1.0,-1.0,-1.0,-1.0,-1.0,-1.0,-1.0,-1.0,-1.0,-1.0
-1.0,-1.0,-1.0,-1.0,-1.0,-1.0,-1.0,-1.0,-1.0,-1.0,402.6352844238281,18.21875,422.5411682128906,104.34375,449.08233642578125,187.15625,-1.0,-1.0,-1.0,-1.0,-1.0,-1.0,-1.0,-1.0,-1.0,-1.0,-1.0,-1.0,-1.0,-1.0,-1.0,-1.0,-1.0,-1.0,-1.0,-1.0
-1.0,-1.0,-1.0,-1.0,-1.0,-1.0,-1.0,-1.0,-1.0,-1.0,403.3176574707031,1.65625,426.5411682128906,101.03125,449.76470947265625,187.15625,-1.0,-1.0,-1.0,-1.0,-1.0,-1.0,-1.0,-1.0,-1.0,-1.0,-1.0,-1.0,-1.0,-1.0,-1.0,-1.0,-1.0,-1.0,-1.0,-1.0
-1.0,-1.0,-1.0,-1.0,-1.0,-1.0,-1.0,-1.0,-1.0,-1.0,406.6352844238281,1.65625,426.5411682128906,87.78125,453.08233642578125,177.21875,-1.0,-1.0,-1.0,-1.0,-1.0,-1.0,-1.0,-1.0,-1.0,-1.0,-1.0,-1.0,-1.0,-1.0,-1.0,-1.0,-1.0,-1.0,-1.0,-1.0
