252.98629760742188,105.60546875,248.46575927734375,117.28515625,245.75341796875,117.28515625,252.08218383789062,122.67578125,-1.0,-1.0,251.17808532714844,117.28515625,-1.0,-1.0,-1.0,-1.0,248.46575927734375,138.84765625,248.46575927734375,158.61328125,247.5616455078125,174.78515625,254.79452514648438,138.84765625,255.69863891601562,156.81640625,255.69863891601562,172.98828125,250.2739715576172,103.80859375,-1.0,-1.0,247.5616455078125,105.60546875,-1.0,-1.0
254.89041137695312,105.828125,249.46575927734375,115.796875,246.75341796875,115.796875,245.8493194580078,130.296875,248.5616455078125,137.546875,253.08218383789062,115.796875,-1.0,-1.0,-1.0,-1.0,248.5616455078125,139.359375,247.65753173828125,158.390625,246.75341796875,176.515625,255.79452514648438,139.359375,257.6027526855469,156.578125,256.6986389160156,172.890625,252.17808532714844,104.015625,-1.0,-1.0,248.5616455078125,104.921875,-1.0,-1.0
256.3802795410156,105.70703125,250.97183227539062,115.58984375,246.46478271484375,115.58984375,241.95774841308594,129.96484375,248.26760864257812,137.15234375,253.67605590820312,115.58984375,-1.0,-1.0,-1.0,-1.0,249.16900634765625,141.64453125,249.16900634765625,159.61328125,248.26760864257812,178.48046875,257.28167724609375,140.74609375,259.0845031738281,157.81640625,258.18310546875,173.98828125,252.77464294433594,103.01171875,257.28167724609375,103.01171875,250.97183227539062,103.91015625,-1.0,-1.0
259.18310546875,105.70703125,251.97183227539062,115.58984375,249.26760864257812,116.48828125,247.46478271484375,131.76171875,-1.0,-1.0,255.5774688720703,116.48828125,-1.0,-1.0,-1.0,-1.0,250.16900634765625,142.54296875,249.26760864257812,160.51171875,248.36619567871094,177.58203125,258.28167724609375,141.64453125,260.0845031738281,159.61328125,258.28167724609375,175.78515625,256.4788818359375,103.01171875,260.0845031738281,101.21484375,252.8732452392578,103.91015625,-1.0,-1.0
257.9862976074219,105.70703125,253.46575927734375,115.58984375,248.94520568847656,115.58984375,243.5205535888672,114.69140625,-1.0,-1.0,258.8904113769531,116.48828125,-1.0,-1.0,-1.0,-1.0,249.8493194580078,143.44140625,248.94520568847656,162.30859375,248.0410919189453,180.27734375,258.8904113769531,142.54296875,259.7945251464844,162.30859375,260.6986389160156,180.27734375,255.2739715576172,103.01171875,259.7945251464844,103.91015625,253.46575927734375,103.91015625,261.6027526855469,104.80859375
258.9862976074219,105.70703125,255.36985778808594,116.48828125,250.8493194580078,115.58984375,248.13699340820312,129.96484375,252.65753173828125,137.15234375,259.8904113769531,116.48828125,-1.0,-1.0,-1.0,-1.0,251.75341796875,142.54296875,249.94520568847656,161.41015625,248.13699340820312,180.27734375,259.8904113769531,142.54296875,261.6986389160156,161.41015625,264.41094970703125,179.37890625,257.1780700683594,103.91015625,260.7945251464844,103.91015625,254.46575927734375,103.91015625,262.6027526855469,105.70703125
260.8904113769531,105.015625,256.369873046875,115.890625,251.8493194580078,115.890625,248.23287963867188,130.390625,254.5616455078125,137.640625,261.7945251464844,116.796875,261.7945251464844,130.390625,265.41094970703125,134.015625,252.75341796875,142.171875,251.8493194580078,161.203125,248.23287963867188,179.328125,260.8904113769531,142.171875,261.7945251464844,160.296875,262.6986389160156,179.328125,259.0821838378906,102.296875,262.6986389160156,102.296875,256.369873046875,104.109375,265.41094970703125,104.109375
261.8904113769531,104.91015625,258.27398681640625,116.58984375,253.75341796875,115.69140625,249.23287963867188,130.06640625,253.75341796875,139.05078125,263.6986389160156,117.48828125,263.6986389160156,130.06640625,-1.0,-1.0,254.65753173828125,142.64453125,252.8493194580078,161.51171875,249.23287963867188,179.48046875,262.7945251464844,143.54296875,261.8904113769531,160.61328125,255.5616455078125,178.58203125,260.0821838378906,102.21484375,263.6986389160156,103.11328125,257.369873046875,104.01171875,266.41094970703125,104.91015625
262.8904113769531,105.80859375,260.1780700683594,116.58984375,254.75341796875,115.69140625,251.13699340820312,129.16796875,253.8493194580078,139.94921875,265.6027526855469,117.48828125,266.5068359375,130.06640625,-1.0,-1.0,255.65753173828125,141.74609375,254.75341796875,161.51171875,251.13699340820312,178.58203125,264.6986389160156,141.74609375,263.7945251464844,160.61328125,267.41094970703125,178.58203125,261.0821838378906,104.01171875,264.6986389160156,104.91015625,258.369873046875,104.91015625,267.41094970703125,105.80859375
264.3802795410156,106.70703125,260.774658203125,116.58984375,255.36619567871094,115.69140625,250.85916137695312,130.06640625,255.36619567871094,139.05078125,267.0845031738281,117.48828125,267.98590087890625,130.06640625,269.7887268066406,136.35546875,257.16900634765625,141.74609375,255.36619567871094,161.51171875,253.56338500976562,177.68359375,266.18310546875,141.74609375,265.28167724609375,161.51171875,264.3802795410156,178.58203125,262.57745361328125,104.91015625,266.18310546875,104.91015625,259.87322998046875,104.91015625,267.98590087890625,106.70703125
267.18310546875,105.80859375,261.774658203125,116.58984375,255.46478271484375,115.69140625,250.05633544921875,130.06640625,254.56338500976562,138.15234375,268.98590087890625,117.48828125,270.7887268066406,130.96484375,271.69012451171875,136.35546875,259.0704345703125,144.44140625,257.2676086425781,162.41015625,254.56338500976562,179.48046875,268.0845031738281,144.44140625,268.0845031738281,163.30859375,269.8873291015625,179.48046875,265.3802795410156,103.11328125,269.8873291015625,104.01171875,261.774658203125,104.01171875,270.7887268066406,104.91015625
269.6027526855469,106.015625,264.1780700683594,115.984375,256.9451904296875,115.078125,251.5205535888672,129.578125,256.0411071777344,137.734375,270.5068359375,116.890625,271.41094970703125,129.578125,273.21917724609375,135.921875,260.5616455078125,143.171875,257.84930419921875,162.203125,255.13699340820312,179.421875,269.6027526855469,143.171875,269.6027526855469,163.109375,271.41094970703125,179.421875,267.7945251464844,103.296875,270.5068359375,104.203125,263.27398681640625,104.203125,-1.0,-1.0
270.6027526855469,105.91015625,266.0821838378906,115.79296875,259.75341796875,114.89453125,252.5205535888672,128.37109375,256.1369934082031,139.15234375,273.3150634765625,116.69140625,273.3150634765625,129.26953125,-1.0,-1.0,262.46575927734375,142.74609375,260.65753173828125,162.51171875,257.0411071777344,178.68359375,271.5068359375,142.74609375,271.5068359375,163.41015625,272.41094970703125,179.58203125,268.7945251464844,103.21484375,272.41094970703125,104.11328125,265.1780700683594,104.11328125,274.21917724609375,105.91015625
272.5068359375,105.01171875,267.9862976074219,114.89453125,260.75341796875,113.99609375,253.5205535888672,125.67578125,256.2328796386719,137.35546875,275.21917724609375,114.89453125,275.21917724609375,127.47265625,-1.0,-1.0,264.369873046875,141.84765625,262.5616455078125,160.71484375,258.0411071777344,178.68359375,273.41094970703125,141.84765625,272.5068359375,161.61328125,272.5068359375,178.68359375,270.6986389160156,102.31640625,274.3150634765625,103.21484375,267.0821838378906,103.21484375,275.21917724609375,105.01171875
273.5068359375,105.01171875,270.7945251464844,114.89453125,263.5616455078125,113.99609375,257.2328796386719,126.57421875,258.1369934082031,138.25390625,278.02740478515625,114.89453125,-1.0,-1.0,-1.0,-1.0,267.1780700683594,142.74609375,266.27398681640625,163.41015625,264.46575927734375,180.48046875,277.123291015625,141.84765625,275.3150634765625,163.41015625,272.6027526855469,181.37890625,271.6986389160156,102.31640625,276.21917724609375,103.21484375,268.9862976074219,103.21484375,278.02740478515625,105.01171875
274.0845031738281,105.01171875,270.4788818359375,114.89453125,263.2676086425781,113.99609375,256.05633544921875,127.47265625,258.76055908203125,138.25390625,277.69012451171875,114.89453125,-1.0,-1.0,-1.0,-1.0,266.87322998046875,142.74609375,265.9718322753906,162.51171875,264.16900634765625,182.27734375,276.7887268066406,142.74609375,276.7887268066406,163.41015625,274.98590087890625,180.48046875,272.28167724609375,102.31640625,276.7887268066406,103.21484375,269.57745361328125,103.21484375,277.69012451171875,105.01171875
273.28167724609375,105.203125,270.57745361328125,114.265625,263.3662109375,114.265625,256.1549377441406,127.859375,259.76055908203125,137.828125,276.8873291015625,115.171875,-1.0,-1.0,-1.0,-1.0,266.9718322753906,142.359375,266.0704345703125,163.203125,263.3662109375,183.140625,275.98590087890625,142.359375,275.98590087890625,164.109375,275.0845031738281,181.328125,271.4788818359375,102.484375,275.0845031738281,103.390625,268.774658203125,103.390625,277.7887268066406,105.203125
274.7945251464844,104.21484375,271.1780700683594,114.99609375,263.9451904296875,114.09765625,256.71234130859375,127.57421875,260.3287658691406,138.35546875,278.41094970703125,114.99609375,-1.0,-1.0,-1.0,-1.0,267.5616455078125,142.84765625,265.75341796875,164.41015625,263.0411071777344,182.37890625,276.6027526855469,142.84765625,276.6027526855469,165.30859375,275.6986389160156,182.37890625,272.9862976074219,102.41796875,276.6027526855469,103.31640625,269.369873046875,103.31640625,278.41094970703125,105.11328125
274.8904113769531,104.21484375,273.9862976074219,114.09765625,266.75341796875,114.09765625,259.5205383300781,127.57421875,260.4246520996094,139.25390625,281.21917724609375,114.99609375,283.9315185546875,127.57421875,284.83563232421875,135.66015625,270.369873046875,141.05078125,270.369873046875,160.81640625,269.46575927734375,181.48046875,280.3150634765625,141.05078125,278.5068359375,160.81640625,277.6027526855469,180.58203125,273.9862976074219,102.41796875,276.6986389160156,102.41796875,271.27398681640625,103.31640625,280.3150634765625,104.21484375
275.8904113769531,105.11328125,274.9862976074219,114.99609375,266.84930419921875,114.09765625,259.6164245605469,127.57421875,260.5205383300781,139.25390625,282.21917724609375,115.89453125,284.9315185546875,129.37109375,286.7397155761719,134.76171875,270.46575927734375,141.94921875,270.46575927734375,161.71484375,268.65753173828125,180.58203125,280.41094970703125,141.94921875,278.6027526855469,161.71484375,275.8904113769531,181.48046875,274.9862976074219,103.31640625,277.6986389160156,103.31640625,273.1780700683594,104.21484375,281.3150634765625,105.11328125
276.8904113769531,104.21484375,275.9862976074219,114.99609375,267.84930419921875,114.09765625,260.6164245605469,127.57421875,261.5205383300781,135.66015625,283.21917724609375,115.89453125,285.9315185546875,129.37109375,286.83563232421875,132.96484375,271.46575927734375,141.05078125,271.46575927734375,162.61328125,268.75341796875,183.27734375,280.5068359375,141.05078125,279.6027526855469,161.71484375,278.6986389160156,182.37890625,275.9862976074219,103.31640625,278.6986389160156,103.31640625,273.27398681640625,104.21484375,282.3150634765625,105.11328125
276.9862976074219,105.296875,276.0821838378906,115.265625,268.84930419921875,114.359375,262.5205383300781,127.046875,262.5205383300781,134.296875,283.3150634765625,116.171875,286.9315185546875,128.859375,287.83563232421875,133.390625,272.46575927734375,141.546875,272.46575927734375,161.484375,270.65753173828125,182.328125,281.5068359375,141.546875,280.6027526855469,160.578125,281.5068359375,177.796875,276.0821838378906,102.578125,279.6986389160156,103.484375,274.27398681640625,103.484375,283.3150634765625,106.203125
279.3802795410156,106.11328125,277.57745361328125,115.99609375,269.46478271484375,114.19921875,263.1549377441406,127.67578125,263.1549377441406,134.86328125,284.7887268066406,116.89453125,288.3943786621094,130.37109375,-1.0,-1.0,273.0704345703125,142.05078125,273.9718322753906,162.71484375,273.9718322753906,184.27734375,282.0845031738281,142.05078125,281.18310546875,161.81640625,279.3802795410156,181.58203125,277.57745361328125,104.31640625,281.18310546875,104.31640625,274.87322998046875,104.31640625,283.8873291015625,105.21484375
280.3802795410156,105.21484375,277.6760559082031,115.09765625,270.46478271484375,114.19921875,264.1549377441406,127.67578125,264.1549377441406,136.66015625,285.7887268066406,116.89453125,289.3943786621094,130.37109375,-1.0,-1.0,273.16900634765625,142.05078125,274.9718322753906,163.61328125,275.87322998046875,184.27734375,283.0845031738281,142.05078125,282.18310546875,163.61328125,280.3802795410156,182.48046875,279.4788818359375,102.51953125,282.18310546875,104.31640625,275.87322998046875,104.31640625,284.8873291015625,105.21484375
280.9862976074219,105.21484375,279.1780700683594,115.09765625,271.0411071777344,114.19921875,263.8082275390625,128.57421875,265.6164245605469,139.35546875,286.41094970703125,116.89453125,291.83563232421875,131.26953125,-1.0,-1.0,273.75341796875,142.94921875,275.5616455078125,163.61328125,277.369873046875,185.17578125,283.6986389160156,142.94921875,282.7945251464844,163.61328125,280.9862976074219,183.37890625,279.1780700683594,102.51953125,283.6986389160156,103.41796875,275.5616455078125,103.41796875,286.41094970703125,104.31640625
281.9862976074219,105.21484375,279.27398681640625,115.99609375,272.0411071777344,115.09765625,264.8082275390625,130.37109375,265.71234130859375,133.96484375,286.5068359375,116.89453125,292.83563232421875,132.16796875,-1.0,-1.0,275.65753173828125,143.84765625,277.46575927734375,163.61328125,280.1780700683594,184.27734375,284.6986389160156,142.94921875,283.7945251464844,163.61328125,282.8904113769531,182.48046875,280.1780700683594,102.51953125,284.6986389160156,103.41796875,276.5616455078125,103.41796875,287.41094970703125,105.21484375
283.8904113769531,105.390625,280.27398681640625,116.265625,272.1369934082031,115.359375,265.8082275390625,129.859375,-1.0,-1.0,287.5068359375,117.171875,293.83563232421875,132.578125,-1.0,-1.0,275.75341796875,144.359375,278.46575927734375,163.390625,276.65753173828125,184.234375,285.6986389160156,143.453125,284.7945251464844,163.390625,283.8904113769531,182.421875,282.0821838378906,102.671875,285.6986389160156,102.671875,277.5616455078125,104.484375,287.5068359375,105.390625
285.7945251464844,106.21484375,282.1780700683594,116.09765625,274.0411071777344,116.09765625,268.6164245605469,131.37109375,270.4246520996094,141.25390625,289.41094970703125,116.99609375,293.9315185546875,131.37109375,294.83563232421875,132.26953125,277.65753173828125,143.94921875,279.46575927734375,164.61328125,285.7945251464844,186.17578125,287.6027526855469,143.94921875,286.6986389160156,164.61328125,286.6986389160156,181.68359375,283.9862976074219,103.51953125,287.6027526855469,104.41796875,279.46575927734375,104.41796875,288.5068359375,106.21484375
285.4788818359375,106.21484375,281.87322998046875,116.09765625,273.76055908203125,116.09765625,268.35211181640625,130.47265625,-1.0,-1.0,289.0845031738281,117.89453125,294.4929504394531,130.47265625,295.3943786621094,132.26953125,278.2676086425781,143.94921875,280.0704345703125,164.61328125,284.57745361328125,186.17578125,287.28167724609375,143.94921875,286.3802795410156,164.61328125,283.6760559082031,183.48046875,283.6760559082031,104.41796875,288.18310546875,105.31640625,280.0704345703125,104.41796875,289.98590087890625,106.21484375
286.4788818359375,105.31640625,283.774658203125,116.09765625,276.5633850097656,115.19921875,270.2535095214844,130.47265625,-1.0,-1.0,291.8873291015625,116.09765625,296.3943786621094,131.37109375,297.2957763671875,133.16796875,280.16900634765625,143.94921875,281.0704345703125,164.61328125,286.4788818359375,187.97265625,289.18310546875,143.94921875,288.28167724609375,164.61328125,285.57745361328125,183.48046875,284.6760559082031,103.51953125,289.18310546875,104.41796875,281.9718322753906,104.41796875,290.0845031738281,104.41796875
285.27398681640625,104.41796875,284.369873046875,115.19921875,277.1369934082031,115.19921875,269.90411376953125,129.57421875,-1.0,-1.0,291.6027526855469,116.09765625,296.123291015625,131.37109375,297.02740478515625,140.35546875,280.75341796875,143.94921875,281.65753173828125,164.61328125,285.27398681640625,186.17578125,289.7945251464844,143.05078125,288.8904113769531,164.61328125,287.0821838378906,183.48046875,284.369873046875,102.62109375,287.0821838378906,102.62109375,281.65753173828125,103.51953125,289.7945251464844,104.41796875
285.369873046875,103.671875,285.369873046875,114.546875,277.2328796386719,113.640625,270.90411376953125,129.953125,272.71234130859375,141.734375,293.5068359375,115.453125,297.123291015625,130.859375,298.9315185546875,136.296875,280.84930419921875,142.640625,281.75341796875,164.390625,286.27398681640625,186.140625,290.7945251464844,142.640625,288.9862976074219,163.484375,288.0821838378906,181.609375,284.46575927734375,101.859375,288.0821838378906,101.859375,281.75341796875,102.765625,290.7945251464844,103.671875
287.67999267578125,103.671875,285.8666687011719,113.640625,277.7066650390625,113.640625,273.17333984375,129.046875,274.0799865722656,139.921875,294.02667236328125,115.453125,297.6533203125,130.859375,297.6533203125,139.015625,281.3333435058594,142.640625,282.239990234375,164.390625,284.9599914550781,185.234375,292.21331787109375,141.734375,289.49334716796875,163.484375,288.586669921875,183.421875,285.8666687011719,101.859375,289.49334716796875,101.859375,283.14666748046875,102.765625,291.3066711425781,102.765625
290.49334716796875,103.671875,286.8666687011719,114.546875,278.7066650390625,113.640625,273.26666259765625,129.046875,275.0799865722656,139.015625,294.1199951171875,115.453125,297.7466735839844,130.859375,297.7466735839844,139.015625,282.3333435058594,142.640625,282.3333435058594,164.390625,285.0533447265625,185.234375,292.3066711425781,141.734375,290.49334716796875,163.484375,286.8666687011719,184.328125,288.67999267578125,101.859375,291.3999938964844,102.765625,285.0533447265625,102.765625,294.1199951171875,103.671875
290.0909118652344,103.671875,287.3636474609375,113.640625,280.0909118652344,112.734375,274.6363525390625,128.140625,275.5454406738281,138.109375,294.6363525390625,115.453125,299.18182373046875,131.765625,298.2727355957031,140.828125,281.9090881347656,142.640625,282.81817626953125,165.296875,284.6363525390625,186.140625,292.81817626953125,142.640625,291.0,164.390625,287.3636474609375,184.328125,288.2727355957031,101.859375,291.0,101.859375,285.5454406738281,102.765625,293.7272644042969,102.765625
291.0909118652344,102.765625,287.4545593261719,113.640625,280.18182373046875,112.734375,274.7272644042969,128.140625,-1.0,-1.0,295.6363525390625,114.546875,298.3636474609375,129.953125,298.3636474609375,139.015625,282.9090881347656,141.734375,282.9090881347656,164.390625,285.6363525390625,185.234375,292.9090881347656,141.734375,292.9090881347656,162.578125,291.0909118652344,181.609375,288.3636474609375,100.953125,292.0,100.953125,285.6363525390625,102.765625,294.7272644042969,101.859375
292.5063171386719,103.671875,288.8607482910156,114.546875,280.6582336425781,112.734375,276.10125732421875,127.234375,276.10125732421875,137.203125,296.1518859863281,115.453125,299.7974548339844,130.859375,301.6202392578125,143.546875,284.3038024902344,141.734375,283.39239501953125,163.484375,286.1265869140625,185.234375,295.2405090332031,142.640625,293.417724609375,163.484375,293.417724609375,180.703125,290.68353271484375,101.859375,294.3291015625,101.859375,287.9493713378906,102.765625,-1.0,-1.0
292.25,102.62109375,288.6499938964844,114.30078125,281.45001220703125,113.40234375,276.95001220703125,127.77734375,276.04998779296875,138.55859375,296.75,115.19921875,299.45001220703125,129.57421875,301.25,139.45703125,284.1499938964844,142.15234375,284.1499938964844,163.71484375,286.8500061035156,185.27734375,294.95001220703125,142.15234375,293.1499938964844,162.81640625,291.3500061035156,184.37890625,290.45001220703125,101.72265625,294.04998779296875,101.72265625,287.75,102.62109375,295.8500061035156,103.51953125
295.04998779296875,104.41796875,289.6499938964844,114.30078125,281.54998779296875,113.40234375,276.1499938964844,127.77734375,277.95001220703125,141.25390625,296.8500061035156,115.19921875,298.6499938964844,127.77734375,301.3500061035156,137.66015625,285.1499938964844,142.15234375,285.1499938964844,164.61328125,287.8500061035156,185.27734375,295.95001220703125,142.15234375,295.04998779296875,164.61328125,293.25,184.37890625,293.25,101.72265625,295.95001220703125,102.62109375,289.6499938964844,102.62109375,-1.0,-1.0
295.56097412109375,103.51953125,290.1463317871094,114.30078125,282.0243835449219,113.40234375,276.6097412109375,127.77734375,278.4146423339844,141.25390625,298.2682800292969,115.19921875,299.17071533203125,127.77734375,300.07318115234375,139.45703125,285.6341552734375,142.15234375,286.5365905761719,165.51171875,288.3414611816406,186.17578125,296.4634094238281,142.15234375,296.4634094238281,164.61328125,293.756103515625,184.37890625,293.756103515625,100.82421875,297.3658447265625,101.72265625,289.243896484375,102.62109375,-1.0,-1.0
296.56097412109375,102.62109375,291.1463317871094,114.30078125,283.0243835449219,113.40234375,275.80487060546875,126.87890625,-1.0,-1.0,299.2682800292969,115.19921875,305.5853576660156,116.09765625,302.8780517578125,106.21484375,286.6341552734375,143.05078125,287.5365905761719,164.61328125,288.43902587890625,185.27734375,297.4634094238281,142.15234375,297.4634094238281,164.61328125,295.6585388183594,183.48046875,294.756103515625,100.82421875,297.4634094238281,101.72265625,290.243896484375,101.72265625,299.2682800292969,103.51953125
296.3529357910156,102.62109375,291.8823547363281,114.30078125,283.8352966308594,113.40234375,277.57647705078125,128.67578125,-1.0,-1.0,299.0352783203125,115.19921875,299.0352783203125,129.57421875,301.7176513671875,140.35546875,286.51763916015625,143.94921875,287.4117736816406,166.41015625,288.3058776855469,185.27734375,297.2470703125,143.05078125,298.14117431640625,167.30859375,296.3529357910156,185.27734375,295.4588317871094,99.92578125,299.0352783203125,100.82421875,290.98822021484375,100.82421875,300.8235168457031,103.51953125
296.862060546875,102.62109375,292.3793029785156,114.30078125,284.3103332519531,113.40234375,278.03448486328125,129.57421875,-1.0,-1.0,300.4482727050781,115.19921875,300.4482727050781,128.67578125,302.24139404296875,143.05078125,287.89654541015625,143.94921875,287.89654541015625,165.51171875,288.7930908203125,185.27734375,298.6551818847656,143.05078125,298.6551818847656,165.51171875,298.6551818847656,184.37890625,295.0689697265625,99.92578125,299.5517272949219,101.72265625,291.4827575683594,101.72265625,301.3448181152344,103.51953125
297.862060546875,102.62109375,293.3793029785156,114.30078125,285.3103332519531,113.40234375,278.137939453125,127.77734375,279.9310302734375,141.25390625,301.4482727050781,115.19921875,300.5517272949219,127.77734375,-1.0,-1.0,288.0,143.94921875,288.89654541015625,164.61328125,288.0,184.37890625,298.75860595703125,143.05078125,298.75860595703125,164.61328125,299.6551818847656,182.58203125,296.0689697265625,99.92578125,299.6551818847656,101.72265625,292.4827575683594,101.72265625,302.3448181152344,103.51953125
298.37078857421875,102.62109375,294.7752685546875,113.40234375,285.7865295410156,112.50390625,278.59552001953125,129.57421875,281.2921447753906,140.35546875,303.7640380859375,114.30078125,-1.0,-1.0,-1.0,-1.0,288.483154296875,143.94921875,288.483154296875,164.61328125,288.483154296875,185.27734375,300.1685485839844,143.05078125,300.1685485839844,163.71484375,299.2696533203125,182.58203125,296.5730285644531,99.92578125,301.0674133300781,100.82421875,292.9775390625,101.72265625,302.86517333984375,102.62109375
300.2696533203125,102.62109375,295.7752685546875,114.30078125,286.7865295410156,113.40234375,279.59552001953125,128.67578125,280.494384765625,139.45703125,304.7640380859375,115.19921875,303.86517333984375,128.67578125,-1.0,-1.0,289.483154296875,143.05078125,288.5842590332031,164.61328125,288.5842590332031,185.27734375,301.1685485839844,143.05078125,300.2696533203125,164.61328125,299.37078857421875,182.58203125,298.471923828125,100.82421875,302.0674133300781,101.72265625,293.9775390625,101.72265625,303.86517333984375,103.51953125
299.8791198730469,102.62109375,296.27471923828125,114.30078125,288.1648254394531,113.40234375,279.1538391113281,128.67578125,279.1538391113281,138.55859375,305.28570556640625,115.19921875,303.4835205078125,128.67578125,-1.0,-1.0,289.967041015625,143.05078125,289.0659484863281,164.61328125,288.1648254394531,184.37890625,301.6813049316406,143.05078125,300.78021240234375,164.61328125,298.97802734375,182.58203125,298.97802734375,100.82421875,302.5824279785156,101.72265625,294.4725341796875,101.72265625,303.4835205078125,103.51953125
301.2903137207031,102.62109375,296.7742004394531,113.40234375,288.6451721191406,113.40234375,279.6129150390625,128.67578125,279.6129150390625,138.55859375,305.80645751953125,115.19921875,307.6129150390625,127.77734375,-1.0,-1.0,290.45159912109375,143.05078125,289.54840087890625,164.61328125,288.6451721191406,184.37890625,302.19354248046875,143.05078125,301.2903137207031,164.61328125,301.2903137207031,184.37890625,299.4838562011719,100.82421875,303.0967712402344,101.72265625,294.9677429199219,101.72265625,304.0,103.51953125
302.2903137207031,102.62109375,298.67742919921875,114.30078125,288.741943359375,113.40234375,279.7096862792969,129.57421875,279.7096862792969,138.55859375,307.7096862792969,115.19921875,312.2257995605469,131.37109375,311.32257080078125,139.45703125,291.45159912109375,143.94921875,290.54840087890625,164.61328125,289.6451721191406,185.27734375,304.0967712402344,143.05078125,303.19354248046875,163.71484375,302.2903137207031,185.27734375,300.4838562011719,99.92578125,304.0967712402344,100.82421875,295.9677429199219,101.72265625,305.9032287597656,102.62109375
301.6354064941406,102.62109375,299.84375,114.30078125,289.9895935058594,112.50390625,281.9270935058594,128.67578125,281.03125,139.45703125,308.8020935058594,115.19921875,312.3854064941406,129.57421875,313.28125,138.55859375,291.78125,143.94921875,295.3645935058594,164.61328125,-1.0,-1.0,305.21875,143.05078125,305.21875,163.71484375,302.53125,185.27734375,300.7395935058594,99.92578125,304.3229064941406,100.82421875,296.2604064941406,101.72265625,306.1145935058594,102.62109375
303.53125,102.62109375,300.84375,114.30078125,290.9895935058594,112.50390625,282.9270935058594,128.67578125,281.1354064941406,138.55859375,310.6979064941406,115.19921875,313.3854064941406,129.57421875,312.4895935058594,140.35546875,292.78125,143.05078125,291.8854064941406,163.71484375,290.09375,185.27734375,305.3229064941406,143.05078125,304.4270935058594,163.71484375,301.7395935058594,184.37890625,301.7395935058594,99.92578125,305.3229064941406,101.72265625,297.2604064941406,101.72265625,307.1145935058594,102.62109375
303.1428527832031,102.62109375,301.346923828125,113.40234375,291.4693908691406,112.50390625,284.28570556640625,126.87890625,282.48980712890625,137.66015625,310.3265380859375,114.30078125,314.8163146972656,126.87890625,315.71429443359375,136.76171875,294.16326904296875,142.15234375,295.95916748046875,162.81640625,291.4693908691406,183.48046875,305.83673095703125,142.15234375,305.83673095703125,161.91796875,307.6326599121094,183.48046875,301.346923828125,99.92578125,305.83673095703125,100.82421875,297.7550964355469,101.72265625,307.6326599121094,102.62109375
305.0408020019531,101.72265625,301.448974609375,113.40234375,291.5714416503906,112.50390625,285.28570556640625,127.77734375,284.38775634765625,137.66015625,310.4285583496094,114.30078125,315.8163146972656,126.87890625,318.51019287109375,135.86328125,295.16326904296875,142.15234375,294.26531982421875,161.91796875,292.4693908691406,181.68359375,307.73468017578125,142.15234375,306.83673095703125,161.91796875,308.6326599121094,178.98828125,303.2449035644531,99.92578125,306.83673095703125,100.82421875,298.7550964355469,101.72265625,307.73468017578125,101.72265625
305.54998779296875,102.62109375,302.8500061035156,112.50390625,292.95001220703125,112.50390625,284.8500061035156,127.77734375,284.8500061035156,136.76171875,311.8500061035156,112.50390625,318.1499938964844,125.98046875,315.45001220703125,135.86328125,296.54998779296875,143.05078125,297.45001220703125,162.81640625,297.45001220703125,185.27734375,309.1499938964844,142.15234375,307.3500061035156,161.91796875,304.6499938964844,185.27734375,303.75,100.82421875,307.3500061035156,100.82421875,300.1499938964844,101.72265625,309.1499938964844,101.72265625
305.1568603515625,101.72265625,303.3529357910156,112.50390625,293.4313659667969,112.50390625,285.313720703125,127.77734375,283.5097961425781,135.86328125,312.37255859375,112.50390625,319.5882263183594,125.08203125,315.98040771484375,134.96484375,297.0392150878906,142.15234375,297.0392150878906,162.81640625,297.941162109375,185.27734375,309.6666564941406,141.25390625,307.86273193359375,161.91796875,305.1568603515625,184.37890625,303.3529357910156,99.92578125,306.9607849121094,99.92578125,299.7450866699219,101.72265625,308.76470947265625,101.72265625
302.54901123046875,100.82421875,304.3529357910156,111.60546875,293.5294189453125,112.50390625,285.4117736816406,126.87890625,285.4117736816406,135.86328125,315.1764831542969,111.60546875,318.7843017578125,126.87890625,316.07843017578125,136.76171875,297.13726806640625,142.15234375,298.941162109375,163.71484375,299.8431396484375,185.27734375,309.76470947265625,142.15234375,307.9607849121094,162.81640625,307.058837890625,184.37890625,301.6470642089844,99.02734375,305.2549133300781,99.92578125,298.941162109375,99.92578125,310.6666564941406,100.82421875
302.3809509277344,100.82421875,304.1714172363281,111.60546875,293.4285583496094,111.60546875,286.26666259765625,126.87890625,285.3714294433594,137.66015625,314.01904296875,111.60546875,316.70477294921875,126.87890625,316.70477294921875,139.45703125,297.9047546386719,141.25390625,297.009521484375,161.91796875,294.3238220214844,182.58203125,309.5428466796875,141.25390625,308.6476135253906,161.91796875,305.9619140625,183.48046875,301.4857177734375,99.02734375,305.0666809082031,99.02734375,298.79998779296875,99.02734375,309.5428466796875,100.82421875
304.1714172363281,101.72265625,303.27618408203125,112.50390625,294.3238220214844,111.60546875,287.1618957519531,126.87890625,285.3714294433594,135.86328125,312.22857666015625,112.50390625,314.9142761230469,127.77734375,315.80950927734375,138.55859375,297.9047546386719,141.25390625,297.9047546386719,162.81640625,295.21905517578125,180.78515625,309.5428466796875,141.25390625,308.6476135253906,161.91796875,305.0666809082031,183.48046875,302.3809509277344,99.02734375,305.9619140625,99.92578125,299.69525146484375,100.82421875,309.5428466796875,101.72265625
305.9619140625,100.82421875,303.27618408203125,113.40234375,294.3238220214844,112.50390625,287.1618957519531,126.87890625,286.26666259765625,135.86328125,312.22857666015625,114.30078125,315.80950927734375,128.67578125,317.6000061035156,135.86328125,297.9047546386719,141.25390625,298.79998779296875,161.01953125,295.21905517578125,181.68359375,308.6476135253906,141.25390625,309.5428466796875,161.01953125,307.75238037109375,179.88671875,304.1714172363281,99.02734375,307.75238037109375,99.02734375,301.4857177734375,100.82421875,310.4381103515625,101.72265625
306.8571472167969,101.72265625,304.1714172363281,112.50390625,295.21905517578125,111.60546875,288.05712890625,126.87890625,287.1618957519531,134.96484375,312.22857666015625,113.40234375,316.70477294921875,130.47265625,319.3904724121094,144.84765625,297.9047546386719,141.25390625,298.79998779296875,161.91796875,297.9047546386719,182.58203125,309.5428466796875,140.35546875,309.5428466796875,161.01953125,312.22857666015625,178.08984375,304.1714172363281,99.02734375,308.6476135253906,99.92578125,301.4857177734375,100.82421875,310.4381103515625,101.72265625
305.9619140625,101.72265625,304.1714172363281,113.40234375,295.21905517578125,112.50390625,288.05712890625,127.77734375,288.05712890625,139.45703125,312.22857666015625,114.30078125,318.4952392578125,133.16796875,322.0762023925781,146.64453125,297.009521484375,141.25390625,297.9047546386719,161.01953125,296.1142883300781,180.78515625,308.6476135253906,141.25390625,309.5428466796875,161.01953125,312.22857666015625,178.98828125,304.1714172363281,99.02734375,307.75238037109375,99.02734375,302.3809509277344,101.72265625,310.4381103515625,101.72265625
305.0666809082031,101.72265625,304.1714172363281,112.50390625,295.21905517578125,112.50390625,288.952392578125,126.87890625,287.1618957519531,136.76171875,313.1238098144531,113.40234375,318.4952392578125,132.26953125,320.28570556640625,135.86328125,297.009521484375,141.25390625,299.69525146484375,161.91796875,298.79998779296875,184.37890625,309.5428466796875,140.35546875,309.5428466796875,161.01953125,309.5428466796875,181.68359375,304.1714172363281,99.02734375,306.8571472167969,99.92578125,303.27618408203125,100.82421875,309.5428466796875,100.82421875
