466.8311767578125,72.67578125,475.24676513671875,90.85546875,461.22076416015625,92.25390625,457.01300048828125,111.83203125,472.4415588378906,109.03515625,490.6753234863281,89.45703125,493.48052978515625,111.83203125,472.4415588378906,107.63671875,465.4285583496094,134.20703125,466.8311767578125,169.16796875,468.2337646484375,201.33203125,483.662353515625,132.80859375,483.662353515625,169.16796875,485.06494140625,202.73046875,465.4285583496094,71.27734375,469.6363525390625,69.87890625,-1.0,-1.0,478.05194091796875,72.67578125
465.4285583496094,72.67578125,475.24676513671875,89.45703125,461.22076416015625,90.85546875,455.6103820800781,110.43359375,471.0389709472656,109.03515625,489.2727355957031,89.45703125,492.0779113769531,113.23046875,472.4415588378906,109.03515625,464.0259704589844,134.20703125,465.4285583496094,169.16796875,468.2337646484375,201.33203125,483.662353515625,132.80859375,482.2597351074219,169.16796875,483.662353515625,202.73046875,465.4285583496094,71.27734375,468.2337646484375,69.87890625,-1.0,-1.0,476.64935302734375,71.27734375
464.0259704589844,71.390625,473.8441467285156,89.671875,459.81817626953125,91.078125,452.8052062988281,112.171875,466.8311767578125,109.359375,487.8701171875,88.265625,490.6753234863281,113.578125,471.0389709472656,107.953125,462.6233825683594,134.671875,464.0259704589844,168.421875,466.8311767578125,200.765625,482.2597351074219,133.265625,482.2597351074219,168.421875,483.662353515625,202.171875,464.0259704589844,69.984375,466.8311767578125,69.984375,-1.0,-1.0,475.24676513671875,71.390625
462.6233825683594,71.390625,472.4415588378906,89.671875,458.41558837890625,91.078125,452.8052062988281,112.171875,466.8311767578125,109.359375,486.467529296875,89.671875,490.6753234863281,113.578125,469.6363525390625,109.359375,462.6233825683594,134.671875,464.0259704589844,169.828125,466.8311767578125,200.765625,480.8571472167969,133.265625,480.8571472167969,168.421875,482.2597351074219,200.765625,461.22076416015625,68.578125,465.4285583496094,68.578125,-1.0,-1.0,473.8441467285156,71.390625
462.6233825683594,71.390625,472.4415588378906,89.671875,457.01300048828125,91.078125,452.8052062988281,112.171875,465.4285583496094,109.359375,486.467529296875,89.671875,489.2727355957031,112.171875,469.6363525390625,107.953125,462.6233825683594,133.265625,464.0259704589844,168.421875,466.8311767578125,199.359375,480.8571472167969,133.265625,480.8571472167969,168.421875,480.8571472167969,200.765625,461.22076416015625,69.984375,464.0259704589844,68.578125,-1.0,-1.0,473.8441467285156,71.390625
461.69232177734375,71.390625,472.974365234375,89.671875,457.4615478515625,91.078125,451.8205261230469,110.765625,464.5128173828125,109.359375,487.0769348144531,89.671875,489.8974304199219,112.171875,470.1538391113281,107.953125,461.69232177734375,134.671875,464.5128173828125,168.421875,465.9230651855469,200.765625,480.025634765625,133.265625,480.025634765625,167.015625,482.8461608886719,200.765625,460.28204345703125,69.984375,464.5128173828125,68.578125,-1.0,-1.0,472.974365234375,71.390625
460.28204345703125,71.390625,471.5640869140625,89.671875,456.05126953125,91.078125,450.4102478027344,110.765625,464.5128173828125,107.953125,487.0769348144531,89.671875,487.0769348144531,112.171875,470.1538391113281,106.546875,461.69232177734375,134.671875,463.1025695800781,168.421875,464.5128173828125,200.765625,478.6153869628906,133.265625,480.025634765625,168.421875,481.4359130859375,202.171875,458.8717956542969,69.984375,463.1025695800781,68.578125,-1.0,-1.0,471.5640869140625,71.390625
460.28204345703125,71.390625,471.5640869140625,89.671875,456.05126953125,91.078125,451.8205261230469,110.765625,464.5128173828125,107.953125,487.0769348144531,89.671875,487.0769348144531,112.171875,470.1538391113281,106.546875,461.69232177734375,134.671875,463.1025695800781,168.421875,464.5128173828125,200.765625,478.6153869628906,133.265625,480.025634765625,168.421875,481.4359130859375,202.171875,458.8717956542969,69.984375,463.1025695800781,68.578125,-1.0,-1.0,471.5640869140625,71.390625
460.28204345703125,71.390625,470.1538391113281,89.671875,456.05126953125,91.078125,451.8205261230469,110.765625,464.5128173828125,107.953125,485.6666564941406,89.671875,485.6666564941406,112.171875,467.3333435058594,106.546875,461.69232177734375,133.265625,463.1025695800781,168.421875,464.5128173828125,202.171875,478.6153869628906,133.265625,480.025634765625,167.015625,481.4359130859375,203.578125,458.8717956542969,69.984375,463.1025695800781,68.578125,-1.0,-1.0,471.5640869140625,69.984375
458.8717956542969,71.390625,470.1538391113281,89.671875,456.05126953125,89.671875,450.4102478027344,110.765625,463.1025695800781,107.953125,485.6666564941406,89.671875,485.6666564941406,112.171875,468.74359130859375,106.546875,460.28204345703125,133.265625,461.69232177734375,167.015625,463.1025695800781,200.765625,478.6153869628906,131.859375,478.6153869628906,167.015625,477.20513916015625,203.578125,458.8717956542969,69.984375,461.69232177734375,68.578125,-1.0,-1.0,471.5640869140625,71.390625
458.8717956542969,71.390625,470.1538391113281,89.671875,454.6410217285156,91.078125,450.4102478027344,110.765625,463.1025695800781,107.953125,485.6666564941406,89.671875,485.6666564941406,112.171875,467.3333435058594,105.140625,460.28204345703125,133.265625,461.69232177734375,167.015625,461.69232177734375,200.765625,478.6153869628906,133.265625,478.6153869628906,168.421875,477.20513916015625,202.171875,458.8717956542969,69.984375,461.69232177734375,68.578125,-1.0,-1.0,471.5640869140625,71.390625
458.8717956542969,71.390625,470.1538391113281,89.671875,453.23077392578125,89.671875,450.4102478027344,110.765625,463.1025695800781,107.953125,485.6666564941406,89.671875,485.6666564941406,112.171875,467.3333435058594,105.140625,460.28204345703125,134.671875,463.1025695800781,168.421875,463.1025695800781,202.171875,478.6153869628906,133.265625,478.6153869628906,168.421875,478.6153869628906,202.171875,458.8717956542969,69.984375,461.69232177734375,68.578125,-1.0,-1.0,470.1538391113281,69.984375
457.4615478515625,71.390625,470.1538391113281,89.671875,453.23077392578125,89.671875,450.4102478027344,110.765625,461.69232177734375,107.953125,485.6666564941406,89.671875,485.6666564941406,112.171875,465.9230651855469,106.546875,460.28204345703125,133.265625,461.69232177734375,168.421875,463.1025695800781,200.765625,478.6153869628906,133.265625,475.79486083984375,167.015625,477.20513916015625,200.765625,458.8717956542969,69.984375,460.28204345703125,68.578125,-1.0,-1.0,468.74359130859375,69.984375
457.4615478515625,71.390625,470.1538391113281,89.671875,453.23077392578125,89.671875,450.4102478027344,110.765625,463.1025695800781,107.953125,485.6666564941406,89.671875,485.6666564941406,112.171875,465.9230651855469,106.546875,460.28204345703125,133.265625,461.69232177734375,168.421875,461.69232177734375,200.765625,478.6153869628906,133.265625,475.79486083984375,168.421875,475.79486083984375,202.171875,458.8717956542969,69.984375,460.28204345703125,68.578125,-1.0,-1.0,468.74359130859375,69.984375
457.4615478515625,71.390625,470.1538391113281,89.671875,453.23077392578125,91.078125,450.4102478027344,112.171875,458.8717956542969,109.359375,485.6666564941406,89.671875,488.4871826171875,112.171875,470.1538391113281,107.953125,460.28204345703125,134.671875,461.69232177734375,169.828125,463.1025695800781,202.171875,478.6153869628906,134.671875,474.3846130371094,169.828125,475.79486083984375,203.578125,-1.0,-1.0,458.8717956542969,69.984375,-1.0,-1.0,468.74359130859375,71.390625
457.4615478515625,71.390625,470.1538391113281,89.671875,454.6410217285156,91.078125,450.4102478027344,110.765625,458.8717956542969,109.359375,485.6666564941406,88.265625,487.0769348144531,110.765625,468.74359130859375,107.953125,460.28204345703125,134.671875,461.69232177734375,169.828125,464.5128173828125,203.578125,478.6153869628906,133.265625,474.3846130371094,169.828125,475.79486083984375,203.578125,-1.0,-1.0,458.8717956542969,68.578125,-1.0,-1.0,468.74359130859375,69.984375
457.4615478515625,71.390625,470.1538391113281,89.671875,454.6410217285156,91.078125,450.4102478027344,110.765625,458.8717956542969,109.359375,485.6666564941406,88.265625,487.0769348144531,110.765625,467.3333435058594,107.953125,460.28204345703125,134.671875,461.69232177734375,169.828125,461.69232177734375,202.171875,478.6153869628906,133.265625,474.3846130371094,171.234375,475.79486083984375,204.984375,-1.0,-1.0,458.8717956542969,68.578125,-1.0,-1.0,468.74359130859375,69.984375
457.4615478515625,71.390625,470.1538391113281,89.671875,453.23077392578125,91.078125,450.4102478027344,110.765625,458.8717956542969,109.359375,484.25640869140625,88.265625,487.0769348144531,110.765625,467.3333435058594,107.953125,460.28204345703125,134.671875,461.69232177734375,169.828125,461.69232177734375,202.171875,478.6153869628906,133.265625,474.3846130371094,169.828125,474.3846130371094,204.984375,-1.0,-1.0,458.8717956542969,68.578125,-1.0,-1.0,468.74359130859375,69.984375
457.4615478515625,71.390625,470.1538391113281,89.671875,453.23077392578125,91.078125,451.8205261230469,110.765625,457.4615478515625,107.953125,484.25640869140625,88.265625,488.4871826171875,110.765625,470.1538391113281,109.359375,460.28204345703125,134.671875,461.69232177734375,171.234375,461.69232177734375,203.578125,478.6153869628906,134.671875,474.3846130371094,171.234375,474.3846130371094,204.984375,-1.0,-1.0,458.8717956542969,68.578125,-1.0,-1.0,468.74359130859375,69.984375
456.4615478515625,71.390625,469.1538391113281,88.265625,455.05126953125,89.671875,450.8205261230469,110.765625,457.8717956542969,109.359375,484.6666564941406,88.265625,487.4871826171875,110.765625,467.74359130859375,107.953125,460.69232177734375,133.265625,460.69232177734375,169.828125,460.69232177734375,202.171875,477.6153869628906,133.265625,474.79486083984375,169.828125,473.3846130371094,203.578125,-1.0,-1.0,459.28204345703125,68.578125,-1.0,-1.0,469.1538391113281,69.984375
456.4615478515625,71.390625,470.5640869140625,88.265625,455.05126953125,89.671875,450.8205261230469,109.359375,456.4615478515625,107.953125,484.6666564941406,88.265625,487.4871826171875,110.765625,469.1538391113281,107.953125,460.69232177734375,133.265625,460.69232177734375,168.421875,460.69232177734375,200.765625,477.6153869628906,133.265625,474.79486083984375,169.828125,473.3846130371094,203.578125,-1.0,-1.0,459.28204345703125,68.578125,-1.0,-1.0,469.1538391113281,69.984375
456.4615478515625,71.390625,470.5640869140625,88.265625,455.05126953125,89.671875,450.8205261230469,110.765625,457.8717956542969,107.953125,484.6666564941406,88.265625,488.8974304199219,109.359375,470.5640869140625,107.953125,460.69232177734375,133.265625,460.69232177734375,168.421875,460.69232177734375,200.765625,477.6153869628906,133.265625,474.79486083984375,168.421875,473.3846130371094,202.171875,-1.0,-1.0,459.28204345703125,68.578125,-1.0,-1.0,469.1538391113281,69.984375
456.4615478515625,71.390625,470.5640869140625,88.265625,455.05126953125,89.671875,450.8205261230469,110.765625,457.8717956542969,107.953125,484.6666564941406,88.265625,487.4871826171875,109.359375,469.1538391113281,106.546875,459.28204345703125,133.265625,460.69232177734375,167.015625,459.28204345703125,200.765625,477.6153869628906,133.265625,474.79486083984375,168.421875,471.974365234375,202.171875,-1.0,-1.0,459.28204345703125,68.578125,-1.0,-1.0,469.1538391113281,69.984375
456.4615478515625,71.390625,470.5640869140625,88.265625,456.4615478515625,89.671875,450.8205261230469,110.765625,457.8717956542969,107.953125,484.6666564941406,88.265625,487.4871826171875,109.359375,467.74359130859375,106.546875,459.28204345703125,133.265625,460.69232177734375,167.015625,459.28204345703125,200.765625,477.6153869628906,133.265625,474.79486083984375,168.421875,471.974365234375,202.171875,-1.0,-1.0,459.28204345703125,68.578125,-1.0,-1.0,469.1538391113281,69.984375
456.4615478515625,71.390625,470.5640869140625,88.265625,456.4615478515625,89.671875,452.23077392578125,110.765625,456.4615478515625,107.953125,484.6666564941406,88.265625,487.4871826171875,109.359375,467.74359130859375,105.140625,459.28204345703125,133.265625,460.69232177734375,168.421875,459.28204345703125,200.765625,477.6153869628906,133.265625,474.79486083984375,169.828125,471.974365234375,202.171875,-1.0,-1.0,460.69232177734375,67.171875,-1.0,-1.0,469.1538391113281,69.984375
457.8717956542969,69.984375,470.5640869140625,88.265625,456.4615478515625,89.671875,452.23077392578125,112.171875,-1.0,-1.0,484.6666564941406,88.265625,487.4871826171875,109.359375,467.74359130859375,105.140625,459.28204345703125,134.671875,460.69232177734375,168.421875,459.28204345703125,202.171875,477.6153869628906,133.265625,474.79486083984375,169.828125,470.5640869140625,202.171875,-1.0,-1.0,460.69232177734375,67.171875,-1.0,-1.0,469.1538391113281,69.984375
457.8717956542969,71.390625,470.5640869140625,88.265625,456.4615478515625,89.671875,450.8205261230469,110.765625,456.4615478515625,107.953125,484.6666564941406,88.265625,487.4871826171875,109.359375,467.74359130859375,105.140625,459.28204345703125,133.265625,460.69232177734375,168.421875,460.69232177734375,200.765625,477.6153869628906,133.265625,474.79486083984375,169.828125,471.974365234375,202.171875,-1.0,-1.0,460.69232177734375,67.171875,-1.0,-1.0,469.1538391113281,69.984375
457.8717956542969,71.390625,470.5640869140625,88.265625,456.4615478515625,91.078125,449.4102478027344,112.171875,457.8717956542969,107.953125,484.6666564941406,88.265625,487.4871826171875,109.359375,466.3333435058594,105.140625,459.28204345703125,134.671875,460.69232177734375,168.421875,460.69232177734375,200.765625,477.6153869628906,133.265625,474.79486083984375,169.828125,470.5640869140625,202.171875,-1.0,-1.0,460.69232177734375,67.171875,-1.0,-1.0,469.1538391113281,69.984375
457.8717956542969,71.390625,470.5640869140625,88.265625,456.4615478515625,91.078125,449.4102478027344,113.578125,457.8717956542969,107.953125,484.6666564941406,88.265625,487.4871826171875,109.359375,466.3333435058594,105.140625,459.28204345703125,134.671875,460.69232177734375,168.421875,460.69232177734375,200.765625,477.6153869628906,133.265625,474.79486083984375,168.421875,471.974365234375,202.171875,-1.0,-1.0,460.69232177734375,67.171875,-1.0,-1.0,469.1538391113281,69.984375
457.8717956542969,71.390625,470.5640869140625,88.265625,456.4615478515625,91.078125,449.4102478027344,113.578125,459.28204345703125,107.953125,484.6666564941406,88.265625,487.4871826171875,109.359375,466.3333435058594,105.140625,459.28204345703125,134.671875,460.69232177734375,168.421875,460.69232177734375,200.765625,477.6153869628906,133.265625,476.20513916015625,168.421875,471.974365234375,202.171875,456.4615478515625,69.984375,460.69232177734375,68.578125,-1.0,-1.0,469.1538391113281,69.984375
459.28204345703125,71.390625,470.5640869140625,89.671875,456.4615478515625,91.078125,450.8205261230469,114.984375,459.28204345703125,107.953125,484.6666564941406,88.265625,487.4871826171875,109.359375,466.3333435058594,105.140625,459.28204345703125,134.671875,460.69232177734375,168.421875,462.1025695800781,202.171875,477.6153869628906,133.265625,476.20513916015625,168.421875,471.974365234375,202.171875,457.8717956542969,69.984375,460.69232177734375,67.171875,-1.0,-1.0,470.5640869140625,69.984375
459.28204345703125,71.390625,470.5640869140625,89.671875,456.4615478515625,91.078125,449.4102478027344,116.390625,459.28204345703125,109.359375,484.6666564941406,88.265625,487.4871826171875,109.359375,466.3333435058594,105.140625,459.28204345703125,134.671875,460.69232177734375,169.828125,462.1025695800781,202.171875,477.6153869628906,133.265625,476.20513916015625,168.421875,473.3846130371094,203.578125,457.8717956542969,69.984375,460.69232177734375,67.171875,-1.0,-1.0,470.5640869140625,69.984375
459.28204345703125,70.08984375,470.5640869140625,88.47265625,456.4615478515625,91.30078125,449.4102478027344,115.33984375,457.8717956542969,109.68359375,484.6666564941406,87.05859375,488.8974304199219,109.68359375,466.3333435058594,105.44140625,460.69232177734375,133.72265625,460.69232177734375,169.07421875,462.1025695800781,201.59765625,477.6153869628906,133.72265625,474.79486083984375,169.07421875,473.3846130371094,203.01171875,457.8717956542969,70.08984375,462.1025695800781,67.26171875,-1.0,-1.0,470.5640869140625,70.08984375
459.28204345703125,70.08984375,470.5640869140625,88.47265625,456.4615478515625,91.30078125,450.8205261230469,115.33984375,457.8717956542969,111.09765625,484.6666564941406,87.05859375,488.8974304199219,109.68359375,466.3333435058594,105.44140625,460.69232177734375,133.72265625,460.69232177734375,169.07421875,462.1025695800781,201.59765625,477.6153869628906,133.72265625,474.79486083984375,169.07421875,471.974365234375,203.01171875,456.4615478515625,70.08984375,462.1025695800781,67.26171875,-1.0,-1.0,470.5640869140625,70.08984375
459.0506286621094,70.08984375,470.39239501953125,89.88671875,456.2151794433594,92.71484375,450.5443115234375,115.33984375,456.2151794433594,111.09765625,484.5696105957031,87.05859375,488.8227844238281,108.26953125,467.55694580078125,105.44140625,460.4683532714844,133.72265625,461.8860778808594,169.07421875,463.3038024902344,203.01171875,477.48101806640625,133.72265625,474.64556884765625,169.07421875,471.81011962890625,203.01171875,457.6329040527344,68.67578125,461.8860778808594,67.26171875,-1.0,-1.0,470.39239501953125,68.67578125
459.0506286621094,70.08984375,470.39239501953125,89.88671875,456.2151794433594,91.30078125,451.9620361328125,113.92578125,454.7974548339844,111.09765625,484.5696105957031,88.47265625,488.8227844238281,108.26953125,467.55694580078125,105.44140625,460.4683532714844,133.72265625,461.8860778808594,169.07421875,461.8860778808594,201.59765625,477.48101806640625,132.30859375,474.64556884765625,169.07421875,471.81011962890625,203.01171875,457.6329040527344,68.67578125,461.8860778808594,65.84765625,-1.0,-1.0,470.39239501953125,68.67578125
459.0506286621094,70.08984375,470.39239501953125,88.47265625,456.2151794433594,91.30078125,453.3797607421875,113.92578125,-1.0,-1.0,484.5696105957031,87.05859375,488.8227844238281,108.26953125,467.55694580078125,105.44140625,460.4683532714844,133.72265625,461.8860778808594,169.07421875,463.3038024902344,203.01171875,477.48101806640625,132.30859375,474.64556884765625,169.07421875,471.81011962890625,203.01171875,456.2151794433594,68.67578125,461.8860778808594,65.84765625,-1.0,-1.0,470.39239501953125,68.67578125
459.0506286621094,70.08984375,470.39239501953125,88.47265625,457.6329040527344,91.30078125,453.3797607421875,113.92578125,464.7215270996094,108.26953125,484.5696105957031,87.05859375,488.8227844238281,108.26953125,467.55694580078125,105.44140625,460.4683532714844,132.30859375,461.8860778808594,169.07421875,463.3038024902344,203.01171875,477.48101806640625,132.30859375,474.64556884765625,169.07421875,471.81011962890625,204.42578125,456.2151794433594,68.67578125,461.8860778808594,65.84765625,-1.0,-1.0,470.39239501953125,68.67578125
459.0506286621094,70.08984375,470.39239501953125,88.47265625,457.6329040527344,91.30078125,453.3797607421875,113.92578125,454.7974548339844,111.09765625,484.5696105957031,87.05859375,488.8227844238281,108.26953125,466.1392517089844,105.44140625,461.8860778808594,133.72265625,461.8860778808594,169.07421875,463.3038024902344,203.01171875,478.89874267578125,132.30859375,474.64556884765625,169.07421875,473.22784423828125,204.42578125,456.2151794433594,68.67578125,461.8860778808594,65.84765625,-1.0,-1.0,470.39239501953125,68.67578125
459.0506286621094,70.08984375,470.39239501953125,88.47265625,457.6329040527344,91.30078125,453.3797607421875,113.92578125,456.2151794433594,111.09765625,484.5696105957031,87.05859375,488.8227844238281,108.26953125,467.55694580078125,105.44140625,461.8860778808594,133.72265625,461.8860778808594,169.07421875,463.3038024902344,203.01171875,478.89874267578125,132.30859375,474.64556884765625,169.07421875,473.22784423828125,204.42578125,456.2151794433594,68.67578125,461.8860778808594,65.84765625,-1.0,-1.0,470.39239501953125,68.67578125
458.28204345703125,68.67578125,470.974365234375,88.47265625,458.28204345703125,91.30078125,454.05126953125,112.51171875,455.4615478515625,111.09765625,485.0769348144531,87.05859375,489.30767822265625,108.26953125,469.5640869140625,106.85546875,461.1025695800781,133.72265625,462.5128173828125,169.07421875,462.5128173828125,203.01171875,478.025634765625,132.30859375,475.20513916015625,169.07421875,473.79486083984375,203.01171875,-1.0,-1.0,461.1025695800781,65.84765625,-1.0,-1.0,469.5640869140625,68.67578125
458.28204345703125,68.67578125,470.974365234375,88.47265625,458.28204345703125,91.30078125,454.05126953125,112.51171875,455.4615478515625,111.09765625,485.0769348144531,87.05859375,489.30767822265625,108.26953125,469.5640869140625,106.85546875,461.1025695800781,132.30859375,462.5128173828125,169.07421875,462.5128173828125,201.59765625,478.025634765625,132.30859375,475.20513916015625,169.07421875,473.79486083984375,203.01171875,-1.0,-1.0,461.1025695800781,65.84765625,-1.0,-1.0,469.5640869140625,68.67578125
458.28204345703125,68.67578125,470.974365234375,88.47265625,458.28204345703125,91.30078125,455.4615478515625,112.51171875,454.05126953125,137.96484375,485.0769348144531,87.05859375,489.30767822265625,109.68359375,469.5640869140625,106.85546875,461.1025695800781,132.30859375,462.5128173828125,169.07421875,462.5128173828125,201.59765625,478.025634765625,132.30859375,475.20513916015625,169.07421875,472.3846130371094,204.42578125,-1.0,-1.0,461.1025695800781,65.84765625,-1.0,-1.0,469.5640869140625,68.67578125
458.28204345703125,68.67578125,470.974365234375,88.47265625,458.28204345703125,89.88671875,455.4615478515625,112.51171875,454.05126953125,137.96484375,485.0769348144531,87.05859375,489.30767822265625,109.68359375,469.5640869140625,106.85546875,461.1025695800781,132.30859375,462.5128173828125,169.07421875,462.5128173828125,201.59765625,478.025634765625,132.30859375,475.20513916015625,169.07421875,473.79486083984375,203.01171875,-1.0,-1.0,461.1025695800781,65.84765625,-1.0,-1.0,469.5640869140625,68.67578125
458.28204345703125,68.67578125,470.974365234375,88.47265625,458.28204345703125,89.88671875,455.4615478515625,112.51171875,455.4615478515625,136.55078125,485.0769348144531,87.05859375,489.30767822265625,109.68359375,469.5640869140625,106.85546875,461.1025695800781,132.30859375,462.5128173828125,169.07421875,462.5128173828125,201.59765625,479.4359130859375,132.30859375,475.20513916015625,169.07421875,472.3846130371094,203.01171875,-1.0,-1.0,461.1025695800781,65.84765625,-1.0,-1.0,469.5640869140625,68.67578125
458.28204345703125,68.67578125,470.974365234375,88.47265625,458.28204345703125,89.88671875,455.4615478515625,112.51171875,465.3333435058594,106.85546875,485.0769348144531,87.05859375,489.30767822265625,109.68359375,469.5640869140625,106.85546875,461.1025695800781,132.30859375,461.1025695800781,170.48828125,461.1025695800781,201.59765625,479.4359130859375,132.30859375,475.20513916015625,170.48828125,472.3846130371094,204.42578125,-1.0,-1.0,461.1025695800781,65.84765625,-1.0,-1.0,469.5640869140625,68.67578125
458.28204345703125,68.67578125,470.974365234375,88.47265625,459.69232177734375,89.88671875,455.4615478515625,112.51171875,465.3333435058594,106.85546875,483.6666564941406,87.05859375,489.30767822265625,109.68359375,468.1538391113281,106.85546875,462.5128173828125,132.30859375,461.1025695800781,169.07421875,461.1025695800781,201.59765625,479.4359130859375,132.30859375,475.20513916015625,169.07421875,472.3846130371094,203.01171875,-1.0,-1.0,461.1025695800781,65.84765625,-1.0,-1.0,469.5640869140625,68.67578125
458.28204345703125,68.67578125,470.974365234375,88.47265625,458.28204345703125,89.88671875,455.4615478515625,112.51171875,463.9230651855469,106.85546875,483.6666564941406,87.05859375,489.30767822265625,109.68359375,468.1538391113281,106.85546875,462.5128173828125,132.30859375,462.5128173828125,169.07421875,461.1025695800781,201.59765625,479.4359130859375,132.30859375,475.20513916015625,169.07421875,472.3846130371094,203.01171875,-1.0,-1.0,461.1025695800781,65.84765625,-1.0,-1.0,469.5640869140625,68.67578125
458.0506286621094,68.67578125,472.22784423828125,88.47265625,459.4683532714844,89.88671875,456.6329040527344,111.09765625,463.7215270996094,106.85546875,483.5696105957031,87.05859375,489.2405090332031,109.68359375,467.97467041015625,106.85546875,462.3038024902344,132.30859375,462.3038024902344,169.07421875,462.3038024902344,201.59765625,479.31646728515625,132.30859375,476.48101806640625,169.07421875,472.22784423828125,203.01171875,-1.0,-1.0,460.8860778808594,65.84765625,-1.0,-1.0,469.39239501953125,68.67578125
458.0506286621094,68.67578125,472.22784423828125,88.47265625,459.4683532714844,89.88671875,456.6329040527344,111.09765625,465.1392517089844,106.85546875,483.5696105957031,87.05859375,489.2405090332031,109.68359375,466.55694580078125,106.85546875,462.3038024902344,132.30859375,462.3038024902344,169.07421875,462.3038024902344,201.59765625,479.31646728515625,132.30859375,476.48101806640625,169.07421875,472.22784423828125,203.01171875,-1.0,-1.0,460.8860778808594,65.84765625,-1.0,-1.0,469.39239501953125,68.67578125
458.0506286621094,68.67578125,472.22784423828125,88.47265625,459.4683532714844,89.88671875,456.6329040527344,112.51171875,462.3038024902344,108.26953125,483.5696105957031,87.05859375,489.2405090332031,108.26953125,467.97467041015625,106.85546875,462.3038024902344,132.30859375,462.3038024902344,169.07421875,462.3038024902344,201.59765625,479.31646728515625,132.30859375,476.48101806640625,169.07421875,473.64556884765625,203.01171875,-1.0,-1.0,460.8860778808594,65.84765625,-1.0,-1.0,469.39239501953125,68.67578125
458.0506286621094,68.67578125,472.22784423828125,88.47265625,459.4683532714844,91.30078125,456.6329040527344,112.51171875,456.6329040527344,108.26953125,483.5696105957031,85.64453125,489.2405090332031,108.26953125,467.97467041015625,106.85546875,462.3038024902344,132.30859375,462.3038024902344,169.07421875,462.3038024902344,201.59765625,479.31646728515625,132.30859375,476.48101806640625,169.07421875,473.64556884765625,203.01171875,-1.0,-1.0,460.8860778808594,65.84765625,-1.0,-1.0,469.39239501953125,67.26171875
458.0506286621094,68.67578125,472.22784423828125,87.05859375,460.8860778808594,89.88671875,456.6329040527344,113.92578125,456.6329040527344,108.26953125,482.1518859863281,85.64453125,489.2405090332031,108.26953125,466.55694580078125,106.85546875,462.3038024902344,132.30859375,462.3038024902344,169.07421875,462.3038024902344,201.59765625,479.31646728515625,132.30859375,476.48101806640625,169.07421875,473.64556884765625,203.01171875,-1.0,-1.0,460.8860778808594,65.84765625,-1.0,-1.0,469.39239501953125,67.26171875
458.0506286621094,68.67578125,472.22784423828125,87.05859375,460.8860778808594,91.30078125,456.6329040527344,113.92578125,456.6329040527344,109.68359375,482.1518859863281,85.64453125,489.2405090332031,108.26953125,467.97467041015625,106.85546875,462.3038024902344,133.72265625,462.3038024902344,169.07421875,462.3038024902344,201.59765625,479.31646728515625,132.30859375,476.48101806640625,169.07421875,472.22784423828125,203.01171875,-1.0,-1.0,460.8860778808594,65.84765625,-1.0,-1.0,469.39239501953125,68.67578125
458.0506286621094,68.67578125,472.22784423828125,87.05859375,460.8860778808594,89.88671875,456.6329040527344,113.92578125,458.0506286621094,106.85546875,482.1518859863281,85.64453125,489.2405090332031,108.26953125,466.55694580078125,105.44140625,462.3038024902344,133.72265625,462.3038024902344,169.07421875,462.3038024902344,201.59765625,477.89874267578125,132.30859375,476.48101806640625,169.07421875,472.22784423828125,203.01171875,-1.0,-1.0,460.8860778808594,65.84765625,-1.0,-1.0,469.39239501953125,67.26171875
458.0506286621094,68.67578125,472.22784423828125,87.05859375,460.8860778808594,89.88671875,456.6329040527344,113.92578125,458.0506286621094,108.26953125,482.1518859863281,85.64453125,489.2405090332031,108.26953125,466.55694580078125,105.44140625,462.3038024902344,132.30859375,462.3038024902344,169.07421875,462.3038024902344,201.59765625,477.89874267578125,132.30859375,476.48101806640625,169.07421875,473.64556884765625,203.01171875,-1.0,-1.0,460.8860778808594,65.84765625,-1.0,-1.0,469.39239501953125,67.26171875
458.0506286621094,68.67578125,472.22784423828125,87.05859375,462.3038024902344,89.88671875,456.6329040527344,113.92578125,458.0506286621094,109.68359375,482.1518859863281,85.64453125,489.2405090332031,106.85546875,466.55694580078125,105.44140625,462.3038024902344,132.30859375,462.3038024902344,169.07421875,462.3038024902344,201.59765625,479.31646728515625,132.30859375,476.48101806640625,167.66015625,472.22784423828125,203.01171875,-1.0,-1.0,460.8860778808594,65.84765625,-1.0,-1.0,469.39239501953125,67.26171875
458.0506286621094,68.67578125,472.22784423828125,87.05859375,462.3038024902344,89.88671875,455.2151794433594,113.92578125,458.0506286621094,109.68359375,482.1518859863281,85.64453125,489.2405090332031,106.85546875,466.55694580078125,105.44140625,463.7215270996094,132.30859375,462.3038024902344,169.07421875,460.8860778808594,201.59765625,479.31646728515625,132.30859375,476.48101806640625,169.07421875,472.22784423828125,203.01171875,-1.0,-1.0,460.8860778808594,65.84765625,-1.0,-1.0,469.39239501953125,67.26171875
458.0506286621094,68.67578125,472.22784423828125,87.05859375,460.8860778808594,89.88671875,455.2151794433594,115.33984375,456.6329040527344,109.68359375,482.1518859863281,85.64453125,489.2405090332031,106.85546875,466.55694580078125,105.44140625,462.3038024902344,132.30859375,462.3038024902344,169.07421875,462.3038024902344,201.59765625,479.31646728515625,132.30859375,476.48101806640625,169.07421875,472.22784423828125,203.01171875,-1.0,-1.0,460.8860778808594,65.84765625,-1.0,-1.0,469.39239501953125,67.26171875
458.0506286621094,69.1953125,472.22784423828125,87.6796875,460.8860778808594,90.5234375,455.2151794433594,114.6953125,456.6329040527344,109.0078125,482.1518859863281,84.8359375,489.2405090332031,107.5859375,466.55694580078125,104.7421875,462.3038024902344,133.1796875,462.3038024902344,168.7265625,460.8860778808594,201.4296875,477.89874267578125,133.1796875,475.06329345703125,168.7265625,472.22784423828125,202.8515625,-1.0,-1.0,460.8860778808594,66.3515625,-1.0,-1.0,469.39239501953125,67.7734375
458.0506286621094,69.1953125,472.22784423828125,87.6796875,460.8860778808594,90.5234375,455.2151794433594,116.1171875,456.6329040527344,109.0078125,482.1518859863281,84.8359375,489.2405090332031,107.5859375,466.55694580078125,104.7421875,462.3038024902344,133.1796875,462.3038024902344,168.7265625,462.3038024902344,201.4296875,477.89874267578125,131.7578125,475.06329345703125,168.7265625,472.22784423828125,202.8515625,-1.0,-1.0,460.8860778808594,66.3515625,-1.0,-1.0,469.39239501953125,67.7734375
458.8571472167969,69.1953125,471.71429443359375,87.6796875,458.8571472167969,91.9453125,454.5714416503906,116.1171875,456.0,109.0078125,483.1428527832031,84.8359375,488.8571472167969,107.5859375,467.4285583496094,106.1640625,463.1428527832031,133.1796875,461.71429443359375,167.3046875,460.28570556640625,201.4296875,478.8571472167969,131.7578125,476.0,168.7265625,471.71429443359375,202.8515625,-1.0,-1.0,460.28570556640625,66.3515625,-1.0,-1.0,468.8571472167969,67.7734375
457.9230651855469,69.30078125,470.8461608886719,87.88671875,457.9230651855469,92.17578125,453.6153869628906,117.91015625,456.4871826171875,110.76171875,482.3333435058594,86.45703125,489.5128173828125,107.90234375,467.974365234375,106.47265625,462.23077392578125,133.63671875,460.79486083984375,167.94921875,459.3589782714844,202.26171875,479.4615478515625,132.20703125,475.1538391113281,169.37890625,472.28204345703125,203.69140625,-1.0,-1.0,460.79486083984375,66.44140625,-1.0,-1.0,469.4102478027344,69.30078125
457.9230651855469,69.30078125,470.8461608886719,87.88671875,457.9230651855469,92.17578125,452.1794738769531,116.48046875,456.4871826171875,110.76171875,482.3333435058594,86.45703125,489.5128173828125,107.90234375,466.5384521484375,106.47265625,462.23077392578125,132.20703125,460.79486083984375,167.94921875,459.3589782714844,202.26171875,479.4615478515625,132.20703125,475.1538391113281,169.37890625,472.28204345703125,203.69140625,-1.0,-1.0,460.79486083984375,66.44140625,-1.0,-1.0,469.4102478027344,69.30078125
457.9230651855469,69.30078125,470.8461608886719,87.88671875,457.9230651855469,92.17578125,453.6153869628906,116.48046875,455.05126953125,110.76171875,482.3333435058594,86.45703125,489.5128173828125,107.90234375,466.5384521484375,106.47265625,462.23077392578125,132.20703125,462.23077392578125,167.94921875,460.79486083984375,202.26171875,479.4615478515625,132.20703125,475.1538391113281,169.37890625,472.28204345703125,203.69140625,-1.0,-1.0,460.79486083984375,66.44140625,-1.0,-1.0,469.4102478027344,69.30078125
457.9230651855469,69.30078125,470.8461608886719,87.88671875,457.9230651855469,92.17578125,452.1794738769531,113.62109375,455.05126953125,109.33203125,482.3333435058594,86.45703125,489.5128173828125,107.90234375,467.974365234375,106.47265625,462.23077392578125,132.20703125,462.23077392578125,169.37890625,460.79486083984375,202.26171875,479.4615478515625,132.20703125,475.1538391113281,169.37890625,472.28204345703125,203.69140625,-1.0,-1.0,460.79486083984375,66.44140625,-1.0,-1.0,469.4102478027344,69.30078125
457.9230651855469,69.30078125,470.8461608886719,87.88671875,457.9230651855469,92.17578125,452.1794738769531,115.05078125,455.05126953125,110.76171875,482.3333435058594,86.45703125,489.5128173828125,107.90234375,466.5384521484375,106.47265625,462.23077392578125,132.20703125,462.23077392578125,167.94921875,460.79486083984375,200.83203125,479.4615478515625,132.20703125,475.1538391113281,169.37890625,472.28204345703125,203.69140625,-1.0,-1.0,460.79486083984375,66.44140625,-1.0,-1.0,469.4102478027344,69.30078125
457.9230651855469,69.30078125,470.8461608886719,87.88671875,457.9230651855469,92.17578125,453.6153869628906,112.19140625,455.05126953125,109.33203125,483.76922607421875,86.45703125,488.0769348144531,107.90234375,466.5384521484375,106.47265625,463.6666564941406,132.20703125,462.23077392578125,167.94921875,460.79486083984375,200.83203125,479.4615478515625,132.20703125,475.1538391113281,169.37890625,472.28204345703125,203.69140625,-1.0,-1.0,460.79486083984375,66.44140625,-1.0,-1.0,469.4102478027344,69.30078125
457.9230651855469,69.30078125,470.8461608886719,87.88671875,457.9230651855469,92.17578125,453.6153869628906,113.62109375,455.05126953125,109.33203125,483.76922607421875,86.45703125,488.0769348144531,107.90234375,466.5384521484375,106.47265625,463.6666564941406,132.20703125,462.23077392578125,167.94921875,460.79486083984375,200.83203125,479.4615478515625,132.20703125,475.1538391113281,169.37890625,472.28204345703125,203.69140625,-1.0,-1.0,460.79486083984375,66.44140625,-1.0,-1.0,469.4102478027344,69.30078125
459.3589782714844,69.30078125,470.8461608886719,87.88671875,457.9230651855469,92.17578125,453.6153869628906,112.19140625,455.05126953125,109.33203125,483.76922607421875,86.45703125,488.0769348144531,107.90234375,466.5384521484375,105.04296875,463.6666564941406,132.20703125,462.23077392578125,167.94921875,460.79486083984375,200.83203125,479.4615478515625,132.20703125,475.1538391113281,167.94921875,472.28204345703125,203.69140625,-1.0,-1.0,462.23077392578125,66.44140625,-1.0,-1.0,469.4102478027344,69.30078125
459.3589782714844,69.30078125,470.8461608886719,87.88671875,459.3589782714844,92.17578125,453.6153869628906,115.05078125,455.05126953125,109.33203125,483.76922607421875,86.45703125,488.0769348144531,109.33203125,466.5384521484375,106.47265625,463.6666564941406,132.20703125,462.23077392578125,167.94921875,460.79486083984375,200.83203125,479.4615478515625,132.20703125,475.1538391113281,167.94921875,472.28204345703125,203.69140625,-1.0,-1.0,462.23077392578125,66.44140625,-1.0,-1.0,469.4102478027344,69.30078125
459.3589782714844,69.30078125,472.28204345703125,87.88671875,459.3589782714844,92.17578125,453.6153869628906,113.62109375,455.05126953125,109.33203125,483.76922607421875,86.45703125,488.0769348144531,107.90234375,466.5384521484375,106.47265625,463.6666564941406,132.20703125,462.23077392578125,167.94921875,460.79486083984375,200.83203125,479.4615478515625,132.20703125,475.1538391113281,167.94921875,472.28204345703125,203.69140625,-1.0,-1.0,462.23077392578125,66.44140625,-1.0,-1.0,469.4102478027344,69.30078125
459.3589782714844,69.30078125,472.28204345703125,87.88671875,459.3589782714844,90.74609375,452.1794738769531,110.76171875,455.05126953125,107.90234375,483.76922607421875,86.45703125,488.0769348144531,107.90234375,466.5384521484375,106.47265625,463.6666564941406,132.20703125,462.23077392578125,167.94921875,460.79486083984375,200.83203125,479.4615478515625,132.20703125,475.1538391113281,167.94921875,472.28204345703125,203.69140625,-1.0,-1.0,462.23077392578125,66.44140625,-1.0,-1.0,469.4102478027344,67.87109375
459.3589782714844,69.30078125,472.28204345703125,87.88671875,459.3589782714844,90.74609375,452.1794738769531,109.33203125,455.05126953125,107.90234375,483.76922607421875,86.45703125,488.0769348144531,107.90234375,466.5384521484375,106.47265625,463.6666564941406,132.20703125,462.23077392578125,167.94921875,460.79486083984375,202.26171875,479.4615478515625,132.20703125,475.1538391113281,167.94921875,472.28204345703125,203.69140625,-1.0,-1.0,462.23077392578125,66.44140625,-1.0,-1.0,469.4102478027344,67.87109375
459.3589782714844,69.30078125,472.28204345703125,87.88671875,460.79486083984375,90.74609375,453.6153869628906,110.76171875,455.05126953125,107.90234375,483.76922607421875,86.45703125,488.0769348144531,107.90234375,466.5384521484375,106.47265625,463.6666564941406,132.20703125,462.23077392578125,167.94921875,460.79486083984375,200.83203125,479.4615478515625,132.20703125,475.1538391113281,169.37890625,472.28204345703125,202.26171875,-1.0,-1.0,462.23077392578125,66.44140625,-1.0,-1.0,470.8461608886719,69.30078125
459.3589782714844,69.30078125,472.28204345703125,87.88671875,460.79486083984375,90.74609375,455.05126953125,110.76171875,455.05126953125,107.90234375,483.76922607421875,86.45703125,488.0769348144531,107.90234375,466.5384521484375,106.47265625,463.6666564941406,132.20703125,462.23077392578125,167.94921875,460.79486083984375,200.83203125,479.4615478515625,132.20703125,475.1538391113281,169.37890625,472.28204345703125,202.26171875,-1.0,-1.0,462.23077392578125,66.44140625,-1.0,-1.0,469.4102478027344,67.87109375
458.9624938964844,69.30078125,473.2124938964844,87.88671875,461.8125,89.31640625,456.11248779296875,110.76171875,453.26251220703125,103.61328125,483.1875,85.02734375,487.4624938964844,107.90234375,466.0874938964844,106.47265625,464.6625061035156,130.77734375,461.8125,169.37890625,461.8125,200.83203125,478.9125061035156,130.77734375,474.63751220703125,167.94921875,473.2124938964844,202.26171875,-1.0,-1.0,461.8125,66.44140625,-1.0,-1.0,470.36248779296875,69.30078125
458.9624938964844,69.30078125,473.2124938964844,87.88671875,463.23748779296875,89.31640625,454.6875,110.76171875,454.6875,105.04296875,483.1875,85.02734375,487.4624938964844,107.90234375,466.0874938964844,106.47265625,464.6625061035156,130.77734375,461.8125,169.37890625,461.8125,200.83203125,480.3374938964844,132.20703125,474.63751220703125,169.37890625,473.2124938964844,202.26171875,-1.0,-1.0,461.8125,65.01171875,-1.0,-1.0,470.36248779296875,67.87109375
458.9624938964844,69.30078125,473.2124938964844,87.88671875,463.23748779296875,89.31640625,456.11248779296875,110.76171875,-1.0,-1.0,483.1875,86.45703125,488.88751220703125,107.90234375,467.51251220703125,107.90234375,464.6625061035156,130.77734375,461.8125,169.37890625,463.23748779296875,202.26171875,478.9125061035156,132.20703125,474.63751220703125,169.37890625,473.2124938964844,202.26171875,-1.0,-1.0,461.8125,65.01171875,-1.0,-1.0,470.36248779296875,67.87109375
458.9624938964844,67.87109375,473.2124938964844,87.88671875,463.23748779296875,89.31640625,456.11248779296875,110.76171875,-1.0,-1.0,483.1875,86.45703125,488.88751220703125,107.90234375,467.51251220703125,107.90234375,464.6625061035156,130.77734375,461.8125,170.80859375,463.23748779296875,202.26171875,478.9125061035156,132.20703125,474.63751220703125,169.37890625,473.2124938964844,202.26171875,-1.0,-1.0,461.8125,65.01171875,-1.0,-1.0,470.36248779296875,67.87109375
458.9624938964844,67.87109375,473.2124938964844,87.88671875,463.23748779296875,89.31640625,454.6875,112.19140625,-1.0,-1.0,483.1875,86.45703125,488.88751220703125,107.90234375,467.51251220703125,106.47265625,464.6625061035156,130.77734375,461.8125,170.80859375,463.23748779296875,202.26171875,478.9125061035156,132.20703125,474.63751220703125,169.37890625,471.7875061035156,202.26171875,-1.0,-1.0,461.8125,65.01171875,-1.0,-1.0,470.36248779296875,67.87109375
458.9624938964844,67.87109375,473.2124938964844,86.45703125,463.23748779296875,87.88671875,454.6875,110.76171875,-1.0,-1.0,483.1875,86.45703125,488.88751220703125,107.90234375,468.9375,107.90234375,464.6625061035156,130.77734375,463.23748779296875,170.80859375,463.23748779296875,202.26171875,478.9125061035156,132.20703125,474.63751220703125,170.80859375,473.2124938964844,202.26171875,-1.0,-1.0,461.8125,65.01171875,-1.0,-1.0,470.36248779296875,67.87109375
459.79486083984375,67.87109375,474.1538391113281,86.45703125,464.1025695800781,87.88671875,-1.0,-1.0,-1.0,-1.0,482.76922607421875,85.02734375,489.94873046875,107.90234375,468.4102478027344,107.90234375,465.5384521484375,130.77734375,462.6666564941406,170.80859375,462.6666564941406,200.83203125,479.8974304199219,132.20703125,475.5897521972656,170.80859375,472.71795654296875,202.26171875,-1.0,-1.0,462.6666564941406,65.01171875,-1.0,-1.0,471.28204345703125,67.87109375
461.23077392578125,67.87109375,474.1538391113281,86.45703125,464.1025695800781,87.88671875,-1.0,-1.0,-1.0,-1.0,482.76922607421875,85.02734375,489.94873046875,107.90234375,466.974365234375,107.90234375,466.974365234375,129.34765625,462.6666564941406,170.80859375,462.6666564941406,200.83203125,479.8974304199219,130.77734375,474.1538391113281,172.23828125,472.71795654296875,202.26171875,-1.0,-1.0,464.1025695800781,65.01171875,-1.0,-1.0,471.28204345703125,67.87109375
461.23077392578125,67.87109375,474.1538391113281,86.45703125,464.1025695800781,87.88671875,-1.0,-1.0,-1.0,-1.0,482.76922607421875,85.02734375,489.94873046875,107.90234375,468.4102478027344,107.90234375,466.974365234375,129.34765625,462.6666564941406,172.23828125,462.6666564941406,202.26171875,479.8974304199219,130.77734375,475.5897521972656,173.66796875,472.71795654296875,203.69140625,-1.0,-1.0,464.1025695800781,65.01171875,-1.0,-1.0,471.28204345703125,67.87109375
461.23077392578125,67.87109375,474.1538391113281,86.45703125,464.1025695800781,87.88671875,-1.0,-1.0,-1.0,-1.0,482.76922607421875,85.02734375,489.94873046875,107.90234375,466.974365234375,107.90234375,466.974365234375,129.34765625,462.6666564941406,170.80859375,462.6666564941406,200.83203125,479.8974304199219,130.77734375,475.5897521972656,172.23828125,472.71795654296875,202.26171875,-1.0,-1.0,464.1025695800781,65.01171875,-1.0,-1.0,471.28204345703125,67.87109375
461.23077392578125,67.87109375,474.1538391113281,86.45703125,464.1025695800781,87.88671875,-1.0,-1.0,-1.0,-1.0,482.76922607421875,85.02734375,489.94873046875,107.90234375,466.974365234375,107.90234375,466.974365234375,129.34765625,462.6666564941406,170.80859375,462.6666564941406,200.83203125,479.8974304199219,130.77734375,475.5897521972656,170.80859375,472.71795654296875,202.26171875,-1.0,-1.0,464.1025695800781,65.01171875,-1.0,-1.0,471.28204345703125,67.87109375
461.23077392578125,67.87109375,474.1538391113281,86.45703125,464.1025695800781,87.88671875,-1.0,-1.0,-1.0,-1.0,482.76922607421875,85.02734375,489.94873046875,107.90234375,468.4102478027344,107.90234375,466.974365234375,129.34765625,462.6666564941406,170.80859375,462.6666564941406,202.26171875,479.8974304199219,130.77734375,475.5897521972656,172.23828125,471.28204345703125,202.26171875,-1.0,-1.0,464.1025695800781,65.01171875,-1.0,-1.0,471.28204345703125,67.87109375
461.23077392578125,67.87109375,474.1538391113281,86.45703125,464.1025695800781,87.88671875,-1.0,-1.0,-1.0,-1.0,482.76922607421875,85.02734375,489.94873046875,107.90234375,466.974365234375,107.90234375,466.974365234375,129.34765625,462.6666564941406,170.80859375,462.6666564941406,202.26171875,479.8974304199219,130.77734375,475.5897521972656,172.23828125,471.28204345703125,202.26171875,-1.0,-1.0,464.1025695800781,65.01171875,-1.0,-1.0,471.28204345703125,67.87109375
461.23077392578125,67.87109375,474.1538391113281,86.45703125,464.1025695800781,87.88671875,-1.0,-1.0,-1.0,-1.0,482.76922607421875,85.02734375,489.94873046875,107.90234375,466.974365234375,107.90234375,466.974365234375,129.34765625,462.6666564941406,172.23828125,462.6666564941406,202.26171875,481.3333435058594,129.34765625,475.5897521972656,172.23828125,471.28204345703125,203.69140625,-1.0,-1.0,464.1025695800781,65.01171875,-1.0,-1.0,471.28204345703125,67.87109375
460.8125,67.87109375,473.63751220703125,86.45703125,463.6625061035156,87.88671875,-1.0,-1.0,-1.0,-1.0,483.61248779296875,85.02734375,489.3125,107.90234375,467.9375,107.90234375,466.51251220703125,129.34765625,462.23748779296875,172.23828125,462.23748779296875,202.26171875,482.1875,129.34765625,475.0625,173.66796875,470.7875061035156,203.69140625,-1.0,-1.0,463.6625061035156,65.01171875,-1.0,-1.0,470.7875061035156,67.87109375
460.8125,69.30078125,473.63751220703125,86.45703125,463.6625061035156,87.88671875,-1.0,-1.0,-1.0,-1.0,483.61248779296875,85.02734375,489.3125,107.90234375,467.9375,107.90234375,466.51251220703125,129.34765625,462.23748779296875,172.23828125,462.23748779296875,202.26171875,482.1875,129.34765625,475.0625,173.66796875,472.2124938964844,203.69140625,-1.0,-1.0,463.6625061035156,66.44140625,-1.0,-1.0,470.7875061035156,67.87109375
461.0379638671875,69.40625,474.02532958984375,86.65625,463.9240417480469,88.09375,-1.0,-1.0,-1.0,-1.0,484.1265869140625,85.21875,488.4556884765625,108.21875,468.253173828125,108.21875,466.81011962890625,128.34375,462.48101806640625,172.90625,463.9240417480469,203.09375,481.2405090332031,129.78125,475.4683532714844,175.78125,472.582275390625,203.09375,-1.0,-1.0,463.9240417480469,66.53125,-1.0,-1.0,471.1392517089844,67.96875
461.0379638671875,69.40625,474.02532958984375,86.65625,462.48101806640625,89.53125,456.7088623046875,109.65625,-1.0,-1.0,484.1265869140625,85.21875,488.4556884765625,108.21875,468.253173828125,108.21875,466.81011962890625,128.34375,462.48101806640625,171.46875,463.9240417480469,201.65625,479.7974853515625,129.78125,476.911376953125,171.46875,472.582275390625,203.09375,-1.0,-1.0,463.9240417480469,66.53125,-1.0,-1.0,471.1392517089844,67.96875
461.0379638671875,69.40625,474.02532958984375,86.65625,463.9240417480469,88.09375,455.26580810546875,111.09375,-1.0,-1.0,482.68353271484375,85.21875,488.4556884765625,108.21875,466.81011962890625,106.78125,466.81011962890625,128.34375,462.48101806640625,170.03125,463.9240417480469,201.65625,479.7974853515625,129.78125,476.911376953125,171.46875,472.582275390625,203.09375,-1.0,-1.0,462.48101806640625,66.53125,-1.0,-1.0,471.1392517089844,67.96875
461.0379638671875,69.40625,474.02532958984375,86.65625,463.9240417480469,88.09375,456.7088623046875,109.65625,-1.0,-1.0,482.68353271484375,85.21875,488.4556884765625,109.65625,466.81011962890625,106.78125,466.81011962890625,128.34375,462.48101806640625,170.03125,462.48101806640625,201.65625,479.7974853515625,129.78125,476.911376953125,170.03125,472.582275390625,203.09375,-1.0,-1.0,462.48101806640625,66.53125,-1.0,-1.0,471.1392517089844,67.96875
461.0379638671875,69.40625,474.02532958984375,86.65625,463.9240417480469,88.09375,456.7088623046875,109.65625,-1.0,-1.0,482.68353271484375,85.21875,488.4556884765625,109.65625,466.81011962890625,106.78125,465.3670959472656,128.34375,463.9240417480469,170.03125,462.48101806640625,201.65625,479.7974853515625,129.78125,476.911376953125,171.46875,472.582275390625,203.09375,-1.0,-1.0,462.48101806640625,66.53125,-1.0,-1.0,471.1392517089844,67.96875
461.0379638671875,69.40625,474.02532958984375,86.65625,462.48101806640625,88.09375,456.7088623046875,109.65625,-1.0,-1.0,484.1265869140625,85.21875,488.4556884765625,109.65625,466.81011962890625,106.78125,465.3670959472656,129.78125,463.9240417480469,170.03125,463.9240417480469,201.65625,479.7974853515625,131.21875,478.35443115234375,170.03125,472.582275390625,203.09375,-1.0,-1.0,462.48101806640625,66.53125,-1.0,-1.0,471.1392517089844,67.96875
461.0379638671875,69.40625,474.02532958984375,86.65625,462.48101806640625,88.09375,455.26580810546875,109.65625,-1.0,-1.0,484.1265869140625,85.21875,488.4556884765625,109.65625,466.81011962890625,106.78125,465.3670959472656,129.78125,463.9240417480469,170.03125,463.9240417480469,201.65625,479.7974853515625,131.21875,478.35443115234375,170.03125,472.582275390625,203.09375,-1.0,-1.0,462.48101806640625,66.53125,-1.0,-1.0,471.1392517089844,67.96875
461.0379638671875,69.40625,474.02532958984375,86.65625,463.9240417480469,88.09375,455.26580810546875,111.09375,-1.0,-1.0,484.1265869140625,85.21875,488.4556884765625,109.65625,466.81011962890625,106.78125,465.3670959472656,129.78125,463.9240417480469,170.03125,463.9240417480469,201.65625,479.7974853515625,131.21875,478.35443115234375,170.03125,474.02532958984375,203.09375,-1.0,-1.0,462.48101806640625,66.53125,-1.0,-1.0,471.1392517089844,67.96875
461.0379638671875,69.40625,474.02532958984375,86.65625,463.9240417480469,88.09375,455.26580810546875,111.09375,-1.0,-1.0,484.1265869140625,85.21875,488.4556884765625,109.65625,466.81011962890625,106.78125,465.3670959472656,128.34375,463.9240417480469,170.03125,463.9240417480469,201.65625,479.7974853515625,131.21875,478.35443115234375,170.03125,474.02532958984375,203.09375,-1.0,-1.0,462.48101806640625,66.53125,-1.0,-1.0,471.1392517089844,67.96875
461.0379638671875,69.40625,472.582275390625,86.65625,462.48101806640625,89.53125,455.26580810546875,111.09375,-1.0,-1.0,484.1265869140625,85.21875,488.4556884765625,108.21875,466.81011962890625,106.78125,465.3670959472656,128.34375,463.9240417480469,168.59375,463.9240417480469,201.65625,479.7974853515625,131.21875,478.35443115234375,168.59375,475.4683532714844,201.65625,-1.0,-1.0,462.48101806640625,66.53125,-1.0,-1.0,471.1392517089844,67.96875
461.0379638671875,69.40625,474.02532958984375,86.65625,462.48101806640625,88.09375,455.26580810546875,111.09375,-1.0,-1.0,484.1265869140625,86.65625,488.4556884765625,109.65625,466.81011962890625,108.21875,465.3670959472656,129.78125,463.9240417480469,168.59375,463.9240417480469,201.65625,479.7974853515625,131.21875,478.35443115234375,168.59375,476.911376953125,201.65625,-1.0,-1.0,462.48101806640625,66.53125,-1.0,-1.0,471.1392517089844,67.96875
461.0379638671875,69.40625,474.02532958984375,86.65625,462.48101806640625,88.09375,455.26580810546875,111.09375,-1.0,-1.0,482.68353271484375,85.21875,488.4556884765625,109.65625,466.81011962890625,106.78125,465.3670959472656,128.34375,463.9240417480469,168.59375,463.9240417480469,201.65625,479.7974853515625,131.21875,478.35443115234375,168.59375,478.35443115234375,201.65625,-1.0,-1.0,462.48101806640625,66.53125,-1.0,-1.0,469.6961975097656,67.96875
460.0379638671875,69.40625,473.02532958984375,86.65625,462.9240417480469,89.53125,458.5949401855469,109.65625,-1.0,-1.0,483.1265869140625,85.21875,488.89874267578125,109.65625,467.253173828125,106.78125,465.81011962890625,129.78125,462.9240417480469,168.59375,462.9240417480469,201.65625,478.7974853515625,131.21875,477.35443115234375,168.59375,474.4683532714844,203.09375,-1.0,-1.0,462.9240417480469,66.53125,-1.0,-1.0,470.1392517089844,67.96875
460.0379638671875,69.40625,473.02532958984375,86.65625,462.9240417480469,89.53125,458.5949401855469,109.65625,455.7088623046875,108.21875,483.1265869140625,85.21875,488.89874267578125,108.21875,467.253173828125,106.78125,465.81011962890625,129.78125,462.9240417480469,168.59375,462.9240417480469,201.65625,478.7974853515625,131.21875,477.35443115234375,168.59375,475.911376953125,203.09375,-1.0,-1.0,462.9240417480469,66.53125,-1.0,-1.0,470.1392517089844,67.96875
460.0379638671875,69.40625,473.02532958984375,86.65625,462.9240417480469,89.53125,458.5949401855469,109.65625,455.7088623046875,108.21875,483.1265869140625,85.21875,488.89874267578125,108.21875,467.253173828125,106.78125,464.3670959472656,129.78125,462.9240417480469,168.59375,462.9240417480469,201.65625,478.7974853515625,131.21875,477.35443115234375,168.59375,475.911376953125,203.09375,-1.0,-1.0,462.9240417480469,66.53125,-1.0,-1.0,470.1392517089844,67.96875
460.0379638671875,69.40625,473.02532958984375,86.65625,462.9240417480469,89.53125,458.5949401855469,109.65625,455.7088623046875,108.21875,483.1265869140625,85.21875,488.89874267578125,108.21875,467.253173828125,106.78125,464.3670959472656,129.78125,462.9240417480469,168.59375,462.9240417480469,201.65625,478.7974853515625,131.21875,477.35443115234375,168.59375,475.911376953125,203.09375,-1.0,-1.0,462.9240417480469,66.53125,-1.0,-1.0,470.1392517089844,67.96875
460.0379638671875,69.40625,473.02532958984375,86.65625,462.9240417480469,89.53125,458.5949401855469,109.65625,455.7088623046875,106.78125,483.1265869140625,85.21875,490.3417663574219,108.21875,467.253173828125,106.78125,464.3670959472656,129.78125,462.9240417480469,168.59375,462.9240417480469,201.65625,477.35443115234375,131.21875,475.911376953125,168.59375,475.911376953125,203.09375,-1.0,-1.0,462.9240417480469,66.53125,-1.0,-1.0,470.1392517089844,67.96875
460.0379638671875,69.40625,473.02532958984375,86.65625,461.48101806640625,89.53125,455.7088623046875,111.09375,-1.0,-1.0,483.1265869140625,85.21875,490.3417663574219,108.21875,467.253173828125,106.78125,464.3670959472656,129.78125,462.9240417480469,168.59375,462.9240417480469,201.65625,477.35443115234375,131.21875,475.911376953125,168.59375,475.911376953125,203.09375,-1.0,-1.0,462.9240417480469,66.53125,-1.0,-1.0,470.1392517089844,67.96875
460.0379638671875,67.96875,473.02532958984375,86.65625,461.48101806640625,89.53125,458.5949401855469,109.65625,455.7088623046875,108.21875,483.1265869140625,85.21875,490.3417663574219,108.21875,468.6961975097656,106.78125,464.3670959472656,129.78125,462.9240417480469,168.59375,462.9240417480469,201.65625,477.35443115234375,129.78125,475.911376953125,170.03125,475.911376953125,203.09375,-1.0,-1.0,462.9240417480469,65.09375,-1.0,-1.0,470.1392517089844,67.96875
460.0379638671875,67.96875,473.02532958984375,86.65625,461.48101806640625,89.53125,455.7088623046875,111.09375,-1.0,-1.0,483.1265869140625,85.21875,490.3417663574219,108.21875,468.6961975097656,106.78125,464.3670959472656,129.78125,462.9240417480469,168.59375,462.9240417480469,201.65625,477.35443115234375,131.21875,475.911376953125,170.03125,475.911376953125,203.09375,-1.0,-1.0,462.9240417480469,65.09375,-1.0,-1.0,470.1392517089844,67.96875
460.0379638671875,67.96875,473.02532958984375,88.09375,462.9240417480469,89.53125,455.7088623046875,111.09375,-1.0,-1.0,483.1265869140625,85.21875,490.3417663574219,108.21875,468.6961975097656,106.78125,464.3670959472656,129.78125,462.9240417480469,168.59375,462.9240417480469,201.65625,477.35443115234375,129.78125,475.911376953125,170.03125,475.911376953125,203.09375,-1.0,-1.0,462.9240417480469,65.09375,-1.0,-1.0,470.1392517089844,67.96875
460.0379638671875,67.96875,473.02532958984375,88.09375,462.9240417480469,89.53125,458.5949401855469,109.65625,455.7088623046875,106.78125,483.1265869140625,85.21875,490.3417663574219,108.21875,468.6961975097656,106.78125,464.3670959472656,129.78125,462.9240417480469,168.59375,462.9240417480469,201.65625,477.35443115234375,131.21875,475.911376953125,170.03125,475.911376953125,203.09375,-1.0,-1.0,462.9240417480469,65.09375,-1.0,-1.0,470.1392517089844,67.96875
460.0379638671875,67.96875,473.02532958984375,86.65625,462.9240417480469,88.09375,458.5949401855469,109.65625,455.7088623046875,106.78125,481.68353271484375,85.21875,488.89874267578125,108.21875,468.6961975097656,106.78125,464.3670959472656,129.78125,462.9240417480469,168.59375,462.9240417480469,201.65625,477.35443115234375,131.21875,475.911376953125,168.59375,475.911376953125,203.09375,-1.0,-1.0,462.9240417480469,65.09375,-1.0,-1.0,470.1392517089844,67.96875
460.0379638671875,67.96875,473.02532958984375,86.65625,462.9240417480469,88.09375,460.0379638671875,108.21875,455.7088623046875,106.78125,481.68353271484375,85.21875,488.89874267578125,108.21875,468.6961975097656,106.78125,464.3670959472656,129.78125,462.9240417480469,168.59375,462.9240417480469,201.65625,477.35443115234375,131.21875,475.911376953125,168.59375,474.4683532714844,204.53125,-1.0,-1.0,462.9240417480469,65.09375,-1.0,-1.0,470.1392517089844,67.96875
460.0379638671875,67.96875,473.02532958984375,86.65625,462.9240417480469,88.09375,458.5949401855469,108.21875,455.7088623046875,106.78125,481.68353271484375,85.21875,488.89874267578125,108.21875,468.6961975097656,106.78125,462.9240417480469,129.78125,462.9240417480469,168.59375,462.9240417480469,201.65625,477.35443115234375,131.21875,475.911376953125,168.59375,475.911376953125,203.09375,-1.0,-1.0,462.9240417480469,65.09375,-1.0,-1.0,470.1392517089844,67.96875
460.0379638671875,67.96875,473.02532958984375,86.65625,462.9240417480469,88.09375,458.5949401855469,108.21875,455.7088623046875,106.78125,481.68353271484375,85.21875,488.89874267578125,106.78125,467.253173828125,106.78125,464.3670959472656,129.78125,462.9240417480469,168.59375,462.9240417480469,201.65625,477.35443115234375,131.21875,477.35443115234375,170.03125,477.35443115234375,203.09375,-1.0,-1.0,462.9240417480469,65.09375,-1.0,-1.0,470.1392517089844,67.96875
460.0379638671875,67.96875,473.02532958984375,86.65625,462.9240417480469,88.09375,458.5949401855469,108.21875,455.7088623046875,106.78125,481.68353271484375,85.21875,488.89874267578125,108.21875,468.6961975097656,106.78125,464.3670959472656,129.78125,462.9240417480469,168.59375,462.9240417480469,201.65625,477.35443115234375,131.21875,477.35443115234375,168.59375,477.35443115234375,203.09375,-1.0,-1.0,462.9240417480469,65.09375,-1.0,-1.0,470.1392517089844,67.96875
459.6172790527344,67.96875,472.50616455078125,86.65625,462.4814758300781,88.09375,459.6172790527344,106.78125,-1.0,-1.0,482.5308532714844,85.21875,489.69134521484375,106.78125,468.2098693847656,106.78125,463.91357421875,128.34375,462.4814758300781,168.59375,462.4814758300781,201.65625,476.8024597167969,129.78125,476.8024597167969,168.59375,476.8024597167969,201.65625,-1.0,-1.0,462.4814758300781,65.09375,-1.0,-1.0,469.6419677734375,67.96875
459.6172790527344,67.96875,472.50616455078125,86.65625,461.04937744140625,89.53125,459.6172790527344,106.78125,-1.0,-1.0,482.5308532714844,85.21875,488.2592468261719,106.78125,468.2098693847656,106.78125,463.91357421875,128.34375,462.4814758300781,168.59375,462.4814758300781,201.65625,476.8024597167969,129.78125,476.8024597167969,170.03125,476.8024597167969,203.09375,-1.0,-1.0,462.4814758300781,65.09375,-1.0,-1.0,469.6419677734375,67.96875
459.6172790527344,67.96875,471.0740661621094,88.09375,461.04937744140625,89.53125,459.6172790527344,105.34375,-1.0,-1.0,482.5308532714844,86.65625,488.2592468261719,106.78125,468.2098693847656,106.78125,463.91357421875,128.34375,462.4814758300781,168.59375,462.4814758300781,201.65625,478.23455810546875,129.78125,475.370361328125,168.59375,475.370361328125,201.65625,-1.0,-1.0,462.4814758300781,65.09375,-1.0,-1.0,469.6419677734375,67.96875
459.6172790527344,67.96875,471.0740661621094,88.09375,461.04937744140625,89.53125,459.6172790527344,106.78125,-1.0,-1.0,482.5308532714844,86.65625,488.2592468261719,106.78125,468.2098693847656,106.78125,463.91357421875,128.34375,462.4814758300781,168.59375,462.4814758300781,201.65625,476.8024597167969,129.78125,475.370361328125,167.15625,475.370361328125,201.65625,-1.0,-1.0,462.4814758300781,65.09375,-1.0,-1.0,469.6419677734375,67.96875
460.57501220703125,68.06640625,470.7250061035156,88.30078125,459.125,89.74609375,450.42498779296875,107.08984375,454.7749938964844,105.64453125,482.32501220703125,85.41015625,489.57501220703125,107.08984375,467.82501220703125,105.64453125,463.4750061035156,130.21484375,462.0249938964844,167.79296875,462.0249938964844,199.58984375,477.9750061035156,131.66015625,476.5249938964844,167.79296875,473.625,202.48046875,-1.0,-1.0,462.0249938964844,65.17578125,-1.0,-1.0,470.7250061035156,68.06640625
460.57501220703125,68.06640625,470.7250061035156,88.30078125,459.125,89.74609375,450.42498779296875,107.08984375,454.7749938964844,105.64453125,482.32501220703125,85.41015625,489.57501220703125,107.08984375,467.82501220703125,105.64453125,463.4750061035156,130.21484375,462.0249938964844,167.79296875,462.0249938964844,199.58984375,477.9750061035156,131.66015625,476.5249938964844,167.79296875,473.625,202.48046875,-1.0,-1.0,462.0249938964844,65.17578125,-1.0,-1.0,470.7250061035156,68.06640625
460.48101806640625,68.06640625,470.582275390625,88.30078125,459.0379638671875,89.74609375,450.3797607421875,107.08984375,454.7088623046875,105.64453125,482.1265869140625,85.41015625,489.3417663574219,107.08984375,466.253173828125,105.64453125,463.3670959472656,130.21484375,461.9240417480469,167.79296875,461.9240417480469,201.03515625,477.7974853515625,131.66015625,474.911376953125,167.79296875,473.4683532714844,202.48046875,-1.0,-1.0,461.9240417480469,65.17578125,-1.0,-1.0,470.582275390625,68.06640625
460.48101806640625,68.06640625,470.582275390625,88.30078125,459.0379638671875,89.74609375,450.3797607421875,107.08984375,454.7088623046875,105.64453125,482.1265869140625,85.41015625,489.3417663574219,107.08984375,466.253173828125,105.64453125,463.3670959472656,130.21484375,461.9240417480469,167.79296875,461.9240417480469,201.03515625,477.7974853515625,130.21484375,474.911376953125,167.79296875,473.4683532714844,202.48046875,-1.0,-1.0,461.9240417480469,65.17578125,-1.0,-1.0,470.582275390625,68.06640625
460.48101806640625,68.06640625,470.582275390625,88.30078125,459.0379638671875,89.74609375,451.8227844238281,108.53515625,454.7088623046875,107.08984375,482.1265869140625,85.41015625,489.3417663574219,107.08984375,466.253173828125,105.64453125,463.3670959472656,130.21484375,461.9240417480469,167.79296875,461.9240417480469,201.03515625,476.35443115234375,130.21484375,476.35443115234375,166.34765625,473.4683532714844,202.48046875,-1.0,-1.0,463.3670959472656,65.17578125,-1.0,-1.0,470.582275390625,68.06640625
460.48101806640625,68.06640625,470.582275390625,88.30078125,459.0379638671875,89.74609375,451.8227844238281,109.98046875,453.26580810546875,105.64453125,482.1265869140625,85.41015625,489.3417663574219,107.08984375,466.253173828125,105.64453125,461.9240417480469,130.21484375,463.3670959472656,167.79296875,461.9240417480469,201.03515625,476.35443115234375,130.21484375,476.35443115234375,166.34765625,474.911376953125,201.03515625,-1.0,-1.0,463.3670959472656,65.17578125,-1.0,-1.0,470.582275390625,68.06640625
460.48101806640625,68.06640625,470.582275390625,88.30078125,459.0379638671875,89.74609375,451.8227844238281,109.98046875,453.26580810546875,105.64453125,482.1265869140625,85.41015625,489.3417663574219,107.08984375,466.253173828125,105.64453125,461.9240417480469,130.21484375,463.3670959472656,167.79296875,461.9240417480469,201.03515625,476.35443115234375,130.21484375,476.35443115234375,166.34765625,474.911376953125,201.03515625,-1.0,-1.0,463.3670959472656,65.17578125,-1.0,-1.0,470.582275390625,68.06640625
460.0,67.1640625,471.69232177734375,87.5078125,460.0,90.4140625,451.23077392578125,110.7578125,454.1538391113281,106.3984375,481.9230651855469,86.0546875,489.23077392578125,107.8515625,465.8461608886719,106.3984375,462.9230651855469,131.1015625,462.9230651855469,167.4296875,462.9230651855469,200.8515625,477.5384521484375,131.1015625,476.0769348144531,165.9765625,474.6153869628906,200.8515625,-1.0,-1.0,462.9230651855469,64.2578125,-1.0,-1.0,470.23077392578125,67.1640625
460.0,67.1640625,471.69232177734375,87.5078125,460.0,90.4140625,451.23077392578125,110.7578125,454.1538391113281,106.3984375,481.9230651855469,86.0546875,489.23077392578125,107.8515625,465.8461608886719,106.3984375,462.9230651855469,131.1015625,462.9230651855469,167.4296875,462.9230651855469,200.8515625,477.5384521484375,131.1015625,476.0769348144531,165.9765625,474.6153869628906,200.8515625,-1.0,-1.0,462.9230651855469,64.2578125,-1.0,-1.0,470.23077392578125,67.1640625
460.0,67.1640625,470.23077392578125,87.5078125,460.0,90.4140625,451.23077392578125,112.2109375,454.1538391113281,106.3984375,481.9230651855469,86.0546875,489.23077392578125,107.8515625,465.8461608886719,106.3984375,462.9230651855469,131.1015625,462.9230651855469,167.4296875,462.9230651855469,200.8515625,477.5384521484375,131.1015625,476.0769348144531,165.9765625,474.6153869628906,200.8515625,-1.0,-1.0,462.9230651855469,64.2578125,-1.0,-1.0,470.23077392578125,67.1640625
459.57501220703125,67.1640625,471.17498779296875,87.5078125,459.57501220703125,90.4140625,450.875,113.6640625,453.7749938964844,107.8515625,482.7749938964844,86.0546875,488.57501220703125,107.8515625,465.375,106.3984375,462.4750061035156,132.5546875,462.4750061035156,170.3359375,461.0249938964844,202.3046875,476.9750061035156,132.5546875,476.9750061035156,165.9765625,475.5249938964844,202.3046875,-1.0,-1.0,462.4750061035156,64.2578125,-1.0,-1.0,471.17498779296875,67.1640625
459.57501220703125,67.1640625,469.7250061035156,88.9609375,458.125,91.8671875,450.875,113.6640625,452.32501220703125,107.8515625,482.7749938964844,86.0546875,488.57501220703125,107.8515625,465.375,106.3984375,462.4750061035156,132.5546875,462.4750061035156,168.8828125,461.0249938964844,200.8515625,476.9750061035156,132.5546875,476.9750061035156,167.4296875,475.5249938964844,202.3046875,-1.0,-1.0,462.4750061035156,64.2578125,-1.0,-1.0,471.17498779296875,67.1640625
459.57501220703125,68.6171875,469.7250061035156,88.9609375,458.125,91.8671875,449.42498779296875,112.2109375,452.32501220703125,107.8515625,482.7749938964844,86.0546875,488.57501220703125,107.8515625,465.375,106.3984375,462.4750061035156,132.5546875,462.4750061035156,167.4296875,461.0249938964844,200.8515625,476.9750061035156,132.5546875,475.5249938964844,165.9765625,474.07501220703125,200.8515625,458.125,67.1640625,462.4750061035156,64.2578125,-1.0,-1.0,471.17498779296875,67.1640625
459.57501220703125,68.6171875,469.7250061035156,88.9609375,458.125,91.8671875,447.9750061035156,112.2109375,452.32501220703125,107.8515625,482.7749938964844,86.0546875,488.57501220703125,107.8515625,465.375,106.3984375,461.0249938964844,132.5546875,462.4750061035156,167.4296875,461.0249938964844,203.7578125,475.5249938964844,132.5546875,475.5249938964844,164.5234375,475.5249938964844,203.7578125,-1.0,-1.0,462.4750061035156,64.2578125,-1.0,-1.0,471.17498779296875,67.1640625
459.57501220703125,68.6171875,469.7250061035156,88.9609375,456.67498779296875,91.8671875,450.875,110.7578125,453.7749938964844,107.8515625,482.7749938964844,86.0546875,488.57501220703125,107.8515625,465.375,106.3984375,461.0249938964844,132.5546875,462.4750061035156,167.4296875,461.0249938964844,202.3046875,476.9750061035156,132.5546875,475.5249938964844,164.5234375,475.5249938964844,203.7578125,458.125,67.1640625,462.4750061035156,65.7109375,-1.0,-1.0,471.17498779296875,67.1640625
459.57501220703125,68.6171875,471.17498779296875,88.9609375,458.125,91.8671875,453.7749938964844,110.7578125,455.2250061035156,106.3984375,482.7749938964844,86.0546875,488.57501220703125,107.8515625,465.375,106.3984375,462.4750061035156,132.5546875,462.4750061035156,165.9765625,461.0249938964844,202.3046875,476.9750061035156,132.5546875,476.9750061035156,164.5234375,475.5249938964844,202.3046875,-1.0,-1.0,462.4750061035156,65.7109375,-1.0,-1.0,471.17498779296875,67.1640625
459.57501220703125,68.6171875,471.17498779296875,88.9609375,458.125,91.8671875,452.32501220703125,109.3046875,455.2250061035156,106.3984375,482.7749938964844,86.0546875,488.57501220703125,107.8515625,465.375,106.3984375,462.4750061035156,132.5546875,462.4750061035156,165.9765625,461.0249938964844,202.3046875,476.9750061035156,132.5546875,476.9750061035156,163.0703125,474.07501220703125,202.3046875,-1.0,-1.0,462.4750061035156,65.7109375,-1.0,-1.0,471.17498779296875,68.6171875
459.57501220703125,68.6171875,469.7250061035156,88.9609375,458.125,91.8671875,450.875,110.7578125,453.7749938964844,107.8515625,482.7749938964844,86.0546875,488.57501220703125,107.8515625,465.375,106.3984375,461.0249938964844,132.5546875,462.4750061035156,165.9765625,461.0249938964844,200.8515625,476.9750061035156,132.5546875,476.9750061035156,165.9765625,475.5249938964844,200.8515625,-1.0,-1.0,462.4750061035156,65.7109375,-1.0,-1.0,471.17498779296875,68.6171875
459.57501220703125,68.6171875,469.7250061035156,88.9609375,458.125,91.8671875,450.875,110.7578125,453.7749938964844,109.3046875,482.7749938964844,86.0546875,487.125,107.8515625,465.375,106.3984375,461.0249938964844,132.5546875,462.4750061035156,165.9765625,461.0249938964844,200.8515625,476.9750061035156,131.1015625,476.9750061035156,164.5234375,474.07501220703125,202.3046875,-1.0,-1.0,462.4750061035156,65.7109375,-1.0,-1.0,471.17498779296875,68.6171875
459.57501220703125,68.6171875,469.7250061035156,88.9609375,458.125,91.8671875,449.42498779296875,109.3046875,453.7749938964844,109.3046875,481.32501220703125,86.0546875,488.57501220703125,107.8515625,465.375,106.3984375,461.0249938964844,132.5546875,463.92498779296875,167.4296875,461.0249938964844,202.3046875,476.9750061035156,132.5546875,476.9750061035156,167.4296875,475.5249938964844,202.3046875,458.125,67.1640625,462.4750061035156,65.7109375,-1.0,-1.0,471.17498779296875,68.6171875
459.57501220703125,68.6171875,469.7250061035156,88.9609375,456.67498779296875,91.8671875,450.875,110.7578125,453.7749938964844,109.3046875,481.32501220703125,86.0546875,488.57501220703125,107.8515625,465.375,106.3984375,462.4750061035156,132.5546875,465.375,168.8828125,462.4750061035156,203.7578125,476.9750061035156,132.5546875,478.42498779296875,168.8828125,479.875,202.3046875,459.57501220703125,65.7109375,462.4750061035156,64.2578125,-1.0,-1.0,471.17498779296875,68.6171875
459.57501220703125,68.6171875,469.7250061035156,88.9609375,456.67498779296875,91.8671875,450.875,110.7578125,458.125,107.8515625,481.32501220703125,86.0546875,488.57501220703125,107.8515625,465.375,106.3984375,462.4750061035156,134.0078125,463.92498779296875,170.3359375,461.0249938964844,203.7578125,476.9750061035156,132.5546875,476.9750061035156,168.8828125,476.9750061035156,203.7578125,459.57501220703125,65.7109375,462.4750061035156,64.2578125,-1.0,-1.0,471.17498779296875,68.6171875
459.57501220703125,67.1640625,469.7250061035156,88.9609375,456.67498779296875,91.8671875,450.875,110.7578125,455.2250061035156,109.3046875,482.7749938964844,86.0546875,488.57501220703125,107.8515625,465.375,106.3984375,462.4750061035156,132.5546875,463.92498779296875,168.8828125,462.4750061035156,200.8515625,476.9750061035156,132.5546875,476.9750061035156,167.4296875,479.875,202.3046875,459.57501220703125,65.7109375,462.4750061035156,64.2578125,-1.0,-1.0,471.17498779296875,67.1640625
459.0,67.1640625,469.23077392578125,88.9609375,456.0769348144531,91.8671875,450.23077392578125,112.2109375,456.0769348144531,109.3046875,482.3846130371094,86.0546875,488.23077392578125,107.8515625,464.8461608886719,106.3984375,461.9230651855469,132.5546875,463.3846130371094,167.4296875,461.9230651855469,199.3984375,476.5384521484375,132.5546875,476.5384521484375,165.9765625,478.0,200.8515625,-1.0,-1.0,463.3846130371094,64.2578125,-1.0,-1.0,470.69232177734375,68.6171875
458.57501220703125,67.1640625,470.17498779296875,88.9609375,457.125,91.8671875,449.875,112.2109375,452.7749938964844,109.3046875,481.7749938964844,86.0546875,487.57501220703125,106.3984375,464.375,106.3984375,461.4750061035156,132.5546875,461.4750061035156,167.4296875,462.92498779296875,199.3984375,475.9750061035156,132.5546875,477.42498779296875,165.9765625,478.875,200.8515625,-1.0,-1.0,462.92498779296875,64.2578125,-1.0,-1.0,470.17498779296875,68.6171875
458.57501220703125,67.1640625,468.7250061035156,88.9609375,457.125,91.8671875,448.42498779296875,112.2109375,454.2250061035156,109.3046875,481.7749938964844,86.0546875,487.57501220703125,106.3984375,464.375,106.3984375,461.4750061035156,132.5546875,461.4750061035156,167.4296875,462.92498779296875,200.8515625,475.9750061035156,132.5546875,477.42498779296875,164.5234375,477.42498779296875,202.3046875,-1.0,-1.0,462.92498779296875,64.2578125,-1.0,-1.0,470.17498779296875,68.6171875
458.57501220703125,67.1640625,468.7250061035156,88.9609375,455.67498779296875,91.8671875,449.875,112.2109375,452.7749938964844,109.3046875,481.7749938964844,86.0546875,487.57501220703125,106.3984375,464.375,104.9453125,461.4750061035156,134.0078125,461.4750061035156,167.4296875,462.92498779296875,200.8515625,475.9750061035156,132.5546875,477.42498779296875,165.9765625,477.42498779296875,200.8515625,-1.0,-1.0,461.4750061035156,64.2578125,-1.0,-1.0,470.17498779296875,68.6171875
458.57501220703125,67.1640625,468.7250061035156,87.5078125,457.125,90.4140625,448.42498779296875,110.7578125,452.7749938964844,109.3046875,481.7749938964844,86.0546875,487.57501220703125,106.3984375,464.375,104.9453125,460.0249938964844,132.5546875,461.4750061035156,167.4296875,461.4750061035156,200.8515625,475.9750061035156,132.5546875,475.9750061035156,167.4296875,475.9750061035156,202.3046875,-1.0,-1.0,461.4750061035156,64.2578125,-1.0,-1.0,470.17498779296875,67.1640625
458.57501220703125,67.1640625,468.7250061035156,87.5078125,457.125,90.4140625,448.42498779296875,112.2109375,452.7749938964844,109.3046875,480.32501220703125,86.0546875,487.57501220703125,106.3984375,464.375,104.9453125,460.0249938964844,132.5546875,461.4750061035156,168.8828125,462.92498779296875,203.7578125,475.9750061035156,132.5546875,475.9750061035156,165.9765625,475.9750061035156,203.7578125,-1.0,-1.0,461.4750061035156,64.2578125,-1.0,-1.0,470.17498779296875,68.6171875
458.57501220703125,67.1640625,468.7250061035156,87.5078125,455.67498779296875,91.8671875,449.875,110.7578125,457.125,106.3984375,480.32501220703125,86.0546875,487.57501220703125,106.3984375,464.375,104.9453125,460.0249938964844,132.5546875,461.4750061035156,170.3359375,461.4750061035156,202.3046875,475.9750061035156,132.5546875,475.9750061035156,168.8828125,474.5249938964844,203.7578125,-1.0,-1.0,461.4750061035156,64.2578125,-1.0,-1.0,470.17498779296875,68.6171875
458.8227844238281,67.26171875,469.10125732421875,87.71484375,455.8860778808594,92.09765625,448.5443115234375,111.08984375,458.8227844238281,105.24609375,480.8481140136719,86.25390625,488.18988037109375,106.70703125,464.6961975097656,105.24609375,460.2911376953125,133.00390625,461.7594909667969,169.52734375,461.7594909667969,201.66796875,476.44305419921875,133.00390625,476.44305419921875,168.06640625,473.5063171386719,203.12890625,-1.0,-1.0,461.7594909667969,64.33984375,-1.0,-1.0,470.5696105957031,67.26171875
457.35443115234375,67.26171875,467.6329040527344,89.17578125,455.8860778808594,92.09765625,448.5443115234375,112.55078125,458.8227844238281,105.24609375,480.8481140136719,86.25390625,488.18988037109375,106.70703125,464.6961975097656,105.24609375,460.2911376953125,133.00390625,461.7594909667969,168.06640625,461.7594909667969,201.66796875,476.44305419921875,133.00390625,474.97467041015625,168.06640625,474.97467041015625,201.66796875,-1.0,-1.0,460.2911376953125,64.33984375,-1.0,-1.0,470.5696105957031,67.26171875
457.35443115234375,67.26171875,467.6329040527344,89.17578125,455.8860778808594,92.09765625,448.5443115234375,112.55078125,458.8227844238281,106.70703125,480.8481140136719,86.25390625,488.18988037109375,108.16796875,463.22784423828125,105.24609375,460.2911376953125,133.00390625,460.2911376953125,168.06640625,461.7594909667969,198.74609375,474.97467041015625,131.54296875,474.97467041015625,168.06640625,474.97467041015625,200.20703125,-1.0,-1.0,460.2911376953125,64.33984375,-1.0,-1.0,469.10125732421875,67.26171875
457.35443115234375,67.26171875,467.6329040527344,87.71484375,455.8860778808594,90.63671875,450.0126647949219,111.08984375,461.7594909667969,105.24609375,479.3797607421875,86.25390625,486.7215270996094,108.16796875,463.22784423828125,106.70703125,458.8227844238281,133.00390625,460.2911376953125,168.06640625,461.7594909667969,200.20703125,474.97467041015625,131.54296875,474.97467041015625,168.06640625,474.97467041015625,201.66796875,-1.0,-1.0,460.2911376953125,64.33984375,-1.0,-1.0,469.10125732421875,67.26171875
457.35443115234375,68.72265625,467.6329040527344,87.71484375,455.8860778808594,90.63671875,451.48101806640625,111.08984375,461.7594909667969,106.70703125,479.3797607421875,86.25390625,486.7215270996094,108.16796875,463.22784423828125,106.70703125,460.2911376953125,134.46484375,461.7594909667969,169.52734375,461.7594909667969,201.66796875,474.97467041015625,133.00390625,473.5063171386719,169.52734375,474.97467041015625,203.12890625,-1.0,-1.0,460.2911376953125,65.80078125,-1.0,-1.0,469.10125732421875,68.72265625
457.35443115234375,68.72265625,467.6329040527344,87.71484375,455.8860778808594,90.63671875,451.48101806640625,111.08984375,461.7594909667969,106.70703125,479.3797607421875,86.25390625,486.7215270996094,108.16796875,463.22784423828125,106.70703125,460.2911376953125,134.46484375,461.7594909667969,169.52734375,461.7594909667969,201.66796875,474.97467041015625,133.00390625,473.5063171386719,169.52734375,474.97467041015625,203.12890625,-1.0,-1.0,460.2911376953125,65.80078125,-1.0,-1.0,469.10125732421875,68.72265625
457.35443115234375,70.18359375,467.6329040527344,87.71484375,455.8860778808594,90.63671875,448.5443115234375,109.62890625,-1.0,-1.0,479.3797607421875,86.25390625,486.7215270996094,108.16796875,463.22784423828125,105.24609375,458.8227844238281,134.46484375,460.2911376953125,169.52734375,461.7594909667969,201.66796875,474.97467041015625,133.00390625,474.97467041015625,168.06640625,474.97467041015625,201.66796875,454.417724609375,68.72265625,460.2911376953125,67.26171875,-1.0,-1.0,469.10125732421875,68.72265625
455.8860778808594,70.18359375,467.6329040527344,87.71484375,455.8860778808594,90.63671875,445.60760498046875,106.70703125,-1.0,-1.0,479.3797607421875,87.71484375,485.253173828125,108.16796875,463.22784423828125,105.24609375,458.8227844238281,134.46484375,460.2911376953125,169.52734375,460.2911376953125,204.58984375,474.97467041015625,133.00390625,473.5063171386719,169.52734375,473.5063171386719,204.58984375,-1.0,-1.0,458.8227844238281,67.26171875,-1.0,-1.0,467.6329040527344,68.72265625
455.4814758300781,68.72265625,467.13580322265625,89.17578125,455.4814758300781,90.63671875,443.8271484375,108.16796875,-1.0,-1.0,478.7901306152344,87.71484375,484.6172790527344,108.16796875,462.76544189453125,105.24609375,459.8518371582031,133.00390625,459.8518371582031,169.52734375,459.8518371582031,204.58984375,474.41973876953125,133.00390625,472.96295166015625,169.52734375,470.04937744140625,206.05078125,-1.0,-1.0,458.3950500488281,65.80078125,-1.0,-1.0,467.13580322265625,68.72265625
455.4814758300781,68.72265625,467.13580322265625,89.17578125,455.4814758300781,89.17578125,445.283935546875,108.16796875,448.1975402832031,109.62890625,477.3333435058594,87.71484375,484.6172790527344,108.16796875,462.76544189453125,106.70703125,458.3950500488281,133.00390625,459.8518371582031,168.06640625,459.8518371582031,203.12890625,474.41973876953125,133.00390625,471.50616455078125,169.52734375,468.59259033203125,203.12890625,-1.0,-1.0,458.3950500488281,65.80078125,-1.0,-1.0,465.67901611328125,68.72265625
455.4814758300781,70.18359375,465.67901611328125,89.17578125,454.0246887207031,90.63671875,446.7407531738281,111.08984375,445.283935546875,133.00390625,477.3333435058594,87.71484375,483.1604919433594,109.62890625,462.76544189453125,106.70703125,458.3950500488281,133.00390625,458.3950500488281,168.06640625,461.30865478515625,203.12890625,472.96295166015625,133.00390625,471.50616455078125,169.52734375,467.13580322265625,201.66796875,-1.0,-1.0,458.3950500488281,67.26171875,-1.0,-1.0,465.67901611328125,68.72265625
455.4814758300781,70.18359375,465.67901611328125,89.17578125,454.0246887207031,89.17578125,448.1975402832031,112.55078125,446.7407531738281,133.00390625,477.3333435058594,87.71484375,483.1604919433594,109.62890625,462.76544189453125,106.70703125,456.9382629394531,133.00390625,459.8518371582031,169.52734375,461.30865478515625,204.58984375,472.96295166015625,133.00390625,470.04937744140625,169.52734375,465.67901611328125,203.12890625,-1.0,-1.0,458.3950500488281,67.26171875,-1.0,-1.0,465.67901611328125,70.18359375
454.0246887207031,70.18359375,465.67901611328125,89.17578125,454.0246887207031,89.17578125,448.1975402832031,111.08984375,456.9382629394531,105.24609375,477.3333435058594,87.71484375,483.1604919433594,109.62890625,462.76544189453125,105.24609375,458.3950500488281,133.00390625,458.3950500488281,168.06640625,458.3950500488281,203.12890625,474.41973876953125,131.54296875,470.04937744140625,169.52734375,467.13580322265625,204.58984375,-1.0,-1.0,456.9382629394531,67.26171875,-1.0,-1.0,464.22222900390625,70.18359375
453.417724609375,71.64453125,465.16455078125,89.17578125,453.417724609375,89.17578125,447.5443115234375,109.62890625,459.2911376953125,105.24609375,476.911376953125,87.71484375,482.7848205566406,109.62890625,460.7594909667969,106.70703125,457.8227844238281,133.00390625,459.2911376953125,169.52734375,460.7594909667969,203.12890625,473.97467041015625,133.00390625,471.0379638671875,168.06640625,471.0379638671875,201.66796875,-1.0,-1.0,456.35443115234375,68.72265625,-1.0,-1.0,465.16455078125,70.18359375
453.0246887207031,71.64453125,464.67901611328125,89.17578125,451.5679016113281,90.63671875,445.7407531738281,109.62890625,460.30865478515625,106.70703125,476.3333435058594,87.71484375,482.1604919433594,109.62890625,460.30865478515625,106.70703125,457.3950500488281,133.00390625,460.30865478515625,166.60546875,461.76544189453125,201.66796875,473.41973876953125,133.00390625,467.59259033203125,166.60546875,463.22222900390625,197.28515625,453.0246887207031,70.18359375,455.9382629394531,68.72265625,-1.0,-1.0,464.67901611328125,70.18359375
452.417724609375,71.64453125,464.16455078125,89.17578125,452.417724609375,89.17578125,446.5443115234375,111.08984375,459.7594909667969,106.70703125,475.911376953125,87.71484375,481.7848205566406,109.62890625,459.7594909667969,106.70703125,458.2911376953125,133.00390625,462.6961975097656,166.60546875,461.22784423828125,200.20703125,474.44305419921875,131.54296875,464.16455078125,166.60546875,465.6329040527344,200.20703125,-1.0,-1.0,455.35443115234375,68.72265625,-1.0,-1.0,464.16455078125,70.18359375
452.417724609375,72.10546875,464.16455078125,88.17578125,450.9493713378906,89.63671875,446.5443115234375,110.08984375,459.7594909667969,107.16796875,475.911376953125,86.71484375,481.7848205566406,108.62890625,459.7594909667969,105.70703125,456.8227844238281,133.46484375,462.6961975097656,168.52734375,459.7594909667969,200.66796875,475.911376953125,132.00390625,478.8481140136719,165.60546875,480.31646728515625,180.21484375,452.417724609375,69.18359375,453.8860778808594,69.18359375,-1.0,-1.0,462.6961975097656,69.18359375
450.5679016113281,72.10546875,463.67901611328125,88.17578125,450.5679016113281,89.63671875,444.7407531738281,111.55078125,457.8518371582031,108.62890625,475.3333435058594,88.17578125,481.1604919433594,108.62890625,457.8518371582031,107.16796875,456.3950500488281,133.46484375,462.22222900390625,168.52734375,462.22222900390625,200.66796875,475.3333435058594,132.00390625,482.6172790527344,158.30078125,481.1604919433594,177.29296875,450.5679016113281,69.18359375,453.4814758300781,69.18359375,-1.0,-1.0,462.22222900390625,70.64453125
451.417724609375,72.10546875,463.16455078125,89.63671875,449.9493713378906,89.63671875,445.5443115234375,111.55078125,458.7594909667969,108.62890625,476.3797607421875,88.17578125,482.253173828125,108.62890625,458.7594909667969,105.70703125,457.2911376953125,134.92578125,458.7594909667969,167.06640625,461.6961975097656,196.28515625,474.911376953125,132.00390625,482.253173828125,158.30078125,480.7848205566406,178.75390625,451.417724609375,70.64453125,452.8860778808594,69.18359375,-1.0,-1.0,461.6961975097656,70.64453125
449.5679016113281,72.10546875,462.67901611328125,89.63671875,449.5679016113281,89.63671875,443.7407531738281,113.01171875,459.76544189453125,108.62890625,474.3333435058594,88.17578125,481.6172790527344,108.62890625,456.8518371582031,107.16796875,456.8518371582031,134.92578125,461.22222900390625,165.60546875,464.13580322265625,196.28515625,475.7901306152344,132.00390625,484.5308532714844,156.83984375,481.6172790527344,177.29296875,449.5679016113281,69.18359375,452.4814758300781,69.18359375,-1.0,-1.0,461.22222900390625,70.64453125
450.417724609375,72.10546875,462.16455078125,88.17578125,448.9493713378906,89.63671875,444.5443115234375,111.55078125,459.22784423828125,108.62890625,475.3797607421875,88.17578125,481.253173828125,108.62890625,457.7594909667969,107.16796875,454.8227844238281,133.46484375,463.6329040527344,165.60546875,468.0379638671875,199.20703125,472.44305419921875,133.46484375,460.6961975097656,167.06640625,446.0126647949219,183.13671875,450.417724609375,70.64453125,453.35443115234375,69.18359375,-1.0,-1.0,460.6961975097656,70.64453125
450.0246887207031,72.10546875,460.22222900390625,88.17578125,447.1111145019531,89.63671875,444.1975402832031,111.55078125,457.30865478515625,108.62890625,473.3333435058594,88.17578125,480.6172790527344,108.62890625,458.76544189453125,107.16796875,454.3950500488281,133.46484375,463.13580322265625,165.60546875,467.50616455078125,199.20703125,470.41973876953125,133.46484375,460.22222900390625,167.06640625,458.76544189453125,197.74609375,450.0246887207031,70.64453125,451.4814758300781,69.18359375,-1.0,-1.0,460.22222900390625,70.64453125
449.417724609375,72.10546875,461.16455078125,89.63671875,447.9493713378906,89.63671875,443.5443115234375,113.01171875,456.7594909667969,108.62890625,472.911376953125,88.17578125,480.253173828125,108.62890625,456.7594909667969,107.16796875,453.8227844238281,133.46484375,461.16455078125,167.06640625,467.0379638671875,200.66796875,469.97467041015625,133.46484375,461.16455078125,168.52734375,458.22784423828125,203.58984375,449.417724609375,70.64453125,452.35443115234375,69.18359375,-1.0,-1.0,459.6961975097656,70.64453125
447.9493713378906,73.56640625,459.6961975097656,89.63671875,446.48101806640625,89.63671875,442.0759582519531,113.01171875,456.7594909667969,108.62890625,472.911376953125,88.17578125,480.253173828125,108.62890625,462.6329040527344,108.62890625,453.8227844238281,133.46484375,462.6329040527344,168.52734375,467.0379638671875,197.74609375,469.97467041015625,133.46484375,461.16455078125,168.52734375,456.7594909667969,199.20703125,447.9493713378906,70.64453125,450.8860778808594,69.18359375,-1.0,-1.0,459.6961975097656,70.64453125
449.0246887207031,71.9765625,460.67901611328125,89.4140625,447.5679016113281,90.8671875,441.7407531738281,112.6640625,456.30865478515625,108.3046875,472.3333435058594,87.9609375,479.6172790527344,109.7578125,456.30865478515625,108.3046875,453.3950500488281,134.4609375,460.67901611328125,169.3359375,466.50616455078125,202.7578125,469.41973876953125,133.0078125,462.13580322265625,169.3359375,454.8518371582031,201.3046875,447.5679016113281,70.5234375,450.4814758300781,69.0703125,-1.0,-1.0,459.22222900390625,70.5234375
446.9493713378906,72.56640625,460.16455078125,90.09765625,446.9493713378906,90.09765625,441.0759582519531,112.01171875,455.7594909667969,109.08984375,471.911376953125,88.63671875,480.7215270996094,109.08984375,455.7594909667969,109.08984375,452.8227844238281,133.92578125,455.7594909667969,168.98828125,455.7594909667969,201.12890625,467.5063171386719,132.46484375,464.5696105957031,168.98828125,467.5063171386719,201.12890625,446.9493713378906,69.64453125,449.8860778808594,69.64453125,-1.0,-1.0,458.6961975097656,71.10546875
448.0246887207031,72.56640625,459.67901611328125,90.09765625,446.5679016113281,90.09765625,440.7407531738281,112.01171875,455.30865478515625,109.08984375,471.3333435058594,88.63671875,480.0740661621094,109.08984375,462.59259033203125,109.08984375,452.3950500488281,133.92578125,455.30865478515625,167.52734375,455.30865478515625,201.12890625,466.96295166015625,133.92578125,464.04937744140625,167.52734375,468.41973876953125,199.66796875,446.5679016113281,69.64453125,450.9382629394531,69.64453125,-1.0,-1.0,458.22222900390625,71.10546875
448.8860778808594,72.56640625,459.16455078125,88.63671875,447.417724609375,90.09765625,441.5443115234375,112.01171875,454.7594909667969,109.08984375,472.3797607421875,88.63671875,481.18988037109375,109.08984375,462.10125732421875,110.55078125,451.8227844238281,133.92578125,456.22784423828125,168.98828125,453.2911376953125,202.58984375,466.5063171386719,133.92578125,463.5696105957031,168.98828125,467.97467041015625,201.12890625,448.8860778808594,71.10546875,451.8227844238281,69.64453125,-1.0,-1.0,457.6961975097656,71.10546875
447.417724609375,72.56640625,459.16455078125,88.63671875,445.9493713378906,88.63671875,441.5443115234375,110.55078125,456.22784423828125,107.62890625,470.911376953125,88.63671875,479.7215270996094,109.08984375,453.2911376953125,109.08984375,451.8227844238281,133.92578125,454.7594909667969,168.98828125,454.7594909667969,201.12890625,466.5063171386719,132.46484375,462.10125732421875,168.98828125,463.5696105957031,202.58984375,445.9493713378906,71.10546875,450.35443115234375,69.64453125,-1.0,-1.0,457.6961975097656,71.10546875
447.0246887207031,71.10546875,458.67901611328125,88.63671875,445.5679016113281,88.63671875,441.1975402832031,110.55078125,455.76544189453125,107.62890625,470.3333435058594,88.63671875,479.0740661621094,107.62890625,452.8518371582031,109.08984375,449.9382629394531,133.92578125,454.30865478515625,168.98828125,454.30865478515625,201.12890625,465.96295166015625,133.92578125,461.59259033203125,168.98828125,464.50616455078125,202.58984375,447.0246887207031,69.64453125,449.9382629394531,68.18359375,-1.0,-1.0,457.22222900390625,69.64453125
447.8860778808594,71.10546875,458.16455078125,88.63671875,446.417724609375,88.63671875,442.0126647949219,109.08984375,456.6961975097656,107.62890625,469.911376953125,88.63671875,478.7215270996094,109.08984375,459.6329040527344,109.08984375,449.35443115234375,132.46484375,455.22784423828125,168.98828125,453.7594909667969,201.12890625,465.5063171386719,132.46484375,462.5696105957031,168.98828125,464.0379638671875,202.58984375,446.417724609375,69.64453125,450.8227844238281,68.18359375,-1.0,-1.0,458.16455078125,69.64453125
446.0246887207031,69.64453125,457.67901611328125,88.63671875,446.0246887207031,88.63671875,441.6543273925781,109.08984375,456.22222900390625,107.62890625,469.3333435058594,87.17578125,475.1604919433594,109.08984375,451.8518371582031,107.62890625,448.9382629394531,132.46484375,453.30865478515625,168.98828125,454.76544189453125,201.12890625,463.50616455078125,132.46484375,462.04937744140625,168.98828125,462.04937744140625,202.58984375,-1.0,-1.0,448.9382629394531,66.72265625,-1.0,-1.0,457.67901611328125,69.64453125
446.0246887207031,68.18359375,457.67901611328125,87.17578125,444.5679016113281,87.17578125,440.1975402832031,107.62890625,457.67901611328125,107.62890625,469.3333435058594,87.17578125,472.2469177246094,107.62890625,448.9382629394531,106.16796875,448.9382629394531,132.46484375,448.9382629394531,168.98828125,448.9382629394531,199.66796875,463.50616455078125,132.46484375,460.59259033203125,170.44921875,459.13580322265625,202.58984375,-1.0,-1.0,448.9382629394531,65.26171875,-1.0,-1.0,456.22222900390625,66.72265625
446.0246887207031,68.18359375,457.67901611328125,87.17578125,444.5679016113281,87.17578125,440.1975402832031,107.62890625,457.67901611328125,107.62890625,469.3333435058594,87.17578125,472.2469177246094,107.62890625,448.9382629394531,106.16796875,448.9382629394531,132.46484375,448.9382629394531,168.98828125,447.4814758300781,201.12890625,463.50616455078125,132.46484375,460.59259033203125,170.44921875,459.13580322265625,202.58984375,-1.0,-1.0,448.9382629394531,65.26171875,-1.0,-1.0,456.22222900390625,66.72265625
446.0246887207031,68.18359375,456.22222900390625,85.71484375,446.0246887207031,85.71484375,443.1111145019531,107.62890625,460.59259033203125,104.70703125,469.3333435058594,85.71484375,473.7037048339844,107.62890625,450.3950500488281,106.16796875,447.4814758300781,132.46484375,451.8518371582031,170.44921875,462.04937744140625,208.43359375,463.50616455078125,132.46484375,462.04937744140625,170.44921875,462.04937744140625,201.12890625,443.1111145019531,65.26171875,448.9382629394531,65.26171875,-1.0,-1.0,457.67901611328125,66.72265625
