457.51666259765625,102.51171875,439.6499938964844,131.45703125,421.7833251953125,131.45703125,406.1499938964844,169.30859375,439.6499938964844,160.40234375,455.2833251953125,129.23046875,457.51666259765625,158.17578125,-1.0,-1.0,430.7166748046875,207.16015625,417.316650390625,265.05078125,392.75,316.26171875,455.2833251953125,204.93359375,464.2166748046875,265.05078125,475.3833312988281,325.16796875,453.04998779296875,100.28515625,455.2833251953125,95.83203125,439.6499938964844,104.73828125,-1.0,-1.0
456.51666259765625,102.51171875,436.4166564941406,129.23046875,420.7833251953125,127.00390625,405.1499938964844,167.08203125,440.8833312988281,158.17578125,454.2833251953125,129.23046875,454.2833251953125,158.17578125,-1.0,-1.0,427.48333740234375,207.16015625,420.7833251953125,265.05078125,391.75,314.03515625,452.04998779296875,202.70703125,460.98333740234375,260.59765625,467.683349609375,325.16796875,449.816650390625,100.28515625,452.04998779296875,98.05859375,438.6499938964844,104.73828125,-1.0,-1.0
453.2833251953125,100.28515625,435.4166564941406,129.23046875,417.54998779296875,127.00390625,404.1499938964844,167.08203125,439.8833312988281,155.94921875,451.04998779296875,127.00390625,455.51666259765625,155.94921875,-1.0,-1.0,428.7166748046875,207.16015625,424.25,265.05078125,388.51666259765625,314.03515625,453.2833251953125,202.70703125,455.51666259765625,265.05078125,462.2166748046875,325.16796875,446.5833435058594,98.05859375,448.816650390625,95.83203125,435.4166564941406,102.51171875,-1.0,-1.0
452.2833251953125,98.05859375,434.4166564941406,127.00390625,416.54998779296875,127.00390625,405.3833312988281,167.08203125,438.8833312988281,155.94921875,450.04998779296875,127.00390625,454.51666259765625,151.49609375,-1.0,-1.0,432.183349609375,209.38671875,427.7166748046875,265.05078125,387.51666259765625,311.80859375,452.2833251953125,204.93359375,452.2833251953125,262.82421875,454.51666259765625,325.16796875,445.5833435058594,95.83203125,450.04998779296875,91.37890625,434.4166564941406,100.28515625,-1.0,-1.0
450.1176452636719,100.3984375,430.0,124.9765625,414.3529357910156,124.9765625,405.4117736816406,165.1953125,438.941162109375,156.2578125,447.8823547363281,124.9765625,454.5882263183594,149.5546875,-1.0,-1.0,432.23529052734375,203.1796875,434.4705810546875,263.5078125,389.76470947265625,308.1953125,450.1176452636719,198.7109375,445.6470642089844,263.5078125,447.8823547363281,328.3046875,445.6470642089844,95.9296875,-1.0,-1.0,432.23529052734375,100.3984375,-1.0,-1.0
449.04998779296875,98.1640625,428.95001220703125,124.9765625,413.316650390625,124.9765625,404.3833312988281,165.1953125,435.6499938964844,154.0234375,446.816650390625,124.9765625,451.2833251953125,169.6640625,460.2166748046875,205.4140625,426.7166748046875,205.4140625,437.8833312988281,263.5078125,395.45001220703125,305.9609375,444.5833435058594,200.9453125,442.3500061035156,263.5078125,442.3500061035156,328.3046875,444.5833435058594,93.6953125,-1.0,-1.0,428.95001220703125,100.3984375,-1.0,-1.0
445.816650390625,97.26953125,427.95001220703125,124.17578125,412.316650390625,124.17578125,403.3833312988281,164.53515625,434.6499938964844,153.32421875,445.816650390625,124.17578125,450.2833251953125,148.83984375,436.8833312988281,144.35546875,423.48333740234375,204.89453125,436.8833312988281,263.19140625,401.1499938964844,305.79296875,443.5833435058594,200.41015625,439.1166687011719,263.19140625,436.8833312988281,325.97265625,443.5833435058594,92.78515625,-1.0,-1.0,430.183349609375,99.51171875,-1.0,-1.0
445.44537353515625,97.375,427.4285888671875,124.375,411.66387939453125,124.375,404.9075622558594,162.625,434.18487548828125,153.625,443.19329833984375,124.375,449.9495849609375,169.375,470.218505859375,205.375,425.1764831542969,205.375,443.19329833984375,259.375,429.6806640625,324.625,440.941162109375,203.125,438.6890869140625,261.625,409.4117736816406,311.125,440.941162109375,92.875,-1.0,-1.0,429.6806640625,99.625,-1.0,-1.0
446.6974792480469,97.375,426.4285888671875,124.375,410.66387939453125,124.375,403.9075622558594,162.625,435.4369812011719,153.625,444.44537353515625,124.375,451.2016906738281,169.375,469.218505859375,200.875,421.92437744140625,203.125,446.6974792480469,257.125,424.1764831542969,317.875,439.941162109375,200.875,426.4285888671875,259.375,419.6722717285156,313.375,442.19329833984375,92.875,-1.0,-1.0,428.6806640625,97.375,-1.0,-1.0
447.9495849609375,97.375,425.4285888671875,126.625,409.66387939453125,124.375,402.9075622558594,164.875,436.6890869140625,153.625,443.44537353515625,126.625,450.2016906738281,171.625,470.4705810546875,198.625,420.92437744140625,203.125,445.6974792480469,257.125,425.4285888671875,322.375,441.19329833984375,200.875,425.4285888671875,259.375,425.4285888671875,320.125,441.19329833984375,92.875,-1.0,-1.0,429.9327697753906,99.625,-1.0,-1.0
447.6974792480469,97.375,427.4285888671875,126.625,409.4117736816406,126.625,404.9075622558594,164.875,436.4369812011719,153.625,443.19329833984375,126.625,454.45379638671875,171.625,476.97479248046875,203.125,420.6722717285156,205.375,447.6974792480469,254.875,440.941162109375,322.375,440.941162109375,203.125,422.92437744140625,261.625,416.1680603027344,320.125,443.19329833984375,92.875,-1.0,-1.0,429.6806640625,97.375,-1.0,-1.0
447.44537353515625,99.73828125,427.1764831542969,126.83203125,411.4117736816406,126.83203125,406.9075622558594,165.21484375,436.18487548828125,153.92578125,445.19329833984375,126.83203125,454.2016906738281,171.98828125,478.97479248046875,203.59765625,422.6722717285156,205.85546875,447.44537353515625,264.55859375,451.9495849609375,325.51953125,438.4369812011719,203.59765625,418.1680603027344,262.30078125,411.4117736816406,323.26171875,442.941162109375,95.22265625,-1.0,-1.0,431.6806640625,97.48046875,-1.0,-1.0
449.44537353515625,99.73828125,429.1764831542969,126.83203125,413.4117736816406,126.83203125,406.65545654296875,165.21484375,438.18487548828125,153.92578125,444.941162109375,126.83203125,453.9495849609375,171.98828125,478.7226867675781,201.33984375,420.1680603027344,205.85546875,447.19329833984375,264.55859375,462.9579772949219,325.51953125,438.18487548828125,203.59765625,417.91595458984375,264.55859375,408.9075622558594,327.77734375,444.941162109375,95.22265625,-1.0,-1.0,431.4285888671875,99.73828125,-1.0,-1.0
450.44537353515625,99.73828125,432.4285888671875,129.08984375,416.66387939453125,126.83203125,409.9075622558594,167.47265625,443.6890869140625,156.18359375,448.19329833984375,129.08984375,454.9495849609375,174.24609375,481.97479248046875,205.85546875,423.420166015625,208.11328125,448.19329833984375,266.81640625,470.71429443359375,325.51953125,439.18487548828125,205.85546875,416.66387939453125,266.81640625,403.1512756347656,327.77734375,445.941162109375,95.22265625,-1.0,-1.0,434.6806640625,99.73828125,-1.0,-1.0
452.44537353515625,99.73828125,432.1764831542969,129.08984375,418.66387939453125,126.83203125,414.15966796875,169.73046875,443.4369812011719,156.18359375,450.19329833984375,129.08984375,454.6974792480469,171.98828125,479.4705810546875,196.82421875,425.420166015625,205.85546875,450.19329833984375,266.81640625,474.9664001464844,323.26171875,443.4369812011719,203.59765625,420.91595458984375,262.30078125,402.899169921875,323.26171875,447.941162109375,95.22265625,-1.0,-1.0,434.4285888671875,99.73828125,-1.0,-1.0
456.2203369140625,99.8515625,435.7796630859375,129.3046875,422.15252685546875,127.0390625,415.3389892578125,170.0859375,449.4067687988281,156.4921875,449.4067687988281,129.3046875,458.49151611328125,172.3515625,476.6610107421875,197.2734375,428.9660949707031,208.6015625,453.94915771484375,267.5078125,476.6610107421875,324.1484375,444.8644104003906,206.3359375,422.15252685546875,265.2421875,401.71185302734375,321.8828125,451.677978515625,97.5859375,-1.0,-1.0,438.05084228515625,99.8515625,-1.0,-1.0
456.94915771484375,98.96484375,438.7796630859375,128.51953125,422.88134765625,126.24609375,418.3389892578125,169.44140625,452.4067687988281,155.80078125,454.677978515625,128.51953125,461.49151611328125,173.98828125,481.93218994140625,201.26953125,429.6949157714844,208.08984375,456.94915771484375,264.92578125,475.11865234375,324.03515625,447.8644104003906,208.08984375,427.4237365722656,262.65234375,400.16949462890625,321.76171875,452.4067687988281,94.41796875,-1.0,-1.0,441.05084228515625,98.96484375,-1.0,-1.0
460.5897521972656,99.078125,439.974365234375,126.453125,426.23077392578125,126.453125,423.940185546875,167.515625,456.008544921875,153.828125,456.008544921875,128.734375,462.8803405761719,174.359375,485.78631591796875,204.015625,437.68377685546875,208.578125,458.29913330078125,267.890625,474.3333435058594,331.765625,451.4273681640625,206.296875,433.1025695800781,263.328125,401.0341796875,318.078125,456.008544921875,94.515625,-1.0,-1.0,444.5555419921875,96.796875,-1.0,-1.0
462.50848388671875,96.0078125,441.9152526855469,125.8671875,430.4745788574219,123.5703125,423.61016845703125,167.2109375,457.93218994140625,153.4296875,455.6440734863281,125.8671875,462.50848388671875,169.5078125,467.0847473144531,146.5390625,439.6271057128906,206.2578125,462.50848388671875,263.6796875,471.6610107421875,332.5859375,451.06781005859375,203.9609375,441.9152526855469,265.9765625,400.72882080078125,318.8046875,460.2203369140625,91.4140625,-1.0,-1.0,448.7796630859375,96.0078125,-1.0,-1.0
469.7069091796875,92.80859375,446.60345458984375,122.76953125,432.74139404296875,122.76953125,428.1206970214844,164.25390625,460.46551513671875,152.73046875,460.46551513671875,122.76953125,469.7069091796875,155.03515625,469.7069091796875,145.81640625,446.60345458984375,205.73828125,462.77587890625,265.66015625,469.7069091796875,334.80078125,460.46551513671875,203.43359375,446.60345458984375,270.26953125,405.0172424316406,316.36328125,465.0862121582031,88.19921875,-1.0,-1.0,451.2241516113281,95.11328125,-1.0,-1.0
470.39654541015625,94.32421875,449.60345458984375,122.16796875,435.74139404296875,122.16796875,433.4310302734375,163.93359375,463.46551513671875,150.01171875,461.1551818847656,122.16796875,465.77587890625,173.21484375,479.637939453125,203.37890625,449.60345458984375,205.69921875,461.1551818847656,268.34765625,468.0862121582031,333.31640625,461.1551818847656,203.37890625,456.53448486328125,268.34765625,410.32757568359375,310.11328125,465.77587890625,89.68359375,-1.0,-1.0,454.2241516113281,94.32421875,-1.0,-1.0
474.069580078125,92.1015625,453.09564208984375,120.0390625,439.113037109375,120.0390625,434.4521789550781,164.2734375,467.0782470703125,150.3046875,467.0782470703125,120.0390625,476.3999938964844,145.6484375,474.069580078125,143.3203125,453.09564208984375,206.1796875,460.08697509765625,269.0390625,464.7478332519531,334.2265625,462.4173889160156,203.8515625,460.08697509765625,269.0390625,418.1391296386719,306.2890625,469.40869140625,87.4453125,-1.0,-1.0,455.42608642578125,94.4296875,-1.0,-1.0
479.0,91.296875,457.86956787109375,119.421875,443.7825927734375,119.421875,439.0869445800781,161.609375,471.9565124511719,149.890625,469.60870361328125,119.421875,474.3043518066406,142.859375,479.0,142.859375,453.1739196777344,206.140625,460.2173767089844,269.421875,462.5652160644531,332.703125,467.2608642578125,203.796875,460.2173767089844,269.421875,425.0,306.921875,471.9565124511719,86.609375,-1.0,-1.0,460.2173767089844,93.640625,-1.0,-1.0
479.65216064453125,90.39453125,458.521728515625,118.61328125,446.7825927734375,118.61328125,439.7391357421875,160.94140625,474.9565124511719,149.18359375,470.2608642578125,118.61328125,-1.0,-1.0,-1.0,-1.0,456.1739196777344,203.26953125,458.521728515625,262.05859375,458.521728515625,327.90234375,472.60870361328125,200.91796875,491.39129638671875,262.05859375,444.4347839355469,306.73828125,474.9565124511719,88.04296875,-1.0,-1.0,463.2173767089844,92.74609375,-1.0,-1.0
484.52630615234375,90.4921875,460.84210205078125,118.8046875,449.0,116.4453125,441.8947448730469,158.9140625,477.4210510253906,149.4765625,470.3157958984375,121.1640625,-1.0,-1.0,-1.0,-1.0,460.84210205078125,203.7421875,458.47369384765625,265.0859375,458.47369384765625,333.5078125,477.4210510253906,201.3828125,496.368408203125,260.3671875,458.47369384765625,307.5546875,479.78948974609375,85.7734375,-1.0,-1.0,467.9473571777344,92.8515625,-1.0,-1.0
487.52630615234375,92.0625,463.84210205078125,118.1875,452.0,118.1875,442.52630615234375,160.9375,478.0526428222656,149.0625,475.6842041015625,118.1875,-1.0,-1.0,-1.0,-1.0,461.47369384765625,203.6875,459.1052551269531,263.0625,454.368408203125,329.5625,478.0526428222656,201.3125,499.368408203125,260.6875,468.5789489746094,324.8125,482.78948974609375,87.3125,-1.0,-1.0,468.5789489746094,92.0625,-1.0,-1.0
490.122802734375,91.16796875,463.877197265625,119.76171875,454.3333435058594,117.37890625,447.1754455566406,160.26953125,482.96490478515625,150.73828125,475.8070068359375,122.14453125,-1.0,-1.0,-1.0,-1.0,466.2631530761719,203.16015625,456.71929931640625,265.11328125,451.9473571777344,329.44921875,478.1929931640625,200.77734375,502.0526123046875,257.96484375,480.5789489746094,324.68359375,485.35089111328125,88.78515625,-1.0,-1.0,471.03509521484375,91.16796875,-1.0,-1.0
490.84954833984375,95.17578125,466.95574951171875,119.16015625,457.3982238769531,116.76171875,447.8406982421875,159.93359375,483.681396484375,150.33984375,478.90264892578125,119.16015625,-1.0,-1.0,-1.0,-1.0,469.3451232910156,203.10546875,455.00885009765625,263.06640625,450.2301025390625,330.22265625,483.681396484375,203.10546875,505.18585205078125,258.26953125,495.6283264160156,330.22265625,486.07080078125,90.37890625,-1.0,-1.0,474.1239013671875,92.77734375,-1.0,-1.0
493.34820556640625,92.890625,469.2410888671875,119.359375,457.1875,116.953125,449.9553527832031,160.265625,486.1160888671875,150.640625,483.7053527832031,119.359375,490.9375,167.484375,495.7589416503906,165.078125,466.8303527832031,205.984375,454.77679443359375,266.140625,445.1339416503906,331.109375,486.1160888671875,203.578125,507.8125,261.328125,510.22320556640625,333.515625,488.52679443359375,88.078125,-1.0,-1.0,476.47320556640625,92.890625,-1.0,-1.0
496.7589416503906,92.00390625,470.2410888671875,120.97265625,460.59820556640625,118.55859375,450.9553527832031,162.01171875,487.1160888671875,149.94140625,479.8839416503906,120.97265625,489.52679443359375,149.94140625,496.7589416503906,147.52734375,465.4196472167969,207.87890625,453.3660888671875,265.81640625,441.3125,330.99609375,484.7053527832031,203.05078125,503.9910888671875,263.40234375,523.2767944335938,330.99609375,491.9375,89.58984375,-1.0,-1.0,477.47320556640625,94.41796875,-1.0,-1.0
495.34820556640625,96.83203125,471.2410888671875,120.97265625,461.59820556640625,120.97265625,451.9553527832031,164.42578125,488.1160888671875,149.94140625,483.2946472167969,123.38671875,490.52679443359375,166.83984375,-1.0,-1.0,466.4196472167969,210.29296875,451.9553527832031,268.23046875,435.0803527832031,330.99609375,483.2946472167969,205.46484375,502.5803527832031,270.64453125,529.0982055664062,328.58203125,492.9375,92.00390625,-1.0,-1.0,478.47320556640625,96.83203125,-1.0,-1.0
499.3571472167969,93.5390625,475.0714416503906,122.6015625,462.9285888671875,120.1796875,453.21429443359375,163.7734375,489.6428527832031,151.6640625,489.6428527832031,125.0234375,494.5,163.7734375,-1.0,-1.0,467.78570556640625,209.7890625,455.6428527832031,265.4921875,433.78570556640625,330.8828125,487.21429443359375,207.3671875,504.21429443359375,267.9140625,530.9285888671875,330.8828125,494.5,91.1171875,-1.0,-1.0,479.9285888671875,95.9609375,-1.0,-1.0
500.4424743652344,93.5390625,476.1947021484375,122.6015625,464.07080078125,120.1796875,454.3716735839844,163.7734375,490.74334716796875,151.6640625,488.3185729980469,125.0234375,495.5929260253906,151.6640625,500.4424743652344,149.2421875,466.4955749511719,209.7890625,456.79644775390625,265.4921875,427.6991271972656,326.0390625,488.3185729980469,207.3671875,505.2920227050781,270.3359375,529.539794921875,335.7265625,493.16815185546875,88.6953125,-1.0,-1.0,481.04425048828125,95.9609375,-1.0,-1.0
501.4424743652344,91.23046875,477.1947021484375,122.81640625,462.6460266113281,120.38671875,455.3716735839844,164.12109375,491.74334716796875,151.97265625,491.74334716796875,122.81640625,499.0177001953125,166.55078125,-1.0,-1.0,474.7698974609375,207.85546875,452.9468994140625,271.02734375,426.2743225097656,326.91015625,491.74334716796875,205.42578125,506.2920227050781,268.59765625,525.6902465820312,334.19921875,494.16815185546875,86.37109375,-1.0,-1.0,482.04425048828125,93.66015625,-1.0,-1.0
501.9553527832031,87.90625,477.4910583496094,122.03125,465.2589111328125,119.59375,457.9196472167969,161.03125,494.6160888671875,151.28125,492.1696472167969,122.03125,497.0625,148.84375,504.40179443359375,151.28125,472.59820556640625,209.78125,462.8125,273.15625,426.1160583496094,326.78125,497.0625,207.34375,506.84820556640625,273.15625,521.5267944335938,336.53125,497.0625,85.46875,-1.0,-1.0,482.3839111328125,95.21875,-1.0,-1.0
502.9553527832031,87.90625,480.9375,119.59375,468.7053527832031,117.15625,461.3660583496094,161.03125,495.6160888671875,148.84375,495.6160888671875,122.03125,-1.0,-1.0,-1.0,-1.0,476.0446472167969,209.78125,471.15179443359375,273.15625,424.6696472167969,324.34375,498.0625,207.34375,507.84820556640625,273.15625,517.6339111328125,336.53125,498.0625,83.03125,-1.0,-1.0,483.3839111328125,90.34375,-1.0,-1.0
503.9553527832031,87.90625,481.9375,119.59375,469.7053527832031,117.15625,462.3660583496094,161.03125,496.6160888671875,148.84375,494.1696472167969,119.59375,-1.0,-1.0,-1.0,-1.0,479.4910583496094,207.34375,474.59820556640625,273.15625,428.1160583496094,321.90625,496.6160888671875,202.46875,503.9553527832031,268.28125,513.7410888671875,336.53125,499.0625,83.03125,-1.0,-1.0,484.3839111328125,92.78125,-1.0,-1.0
502.5089111328125,87.01171875,480.4910583496094,116.35546875,468.2589111328125,116.35546875,463.3660583496094,160.37109375,497.6160888671875,145.69921875,492.72320556640625,116.35546875,-1.0,-1.0,-1.0,-1.0,482.9375,201.94140625,490.27679443359375,270.41015625,436.4553527832031,314.42578125,497.6160888671875,199.49609375,502.5089111328125,270.41015625,507.40179443359375,336.43359375,497.6160888671875,82.12109375,-1.0,-1.0,485.3839111328125,89.45703125,-1.0,-1.0
503.5089111328125,84.56640625,481.4910583496094,116.35546875,469.2589111328125,113.91015625,464.3660583496094,157.92578125,498.6160888671875,148.14453125,493.72320556640625,116.35546875,505.9553527832031,150.58984375,505.9553527832031,140.80859375,481.4910583496094,201.94140625,496.1696472167969,267.96484375,442.34820556640625,311.98046875,496.1696472167969,197.05078125,498.6160888671875,267.96484375,501.0625,338.87890625,498.6160888671875,82.12109375,-1.0,-1.0,486.3839111328125,89.45703125,-1.0,-1.0
504.5089111328125,86.1171875,482.4910583496094,115.5546875,470.2589111328125,115.5546875,465.3660583496094,159.7109375,497.1696472167969,144.9921875,494.72320556640625,113.1015625,506.9553527832031,147.4453125,506.9553527832031,140.0859375,484.9375,201.4140625,499.6160888671875,267.6484375,453.1339416503906,311.8046875,497.1696472167969,196.5078125,499.6160888671875,270.1015625,497.1696472167969,338.7890625,499.6160888671875,81.2109375,-1.0,-1.0,487.3839111328125,88.5703125,-1.0,-1.0
507.9553527832031,86.1171875,481.0446472167969,115.5546875,468.8125,113.1015625,466.3660583496094,157.2578125,500.6160888671875,144.9921875,495.72320556640625,115.5546875,505.5089111328125,169.5234375,525.080322265625,198.9609375,481.0446472167969,201.4140625,505.5089111328125,265.1953125,463.9196472167969,311.8046875,495.72320556640625,198.9609375,495.72320556640625,265.1953125,490.8303527832031,336.3359375,500.6160888671875,81.2109375,-1.0,-1.0,488.3839111328125,86.1171875,-1.0,-1.0
507.2252197265625,86.22265625,482.54052734375,115.75390625,470.19818115234375,113.29296875,467.729736328125,157.58984375,502.28826904296875,142.82421875,499.81982421875,113.29296875,507.2252197265625,167.43359375,529.44140625,199.42578125,480.07208251953125,199.42578125,512.1621704101562,260.94921875,482.54052734375,322.47265625,494.88287353515625,196.96484375,487.47747802734375,265.87109375,475.1351318359375,317.55078125,502.28826904296875,81.30078125,-1.0,-1.0,487.47747802734375,86.22265625,-1.0,-1.0
505.7567443847656,82.859375,483.54052734375,114.953125,471.19818115234375,114.953125,466.2612609863281,159.390625,500.81982421875,144.578125,500.81982421875,114.953125,510.6936950683594,169.265625,532.909912109375,198.890625,481.07208251953125,198.890625,518.09912109375,258.140625,483.54052734375,332.203125,495.88287353515625,198.890625,486.0090026855469,270.484375,481.07208251953125,332.203125,500.81982421875,80.390625,-1.0,-1.0,488.47747802734375,85.328125,-1.0,-1.0
506.72564697265625,82.859375,484.5840759277344,117.421875,472.2831726074219,114.953125,464.90264892578125,159.390625,501.8052978515625,144.578125,501.8052978515625,114.953125,511.6460266113281,171.734375,536.247802734375,198.890625,484.5840759277344,203.828125,519.0265502929688,260.609375,499.3451232910156,332.203125,496.88494873046875,201.359375,482.1239013671875,272.953125,474.74334716796875,337.140625,501.8052978515625,80.390625,-1.0,-1.0,489.5044250488281,87.796875,-1.0,-1.0
507.1875,84.43359375,484.84820556640625,116.62890625,472.4375,114.15234375,464.9910888671875,161.20703125,502.22320556640625,146.34765625,502.22320556640625,116.62890625,514.6339111328125,171.11328125,536.9732055664062,198.35546875,484.84820556640625,203.30859375,519.5982055664062,260.26953125,499.7410888671875,332.08984375,497.2589416503906,200.83203125,482.3660888671875,272.65234375,474.9196472167969,337.04296875,502.22320556640625,79.48046875,-1.0,-1.0,489.8125,86.91015625,-1.0,-1.0
508.1875,84.43359375,485.84820556640625,116.62890625,473.4375,116.62890625,468.47320556640625,161.20703125,503.22320556640625,146.34765625,503.22320556640625,114.15234375,513.1517944335938,168.63671875,537.9732055664062,193.40234375,493.2946472167969,208.26171875,513.1517944335938,270.17578125,513.1517944335938,334.56640625,503.22320556640625,200.83203125,-1.0,-1.0,-1.0,-1.0,505.7053527832031,81.95703125,-1.0,-1.0,490.8125,86.91015625,-1.0,-1.0
509.1875,89.38671875,486.84820556640625,116.62890625,474.4375,116.62890625,469.47320556640625,161.20703125,506.7053527832031,143.87109375,499.2589416503906,116.62890625,516.6339111328125,171.11328125,541.4553833007812,193.40234375,494.2946472167969,210.73828125,516.6339111328125,275.12890625,526.5625,339.51953125,504.22320556640625,208.26171875,476.9196472167969,272.65234375,464.5089416503906,339.51953125,504.22320556640625,84.43359375,-1.0,-1.0,494.2946472167969,89.38671875,-1.0,-1.0
510.83782958984375,88.5078125,485.97296142578125,118.3203125,476.02703857421875,115.8359375,471.0540466308594,163.0390625,508.3513488769531,145.6484375,495.9189147949219,118.3203125,518.2973022460938,170.4921875,540.6756591796875,192.8515625,490.9459533691406,210.2421875,518.2973022460938,277.3203125,538.189208984375,341.9140625,500.89190673828125,210.2421875,476.02703857421875,272.3515625,461.10809326171875,336.9453125,508.3513488769531,83.5390625,-1.0,-1.0,495.9189147949219,88.5078125,-1.0,-1.0
510.7636413574219,87.75,485.6727294921875,117.75,478.14544677734375,117.75,475.6363525390625,162.75,513.272705078125,142.75,493.20001220703125,117.75,518.2908935546875,170.25,543.3818359375,190.25,490.69091796875,210.25,520.7999877929688,275.25,548.4000244140625,340.25,498.2181701660156,207.75,475.6363525390625,272.75,455.5636291503906,337.75,508.2545471191406,82.75,-1.0,-1.0,495.7091064453125,90.25,-1.0,-1.0
514.7636108398438,89.37890625,487.16363525390625,114.45703125,482.14544677734375,116.96484375,477.12725830078125,164.61328125,514.7636108398438,144.55078125,494.69091796875,114.45703125,517.272705078125,167.12109375,549.8909301757812,194.70703125,489.6727294921875,207.24609375,519.7817993164062,269.94140625,547.3818359375,342.66796875,497.20001220703125,204.73828125,479.6363525390625,267.43359375,452.036376953125,332.63671875,509.7454528808594,84.36328125,-1.0,-1.0,497.20001220703125,89.37890625,-1.0,-1.0
517.7636108398438,85.9921875,490.16363525390625,116.1796875,485.14544677734375,116.1796875,482.6363525390625,163.9765625,517.7636108398438,146.3671875,495.18182373046875,116.1796875,520.272705078125,169.0078125,550.3818359375,194.1640625,487.654541015625,206.7421875,522.7817993164062,257.0546875,547.8727416992188,342.5859375,500.20001220703125,206.7421875,485.14544677734375,267.1171875,450.0181884765625,330.0078125,512.7454833984375,80.9609375,-1.0,-1.0,502.7091064453125,88.5078125,-1.0,-1.0
518.8990478515625,85.234375,493.5779724121094,113.078125,488.5137634277344,115.609375,485.9816589355469,161.171875,521.4312133789062,143.453125,501.17431640625,115.609375,523.9633178710938,173.828125,551.8165283203125,196.609375,496.1100769042969,209.265625,526.4954223632812,270.015625,546.7523193359375,343.421875,511.302734375,206.734375,485.9816589355469,270.015625,450.5321044921875,330.765625,516.366943359375,80.171875,-1.0,-1.0,503.7064208984375,87.765625,-1.0,-1.0
524.3055419921875,85.234375,498.9351806640625,113.078125,493.8611145019531,113.078125,493.8611145019531,161.171875,526.8425903320312,140.921875,506.5462951660156,113.078125,526.8425903320312,173.828125,549.6759033203125,196.609375,504.00927734375,206.734375,526.8425903320312,267.484375,544.6018676757812,345.953125,514.1574096679688,206.734375,491.3240661621094,272.546875,-1.0,-1.0,521.7685546875,80.171875,-1.0,-1.0,509.0833435058594,82.703125,-1.0,-1.0
530.9633178710938,81.81640625,503.1100769042969,109.74609375,495.5137634277344,112.28515625,495.5137634277344,157.98828125,530.9633178710938,137.67578125,508.17431640625,109.74609375,528.4312133789062,170.68359375,548.6880493164062,198.61328125,513.238525390625,206.23046875,530.9633178710938,269.70703125,541.0917358398438,343.33984375,515.7706298828125,203.69140625,503.1100769042969,272.24609375,457.5321044921875,323.02734375,525.8990478515625,76.73828125,-1.0,-1.0,510.7064208984375,81.81640625,-1.0,-1.0
534.5420532226562,78.48828125,508.9345703125,109.14453125,501.2523193359375,109.14453125,498.69158935546875,157.68359375,531.9813232421875,139.80078125,516.6168212890625,109.14453125,514.0560913085938,142.35546875,542.2243041992188,137.24609375,516.6168212890625,198.55859375,529.4205322265625,264.98046875,539.66357421875,341.62109375,524.299072265625,196.00390625,519.1775512695312,270.08984375,462.84112548828125,321.18359375,529.4205322265625,73.37890625,-1.0,-1.0,516.6168212890625,78.48828125,-1.0,-1.0
540.102783203125,77.59375,511.9345703125,108.34375,506.8130798339844,108.34375,501.69158935546875,157.03125,537.5420532226562,139.09375,522.1775512695312,108.34375,-1.0,-1.0,-1.0,-1.0,522.1775512695312,198.03125,529.8598022460938,267.21875,537.5420532226562,344.09375,527.299072265625,198.03125,527.299072265625,267.21875,476.0841064453125,313.34375,534.9813232421875,72.46875,-1.0,-1.0,519.6168212890625,77.59375,-1.0,-1.0
542.9811401367188,76.69921875,517.3207397460938,107.54296875,509.6226501464844,107.54296875,507.0566101074219,153.80859375,540.4151000976562,138.38671875,525.0188598632812,107.54296875,540.4151000976562,130.67578125,-1.0,-1.0,525.0188598632812,197.50390625,535.2830200195312,264.33203125,535.2830200195312,344.01171875,530.1509399414062,197.50390625,530.1509399414062,266.90234375,483.9622497558594,313.16796875,537.8490600585938,71.55859375,-1.0,-1.0,525.0188598632812,79.26953125,-1.0,-1.0
547.102783203125,74.12890625,521.4953002929688,104.97265625,513.8131103515625,104.97265625,508.69158935546875,153.80859375,544.5420532226562,138.38671875,529.1775512695312,107.54296875,547.102783203125,130.67578125,554.7850341796875,135.81640625,529.1775512695312,197.50390625,529.1775512695312,269.47265625,531.7383422851562,341.44140625,531.7383422851562,197.50390625,549.66357421875,259.19140625,495.8878479003906,315.73828125,544.5420532226562,68.98828125,-1.0,-1.0,529.1775512695312,76.69921875,-1.0,-1.0
550.7142944335938,73.32421875,522.2190551757812,104.35546875,517.0380859375,104.35546875,514.4476318359375,150.90234375,548.123779296875,137.97265625,529.990478515625,104.35546875,-1.0,-1.0,-1.0,-1.0,529.990478515625,194.86328125,532.5809326171875,264.68359375,527.4000244140625,339.67578125,535.1714477539062,194.86328125,566.2571411132812,256.92578125,535.1714477539062,298.30078125,548.123779296875,68.15234375,-1.0,-1.0,535.1714477539062,75.91015625,-1.0,-1.0
556.3047485351562,72.421875,525.2190551757812,103.546875,520.0380859375,103.546875,517.4476318359375,150.234375,551.123779296875,137.265625,532.990478515625,103.546875,-1.0,-1.0,-1.0,-1.0,532.990478515625,196.921875,530.4000244140625,264.359375,527.8095092773438,342.171875,540.7619018554688,196.921875,571.84765625,256.578125,532.990478515625,318.828125,551.123779296875,67.234375,-1.0,-1.0,538.1714477539062,75.015625,-1.0,-1.0
559.1826782226562,74.12109375,528.0288696289062,102.73828125,522.8365478515625,102.73828125,520.2403564453125,152.16796875,553.9903564453125,136.55859375,535.8173217773438,102.73828125,-1.0,-1.0,-1.0,-1.0,533.2211303710938,193.79296875,525.4326782226562,266.63671875,522.8365478515625,342.08203125,543.6057739257812,193.79296875,577.3557739257812,256.23046875,546.201904296875,331.67578125,553.9903564453125,68.91796875,-1.0,-1.0,541.0096435546875,74.12109375,-1.0,-1.0
562.7692260742188,73.33203125,534.0,102.12109375,528.7692260742188,104.73828125,523.5384521484375,151.84765625,560.1538696289062,136.14453125,539.2307739257812,102.12109375,557.5384521484375,128.29296875,560.1538696289062,128.29296875,536.6153564453125,196.33984375,520.923095703125,264.38671875,518.3076782226562,340.28515625,547.076904296875,196.33984375,578.4615478515625,253.91796875,565.3846435546875,335.05078125,557.5384521484375,68.09765625,-1.0,-1.0,547.076904296875,75.94921875,-1.0,-1.0
565.7692260742188,77.6875,537.0,101.3125,531.7692260742188,103.9375,526.5384521484375,151.1875,560.5384521484375,138.0625,542.2307739257812,101.3125,560.5384521484375,127.5625,563.1538696289062,127.5625,537.0,195.8125,523.923095703125,264.0625,516.076904296875,340.1875,547.4615478515625,195.8125,581.4615478515625,253.5625,581.4615478515625,340.1875,563.1538696289062,72.4375,-1.0,-1.0,552.6923217773438,75.0625,-1.0,-1.0
568.9514770507812,74.94921875,540.1165161132812,103.73828125,534.873779296875,103.73828125,529.6310424804688,153.46484375,568.9514770507812,137.76171875,545.3592529296875,101.12109375,561.08740234375,124.67578125,-1.0,-1.0,540.1165161132812,195.33984375,521.7669677734375,266.00390625,513.9028930664062,341.90234375,550.6019287109375,195.33984375,579.4368896484375,245.06640625,600.4077758789062,339.28515625,566.330078125,72.33203125,-1.0,-1.0,553.2232666015625,74.94921875,-1.0,-1.0
573.4509887695312,76.6875,547.1764526367188,102.9375,539.2941284179688,105.5625,534.0391845703125,155.4375,573.4509887695312,139.6875,555.058837890625,102.9375,565.568603515625,131.8125,-1.0,-1.0,541.9215698242188,200.0625,523.5294189453125,270.9375,510.39215087890625,339.1875,560.313720703125,200.0625,583.9608154296875,263.0625,612.8627319335938,336.5625,570.8235473632812,74.0625,-1.0,-1.0,557.686279296875,76.6875,-1.0,-1.0
578.6435546875,76.56640625,549.89111328125,102.73828125,544.6633911132812,105.35546875,539.4356689453125,155.08203125,576.0297241210938,139.37890625,557.732666015625,102.73828125,568.1881103515625,134.14453125,-1.0,-1.0,555.1188354492188,202.19140625,526.3663330078125,270.23828125,510.68316650390625,338.28515625,562.9603881835938,202.19140625,589.0989990234375,267.62109375,615.2376098632812,335.66796875,573.4158325195312,71.33203125,-1.0,-1.0,560.3465576171875,73.94921875,-1.0,-1.0
580.530029296875,73.0625,551.7100219726562,101.9375,549.0899658203125,104.5625,546.469970703125,154.4375,583.1500244140625,138.6875,556.9500122070312,101.9375,567.4299926757812,133.4375,570.0499877929688,133.4375,559.5700073242188,199.0625,533.3699951171875,267.3125,509.7900085449219,335.5625,567.4299926757812,201.6875,593.6300048828125,267.3125,617.2099609375,335.5625,577.9099731445312,70.4375,-1.0,-1.0,562.1900024414062,73.0625,-1.0,-1.0
586.353515625,75.56640625,557.4646606445312,104.35546875,552.2120971679688,104.35546875,549.5858764648438,156.69921875,588.9797973632812,138.37890625,565.3434448242188,101.73828125,573.2222290039062,133.14453125,591.6060791015625,133.14453125,565.3434448242188,201.19140625,541.7070922851562,264.00390625,510.1919250488281,334.66796875,575.8485107421875,201.19140625,596.8585815429688,266.62109375,620.4949340820312,342.51953125,581.1010131835938,70.33203125,-1.0,-1.0,570.595947265625,75.56640625,-1.0,-1.0
588.244873046875,77.3125,564.551025390625,100.9375,561.9183349609375,103.5625,554.0203857421875,153.4375,593.5101928710938,135.0625,569.8163452148438,100.9375,-1.0,-1.0,-1.0,-1.0,572.448974609375,203.3125,554.0203857421875,268.9375,511.89794921875,331.9375,582.9796142578125,200.6875,601.4081420898438,268.9375,622.4693603515625,345.0625,585.6122436523438,72.0625,-1.0,-1.0,572.448974609375,74.6875,-1.0,-1.0
595.8163452148438,74.56640625,569.69384765625,100.73828125,564.4693603515625,103.35546875,556.6326293945312,153.08203125,598.4285888671875,134.76171875,574.9183349609375,100.73828125,-1.0,-1.0,-1.0,-1.0,582.755126953125,202.80859375,561.8571166992188,270.85546875,514.8367309570312,331.05078125,593.2041015625,200.19140625,603.653076171875,270.85546875,619.3265380859375,346.75390625,593.2041015625,69.33203125,-1.0,-1.0,580.142822265625,71.94921875,-1.0,-1.0
600.5625,68.4375,571.6875,97.3125,569.0625,99.9375,566.4375,152.4375,600.5625,134.0625,579.5625,97.3125,-1.0,-1.0,-1.0,-1.0,587.4375,199.6875,582.1875,270.5625,521.8125,328.3125,590.0625,197.0625,605.8125,270.5625,616.3125,346.6875,597.9375,65.8125,-1.0,-1.0,587.4375,71.0625,-1.0,-1.0
603.7894897460938,67.4375,574.8421020507812,96.3125,572.2105102539062,98.9375,569.5789184570312,151.4375,606.4210205078125,133.0625,580.1052856445312,96.3125,-1.0,-1.0,-1.0,-1.0,590.631591796875,198.6875,595.8947143554688,272.1875,532.73681640625,322.0625,598.5263061523438,196.0625,603.7894897460938,272.1875,616.9473876953125,348.3125,601.1578979492188,64.8125,-1.0,-1.0,590.631591796875,70.0625,-1.0,-1.0
606.0631713867188,67.33203125,577.3473510742188,93.50390625,574.73681640625,98.73828125,572.1263427734375,151.08203125,611.2841796875,130.14453125,582.5684204101562,93.50390625,-1.0,-1.0,-1.0,-1.0,593.010498046875,192.95703125,603.45263671875,268.85546875,540.7999877929688,321.19921875,598.2315673828125,190.33984375,608.6737060546875,268.85546875,611.2841796875,347.37109375,603.45263671875,59.48046875,-1.0,-1.0,590.4000244140625,67.33203125,-1.0,-1.0
610.9786987304688,62.1875,579.3191528320312,93.6875,579.3191528320312,96.3125,576.6808471679688,148.8125,613.6170043945312,130.4375,-1.0,-1.0,-1.0,-1.0,-1.0,-1.0,595.14892578125,188.1875,613.6170043945312,269.5625,555.574462890625,319.4375,597.7872314453125,188.1875,608.3404541015625,269.5625,-1.0,-1.0,605.7021484375,56.9375,-1.0,-1.0,595.14892578125,64.8125,-1.0,-1.0
612.225830078125,66.6484375,580.48388671875,95.6953125,580.48388671875,95.6953125,-1.0,-1.0,-1.0,-1.0,585.774169921875,93.0546875,-1.0,-1.0,-1.0,-1.0,596.3548583984375,188.1171875,625.4515991210938,264.6953125,569.9031982421875,314.8671875,601.6451416015625,185.4765625,601.6451416015625,264.6953125,604.2903442382812,346.5546875,606.9354858398438,58.7265625,-1.0,-1.0,596.3548583984375,66.6484375,-1.0,-1.0
614.8709716796875,61.3671875,585.774169921875,93.0546875,583.1290283203125,95.6953125,583.1290283203125,145.8671875,617.51611328125,127.3828125,593.7096557617188,93.0546875,-1.0,-1.0,-1.0,-1.0,596.3548583984375,185.4765625,625.4515991210938,262.0546875,596.3548583984375,333.3515625,599.0,185.4765625,599.0,262.0546875,583.1290283203125,322.7890625,609.5806274414062,58.7265625,-1.0,-1.0,601.6451416015625,64.0078125,-1.0,-1.0
617.51611328125,61.45703125,588.4193725585938,93.23828125,585.774169921875,95.88671875,585.774169921875,146.20703125,622.8064575195312,127.66796875,593.7096557617188,93.23828125,614.8709716796875,119.72265625,617.51611328125,119.72265625,596.3548583984375,185.93359375,622.8064575195312,262.73828125,596.3548583984375,331.59765625,601.6451416015625,185.93359375,593.7096557617188,260.08984375,591.0645141601562,328.94921875,612.225830078125,56.16015625,-1.0,-1.0,606.9354858398438,64.10546875,-1.0,-1.0
620.1087036132812,60.63671875,593.5869750976562,92.60546875,593.5869750976562,95.26953125,590.934814453125,145.88671875,625.4130249023438,127.23828125,598.8912963867188,92.60546875,-1.0,-1.0,-1.0,-1.0,604.1956787109375,188.51171875,636.021728515625,265.76953125,614.8043212890625,335.03515625,593.5869750976562,191.17578125,590.934814453125,263.10546875,588.2825927734375,343.02734375,617.45654296875,55.30859375,-1.0,-1.0,604.1956787109375,60.63671875,-1.0,-1.0
620.1087036132812,65.96484375,588.2825927734375,92.60546875,590.934814453125,95.26953125,590.934814453125,148.55078125,622.7608642578125,129.90234375,582.978271484375,89.94140625,-1.0,-1.0,-1.0,-1.0,604.1956787109375,188.51171875,633.3695678710938,263.10546875,628.0652465820312,340.36328125,590.934814453125,188.51171875,588.2825927734375,263.10546875,580.3261108398438,343.02734375,617.45654296875,57.97265625,-1.0,-1.0,604.1956787109375,63.30078125,-1.0,-1.0
623.912109375,66.0703125,591.7362670898438,92.7890625,591.7362670898438,98.1328125,594.4176025390625,148.8984375,629.2747192382812,127.5234375,591.7362670898438,90.1171875,-1.0,-1.0,-1.0,-1.0,599.7802124023438,188.9765625,631.9560546875,258.4453125,-1.0,-1.0,597.098876953125,188.9765625,586.3736572265625,258.4453125,578.3296508789062,343.9453125,618.5494384765625,58.0546875,-1.0,-1.0,605.1428833007812,63.3984375,-1.0,-1.0
623.8666381835938,66.17578125,591.5999755859375,95.65234375,594.2888793945312,98.33203125,596.977783203125,149.24609375,629.2444458007812,130.48828125,586.2222290039062,92.97265625,-1.0,-1.0,-1.0,-1.0,602.3555297851562,189.44140625,586.2222290039062,261.79296875,572.7777709960938,350.22265625,599.6666870117188,189.44140625,580.8444213867188,267.15234375,570.0888671875,344.86328125,618.4888916015625,60.81640625,-1.0,-1.0,610.4222412109375,66.17578125,-1.0,-1.0
623.8666381835938,65.28125,591.5999755859375,97.53125,594.2888793945312,100.21875,596.977783203125,151.28125,629.2444458007812,129.78125,586.2222290039062,92.15625,626.5555419921875,121.71875,-1.0,-1.0,602.3555297851562,191.59375,631.933349609375,264.15625,-1.0,-1.0,591.5999755859375,191.59375,580.8444213867188,266.84375,564.7111206054688,344.78125,618.4888916015625,59.90625,-1.0,-1.0,610.4222412109375,65.28125,-1.0,-1.0
623.8666381835938,65.38671875,591.5999755859375,97.73046875,594.2888793945312,103.12109375,599.6666870117188,151.63671875,631.933349609375,130.07421875,591.5999755859375,92.33984375,626.5555419921875,124.68359375,-1.0,-1.0,599.6666870117188,189.37109375,631.933349609375,267.53515625,-1.0,-1.0,599.6666870117188,189.37109375,578.1555786132812,270.23046875,559.3333129882812,345.69921875,618.4888916015625,59.99609375,-1.0,-1.0,610.4222412109375,65.38671875,-1.0,-1.0
625.1685180664062,65.4921875,592.8089599609375,97.9296875,595.505615234375,100.6328125,600.8988647460938,151.9921875,630.561767578125,133.0703125,590.1123657226562,95.2265625,627.8651733398438,127.6640625,-1.0,-1.0,598.2022705078125,192.5390625,579.3258666992188,270.9296875,549.6629028320312,346.6171875,606.2921142578125,192.5390625,633.2584228515625,268.2265625,-1.0,-1.0,619.7752685546875,60.0859375,-1.0,-1.0,611.6854248046875,65.4921875,-1.0,-1.0
622.471923828125,64.59765625,592.8089599609375,97.12890625,592.8089599609375,102.55078125,600.8988647460938,151.34765625,630.561767578125,132.37109375,592.8089599609375,91.70703125,627.8651733398438,126.94921875,-1.0,-1.0,595.505615234375,192.01171875,579.3258666992188,273.33984375,544.2696533203125,343.82421875,608.98876953125,192.01171875,633.2584228515625,267.91796875,-1.0,-1.0,619.7752685546875,59.17578125,-1.0,-1.0,608.98876953125,64.59765625,-1.0,-1.0
622.272705078125,64.703125,592.272705078125,97.328125,595.0,102.765625,603.1818237304688,148.984375,630.4545288085938,132.671875,592.272705078125,94.609375,627.727294921875,127.234375,-1.0,-1.0,600.4545288085938,189.765625,635.9090576171875,268.609375,-1.0,-1.0,600.4545288085938,189.765625,586.8181762695312,271.328125,543.1818237304688,336.578125,619.5454711914062,59.265625,-1.0,-1.0,605.9090576171875,64.703125,-1.0,-1.0
620.8505859375,62.08203125,590.7586059570312,94.80078125,590.7586059570312,100.25390625,601.701171875,149.33203125,629.0574951171875,130.24609375,593.4942626953125,89.34765625,629.0574951171875,124.79296875,-1.0,-1.0,598.9655151367188,187.50390625,637.2643432617188,274.75390625,-1.0,-1.0,598.9655151367188,190.23046875,585.287353515625,274.75390625,538.7816162109375,332.01171875,615.3793334960938,56.62890625,-1.0,-1.0,607.1724243164062,64.80859375,-1.0,-1.0
618.1149291992188,62.08203125,590.7586059570312,94.80078125,590.7586059570312,97.52734375,598.9655151367188,149.33203125,631.7930908203125,130.24609375,593.4942626953125,92.07421875,-1.0,-1.0,-1.0,-1.0,607.1724243164062,190.23046875,631.7930908203125,266.57421875,631.7930908203125,348.37109375,598.9655151367188,190.23046875,596.2298583984375,269.30078125,546.988525390625,323.83203125,615.3793334960938,56.62890625,-1.0,-1.0,607.1724243164062,62.08203125,-1.0,-1.0
615.3793334960938,61.27734375,588.0230102539062,91.44140625,588.0230102539062,94.18359375,596.2298583984375,146.28515625,629.0574951171875,127.08984375,-1.0,-1.0,-1.0,-1.0,-1.0,-1.0,604.436767578125,187.41796875,623.586181640625,269.68359375,629.0574951171875,349.20703125,604.436767578125,190.16015625,593.4942626953125,272.42578125,552.4597778320312,319.04296875,612.6436767578125,55.79296875,-1.0,-1.0,601.701171875,61.27734375,-1.0,-1.0
612.5581665039062,64.125,587.8604736328125,91.625,587.8604736328125,94.375,593.3488159179688,143.875,623.534912109375,130.125,579.6279296875,91.625,620.7907104492188,119.125,-1.0,-1.0,601.5814208984375,187.875,615.3023071289062,267.625,618.0465087890625,350.125,596.093017578125,185.125,601.5814208984375,270.375,552.18603515625,319.875,607.0697631835938,58.625,-1.0,-1.0,601.5814208984375,61.375,-1.0,-1.0
607.0697631835938,58.625,579.6279296875,88.875,582.3720703125,94.375,587.8604736328125,143.875,620.7907104492188,127.375,-1.0,-1.0,-1.0,-1.0,-1.0,-1.0,596.093017578125,185.125,607.0697631835938,270.375,607.0697631835938,350.125,593.3488159179688,185.125,607.0697631835938,270.375,552.18603515625,319.875,604.3255615234375,55.875,-1.0,-1.0,598.8372192382812,61.375,-1.0,-1.0
602.5176391601562,60.5703125,577.5294189453125,88.2265625,577.5294189453125,90.9921875,585.8588256835938,143.5390625,613.62353515625,129.7109375,571.9764404296875,85.4609375,605.2941284179688,115.8828125,608.070556640625,118.6484375,588.6353149414062,185.0234375,605.2941284179688,265.2265625,596.9647216796875,350.9609375,591.4117431640625,185.0234375,613.62353515625,262.4609375,558.0941162109375,323.3046875,599.7412109375,55.0390625,-1.0,-1.0,591.4117431640625,60.5703125,-1.0,-1.0
602.3928833007812,63.44140625,571.75,91.17578125,574.5357055664062,93.94921875,580.1071166992188,143.87109375,610.75,130.00390625,566.1785888671875,88.40234375,594.0357055664062,113.36328125,599.607177734375,118.91015625,585.6785888671875,179.92578125,594.0357055664062,260.35546875,585.6785888671875,351.87890625,585.6785888671875,179.92578125,619.107177734375,260.35546875,571.75,326.91796875,596.8214111328125,55.12109375,-1.0,-1.0,588.4642944335938,63.44140625,-1.0,-1.0
599.607177734375,60.765625,568.9642944335938,88.578125,571.75,91.359375,577.3214111328125,144.203125,607.9642944335938,130.296875,566.1785888671875,85.796875,596.8214111328125,116.390625,-1.0,-1.0,582.8928833007812,183.140625,580.1071166992188,274.921875,574.5357055664062,355.578125,580.1071166992188,185.921875,619.107177734375,261.015625,585.6785888671875,352.796875,594.0357055664062,57.984375,-1.0,-1.0,588.4642944335938,60.765625,-1.0,-1.0
595.3488159179688,59.86328125,564.6511840820312,87.75390625,567.4418334960938,93.33203125,573.0232543945312,143.53515625,606.5115966796875,132.37890625,-1.0,-1.0,-1.0,-1.0,-1.0,-1.0,578.6046752929688,188.16015625,573.0232543945312,269.04296875,561.8604736328125,349.92578125,581.3953247070312,188.16015625,614.8837280273438,260.67578125,586.9767456054688,341.55859375,589.7674560546875,57.07421875,-1.0,-1.0,581.3953247070312,62.65234375,-1.0,-1.0
591.3218383789062,62.7578125,563.27587890625,87.9296875,566.0804443359375,90.7265625,568.8850708007812,143.8671875,602.5402221679688,132.6796875,557.6666870117188,85.1328125,585.712646484375,118.6953125,594.12646484375,121.4921875,571.6896362304688,188.6171875,563.27587890625,272.5234375,552.0574951171875,350.8359375,580.1034545898438,188.6171875,608.1494140625,264.1328125,596.9310302734375,342.4453125,588.5172119140625,59.9609375,-1.0,-1.0,577.298828125,62.7578125,-1.0,-1.0
587.03369140625,64.78125,556.1348266601562,90.09375,561.7528076171875,92.90625,567.3707885742188,146.34375,598.2696533203125,132.28125,550.516845703125,90.09375,-1.0,-1.0,-1.0,-1.0,570.1797485351562,191.34375,558.94384765625,275.71875,544.8988647460938,346.03125,575.7977294921875,191.34375,603.8876342773438,272.90625,609.505615234375,343.21875,584.2247314453125,61.96875,-1.0,-1.0,575.7977294921875,64.78125,-1.0,-1.0
584.3778076171875,67.71484375,553.3333129882812,95.91796875,561.7999877929688,95.91796875,564.6221923828125,146.68359375,595.6666870117188,132.58203125,544.86669921875,93.09765625,578.7333374023438,121.30078125,584.3778076171875,124.12109375,564.6221923828125,194.62890625,550.5111083984375,279.23828125,536.4000244140625,349.74609375,567.4444580078125,194.62890625,595.6666870117188,273.59765625,621.066650390625,344.10546875,581.5555419921875,62.07421875,-1.0,-1.0,573.0888671875,67.71484375,-1.0,-1.0
582.4674072265625,69.79296875,551.1412963867188,95.31640625,562.5325927734375,95.31640625,562.5325927734375,146.36328125,593.8587036132812,135.01953125,539.75,95.31640625,522.6630249023438,120.83984375,-1.0,-1.0,562.5325927734375,194.57421875,545.4456787109375,279.65234375,525.5108642578125,350.55078125,562.5325927734375,194.57421875,591.0108642578125,276.81640625,625.1847534179688,344.87890625,576.771728515625,64.12109375,-1.0,-1.0,568.228271484375,69.79296875,-1.0,-1.0
580.4042358398438,69.921875,549.276611328125,95.515625,560.5957641601562,95.515625,560.5957641601562,146.703125,591.723388671875,135.328125,537.9574584960938,95.515625,520.9786987304688,123.953125,-1.0,-1.0,560.5957641601562,195.046875,540.7872314453125,280.359375,518.14892578125,351.453125,557.7659301757812,195.046875,588.8936157226562,277.515625,622.85107421875,345.765625,574.7446899414062,64.234375,-1.0,-1.0,566.2553100585938,69.921875,-1.0,-1.0
576.8736572265625,72.0390625,548.2421264648438,94.9140625,556.8316040039062,97.7734375,562.5579223632812,146.3828125,594.0526123046875,134.9453125,539.6526489257812,92.0546875,519.6105346679688,123.5078125,-1.0,-1.0,559.6947631835938,194.9921875,542.5158081054688,277.9140625,513.8842163085938,352.2578125,562.5579223632812,194.9921875,588.3262939453125,272.1953125,622.6842041015625,346.5390625,574.010498046875,63.4609375,-1.0,-1.0,562.5579223632812,69.1796875,-1.0,-1.0
574.82470703125,72.0390625,546.3711547851562,97.7734375,549.2164916992188,97.7734375,560.5979614257812,146.3828125,591.8969116210938,134.9453125,540.680419921875,94.9140625,517.9175415039062,120.6484375,-1.0,-1.0,560.5979614257812,197.8515625,546.3711547851562,277.9140625,506.53607177734375,346.5390625,563.4432983398438,194.9921875,586.2061767578125,275.0546875,617.505126953125,349.3984375,571.9793701171875,63.4609375,-1.0,-1.0,560.5979614257812,66.3203125,-1.0,-1.0
575.5714111328125,69.30859375,546.7958984375,97.98046875,549.6734619140625,97.98046875,561.1836547851562,149.58984375,592.8367309570312,132.38671875,538.1632690429688,95.11328125,578.448974609375,123.78515625,-1.0,-1.0,558.30615234375,198.33203125,546.7958984375,281.48046875,503.6326599121094,344.55859375,566.9387817382812,198.33203125,584.2041015625,272.87890625,612.9796142578125,353.16015625,569.8163452148438,63.57421875,-1.0,-1.0,558.30615234375,66.44140625,-1.0,-1.0
574.3333129882812,68.56640625,545.4444580078125,97.39453125,548.3333129882812,97.39453125,562.7777709960938,149.28515625,588.7777709960938,131.98828125,539.6666870117188,94.51171875,522.3333129882812,129.10546875,-1.0,-1.0,559.888916015625,192.52734375,559.888916015625,279.01171875,502.1111145019531,342.43359375,557.0,192.52734375,580.111083984375,276.12890625,603.2222290039062,353.96484375,568.5555419921875,62.80078125,-1.0,-1.0,557.0,65.68359375,-1.0,-1.0
575.3333129882812,68.56640625,546.4444580078125,94.51171875,546.4444580078125,97.39453125,558.0,146.40234375,586.888916015625,131.98828125,540.6666870117188,91.62890625,523.3333129882812,123.33984375,-1.0,-1.0,560.888916015625,195.41015625,566.6666870117188,281.89453125,506.0,339.55078125,543.5555419921875,195.41015625,578.2222290039062,279.01171875,595.5555419921875,356.84765625,569.5555419921875,59.91796875,-1.0,-1.0,560.888916015625,62.80078125,-1.0,-1.0
575.757568359375,65.68359375,544.2020263671875,94.51171875,547.0706787109375,97.39453125,558.5454711914062,149.28515625,587.2322998046875,131.98828125,538.4646606445312,91.62890625,515.51513671875,120.45703125,-1.0,-1.0,561.4141235351562,195.41015625,572.888916015625,279.01171875,512.646484375,333.78515625,552.80810546875,195.41015625,575.757568359375,281.89453125,590.1010131835938,356.84765625,570.0202026367188,59.91796875,-1.0,-1.0,561.4141235351562,62.80078125,-1.0,-1.0
575.5714111328125,62.80078125,541.0408325195312,97.39453125,549.6734619140625,100.27734375,561.1836547851562,149.28515625,584.2041015625,129.10546875,529.5306396484375,97.39453125,-1.0,-1.0,-1.0,-1.0,564.0612182617188,192.52734375,581.3265380859375,273.24609375,520.89794921875,328.01953125,552.551025390625,195.41015625,575.5714111328125,276.12890625,581.3265380859375,356.84765625,569.8163452148438,57.03515625,-1.0,-1.0,564.0612182617188,62.80078125,-1.0,-1.0
576.5714111328125,62.80078125,542.0408325195312,94.51171875,550.6734619140625,97.39453125,562.1836547851562,149.28515625,585.2041015625,129.10546875,530.5306396484375,94.51171875,-1.0,-1.0,-1.0,-1.0,565.0612182617188,192.52734375,590.9591674804688,273.24609375,539.1632690429688,325.13671875,553.551025390625,195.41015625,565.0612182617188,276.12890625,573.69384765625,353.96484375,570.8163452148438,59.91796875,-1.0,-1.0,559.30615234375,62.80078125,-1.0,-1.0
576.5714111328125,62.80078125,542.0408325195312,94.51171875,550.6734619140625,94.51171875,559.30615234375,146.40234375,585.2041015625,129.10546875,530.5306396484375,91.62890625,-1.0,-1.0,-1.0,-1.0,559.30615234375,186.76171875,596.7142944335938,264.59765625,542.0408325195312,336.66796875,539.1632690429688,189.64453125,567.9387817382812,273.24609375,567.9387817382812,351.08203125,570.8163452148438,59.91796875,-1.0,-1.0,559.30615234375,62.80078125,-1.0,-1.0
577.5714111328125,62.80078125,531.5306396484375,97.39453125,548.7958984375,94.51171875,560.30615234375,143.51953125,586.2041015625,129.10546875,517.1428833007812,100.27734375,-1.0,-1.0,-1.0,-1.0,560.30615234375,189.64453125,600.5918579101562,264.59765625,557.4285888671875,339.55078125,534.4081420898438,189.64453125,554.551025390625,258.83203125,548.7958984375,330.90234375,571.8163452148438,59.91796875,-1.0,-1.0,563.1836547851562,62.80078125,-1.0,-1.0
-1.0,-1.0,529.7525634765625,100.27734375,549.958740234375,94.51171875,561.505126953125,146.40234375,587.4845581054688,131.98828125,512.4329833984375,103.16015625,-1.0,-1.0,-1.0,-1.0,555.73193359375,189.64453125,601.9175415039062,264.59765625,570.1649169921875,339.55078125,529.7525634765625,192.52734375,549.958740234375,261.71484375,549.958740234375,339.55078125,-1.0,-1.0,-1.0,-1.0,561.505126953125,65.68359375,529.7525634765625,57.03515625
-1.0,-1.0,532.3020629882812,100.27734375,552.5729370117188,97.39453125,561.2604370117188,146.40234375,587.3229370117188,131.98828125,517.8229370117188,97.39453125,-1.0,-1.0,-1.0,-1.0,558.3645629882812,192.52734375,601.8020629882812,267.48046875,584.4270629882812,348.19921875,535.1979370117188,192.52734375,540.9895629882812,270.36328125,540.9895629882812,351.08203125,-1.0,-1.0,-1.0,-1.0,561.2604370117188,68.56640625,529.40625,59.91796875
-1.0,-1.0,530.40625,97.39453125,550.6770629882812,97.39453125,562.2604370117188,149.28515625,588.3229370117188,131.98828125,510.1354064941406,100.27734375,507.2395935058594,152.16796875,527.5104370117188,166.58203125,565.15625,192.52734375,599.90625,267.48046875,597.0104370117188,353.96484375,536.1979370117188,192.52734375,539.09375,270.36328125,536.1979370117188,353.96484375,-1.0,-1.0,-1.0,-1.0,562.2604370117188,68.56640625,527.5104370117188,57.03515625
-1.0,-1.0,531.1875,97.39453125,554.1875,97.39453125,562.8125,149.28515625,585.8125,134.87109375,511.0625,100.27734375,-1.0,-1.0,-1.0,-1.0,562.8125,195.41015625,594.4375,270.36328125,611.6875,353.96484375,534.0625,195.41015625,534.0625,273.24609375,528.3125,351.08203125,-1.0,-1.0,-1.0,-1.0,562.8125,68.56640625,528.3125,57.03515625
-1.0,-1.0,532.1875,97.39453125,552.3125,97.39453125,566.6875,152.16796875,586.8125,134.87109375,509.1875,97.39453125,506.3125,157.93359375,520.6875,178.11328125,560.9375,195.41015625,595.4375,276.12890625,621.3125,351.08203125,532.1875,192.52734375,532.1875,276.12890625,523.5625,353.96484375,-1.0,-1.0,-1.0,-1.0,563.8125,68.56640625,532.1875,59.91796875
-1.0,-1.0,533.2841796875,94.51171875,556.35791015625,100.27734375,570.7789306640625,152.16796875,590.9684448242188,134.87109375,510.2105407714844,91.62890625,-1.0,-1.0,-1.0,-1.0,559.2421264648438,192.52734375,596.73681640625,279.01171875,628.463134765625,351.08203125,530.4000244140625,189.64453125,533.2841796875,273.24609375,518.8631591796875,353.96484375,-1.0,-1.0,-1.0,-1.0,565.010498046875,71.44921875,533.2841796875,59.91796875
-1.0,-1.0,534.8171997070312,94.51171875,557.8709716796875,97.39453125,575.1613159179688,155.05078125,592.4515991210938,137.75390625,514.6451416015625,91.62890625,-1.0,-1.0,-1.0,-1.0,566.51611328125,195.41015625,595.3333129882812,279.01171875,627.0322875976562,351.08203125,531.9354858398438,192.52734375,531.9354858398438,273.24609375,514.6451416015625,351.08203125,-1.0,-1.0,-1.0,-1.0,563.6343994140625,71.44921875,537.6989135742188,62.80078125
-1.0,-1.0,538.1304321289062,97.39453125,561.0869750976562,100.27734375,575.434814453125,155.05078125,592.6521606445312,137.75390625,515.1738891601562,91.62890625,-1.0,-1.0,-1.0,-1.0,566.8261108398438,195.41015625,598.3912963867188,281.89453125,624.2174072265625,356.84765625,535.2608642578125,192.52734375,535.2608642578125,273.24609375,512.3043212890625,348.19921875,-1.0,-1.0,-1.0,-1.0,563.95654296875,71.44921875,-1.0,-1.0
-1.0,-1.0,539.98876953125,94.51171875,563.1797485351562,100.27734375,580.5730590820312,155.05078125,592.1685180664062,140.63671875,516.7977294921875,88.74609375,-1.0,-1.0,-1.0,-1.0,571.8764038085938,198.29296875,597.96630859375,279.01171875,621.1572875976562,356.84765625,539.98876953125,198.29296875,537.0899047851562,279.01171875,516.7977294921875,348.19921875,-1.0,-1.0,-1.0,-1.0,568.9775390625,71.44921875,-1.0,-1.0
-1.0,-1.0,544.413818359375,94.51171875,564.6896362304688,100.27734375,582.0689697265625,152.16796875,596.5516967773438,137.75390625,518.3448486328125,88.74609375,-1.0,-1.0,-1.0,-1.0,570.4827880859375,198.29296875,599.4482421875,279.01171875,616.8275756835938,356.84765625,541.5172119140625,195.41015625,541.5172119140625,279.01171875,521.2413940429688,339.55078125,-1.0,-1.0,-1.0,-1.0,567.586181640625,71.44921875,-1.0,-1.0
-1.0,-1.0,547.720947265625,94.51171875,567.906982421875,97.39453125,582.3255615234375,149.28515625,596.7442016601562,134.87109375,530.4185791015625,103.16015625,527.534912109375,140.63671875,-1.0,-1.0,573.6744384765625,195.41015625,599.6279296875,279.01171875,611.1627807617188,359.73046875,544.8372192382812,195.41015625,550.6046752929688,279.01171875,527.534912109375,336.66796875,-1.0,-1.0,-1.0,-1.0,567.906982421875,71.44921875,-1.0,-1.0
-1.0,-1.0,549.25,100.27734375,569.4166870117188,100.27734375,583.8214111328125,149.28515625,598.2261962890625,134.87109375,529.0833129882812,103.16015625,529.0833129882812,146.40234375,-1.0,-1.0,575.1785888671875,195.41015625,595.34521484375,281.89453125,603.9880981445312,359.73046875,540.6071166992188,195.41015625,555.0119018554688,281.89453125,549.25,345.31640625,-1.0,-1.0,-1.0,-1.0,572.297607421875,71.44921875,543.4880981445312,62.80078125
-1.0,-1.0,550.780517578125,97.39453125,570.9268188476562,97.39453125,588.1951293945312,149.28515625,602.5853881835938,131.98828125,530.6341552734375,97.39453125,-1.0,-1.0,-1.0,-1.0,570.9268188476562,192.52734375,591.0731811523438,276.12890625,599.7073364257812,359.73046875,539.268310546875,189.64453125,553.6585693359375,276.12890625,545.0244140625,339.55078125,-1.0,-1.0,-1.0,-1.0,573.8048706054688,65.68359375,547.9024658203125,59.91796875
-1.0,-1.0,549.4375,91.62890625,572.4375,94.51171875,589.6875,149.28515625,604.0625,131.98828125,529.3125,94.51171875,-1.0,-1.0,-1.0,-1.0,569.5625,195.41015625,586.8125,287.66015625,592.5625,359.73046875,540.8125,189.64453125,552.3125,284.77734375,552.3125,342.43359375,-1.0,-1.0,-1.0,-1.0,575.3125,65.68359375,-1.0,-1.0
-1.0,-1.0,549.4375,94.51171875,572.4375,97.39453125,589.6875,149.28515625,604.0625,131.98828125,529.3125,94.51171875,-1.0,-1.0,-1.0,-1.0,566.6875,192.52734375,583.9375,287.66015625,586.8125,356.84765625,535.0625,192.52734375,552.3125,287.66015625,558.0625,351.08203125,-1.0,-1.0,-1.0,-1.0,575.3125,68.56640625,546.5625,65.68359375
