441.2758483886719,256.46875,433.0,263.34375,434.3793029785156,263.34375,437.82757568359375,275.03125,445.4137878417969,279.15625,430.24139404296875,263.34375,428.17242431640625,275.71875,-1.0,-1.0,436.4482727050781,286.71875,-1.0,-1.0,-1.0,-1.0,430.24139404296875,285.34375,-1.0,-1.0,-1.0,-1.0,-1.0,-1.0,-1.0,-1.0,437.82757568359375,255.09375,-1.0,-1.0
-1.0,-1.0,434.56817626953125,263.76953125,436.6136474609375,263.08984375,440.7045593261719,276.00390625,442.06817626953125,286.19921875,431.8409118652344,263.76953125,-1.0,-1.0,-1.0,-1.0,437.9772644042969,288.23828125,444.1136474609375,302.51171875,-1.0,-1.0,430.4772644042969,287.55859375,429.1136474609375,303.19140625,-1.0,-1.0,-1.0,-1.0,-1.0,-1.0,437.9772644042969,256.29296875,-1.0,-1.0
444.75,256.29296875,437.25,263.76953125,439.2954406738281,263.76953125,441.3409118652344,277.36328125,442.7045593261719,287.55859375,434.5227355957031,263.76953125,-1.0,-1.0,-1.0,-1.0,438.6136474609375,288.23828125,444.06817626953125,302.51171875,-1.0,-1.0,431.7954406738281,286.87890625,-1.0,-1.0,-1.0,-1.0,442.7045593261719,254.25390625,-1.0,-1.0,439.9772644042969,255.61328125,-1.0,-1.0
-1.0,-1.0,439.13482666015625,266.8671875,443.85394287109375,266.8671875,449.2471923828125,278.2890625,-1.0,-1.0,434.4157409667969,266.1953125,-1.0,-1.0,-1.0,-1.0,441.8314514160156,289.0390625,446.5505676269531,302.4765625,449.2471923828125,315.2421875,434.4157409667969,288.3671875,433.7415771484375,301.8046875,429.0224609375,314.5703125,-1.0,-1.0,-1.0,-1.0,443.1797790527344,256.7890625,-1.0,-1.0
-1.0,-1.0,441.1395263671875,267.5390625,446.5348815917969,267.5390625,451.2558288574219,278.2890625,-1.0,-1.0,436.4186096191406,266.8671875,-1.0,-1.0,-1.0,-1.0,444.5116271972656,289.7109375,448.5581359863281,305.1640625,451.2558288574219,318.6015625,436.4186096191406,289.7109375,435.74420166015625,302.4765625,431.6976623535156,312.5546875,-1.0,-1.0,-1.0,-1.0,445.18603515625,256.7890625,-1.0,-1.0
450.5581359863281,257.4609375,443.1395263671875,263.5078125,443.81396484375,264.1796875,446.5116271972656,276.9453125,455.2790832519531,284.3359375,440.4418640136719,263.5078125,-1.0,-1.0,-1.0,-1.0,443.81396484375,289.0390625,451.906982421875,305.8359375,452.5813903808594,319.9453125,439.093017578125,289.0390625,438.4186096191406,302.4765625,-1.0,-1.0,449.88372802734375,255.4453125,-1.0,-1.0,447.8604736328125,256.1171875,-1.0,-1.0
453.0,256.60546875,445.0,263.91015625,445.6666564941406,263.91015625,448.3333435058594,277.19140625,455.6666564941406,285.16015625,443.6666564941406,263.24609375,439.6666564941406,272.54296875,-1.0,-1.0,446.3333435058594,287.81640625,452.3333435058594,301.76171875,453.6666564941406,315.70703125,441.6666564941406,286.48828125,441.6666564941406,300.43359375,-1.0,-1.0,451.6666564941406,254.61328125,-1.0,-1.0,450.3333435058594,255.94140625,-1.0,-1.0
455.6666564941406,257.26953125,447.6666564941406,264.57421875,449.0,265.23828125,451.6666564941406,277.19140625,457.6666564941406,286.48828125,446.3333435058594,263.91015625,-1.0,-1.0,-1.0,-1.0,447.6666564941406,289.80859375,-1.0,-1.0,-1.0,-1.0,444.3333435058594,289.14453125,443.6666564941406,303.75390625,-1.0,-1.0,453.6666564941406,255.27734375,-1.0,-1.0,450.3333435058594,255.94140625,-1.0,-1.0
456.6666564941406,256.60546875,450.0,265.23828125,450.6666564941406,265.90234375,454.0,276.52734375,458.6666564941406,287.15234375,448.6666564941406,265.23828125,-1.0,-1.0,-1.0,-1.0,452.0,289.14453125,456.6666564941406,304.41796875,452.0,315.70703125,446.6666564941406,289.14453125,447.3333435058594,302.42578125,445.3333435058594,312.38671875,455.3333435058594,255.27734375,-1.0,-1.0,452.0,255.94140625,-1.0,-1.0
459.3999938964844,256.421875,452.811767578125,264.296875,452.811767578125,264.953125,456.10589599609375,276.765625,458.0823669433594,285.953125,450.8352966308594,263.640625,-1.0,-1.0,-1.0,-1.0,454.7882385253906,288.578125,458.0823669433594,303.015625,458.7411804199219,316.140625,448.20001220703125,287.921875,449.51763916015625,303.015625,449.51763916015625,314.171875,457.42352294921875,254.453125,-1.0,-1.0,454.1294250488281,255.765625,-1.0,-1.0
460.7317199707031,256.421875,454.80487060546875,263.640625,455.4634094238281,264.296875,458.0975646972656,276.109375,460.7317199707031,285.296875,452.8292541503906,262.984375,-1.0,-1.0,-1.0,-1.0,456.7804870605469,288.578125,458.756103515625,303.671875,458.0975646972656,317.453125,450.8536682128906,287.265625,451.51220703125,303.671875,453.48779296875,316.140625,458.756103515625,254.453125,-1.0,-1.0,456.7804870605469,255.765625,-1.0,-1.0
462.3999938964844,255.109375,457.1294250488281,262.984375,455.1529541015625,263.640625,457.7882385253906,274.140625,460.42352294921875,283.984375,459.76470947265625,262.328125,461.0823669433594,272.171875,-1.0,-1.0,455.1529541015625,287.265625,454.4941101074219,303.015625,-1.0,-1.0,460.42352294921875,286.609375,459.76470947265625,303.015625,-1.0,-1.0,460.42352294921875,254.453125,-1.0,-1.0,458.4470520019531,255.109375,-1.0,-1.0
-1.0,-1.0,457.93975830078125,262.72265625,458.5903625488281,263.37109375,460.54217529296875,275.69140625,462.4939880371094,284.12109375,455.9879455566406,262.07421875,-1.0,-1.0,-1.0,-1.0,458.5903625488281,286.71484375,460.54217529296875,304.22265625,-1.0,-1.0,454.6867370605469,286.71484375,459.240966796875,302.27734375,-1.0,-1.0,-1.0,-1.0,-1.0,-1.0,460.54217529296875,254.94140625,-1.0,-1.0
-1.0,-1.0,459.5903625488281,262.07421875,459.5903625488281,262.72265625,462.1927795410156,275.04296875,464.795166015625,283.47265625,456.33734130859375,262.07421875,453.0843505859375,277.63671875,-1.0,-1.0,461.54217529296875,286.06640625,462.8433837890625,300.98046875,461.54217529296875,313.30078125,456.33734130859375,285.41796875,458.93975830078125,300.33203125,-1.0,-1.0,-1.0,-1.0,-1.0,-1.0,462.1927795410156,253.64453125,-1.0,-1.0
-1.0,-1.0,461.3928527832031,261.1796875,461.3928527832031,261.8203125,463.96429443359375,273.3515625,467.1785583496094,284.2421875,458.1785583496094,261.1796875,454.96429443359375,275.2734375,-1.0,-1.0,463.96429443359375,286.8046875,464.6071472167969,302.1796875,-1.0,-1.0,458.1785583496094,285.5234375,459.46429443359375,301.5390625,-1.0,-1.0,-1.0,-1.0,-1.0,-1.0,463.96429443359375,252.8515625,459.46429443359375,252.2109375
-1.0,-1.0,462.40740966796875,261.8203125,464.3333435058594,262.4609375,466.2592468261719,273.9921875,468.8271484375,283.6015625,459.8395080566406,261.1796875,-1.0,-1.0,-1.0,-1.0,464.9753112792969,286.8046875,464.9753112792969,302.1796875,463.69134521484375,313.0703125,459.1975402832031,286.8046875,461.1234436035156,300.8984375,-1.0,-1.0,-1.0,-1.0,-1.0,-1.0,465.6172790527344,254.7734375,-1.0,-1.0
-1.0,-1.0,465.04937744140625,261.8203125,468.2592468261719,261.8203125,468.9012451171875,273.3515625,-1.0,-1.0,461.1975402832031,261.8203125,457.9876403808594,274.6328125,458.629638671875,283.6015625,468.2592468261719,286.8046875,466.9753112792969,304.1015625,-1.0,-1.0,460.5555419921875,287.4453125,462.4814758300781,303.4609375,-1.0,-1.0,-1.0,-1.0,-1.0,-1.0,468.2592468261719,254.7734375,-1.0,-1.0
-1.0,-1.0,467.6785583496094,261.1796875,472.1785583496094,261.1796875,-1.0,-1.0,-1.0,-1.0,463.1785583496094,261.1796875,459.96429443359375,273.9921875,-1.0,-1.0,470.8928527832031,286.1640625,468.96429443359375,303.4609375,-1.0,-1.0,463.1785583496094,286.1640625,464.46429443359375,302.8203125,-1.0,-1.0,-1.0,-1.0,-1.0,-1.0,470.25,253.4921875,464.46429443359375,253.4921875
-1.0,-1.0,467.8823547363281,262.56640625,469.7882385253906,262.56640625,472.32940673828125,274.58984375,476.14117431640625,284.08203125,464.70587158203125,262.56640625,462.1647033691406,275.22265625,460.89410400390625,282.81640625,471.6941223144531,286.61328125,470.42352294921875,300.53515625,-1.0,-1.0,464.70587158203125,285.98046875,464.70587158203125,300.53515625,-1.0,-1.0,-1.0,-1.0,-1.0,-1.0,471.6941223144531,253.70703125,466.61175537109375,253.70703125
-1.0,-1.0,469.2470703125,263.19921875,473.058837890625,263.83203125,474.9647216796875,275.85546875,476.8705749511719,286.61328125,464.79998779296875,263.83203125,462.89410400390625,278.38671875,-1.0,-1.0,473.058837890625,287.24609375,471.7882385253906,302.43359375,473.058837890625,312.55859375,465.435302734375,287.87890625,464.79998779296875,301.80078125,461.62353515625,312.55859375,-1.0,-1.0,-1.0,-1.0,473.058837890625,254.33984375,468.61175537109375,254.33984375
-1.0,-1.0,470.61175537109375,262.56640625,473.1529541015625,263.19921875,475.6941223144531,275.85546875,478.23529052734375,285.34765625,467.435302734375,262.56640625,464.89410400390625,277.12109375,-1.0,-1.0,473.1529541015625,287.87890625,473.1529541015625,302.43359375,468.70587158203125,313.19140625,467.435302734375,286.61328125,465.5294189453125,302.43359375,461.0823669433594,314.45703125,-1.0,-1.0,-1.0,-1.0,475.6941223144531,254.33984375,470.61175537109375,254.33984375
-1.0,-1.0,470.1975402832031,262.1796875,472.76544189453125,262.8203125,475.3333435058594,274.3515625,477.9012451171875,286.5234375,466.9876403808594,262.1796875,464.41973876953125,276.9140625,-1.0,-1.0,472.76544189453125,287.8046875,472.1234436035156,301.2578125,466.9876403808594,312.7890625,466.9876403808594,287.1640625,466.3456726074219,300.6171875,461.8518371582031,312.7890625,-1.0,-1.0,-1.0,-1.0,475.3333435058594,254.4921875,-1.0,-1.0
-1.0,-1.0,472.1975402832031,263.4609375,474.76544189453125,263.4609375,477.3333435058594,276.2734375,481.1851806640625,285.8828125,468.9876403808594,263.4609375,-1.0,-1.0,-1.0,-1.0,474.76544189453125,287.8046875,475.40740966796875,302.5390625,-1.0,-1.0,468.9876403808594,287.8046875,468.9876403808594,301.2578125,-1.0,-1.0,-1.0,-1.0,-1.0,-1.0,477.3333435058594,255.1328125,-1.0,-1.0
-1.0,-1.0,474.1975402832031,264.1015625,477.40740966796875,264.1015625,479.3333435058594,275.6328125,483.1851806640625,287.8046875,470.3456726074219,264.1015625,467.77777099609375,275.6328125,467.77777099609375,285.8828125,478.04937744140625,287.8046875,477.40740966796875,301.2578125,-1.0,-1.0,470.9876403808594,287.8046875,472.2716064453125,301.2578125,-1.0,-1.0,-1.0,-1.0,-1.0,-1.0,478.69134521484375,255.1328125,473.5555419921875,254.4921875
-1.0,-1.0,476.1975402832031,263.4609375,478.1234436035156,263.4609375,481.3333435058594,273.7109375,-1.0,-1.0,472.9876403808594,263.4609375,-1.0,-1.0,-1.0,-1.0,479.40740966796875,290.3671875,-1.0,-1.0,-1.0,-1.0,472.9876403808594,289.7265625,-1.0,-1.0,-1.0,-1.0,-1.0,-1.0,-1.0,-1.0,480.69134521484375,255.1328125,-1.0,-1.0
-1.0,-1.0,478.1785583496094,264.1015625,480.1071472167969,264.1015625,483.3214416503906,275.6328125,-1.0,-1.0,474.96429443359375,264.1015625,-1.0,-1.0,-1.0,-1.0,481.3928527832031,289.7265625,-1.0,-1.0,-1.0,-1.0,474.96429443359375,289.7265625,-1.0,-1.0,-1.0,-1.0,-1.0,-1.0,-1.0,-1.0,484.6071472167969,255.1328125,-1.0,-1.0
-1.0,-1.0,479.53570556640625,264.1015625,482.1071472167969,264.1015625,484.6785583496094,274.9921875,-1.0,-1.0,476.3214416503906,264.1015625,475.03570556640625,276.9140625,-1.0,-1.0,483.3928527832031,289.7265625,484.03570556640625,303.8203125,-1.0,-1.0,476.96429443359375,288.4453125,478.8928527832031,303.8203125,-1.0,-1.0,-1.0,-1.0,-1.0,-1.0,484.6785583496094,256.4140625,-1.0,-1.0
-1.0,-1.0,482.1785583496094,263.4609375,483.46429443359375,264.1015625,486.03570556640625,274.3515625,-1.0,-1.0,479.6071472167969,263.4609375,-1.0,-1.0,-1.0,-1.0,485.3928527832031,289.0859375,-1.0,-1.0,-1.0,-1.0,480.8928527832031,288.4453125,-1.0,-1.0,-1.0,-1.0,-1.0,-1.0,-1.0,-1.0,487.3214416503906,255.7734375,-1.0,-1.0
-1.0,-1.0,484.8214416503906,263.4609375,486.1071472167969,264.1015625,489.3214416503906,275.6328125,489.96429443359375,289.7265625,482.8928527832031,262.1796875,-1.0,-1.0,-1.0,-1.0,486.75,290.3671875,488.03570556640625,303.8203125,-1.0,-1.0,483.53570556640625,289.7265625,-1.0,-1.0,-1.0,-1.0,-1.0,-1.0,-1.0,-1.0,488.03570556640625,255.1328125,-1.0,-1.0
-1.0,-1.0,485.1975402832031,262.8203125,487.1234436035156,263.4609375,490.9753112792969,274.3515625,-1.0,-1.0,482.629638671875,263.4609375,-1.0,-1.0,-1.0,-1.0,488.40740966796875,289.7265625,-1.0,-1.0,-1.0,-1.0,484.5555419921875,289.0859375,-1.0,-1.0,-1.0,-1.0,-1.0,-1.0,-1.0,-1.0,-1.0,-1.0,-1.0,-1.0
-1.0,-1.0,487.1975402832031,262.1796875,488.4814758300781,262.8203125,492.3333435058594,273.7109375,-1.0,-1.0,485.2716064453125,262.1796875,-1.0,-1.0,-1.0,-1.0,489.76544189453125,288.4453125,491.04937744140625,302.5390625,-1.0,-1.0,485.2716064453125,287.8046875,-1.0,-1.0,-1.0,-1.0,-1.0,-1.0,-1.0,-1.0,491.04937744140625,254.4921875,-1.0,-1.0
-1.0,-1.0,489.1975402832031,262.8203125,491.1234436035156,262.8203125,493.69134521484375,273.0703125,498.8271484375,273.7109375,486.629638671875,262.1796875,-1.0,-1.0,-1.0,-1.0,491.76544189453125,287.8046875,491.76544189453125,301.2578125,-1.0,-1.0,487.2716064453125,286.5234375,-1.0,-1.0,-1.0,-1.0,-1.0,-1.0,-1.0,-1.0,494.3333435058594,255.1328125,-1.0,-1.0
-1.0,-1.0,490.4146423339844,262.30078125,492.31707763671875,262.93359375,494.8536682128906,273.05859375,500.56097412109375,272.42578125,487.8780517578125,262.30078125,-1.0,-1.0,-1.0,-1.0,492.95123291015625,287.61328125,494.8536682128906,302.80078125,-1.0,-1.0,488.51220703125,286.98046875,488.51220703125,303.43359375,485.3414611816406,314.19140625,-1.0,-1.0,-1.0,-1.0,495.48779296875,254.70703125,-1.0,-1.0
-1.0,-1.0,492.70587158203125,262.30078125,494.61175537109375,262.93359375,497.1529541015625,274.32421875,502.23529052734375,271.79296875,490.1647033691406,261.66796875,-1.0,-1.0,-1.0,-1.0,496.51763916015625,288.24609375,498.42352294921875,301.53515625,-1.0,-1.0,490.79998779296875,287.61328125,489.5294189453125,300.90234375,-1.0,-1.0,-1.0,-1.0,-1.0,-1.0,495.8823547363281,254.70703125,-1.0,-1.0
502.9647216796875,255.33984375,494.0705871582031,262.30078125,495.9764709472656,262.30078125,497.8823547363281,273.69140625,503.6000061035156,271.79296875,492.1647033691406,261.66796875,489.62353515625,274.32421875,-1.0,-1.0,497.8823547363281,288.24609375,500.42352294921875,304.06640625,-1.0,-1.0,491.5294189453125,287.61328125,489.62353515625,302.16796875,487.0823669433594,313.55859375,501.6941223144531,253.44140625,-1.0,-1.0,498.51763916015625,254.07421875,-1.0,-1.0
-1.0,-1.0,495.8928527832031,262.5390625,498.46429443359375,262.5390625,499.75,273.4296875,505.53570556640625,272.1484375,493.3214416503906,262.5390625,-1.0,-1.0,-1.0,-1.0,499.1071472167969,288.8046875,501.03570556640625,301.6171875,-1.0,-1.0,492.6785583496094,288.1640625,490.75,300.9765625,488.1785583496094,313.1484375,-1.0,-1.0,-1.0,-1.0,501.03570556640625,254.2109375,-1.0,-1.0
-1.0,-1.0,497.25,262.5390625,499.1785583496094,262.5390625,500.46429443359375,272.7890625,506.25,272.7890625,495.3214416503906,262.5390625,-1.0,-1.0,-1.0,-1.0,501.1071472167969,288.8046875,504.96429443359375,304.1796875,-1.0,-1.0,494.6785583496094,288.8046875,492.75,302.2578125,490.1785583496094,313.7890625,-1.0,-1.0,-1.0,-1.0,501.75,254.8515625,-1.0,-1.0
-1.0,-1.0,498.91357421875,263.1796875,500.8395080566406,263.1796875,502.1234436035156,274.0703125,507.2592468261719,273.4296875,495.7037048339844,265.1015625,-1.0,-1.0,-1.0,-1.0,502.1234436035156,288.8046875,505.9753112792969,303.5390625,-1.0,-1.0,496.3456726074219,288.1640625,495.0617370605469,301.6171875,491.8518371582031,309.9453125,-1.0,-1.0,-1.0,-1.0,503.40740966796875,255.4921875,-1.0,-1.0
509.9012451171875,257.4140625,501.5555419921875,263.1796875,503.4814758300781,263.1796875,504.76544189453125,274.7109375,511.1851806640625,274.0703125,499.629638671875,262.5390625,-1.0,-1.0,-1.0,-1.0,504.1234436035156,289.4453125,507.9753112792969,305.4609375,-1.0,-1.0,497.7037048339844,289.4453125,497.7037048339844,301.6171875,-1.0,-1.0,-1.0,-1.0,-1.0,-1.0,507.9753112792969,255.4921875,-1.0,-1.0
511.2592468261719,257.4140625,504.1975402832031,263.1796875,506.76544189453125,263.8203125,506.76544189453125,275.3515625,509.3333435058594,285.6015625,501.629638671875,262.5390625,-1.0,-1.0,-1.0,-1.0,506.1234436035156,290.0859375,509.9753112792969,304.8203125,509.3333435058594,316.9921875,499.0617370605469,289.4453125,498.41973876953125,300.9765625,495.2098693847656,309.3046875,510.6172790527344,255.4921875,-1.0,-1.0,507.40740966796875,255.4921875,-1.0,-1.0
-1.0,-1.0,505.5555419921875,263.8203125,508.1234436035156,264.4609375,509.40740966796875,275.9921875,514.543212890625,286.8828125,502.9876403808594,263.1796875,-1.0,-1.0,-1.0,-1.0,508.76544189453125,290.0859375,510.69134521484375,306.1015625,-1.0,-1.0,501.7037048339844,289.4453125,501.0617370605469,304.1796875,-1.0,-1.0,-1.0,-1.0,-1.0,-1.0,510.69134521484375,256.1328125,-1.0,-1.0
-1.0,-1.0,507.53570556640625,265.1015625,510.1071472167969,265.1015625,510.1071472167969,275.9921875,514.6071166992188,288.1640625,504.96429443359375,265.1015625,501.75,277.2734375,-1.0,-1.0,510.75,288.8046875,512.0357055664062,303.5390625,-1.0,-1.0,504.3214416503906,288.1640625,503.6785583496094,301.6171875,-1.0,-1.0,-1.0,-1.0,-1.0,-1.0,512.0357055664062,257.4140625,-1.0,-1.0
-1.0,-1.0,509.53570556640625,265.7421875,512.1071166992188,265.7421875,512.1071166992188,277.9140625,515.3214111328125,288.1640625,506.96429443359375,265.7421875,503.75,278.5546875,-1.0,-1.0,512.75,288.8046875,513.3928833007812,302.2578125,-1.0,-1.0,506.3214416503906,288.8046875,506.3214416503906,301.6171875,-1.0,-1.0,-1.0,-1.0,-1.0,-1.0,512.75,257.4140625,-1.0,-1.0
-1.0,-1.0,511.53570556640625,264.4609375,514.75,264.4609375,-1.0,-1.0,-1.0,-1.0,510.25,264.4609375,-1.0,-1.0,-1.0,-1.0,-1.0,-1.0,-1.0,-1.0,-1.0,-1.0,-1.0,-1.0,-1.0,-1.0,-1.0,-1.0,-1.0,-1.0,-1.0,-1.0,-1.0,-1.0,-1.0,-1.0
-1.0,-1.0,513.5357055664062,264.4609375,516.75,264.4609375,518.6785888671875,275.9921875,-1.0,-1.0,509.6785583496094,264.4609375,-1.0,-1.0,-1.0,-1.0,516.75,287.5234375,-1.0,-1.0,-1.0,-1.0,510.96429443359375,287.5234375,-1.0,-1.0,-1.0,-1.0,-1.0,-1.0,-1.0,-1.0,-1.0,-1.0,511.6071472167969,256.7734375
-1.0,-1.0,517.1234741210938,262.5390625,521.6173095703125,262.5390625,522.25927734375,273.4296875,-1.0,-1.0,512.629638671875,262.5390625,509.41973876953125,275.3515625,-1.0,-1.0,520.3333129882812,285.6015625,-1.0,-1.0,-1.0,-1.0,513.2716064453125,285.6015625,-1.0,-1.0,-1.0,-1.0,-1.0,-1.0,-1.0,-1.0,519.6913452148438,254.8515625,-1.0,-1.0
-1.0,-1.0,517.0487670898438,263.30078125,520.219482421875,263.93359375,-1.0,-1.0,-1.0,-1.0,513.8780517578125,262.66796875,-1.0,-1.0,-1.0,-1.0,520.8536376953125,285.44921875,-1.0,-1.0,-1.0,-1.0,513.8780517578125,285.44921875,-1.0,-1.0,-1.0,-1.0,-1.0,-1.0,-1.0,-1.0,-1.0,-1.0,-1.0,-1.0
-1.0,-1.0,521.5853881835938,263.30078125,526.0244140625,263.30078125,528.5609741210938,275.95703125,529.8292846679688,285.44921875,517.1463623046875,262.66796875,515.243896484375,273.42578125,-1.0,-1.0,525.3902587890625,286.71484375,-1.0,-1.0,-1.0,-1.0,519.0487670898438,285.44921875,-1.0,-1.0,-1.0,-1.0,-1.0,-1.0,-1.0,-1.0,527.2926635742188,254.44140625,522.219482421875,253.17578125
