393.8085021972656,172.66015625,387.10638427734375,181.30859375,380.4042663574219,181.30859375,380.4042663574219,196.68359375,392.85107421875,193.80078125,394.7659606933594,181.30859375,398.5957336425781,192.83984375,392.85107421875,191.87890625,384.2340393066406,208.21484375,382.31915283203125,231.27734375,381.3616943359375,252.41796875,393.8085021972656,207.25390625,393.8085021972656,231.27734375,393.8085021972656,250.49609375,391.89361572265625,170.73828125,394.7659606933594,169.77734375,388.0638427734375,170.73828125,-1.0,-1.0
391.3125,172.66015625,384.6041564941406,181.30859375,377.8958435058594,181.30859375,377.8958435058594,197.64453125,389.3958435058594,193.80078125,391.3125,181.30859375,396.1041564941406,192.83984375,389.3958435058594,191.87890625,381.7291564941406,208.21484375,379.8125,232.23828125,378.8541564941406,252.41796875,391.3125,208.21484375,391.3125,231.27734375,391.3125,250.49609375,389.3958435058594,171.69921875,392.2708435058594,170.73828125,385.5625,170.73828125,-1.0,-1.0
388.6000061035156,172.828125,381.821044921875,181.546875,375.0421142578125,181.546875,375.0421142578125,198.015625,387.631591796875,194.140625,389.56842041015625,181.546875,393.4421081542969,194.140625,385.6947326660156,193.171875,378.9158020019531,208.671875,376.97894287109375,231.921875,376.0105285644531,253.234375,388.6000061035156,208.671875,388.6000061035156,231.921875,388.6000061035156,251.296875,386.66314697265625,170.890625,389.56842041015625,170.890625,382.7894592285156,170.890625,-1.0,-1.0
386.56842041015625,172.828125,379.7894592285156,181.546875,372.0421142578125,181.546875,373.0105285644531,197.046875,385.6000061035156,194.140625,386.56842041015625,181.546875,390.4421081542969,194.140625,381.726318359375,193.171875,376.88421630859375,208.671875,374.9473571777344,231.921875,373.97894287109375,252.265625,386.56842041015625,208.671875,386.56842041015625,231.921875,386.56842041015625,251.296875,384.631591796875,170.890625,386.56842041015625,169.921875,380.7579040527344,170.890625,-1.0,-1.0
383.3829650878906,172.99609375,376.53192138671875,181.78515625,369.68084716796875,181.78515625,370.6595764160156,197.41015625,382.4042663574219,194.48046875,384.3616943359375,181.78515625,388.276611328125,193.50390625,373.5957336425781,194.48046875,374.574462890625,209.12890625,371.6383056640625,232.56640625,370.6595764160156,254.05078125,383.3829650878906,208.15234375,383.3829650878906,232.56640625,383.3829650878906,252.09765625,381.425537109375,172.01953125,383.3829650878906,171.04296875,377.5106506347656,171.04296875,-1.0,-1.0
380.8854064941406,173.97265625,374.03125,181.78515625,367.1770935058594,182.76171875,367.1770935058594,198.38671875,379.90625,195.45703125,381.8645935058594,182.76171875,385.78125,194.48046875,371.09375,195.45703125,372.0729064941406,209.12890625,370.1145935058594,232.56640625,369.1354064941406,255.02734375,380.8854064941406,209.12890625,381.8645935058594,232.56640625,381.8645935058594,252.09765625,379.90625,172.01953125,380.8854064941406,171.04296875,375.0104064941406,172.01953125,-1.0,-1.0
377.8854064941406,173.97265625,372.0104064941406,182.76171875,365.15625,182.76171875,365.15625,198.38671875,376.90625,195.45703125,378.8645935058594,182.76171875,382.78125,193.50390625,371.03125,195.45703125,369.0729064941406,209.12890625,367.1145935058594,232.56640625,367.1145935058594,254.05078125,378.8645935058594,209.12890625,378.8645935058594,232.56640625,379.84375,253.07421875,376.90625,172.99609375,378.8645935058594,172.99609375,372.9895935058594,172.99609375,-1.0,-1.0
375.1894836425781,174.1484375,369.25262451171875,183.0078125,362.3263244628906,183.0078125,362.3263244628906,199.7421875,374.20001220703125,195.8046875,376.178955078125,183.0078125,380.1368408203125,194.8203125,368.2631530761719,195.8046875,366.2842102050781,210.5703125,364.3052673339844,234.1953125,363.3157958984375,255.8515625,376.178955078125,209.5859375,376.178955078125,233.2109375,377.1684265136719,253.8828125,374.20001220703125,173.1640625,376.178955078125,172.1796875,370.2420959472656,172.1796875,-1.0,-1.0
373.178955078125,175.1328125,367.2420959472656,183.9921875,359.3263244628906,183.9921875,360.3157958984375,198.7578125,372.1894836425781,196.7890625,374.1684265136719,183.9921875,378.1263122558594,194.8203125,366.25262451171875,195.8046875,364.273681640625,210.5703125,362.29473876953125,234.1953125,361.3052673339844,255.8515625,374.1684265136719,210.5703125,373.178955078125,234.1953125,374.1684265136719,253.8828125,371.20001220703125,173.1640625,373.178955078125,172.1796875,366.25262451171875,172.1796875,-1.0,-1.0
369.69073486328125,175.31640625,363.7525634765625,184.24609375,355.8350524902344,184.24609375,356.8247375488281,200.12109375,369.69073486328125,196.15234375,370.680419921875,184.24609375,374.63916015625,194.16796875,362.76287841796875,196.15234375,360.78350830078125,211.03515625,358.80413818359375,233.85546875,357.8144226074219,255.68359375,370.680419921875,210.04296875,370.680419921875,233.85546875,370.680419921875,253.69921875,367.7113342285156,173.33203125,370.680419921875,173.33203125,363.7525634765625,173.33203125,-1.0,-1.0
366.69073486328125,175.31640625,359.76287841796875,184.24609375,352.8350524902344,184.24609375,353.8247375488281,200.12109375,366.69073486328125,196.15234375,367.680419921875,184.24609375,371.63916015625,194.16796875,360.7525634765625,196.15234375,357.78350830078125,211.03515625,355.80413818359375,234.84765625,354.8144226074219,255.68359375,367.680419921875,211.03515625,367.680419921875,233.85546875,367.680419921875,253.69921875,364.7113342285156,173.33203125,367.680419921875,172.33984375,361.7422790527344,173.33203125,-1.0,-1.0
363.69073486328125,175.31640625,356.76287841796875,184.24609375,348.8453674316406,185.23828125,349.8350524902344,200.12109375,361.7113342285156,197.14453125,363.69073486328125,184.24609375,367.64947509765625,195.16015625,358.7422790527344,194.16796875,354.78350830078125,212.02734375,352.80413818359375,234.84765625,350.8247375488281,255.68359375,363.69073486328125,211.03515625,363.69073486328125,234.84765625,363.69073486328125,254.69140625,362.7010192871094,173.33203125,-1.0,-1.0,358.7422790527344,173.33203125,-1.0,-1.0
358.7113342285156,175.32421875,352.773193359375,184.25390625,345.8453674316406,184.25390625,345.8453674316406,200.12890625,358.7113342285156,197.15234375,360.69073486328125,184.25390625,364.64947509765625,195.16796875,356.7319641113281,195.16796875,350.7938232421875,212.03515625,348.8144226074219,235.84765625,346.8350524902344,257.67578125,359.7010192871094,211.04296875,359.7010192871094,235.84765625,358.7113342285156,255.69140625,356.7319641113281,174.33203125,359.7010192871094,173.33984375,353.76287841796875,173.33984375,-1.0,-1.0
354.2323303222656,175.32421875,348.2929382324219,184.25390625,341.3636474609375,185.24609375,342.3535461425781,201.12109375,353.242431640625,197.15234375,356.2121276855469,185.24609375,361.16162109375,196.16015625,357.2020263671875,195.16796875,346.3131408691406,212.03515625,343.34344482421875,235.84765625,342.3535461425781,257.67578125,356.2121276855469,211.04296875,355.22222900390625,235.84765625,355.22222900390625,255.69140625,352.2525329589844,173.33984375,355.22222900390625,173.33984375,348.2929382324219,173.33984375,-1.0,-1.0
350.5,175.5,344.5,184.5,337.5,185.5,337.5,201.5,349.5,197.5,351.5,184.5,356.5,195.5,349.5,195.5,342.5,212.5,340.5,235.5,338.5,258.5,351.5,211.5,351.5,235.5,350.5,255.5,349.5,174.5,351.5,173.5,345.5,174.5,-1.0,-1.0
346.5,176.5,340.5,185.5,332.5,185.5,333.5,201.5,345.5,197.5,347.5,185.5,351.5,196.5,343.5,195.5,337.5,212.5,335.5,236.5,334.5,257.5,346.5,212.5,347.5,235.5,346.5,256.5,344.5,174.5,347.5,173.5,341.5,174.5,-1.0,-1.0
341.0,176.5,336.0,185.5,328.0,185.5,328.0,200.5,340.0,198.5,343.0,185.5,347.0,196.5,345.0,195.5,333.0,212.5,331.0,236.5,331.0,258.5,343.0,212.5,342.0,236.5,343.0,257.5,339.0,174.5,342.0,174.5,336.0,174.5,-1.0,-1.0
336.69073486328125,176.32421875,330.7525634765625,186.24609375,323.8247375488281,185.25390625,323.8247375488281,202.12109375,334.7113342285156,199.14453125,338.67010498046875,186.24609375,342.6288757324219,197.16015625,340.64947509765625,195.17578125,328.773193359375,213.03515625,325.80413818359375,236.84765625,326.7938232421875,258.67578125,337.680419921875,213.03515625,337.680419921875,236.84765625,337.680419921875,257.68359375,333.7216491699219,174.33984375,337.680419921875,175.33203125,330.7525634765625,175.33203125,-1.0,-1.0
332.5,176.5,327.5,185.5,319.5,185.5,319.5,202.5,330.5,199.5,334.5,185.5,339.5,197.5,333.5,196.5,324.5,213.5,322.5,237.5,321.5,259.5,333.5,212.5,333.5,237.5,333.5,257.5,330.5,174.5,333.5,175.5,326.5,175.5,-1.0,-1.0
328.5,176.5,323.5,185.5,315.5,185.5,316.5,202.5,327.5,198.5,330.5,185.5,335.5,197.5,333.5,195.5,320.5,212.5,318.5,236.5,316.5,256.5,330.5,212.5,329.5,236.5,330.5,257.5,326.5,174.5,329.5,174.5,322.5,174.5,-1.0,-1.0
320.69073486328125,176.33203125,314.7525634765625,185.26171875,307.8247375488281,185.26171875,306.8350524902344,203.12109375,318.7113342285156,198.16015625,322.67010498046875,185.26171875,325.63916015625,199.15234375,325.63916015625,196.17578125,311.78350830078125,213.04296875,309.80413818359375,237.84765625,310.7938232421875,259.67578125,321.680419921875,213.04296875,320.69073486328125,237.84765625,321.680419921875,258.68359375,318.7113342285156,174.34765625,320.69073486328125,174.34765625,313.76287841796875,175.33984375,-1.0,-1.0
316.0,177.5,311.0,186.5,303.0,185.5,303.0,202.5,315.0,198.5,318.0,186.5,322.0,201.5,324.0,216.5,307.0,213.5,305.0,238.5,306.0,259.5,318.0,213.5,317.0,238.5,317.0,257.5,314.0,175.5,317.0,175.5,310.0,175.5,-1.0,-1.0
311.5,177.5,305.5,185.5,297.5,186.5,297.5,202.5,309.5,198.5,313.5,185.5,317.5,197.5,315.5,194.5,302.5,213.5,300.5,237.5,300.5,260.5,312.5,212.5,312.5,237.5,312.5,258.5,309.5,175.5,312.5,174.5,305.5,175.5,-1.0,-1.0
307.5,177.5,300.5,186.5,293.5,186.5,293.5,202.5,305.5,198.5,308.5,186.5,313.5,197.5,305.5,196.5,297.5,213.5,296.5,238.5,296.5,260.5,307.5,213.5,307.5,238.5,307.5,259.5,304.5,175.5,307.5,174.5,300.5,175.5,-1.0,-1.0
298.2020263671875,177.33203125,291.2727355957031,186.26171875,283.3535461425781,186.26171875,284.34344482421875,203.12890625,296.22222900390625,198.16796875,299.1919250488281,186.26171875,304.14141845703125,198.16796875,-1.0,-1.0,288.30303955078125,214.04296875,286.3232421875,237.85546875,284.34344482421875,260.67578125,298.2020263671875,213.05078125,298.2020263671875,237.85546875,298.2020263671875,259.68359375,296.22222900390625,175.34765625,298.2020263671875,175.34765625,291.2727355957031,176.33984375,-1.0,-1.0
297.6597900390625,178.32421875,291.7216491699219,186.26171875,283.80413818359375,186.26171875,283.80413818359375,203.12890625,295.680419921875,198.16796875,299.63916015625,186.26171875,303.5979309082031,199.16015625,303.5979309082031,214.04296875,288.7525634765625,214.04296875,286.773193359375,238.84765625,285.78350830078125,260.67578125,298.64947509765625,213.05078125,297.6597900390625,238.84765625,298.64947509765625,259.68359375,295.680419921875,175.34765625,298.64947509765625,175.34765625,290.7319641113281,176.33984375,-1.0,-1.0
297.5,178.5,291.5,185.5,283.5,186.5,283.5,202.5,295.5,198.5,299.5,185.5,302.5,195.5,-1.0,-1.0,288.5,213.5,286.5,238.5,285.5,260.5,298.5,212.5,297.5,238.5,298.5,259.5,295.5,176.5,297.5,175.5,291.5,176.5,-1.0,-1.0
288.5,177.5,281.5,186.5,274.5,186.5,274.5,203.5,286.5,198.5,289.5,186.5,295.5,198.5,292.5,194.5,279.5,214.5,277.5,238.5,277.5,260.5,289.5,213.5,289.5,238.5,289.5,260.5,286.5,175.5,289.5,174.5,281.5,175.5,-1.0,-1.0
284.5,177.5,276.5,186.5,269.5,186.5,269.5,203.5,281.5,198.5,284.5,186.5,290.5,198.5,288.5,194.5,274.5,214.5,272.5,239.5,272.5,260.5,284.5,213.5,284.5,239.5,284.5,260.5,282.5,175.5,284.5,174.5,276.5,175.5,-1.0,-1.0
278.5,178.5,271.5,186.5,263.5,186.5,264.5,204.5,277.5,198.5,279.5,186.5,282.5,199.5,-1.0,-1.0,269.5,214.5,266.5,238.5,266.5,259.5,279.5,213.5,279.5,238.5,280.5,260.5,276.5,176.5,278.5,175.5,271.5,176.5,-1.0,-1.0
273.5,178.5,266.5,186.5,258.5,186.5,259.5,203.5,271.5,199.5,273.5,186.5,278.5,198.5,-1.0,-1.0,264.5,214.5,261.5,239.5,260.5,259.5,274.5,213.5,272.5,239.5,275.5,260.5,271.5,176.5,273.5,175.5,266.5,175.5,-1.0,-1.0
263.5,177.5,257.5,186.5,249.5,186.5,249.5,204.5,263.5,199.5,265.5,186.5,269.5,203.5,-1.0,-1.0,254.5,214.5,252.5,239.5,253.5,262.5,264.5,214.5,263.5,239.5,265.5,261.5,261.5,175.5,263.5,175.5,256.5,176.5,-1.0,-1.0
263.5,177.5,257.5,186.5,249.5,186.5,249.5,204.5,262.5,199.5,264.5,186.5,269.5,200.5,-1.0,-1.0,254.5,215.5,251.5,239.5,250.5,262.5,264.5,214.5,263.5,239.5,265.5,261.5,262.5,176.5,263.5,175.5,257.5,175.5,-1.0,-1.0
263.5,178.5,257.5,186.5,249.5,186.5,249.5,204.5,263.5,199.5,264.5,186.5,269.5,203.5,271.5,215.5,254.5,214.5,251.5,239.5,251.5,261.5,264.5,214.5,263.5,239.5,265.5,261.5,262.5,176.5,264.5,175.5,256.5,176.5,-1.0,-1.0
251.5,178.5,246.5,186.5,238.5,187.5,239.5,204.5,252.5,199.5,254.5,186.5,259.5,201.5,261.5,216.5,244.5,214.5,241.5,240.5,243.5,262.5,254.5,214.5,253.5,240.5,255.5,261.5,249.5,176.5,253.5,176.5,245.5,176.5,-1.0,-1.0
246.0,177.5,241.0,186.5,232.0,187.5,234.0,204.5,247.0,200.5,249.0,186.5,254.0,199.5,256.0,216.5,238.0,215.5,236.0,240.5,239.0,261.5,249.0,214.5,248.0,240.5,250.0,262.5,244.0,176.5,247.0,176.5,240.0,175.5,249.0,176.5
239.0,177.5,235.0,186.5,227.0,187.5,227.0,205.5,240.0,200.5,243.0,186.5,247.0,203.5,250.0,216.5,232.0,215.5,229.0,241.5,232.0,261.5,243.0,215.5,241.0,241.5,244.0,262.5,237.0,175.5,240.0,176.5,233.0,175.5,243.0,176.5
231.5,177.5,228.5,187.5,220.5,187.5,221.5,204.5,232.5,201.5,236.5,187.5,240.5,203.5,243.5,215.5,225.5,215.5,222.5,241.5,224.5,263.5,236.5,214.5,234.5,241.5,237.5,263.5,230.5,175.5,233.5,176.5,226.5,176.5,236.5,176.5
226.5,178.5,221.5,187.5,213.5,187.5,214.5,205.5,225.5,201.5,229.5,187.5,233.5,202.5,236.5,215.5,219.5,215.5,216.5,241.5,216.5,264.5,229.5,214.5,228.5,241.5,230.5,263.5,224.5,176.5,227.5,176.5,220.5,176.5,230.5,176.5
217.71133422851562,179.32421875,214.7422637939453,187.26171875,205.83505249023438,187.26171875,205.83505249023438,204.12890625,218.70103454589844,201.15234375,223.64947509765625,187.26171875,226.61856079101562,203.13671875,229.58763122558594,215.04296875,211.773193359375,215.04296875,208.8041229248047,241.83203125,206.82473754882812,265.64453125,222.6597900390625,215.04296875,221.67010498046875,241.83203125,223.64947509765625,264.65234375,215.73196411132812,176.34765625,219.6907196044922,177.33984375,212.76287841796875,176.34765625,221.67010498046875,177.33984375
210.0,179.5,207.0,187.5,199.0,187.5,199.0,205.5,211.0,201.5,215.0,187.5,219.0,202.5,221.0,214.5,204.0,215.5,201.0,242.5,200.0,265.5,215.0,215.5,214.0,242.5,216.0,264.5,209.0,177.5,212.0,177.5,205.0,176.5,215.0,177.5
203.29896545410156,179.67578125,198.24742126464844,187.73828125,190.16494750976562,187.73828125,191.17526245117188,204.87109375,203.29896545410156,201.84765625,206.32989501953125,187.73828125,211.38143920898438,201.84765625,214.41236877441406,214.94921875,196.226806640625,215.95703125,193.1958770751953,242.16015625,193.1958770751953,266.34765625,206.32989501953125,214.94921875,205.319580078125,243.16796875,207.3402099609375,265.33984375,201.27835083007812,177.66015625,204.3092803955078,177.66015625,197.2371063232422,176.65234375,-1.0,-1.0
194.57142639160156,179.8515625,190.4897918701172,187.9765625,182.3265380859375,187.9765625,183.34693908691406,205.2421875,195.5918426513672,202.1953125,198.65306091308594,187.9765625,202.7346954345703,202.1953125,205.79591369628906,215.3984375,187.42857360839844,216.4140625,184.36734008789062,242.8203125,184.36734008789062,267.1953125,198.65306091308594,216.4140625,197.63265991210938,242.8203125,199.6734619140625,265.1640625,192.53060913085938,177.8203125,196.61224365234375,177.8203125,188.448974609375,176.8046875,198.65306091308594,177.8203125
187.0729217529297,180.02734375,181.96875,188.21484375,173.8020782470703,188.21484375,174.8229217529297,205.61328125,188.09375,201.51953125,190.1354217529297,187.19140625,194.21875,202.54296875,-1.0,-1.0,178.90625,216.87109375,175.84375,243.48046875,174.8229217529297,267.01953125,190.1354217529297,215.84765625,189.1145782470703,244.50390625,191.15625,264.97265625,185.03125,177.98046875,189.1145782470703,177.98046875,180.9479217529297,176.95703125,-1.0,-1.0
178.0520782470703,180.02734375,172.9479217529297,188.21484375,164.78125,188.21484375,164.78125,205.61328125,178.0520782470703,202.54296875,181.1145782470703,188.21484375,185.1979217529297,203.56640625,169.8854217529297,202.54296875,170.90625,216.87109375,166.8229217529297,243.48046875,164.78125,268.04296875,181.1145782470703,216.87109375,180.09375,244.50390625,182.1354217529297,264.97265625,177.03125,177.98046875,180.09375,177.98046875,171.9270782470703,176.95703125,-1.0,-1.0
169.8041229248047,180.203125,164.64947509765625,188.453125,156.40206909179688,188.453125,156.40206909179688,205.984375,169.8041229248047,202.890625,172.89691162109375,188.453125,174.95875549316406,203.921875,177.02061462402344,204.953125,161.55670166015625,218.359375,158.4639129638672,244.140625,156.40206909179688,268.890625,172.89691162109375,217.328125,171.86598205566406,245.171875,173.92782592773438,265.796875,168.773193359375,178.140625,170.83505249023438,178.140625,163.61856079101562,177.109375,-1.0,-1.0
161.5625,180.37890625,155.3125,188.69140625,146.9791717529297,189.73046875,148.0208282470703,206.35546875,160.5208282470703,203.23828125,163.6458282470703,188.69140625,166.7708282470703,203.23828125,-1.0,-1.0,153.2291717529297,218.82421875,149.0625,245.83984375,148.0208282470703,270.77734375,164.6875,217.78515625,162.6041717529297,245.83984375,164.6875,267.66015625,159.4791717529297,178.30078125,162.6041717529297,178.30078125,154.2708282470703,178.30078125,-1.0,-1.0
161.85415649414062,180.5546875,155.6041717529297,188.9296875,147.2708282470703,188.9296875,148.3125,206.7265625,161.85415649414062,203.5859375,163.9375,188.9296875,168.10415649414062,202.5390625,-1.0,-1.0,152.4791717529297,218.2421875,149.3541717529297,245.4609375,147.2708282470703,270.5859375,163.9375,217.1953125,162.8958282470703,245.4609375,164.97915649414062,267.4453125,159.7708282470703,178.4609375,162.8958282470703,177.4140625,154.5625,178.4609375,-1.0,-1.0
152.10525512695312,180.73046875,146.84210205078125,189.16796875,138.42105102539062,189.16796875,138.42105102539062,207.09765625,153.15789794921875,203.93359375,155.26315307617188,189.16796875,158.42105102539062,202.87890625,-1.0,-1.0,144.73684692382812,218.69921875,141.57894897460938,246.12109375,138.42105102539062,271.43359375,155.26315307617188,217.64453125,155.26315307617188,246.12109375,156.3157958984375,268.26953125,150.0,178.62109375,154.2105255126953,178.62109375,145.7894744873047,178.62109375,-1.0,-1.0
142.28125,180.90625,138.03125,190.46875,129.53125,190.46875,129.53125,208.53125,142.28125,204.28125,145.46875,189.40625,148.65625,204.28125,-1.0,-1.0,134.84375,220.21875,131.65625,246.78125,130.59375,272.28125,145.46875,219.15625,145.46875,246.78125,147.59375,269.09375,140.15625,179.84375,144.40625,179.84375,136.96875,178.78125,145.46875,178.78125
134.28125,180.90625,128.96875,190.46875,120.46875,190.46875,121.53125,208.53125,133.21875,205.34375,136.40625,190.46875,140.65625,205.34375,-1.0,-1.0,125.78125,220.21875,122.59375,247.84375,121.53125,272.28125,136.40625,219.15625,136.40625,246.78125,138.53125,269.09375,132.15625,178.78125,135.34375,178.78125,127.90625,178.78125,-1.0,-1.0
126.02061462402344,182.15234375,119.58763122558594,190.71484375,112.08247375488281,190.71484375,112.08247375488281,208.91015625,126.02061462402344,204.62890625,128.16494750976562,190.71484375,131.38143920898438,204.62890625,-1.0,-1.0,117.44329833984375,220.68359375,114.226806640625,248.51171875,113.1546401977539,273.12890625,128.16494750976562,220.68359375,128.16494750976562,248.51171875,130.3092803955078,269.91796875,123.87628936767578,180.01171875,127.09278106689453,178.94140625,119.58763122558594,180.01171875,-1.0,-1.0
116.45262908935547,181.08203125,111.08421325683594,190.71484375,102.49473571777344,190.71484375,103.56842041015625,208.91015625,117.52631378173828,204.62890625,119.6736831665039,190.71484375,122.89473724365234,204.62890625,108.93684387207031,203.55859375,108.93684387207031,220.68359375,104.64210510253906,248.51171875,103.56842041015625,273.12890625,119.6736831665039,220.68359375,118.5999984741211,248.51171875,120.74736785888672,269.91796875,114.30526733398438,180.01171875,117.52631378173828,178.94140625,110.01052856445312,178.94140625,-1.0,-1.0
108.52631378173828,182.15234375,102.08421325683594,191.78515625,93.49473571777344,191.78515625,94.56842041015625,209.98046875,107.45262908935547,205.69921875,110.6736831665039,191.78515625,113.89473724365234,205.69921875,99.93684387207031,205.69921875,98.8631591796875,221.75390625,96.71578979492188,249.58203125,94.56842041015625,274.19921875,110.6736831665039,220.68359375,110.6736831665039,248.51171875,111.74736785888672,269.91796875,106.37895202636719,180.01171875,109.5999984741211,180.01171875,101.01052856445312,180.01171875,-1.0,-1.0
98.94845581054688,182.08203125,92.51546478271484,190.64453125,83.93814086914062,191.71484375,85.01030731201172,209.91015625,98.94845581054688,205.62890625,101.09278106689453,190.64453125,105.38143920898438,205.62890625,97.87628936767578,203.48828125,90.37113189697266,221.68359375,87.1546401977539,249.51171875,85.01030731201172,274.12890625,101.09278106689453,220.61328125,101.09278106689453,249.51171875,103.23710632324219,271.98828125,96.80412292480469,179.94140625,100.02061462402344,178.87109375,92.51546478271484,178.87109375,-1.0,-1.0
91.02061462402344,181.01171875,84.58763122558594,191.71484375,76.01030731201172,191.71484375,76.01030731201172,210.98046875,89.94845581054688,205.62890625,93.16494750976562,190.64453125,97.45360565185547,205.62890625,82.44329833984375,204.55859375,81.37113189697266,221.68359375,79.226806640625,249.51171875,77.08247375488281,274.12890625,92.09278106689453,221.68359375,93.16494750976562,249.51171875,94.23710632324219,271.98828125,88.87628936767578,178.87109375,91.02061462402344,178.87109375,83.51546478271484,178.87109375,-1.0,-1.0
84.6736831665039,181.01171875,76.08421325683594,191.71484375,66.42105102539062,191.71484375,67.49473571777344,210.98046875,80.37895202636719,206.69921875,84.6736831665039,191.71484375,87.89473724365234,205.62890625,76.08421325683594,205.62890625,72.8631591796875,222.75390625,70.71578979492188,250.58203125,68.56842041015625,275.19921875,83.5999984741211,221.68359375,84.6736831665039,249.51171875,84.6736831665039,271.98828125,82.52631378173828,178.87109375,84.6736831665039,179.94140625,76.08421325683594,179.94140625,-1.0,-1.0
73.52631378173828,182.08203125,66.01052856445312,191.71484375,57.421051025390625,192.78515625,57.421051025390625,210.98046875,71.37895202636719,206.69921875,75.6736831665039,192.78515625,78.89473724365234,205.62890625,68.15789794921875,205.62890625,62.78947448730469,221.68359375,60.64210510253906,249.51171875,59.56842041015625,275.19921875,73.52631378173828,221.68359375,74.5999984741211,249.51171875,75.6736831665039,273.05859375,72.45262908935547,178.87109375,74.5999984741211,179.94140625,66.01052856445312,179.94140625,-1.0,-1.0
66.09278106689453,181.01171875,58.58762741088867,191.71484375,50.01030731201172,191.71484375,50.01030731201172,210.98046875,63.94845199584961,206.69921875,67.16494750976562,192.78515625,71.45360565185547,204.55859375,57.515464782714844,206.69921875,55.371131896972656,222.75390625,53.226802825927734,250.58203125,51.08247375488281,275.19921875,66.09278106689453,221.68359375,66.09278106689453,250.58203125,67.16494750976562,273.05859375,63.94845199584961,178.87109375,66.09278106689453,178.87109375,57.515464782714844,179.94140625,-1.0,-1.0
57.599998474121094,181.01171875,50.08421325683594,192.78515625,41.49473571777344,191.71484375,41.49473571777344,210.98046875,55.45262908935547,206.69921875,59.74736785888672,192.78515625,62.968421936035156,204.55859375,49.010528564453125,206.69921875,46.8631591796875,222.75390625,44.715789794921875,250.58203125,42.56842041015625,276.26953125,58.673683166503906,222.75390625,58.673683166503906,250.58203125,58.673683166503906,273.05859375,55.45262908935547,178.87109375,57.599998474121094,178.87109375,49.010528564453125,179.94140625,-1.0,-1.0
49.673683166503906,181.01171875,42.157894134521484,192.78515625,33.56842041015625,191.71484375,33.56842041015625,210.98046875,47.52631378173828,206.69921875,51.82105255126953,192.78515625,55.04210662841797,205.62890625,37.8631591796875,208.83984375,38.93684387207031,223.82421875,36.78947448730469,251.65234375,34.64210510253906,276.26953125,50.74736785888672,222.75390625,49.673683166503906,250.58203125,51.82105255126953,274.12890625,47.52631378173828,178.87109375,49.673683166503906,178.87109375,41.08421325683594,179.94140625,-1.0,-1.0
41.45262908935547,181.01171875,33.93684387207031,191.71484375,24.273685455322266,191.71484375,25.347368240356445,210.98046875,38.2315788269043,207.76953125,43.599998474121094,191.71484375,46.82105255126953,205.62890625,39.30526351928711,206.69921875,30.715789794921875,223.82421875,28.56842041015625,250.58203125,26.421052932739258,277.33984375,42.52631378173828,222.75390625,42.52631378173828,249.51171875,43.599998474121094,274.12890625,40.37894821166992,178.87109375,42.52631378173828,179.94140625,33.93684387207031,178.87109375,-1.0,-1.0
33.93684387207031,182.08203125,26.421052932739258,191.71484375,17.831579208374023,192.78515625,17.831579208374023,210.98046875,29.642105102539062,207.76953125,35.010528564453125,192.78515625,38.2315788269043,204.55859375,27.494735717773438,206.69921875,23.200000762939453,223.82421875,21.052631378173828,251.65234375,23.200000762939453,276.26953125,33.93684387207031,222.75390625,35.010528564453125,249.51171875,36.08421325683594,274.12890625,31.789474487304688,179.94140625,35.010528564453125,179.94140625,26.421052932739258,179.94140625,-1.0,-1.0
