245.90908813476562,226.234375,241.9818115234375,234.109375,236.09091186523438,233.453125,229.5454559326172,242.640625,235.43637084960938,246.578125,248.5272674560547,235.421875,251.8000030517578,243.296875,-1.0,-1.0,236.74545288085938,254.453125,-1.0,-1.0,-1.0,-1.0,243.29090881347656,254.453125,-1.0,-1.0,-1.0,-1.0,243.29090881347656,225.578125,246.56362915039062,224.921875,241.3272705078125,226.234375,-1.0,-1.0
245.86915588378906,226.7265625,241.83177185058594,234.1171875,235.77569580078125,233.4453125,229.71961975097656,242.1796875,235.77569580078125,246.2109375,247.88784790039062,235.4609375,249.9065399169922,245.5390625,-1.0,-1.0,236.44859313964844,253.6015625,237.12149047851562,269.0546875,235.77569580078125,286.5234375,243.8504638671875,254.2734375,-1.0,-1.0,-1.0,-1.0,243.8504638671875,226.0546875,-1.0,-1.0,241.15887451171875,226.7265625,-1.0,-1.0
245.5272674560547,226.7265625,242.16363525390625,234.1171875,236.1090850830078,233.4453125,230.05455017089844,242.1796875,236.1090850830078,246.2109375,247.5454559326172,234.7890625,249.56362915039062,245.5390625,-1.0,-1.0,236.1090850830078,254.2734375,237.4545440673828,269.0546875,236.1090850830078,286.5234375,242.83636474609375,254.2734375,-1.0,-1.0,-1.0,-1.0,243.50909423828125,225.3828125,246.1999969482422,225.3828125,241.49090576171875,226.0546875,-1.0,-1.0
245.85455322265625,227.3984375,244.50909423828125,234.1171875,237.7818145751953,234.1171875,231.72727966308594,242.8515625,237.7818145751953,246.2109375,250.56362915039062,234.7890625,257.963623046875,243.5234375,247.8727264404297,246.8828125,238.4545440673828,253.6015625,-1.0,-1.0,-1.0,-1.0,247.8727264404297,254.9453125,-1.0,-1.0,-1.0,-1.0,243.83636474609375,226.0546875,246.5272674560547,225.3828125,240.4727325439453,226.0546875,248.5454559326172,226.0546875
247.19625854492188,228.0703125,245.1775665283203,234.7890625,238.44859313964844,234.7890625,233.06541442871094,243.5234375,239.7943878173828,246.2109375,251.9065399169922,236.1328125,258.635498046875,243.5234375,-1.0,-1.0,239.7943878173828,252.9296875,-1.0,-1.0,-1.0,-1.0,247.19625854492188,253.6015625,-1.0,-1.0,-1.0,-1.0,245.8504638671875,226.7265625,247.86915588378906,226.0546875,243.15887451171875,227.3984375,250.5607452392578,226.7265625
248.8727264404297,228.7421875,245.50909423828125,234.7890625,238.7818145751953,234.7890625,234.07272338867188,243.5234375,240.1272735595703,246.2109375,252.90908813476562,236.1328125,260.30908203125,243.5234375,250.8909149169922,246.2109375,240.8000030517578,253.6015625,242.14544677734375,269.7265625,-1.0,-1.0,248.8727264404297,253.6015625,-1.0,-1.0,-1.0,-1.0,247.5272674560547,227.3984375,249.5454559326172,227.3984375,243.49090576171875,228.0703125,-1.0,-1.0
249.8727264404297,228.0703125,246.50909423828125,234.7890625,239.7818145751953,234.7890625,235.07272338867188,243.5234375,241.8000030517578,246.2109375,253.23635864257812,235.4609375,261.30908203125,242.8515625,253.23635864257812,246.2109375,241.1272735595703,253.6015625,-1.0,-1.0,-1.0,-1.0,249.8727264404297,254.2734375,-1.0,-1.0,-1.0,-1.0,247.85455322265625,226.7265625,250.5454559326172,226.7265625,244.49090576171875,227.3984375,-1.0,-1.0
250.41070556640625,227.85546875,247.01785278320312,233.97265625,240.23214721679688,233.97265625,234.80357360839844,243.48828125,242.94642639160156,246.20703125,253.125,234.65234375,262.625,242.80859375,254.48214721679688,245.52734375,242.26785278320312,254.36328125,-1.0,-1.0,-1.0,-1.0,250.41070556640625,253.68359375,-1.0,-1.0,-1.0,-1.0,249.05357360839844,227.17578125,251.0892791748047,227.17578125,245.66070556640625,227.17578125,-1.0,-1.0
251.6216278076172,227.96875,248.1981964111328,234.15625,241.35134887695312,233.46875,235.18919372558594,243.09375,242.72071838378906,245.84375,254.36036682128906,234.15625,263.2612609863281,242.40625,254.36036682128906,245.84375,242.72071838378906,255.46875,242.72071838378906,276.09375,244.090087890625,290.53125,251.6216278076172,256.15625,-1.0,-1.0,-1.0,-1.0,249.56756591796875,226.59375,252.30630493164062,226.59375,246.14414978027344,226.59375,254.36036682128906,226.59375
252.8495635986328,227.96875,248.7079620361328,234.15625,242.49557495117188,233.46875,236.97344970703125,243.78125,244.56637573242188,245.84375,255.61062622070312,234.15625,264.5840759277344,243.09375,256.99114990234375,245.15625,243.1858367919922,256.15625,243.1858367919922,278.15625,244.56637573242188,290.53125,252.8495635986328,256.15625,-1.0,-1.0,-1.0,-1.0,250.7787628173828,226.59375,253.53982543945312,226.59375,247.3274383544922,227.28125,-1.0,-1.0
253.30630493164062,227.28125,249.8828887939453,234.15625,243.03604125976562,233.46875,237.55856323242188,244.46875,245.7747802734375,245.84375,256.0450439453125,234.15625,263.5765686035156,241.71875,257.4144287109375,245.84375,243.72071838378906,256.15625,244.40541076660156,276.78125,243.03604125976562,295.34375,253.99099731445312,256.15625,250.56756591796875,277.46875,249.8828887939453,291.21875,251.25225830078125,225.90625,253.99099731445312,225.90625,247.82882690429688,226.59375,-1.0,-1.0
254.53982543945312,226.59375,250.39822387695312,233.46875,244.1858367919922,233.46875,238.66371154785156,243.78125,246.9468994140625,245.84375,257.3008728027344,233.46875,265.5840759277344,242.40625,259.3716735839844,245.84375,244.8760986328125,257.53125,244.8760986328125,277.46875,244.1858367919922,294.65625,253.8495635986328,258.90625,251.7787628173828,277.46875,251.0885009765625,291.21875,252.46902465820312,225.21875,254.53982543945312,225.21875,248.3274383544922,225.90625,-1.0,-1.0
254.8495635986328,226.59375,251.39822387695312,232.78125,244.49557495117188,232.78125,239.66371154785156,242.40625,247.2566375732422,245.84375,258.3008728027344,232.78125,266.5840759277344,241.71875,259.6814270019531,244.46875,245.1858367919922,255.46875,245.8760986328125,276.09375,244.49557495117188,289.84375,254.15928649902344,256.15625,253.46902465820312,274.71875,-1.0,-1.0,252.7787628173828,225.21875,255.53982543945312,225.21875,249.3274383544922,225.21875,-1.0,-1.0
255.02679443359375,225.69140625,252.24107360839844,231.94921875,245.2767791748047,232.64453125,240.4017791748047,241.68359375,248.0625,245.16015625,258.5089416503906,231.94921875,266.1696472167969,239.59765625,264.0803527832031,244.46484375,247.36607360839844,252.80859375,247.36607360839844,273.66796875,245.9732208251953,289.66015625,256.4196472167969,253.50390625,-1.0,-1.0,-1.0,-1.0,253.63392639160156,224.30078125,255.7232208251953,224.30078125,250.15179443359375,224.99609375,-1.0,-1.0
256.39129638671875,225.69140625,252.9130401611328,231.94921875,245.95652770996094,231.94921875,241.0869598388672,241.68359375,248.7391357421875,245.16015625,259.86956787109375,231.94921875,268.2174072265625,240.98828125,261.9565124511719,243.76953125,248.04347229003906,251.41796875,-1.0,-1.0,-1.0,-1.0,257.7826232910156,250.72265625,-1.0,-1.0,-1.0,-1.0,254.30435180664062,224.30078125,257.0869445800781,223.60546875,250.82608032226562,224.30078125,-1.0,-1.0
256.9459533691406,225.0859375,254.1351318359375,232.1171875,247.1081085205078,232.1171875,241.48648071289062,241.9609375,248.51351928710938,244.7734375,260.45947265625,232.1171875,267.4864807128906,239.8515625,261.8648681640625,244.0703125,249.21621704101562,251.8046875,-1.0,-1.0,-1.0,-1.0,257.6486511230469,251.8046875,-1.0,-1.0,-1.0,-1.0,255.54054260253906,223.6796875,257.6486511230469,223.6796875,251.32432556152344,224.3828125,-1.0,-1.0
257.96490478515625,225.0859375,254.45614624023438,232.1171875,247.4385986328125,231.4140625,242.5263214111328,241.9609375,248.84210205078125,244.7734375,261.47369384765625,232.1171875,269.1929931640625,241.2578125,261.47369384765625,244.7734375,250.24562072753906,251.8046875,253.05262756347656,267.9765625,-1.0,-1.0,258.6666564941406,251.8046875,-1.0,-1.0,-1.0,-1.0,255.85964965820312,223.6796875,257.96490478515625,223.6796875,251.6491241455078,223.6796875,-1.0,-1.0
258.96490478515625,225.0859375,255.45614624023438,232.1171875,248.4385986328125,232.1171875,242.82455444335938,241.2578125,249.14035034179688,244.7734375,262.47369384765625,232.1171875,270.1929931640625,240.5546875,263.1754455566406,244.7734375,250.54385375976562,251.8046875,251.94737243652344,267.9765625,250.54385375976562,284.8515625,259.6666564941406,251.8046875,257.5614013671875,267.2734375,255.45614624023438,284.1484375,256.8596496582031,223.6796875,258.96490478515625,223.6796875,252.6491241455078,224.3828125,-1.0,-1.0
258.931640625,225.0859375,256.1282043457031,232.1171875,248.41880798339844,232.1171875,243.5128173828125,241.2578125,250.5213623046875,244.0703125,263.1367492675781,232.1171875,271.5469970703125,241.2578125,263.8376159667969,244.7734375,251.22222900390625,253.2109375,251.92308044433594,267.9765625,253.3247833251953,284.8515625,259.6324768066406,253.9140625,258.23077392578125,267.2734375,258.931640625,283.4453125,256.8290710449219,223.6796875,259.6324768066406,223.6796875,252.62393188476562,224.3828125,-1.0,-1.0
259.931640625,225.0859375,256.4273376464844,231.4140625,249.41880798339844,231.4140625,243.8119659423828,241.2578125,251.5213623046875,244.0703125,263.4359130859375,231.4140625,271.1452941894531,239.8515625,264.1367492675781,244.0703125,252.22222900390625,251.8046875,254.3247833251953,267.9765625,-1.0,-1.0,260.6324768066406,252.5078125,259.23077392578125,265.8671875,-1.0,-1.0,257.8290710449219,223.6796875,260.6324768066406,223.6796875,253.62393188476562,224.3828125,-1.0,-1.0
260.31304931640625,224.88671875,257.46087646484375,231.28515625,250.33042907714844,231.28515625,244.62608337402344,241.23828125,252.4695587158203,244.08203125,264.59130859375,231.99609375,272.4347839355469,239.81640625,264.59130859375,244.08203125,252.4695587158203,253.32421875,254.6086883544922,269.67578125,-1.0,-1.0,261.7391357421875,253.32421875,-1.0,-1.0,-1.0,-1.0,258.1739196777344,223.46484375,261.0260925292969,223.46484375,254.6086883544922,224.17578125,-1.0,-1.0
260.8947448730469,224.984375,257.2982482910156,231.453125,250.82455444335938,231.453125,245.07017517089844,240.796875,252.26315307617188,243.671875,264.4912414550781,231.453125,273.122802734375,240.078125,265.21051025390625,244.390625,252.98245239257812,251.578125,253.70175170898438,264.515625,-1.0,-1.0,261.6140441894531,251.578125,-1.0,-1.0,-1.0,-1.0,259.4561462402344,223.546875,260.8947448730469,223.546875,255.14035034179688,224.265625,-1.0,-1.0
261.1754455566406,224.265625,258.2982482910156,231.453125,251.82455444335938,231.453125,246.07017517089844,241.515625,253.98245239257812,243.671875,265.4912414550781,231.453125,272.6842041015625,239.359375,266.21051025390625,243.671875,253.26315307617188,252.296875,255.42105102539062,270.265625,254.70175170898438,285.359375,262.6140441894531,253.015625,259.7368469238281,268.828125,-1.0,-1.0,259.0175476074219,223.546875,261.8947448730469,222.828125,255.42105102539062,224.265625,-1.0,-1.0
261.8461608886719,224.265625,258.974365234375,231.453125,251.7948760986328,231.453125,246.05128479003906,241.515625,254.6666717529297,242.953125,266.1538391113281,231.453125,273.3333435058594,238.640625,-1.0,-1.0,253.94871520996094,252.296875,256.1025695800781,270.984375,255.38461303710938,284.640625,264.0,252.296875,-1.0,-1.0,-1.0,-1.0,259.69232177734375,223.546875,261.8461608886719,222.828125,256.1025695800781,224.265625,-1.0,-1.0
262.1282043457031,224.265625,259.25640869140625,231.453125,252.07691955566406,231.453125,247.05128479003906,241.515625,256.3846130371094,243.671875,266.4359130859375,231.453125,273.6153869628906,237.921875,265.71795654296875,242.953125,254.94871520996094,252.296875,257.1025695800781,268.828125,256.3846130371094,283.921875,263.5641174316406,253.015625,261.4102478027344,268.828125,-1.0,-1.0,260.69232177734375,223.546875,262.8461608886719,222.828125,256.3846130371094,224.265625,-1.0,-1.0
263.1583251953125,224.265625,260.2916564941406,231.453125,252.4083251953125,231.453125,247.39166259765625,241.515625,255.27499389648438,243.671875,266.7416687011719,230.734375,274.625,237.921875,266.0249938964844,242.953125,255.99166870117188,252.296875,257.42498779296875,270.265625,256.7083435058594,283.921875,263.875,253.015625,263.1583251953125,269.546875,260.2916564941406,283.921875,261.0083312988281,223.546875,263.1583251953125,222.828125,257.42498779296875,224.265625,-1.0,-1.0
263.50848388671875,224.08203125,260.5932312011719,231.34765625,253.30508422851562,231.34765625,248.20338439941406,241.51953125,256.2203369140625,243.69921875,268.61016845703125,231.34765625,275.16949462890625,238.61328125,-1.0,-1.0,255.4915313720703,250.23828125,257.677978515625,268.40234375,256.94915771484375,283.66015625,264.9660949707031,251.69140625,-1.0,-1.0,-1.0,-1.0,261.322021484375,222.62890625,263.50848388671875,222.62890625,258.4067687988281,223.35546875,266.4237365722656,223.35546875
262.7796630859375,223.35546875,261.322021484375,230.62109375,254.03390502929688,230.62109375,249.6610107421875,240.79296875,256.94915771484375,242.97265625,268.61016845703125,230.62109375,275.16949462890625,237.88671875,-1.0,-1.0,256.2203369140625,250.96484375,257.677978515625,267.67578125,257.677978515625,280.75390625,265.6949157714844,250.96484375,263.50848388671875,266.94921875,-1.0,-1.0,261.322021484375,221.90234375,263.50848388671875,221.90234375,259.1355895996094,221.90234375,265.6949157714844,222.62890625
262.5213623046875,221.9765625,261.78631591796875,230.0546875,253.7008514404297,230.0546875,250.025634765625,241.0703125,258.8461608886719,241.8046875,269.1367492675781,230.0546875,272.81195068359375,239.6015625,-1.0,-1.0,256.6410217285156,251.3515625,258.1111145019531,268.2421875,-1.0,-1.0,266.931640625,250.6171875,-1.0,-1.0,-1.0,-1.0,261.78631591796875,220.5078125,264.72650146484375,220.5078125,258.8461608886719,220.5078125,266.931640625,221.2421875
263.5213623046875,221.2421875,262.05126953125,229.3203125,254.7008514404297,229.3203125,249.55555725097656,239.6015625,256.9059753417969,241.8046875,269.4017028808594,230.0546875,271.6068420410156,239.6015625,-1.0,-1.0,256.9059753417969,248.4140625,-1.0,-1.0,-1.0,-1.0,265.72650146484375,249.1484375,-1.0,-1.0,-1.0,-1.0,261.3162536621094,219.7734375,264.991455078125,219.7734375,259.1111145019531,220.5078125,266.4615478515625,221.2421875
265.29998779296875,221.2421875,262.3666687011719,228.5859375,256.5,228.5859375,251.36666870117188,238.1328125,256.5,242.5390625,268.9666748046875,229.3203125,271.1666564941406,238.1328125,-1.0,-1.0,257.23333740234375,247.6796875,-1.0,-1.0,-1.0,-1.0,265.29998779296875,247.6796875,-1.0,-1.0,-1.0,-1.0,263.1000061035156,219.7734375,266.0333251953125,220.5078125,260.1666564941406,220.5078125,-1.0,-1.0
264.8333435058594,218.3046875,263.3666687011719,227.1171875,256.0333251953125,227.8515625,253.10000610351562,238.8671875,259.70001220703125,241.0703125,269.9666748046875,227.8515625,272.1666564941406,238.8671875,265.5666809082031,241.8046875,258.23333740234375,246.9453125,258.23333740234375,261.6328125,-1.0,-1.0,266.29998779296875,247.6796875,-1.0,-1.0,-1.0,-1.0,262.6333312988281,215.3671875,266.29998779296875,215.3671875,261.1666564941406,215.3671875,267.76666259765625,215.3671875
266.5126037597656,220.30859375,262.81512451171875,227.73046875,256.15966796875,227.73046875,253.20167541503906,239.60546875,260.5966491699219,240.34765625,269.4705810546875,228.47265625,270.9495849609375,238.12109375,-1.0,-1.0,258.3781433105469,247.76953125,258.3781433105469,264.09765625,258.3781433105469,279.68359375,266.5126037597656,247.02734375,264.29412841796875,264.83984375,-1.0,-1.0,265.0335998535156,218.82421875,267.2521057128906,219.56640625,261.33612060546875,219.56640625,-1.0,-1.0
264.55462646484375,221.05078125,263.81512451171875,227.73046875,257.15966796875,227.73046875,253.46218872070312,238.12109375,260.1176452636719,241.08984375,269.7310791015625,227.73046875,271.9495849609375,238.12109375,267.5126037597656,241.83203125,258.638671875,247.02734375,259.3781433105469,261.12890625,257.15966796875,274.48828125,266.7731018066406,247.02734375,-1.0,-1.0,-1.0,-1.0,263.81512451171875,219.56640625,266.0335998535156,219.56640625,261.5966491699219,219.56640625,267.5126037597656,220.30859375
265.8016662597656,221.05078125,263.57025146484375,228.47265625,257.6198425292969,228.47265625,253.9008331298828,238.12109375,260.59503173828125,241.08984375,269.5206604003906,228.47265625,-1.0,-1.0,-1.0,-1.0,259.107421875,247.02734375,259.107421875,262.61328125,257.6198425292969,276.71484375,266.5454406738281,247.02734375,262.0826416015625,263.35546875,263.57025146484375,274.48828125,264.3140563964844,220.30859375,267.28924560546875,220.30859375,262.0826416015625,219.56640625,268.77685546875,221.05078125
265.125,221.125,264.375,228.625,258.375,228.625,253.875,238.375,261.375,241.375,271.125,229.375,-1.0,-1.0,-1.0,-1.0,259.875,248.125,259.125,263.125,258.375,276.625,267.375,248.125,265.125,263.875,265.125,273.625,264.375,219.625,266.625,219.625,262.125,219.625,268.875,220.375
265.375,220.375,265.375,228.625,259.375,228.625,254.125,238.375,263.125,241.375,272.125,228.625,-1.0,-1.0,-1.0,-1.0,260.875,247.375,259.375,263.875,258.625,278.125,267.625,248.125,-1.0,-1.0,-1.0,-1.0,264.625,219.625,-1.0,-1.0,-1.0,-1.0,-1.0,-1.0
266.8130187988281,221.125,266.8130187988281,228.625,259.3333435058594,228.625,254.09756469726562,239.875,263.07318115234375,241.375,274.2926940917969,229.375,282.52032470703125,237.625,-1.0,-1.0,260.8292541503906,249.625,260.081298828125,264.625,259.3333435058594,276.625,270.5528564453125,250.375,-1.0,-1.0,-1.0,-1.0,266.0650329589844,219.625,269.0569152832031,219.625,263.8211364746094,219.625,271.3008117675781,221.125
266.55462646484375,221.71484375,268.0672302246094,230.05078125,259.7478942871094,230.05078125,254.4537811279297,241.41796875,262.0168151855469,242.17578125,275.6302490234375,230.80859375,-1.0,-1.0,-1.0,-1.0,-1.0,-1.0,-1.0,-1.0,-1.0,-1.0,-1.0,-1.0,-1.0,-1.0,-1.0,-1.0,265.7983093261719,219.44140625,268.8235168457031,218.68359375,-1.0,-1.0,272.60504150390625,219.44140625
268.57025146484375,222.47265625,268.57025146484375,230.05078125,260.9669494628906,230.05078125,256.40496826171875,240.66015625,262.48760986328125,242.17578125,276.1735534667969,230.80859375,284.5372009277344,239.90234375,-1.0,-1.0,262.48760986328125,250.51171875,-1.0,-1.0,-1.0,-1.0,-1.0,-1.0,-1.0,-1.0,-1.0,-1.0,267.0495910644531,220.19921875,271.611572265625,220.19921875,266.28924560546875,220.95703125,273.8925476074219,220.95703125
271.0909118652344,223.23046875,268.8099060058594,230.05078125,261.9669494628906,230.05078125,257.40496826171875,240.66015625,264.2479248046875,242.93359375,276.4132080078125,230.80859375,283.2561950683594,237.62890625,-1.0,-1.0,262.7272644042969,252.02734375,261.9669494628906,273.24609375,261.20660400390625,284.61328125,-1.0,-1.0,-1.0,-1.0,-1.0,-1.0,269.57025146484375,220.95703125,272.611572265625,220.95703125,267.28924560546875,221.71484375,274.1322326660156,221.71484375
270.6370849609375,223.23046875,269.8790283203125,230.05078125,262.29840087890625,230.05078125,259.26611328125,240.66015625,264.57257080078125,242.93359375,277.4596862792969,230.80859375,-1.0,-1.0,-1.0,-1.0,263.81451416015625,250.51171875,-1.0,-1.0,-1.0,-1.0,-1.0,-1.0,-1.0,-1.0,-1.0,-1.0,269.1209716796875,220.95703125,273.6693420410156,220.19921875,267.6048278808594,220.95703125,-1.0,-1.0
-1.0,-1.0,270.3089294433594,229.4609375,263.430908203125,230.2265625,260.3739929199219,240.1796875,264.9593505859375,242.4765625,277.1869812011719,230.2265625,-1.0,-1.0,-1.0,-1.0,-1.0,-1.0,-1.0,-1.0,-1.0,-1.0,-1.0,-1.0,-1.0,-1.0,-1.0,-1.0,-1.0,-1.0,-1.0,-1.0,268.7804870605469,221.0390625,-1.0,-1.0
273.8800048828125,222.5703125,271.57598876953125,229.4609375,264.66400146484375,230.2265625,260.8240051269531,240.1796875,264.66400146484375,242.4765625,278.4880065917969,230.2265625,285.3999938964844,237.1171875,-1.0,-1.0,265.4320068359375,250.8984375,264.66400146484375,271.5703125,263.12799072265625,285.3515625,273.8800048828125,250.1328125,-1.0,-1.0,-1.0,-1.0,271.57598876953125,220.2734375,275.416015625,220.2734375,269.2720031738281,221.0390625,276.9519958496094,221.0390625
275.8943176269531,222.5703125,272.07318115234375,230.2265625,264.430908203125,229.4609375,261.3739929199219,240.1796875,265.9593505859375,243.2421875,279.7154541015625,230.2265625,286.593505859375,237.8828125,-1.0,-1.0,266.72357177734375,249.3671875,-1.0,-1.0,-1.0,-1.0,277.4227600097656,248.6015625,-1.0,-1.0,-1.0,-1.0,274.3658447265625,220.2734375,276.6585388183594,221.0390625,270.5447082519531,221.0390625,-1.0,-1.0
275.96722412109375,223.21484375,273.6557312011719,229.40234375,265.9508056640625,229.40234375,262.0983581542969,239.45703125,266.7213134765625,242.55078125,280.59014892578125,230.17578125,289.0655822753906,237.13671875,-1.0,-1.0,267.4917907714844,249.51171875,265.1803283691406,273.48828125,264.40985107421875,286.63671875,277.5082092285156,250.28515625,273.6557312011719,270.39453125,-1.0,-1.0,273.6557312011719,221.66796875,276.7377014160156,221.66796875,271.3442687988281,221.66796875,279.0491943359375,221.66796875
276.4838562011719,222.44140625,273.3870849609375,229.40234375,266.4193420410156,229.40234375,262.54840087890625,240.23046875,267.9677429199219,242.55078125,281.1290283203125,229.40234375,288.8709716796875,236.36328125,292.741943359375,239.45703125,268.741943359375,250.28515625,267.9677429199219,269.62109375,265.6451721191406,285.86328125,278.0322570800781,249.51171875,275.7096862792969,268.84765625,276.4838562011719,285.08984375,274.1612854003906,220.12109375,277.258056640625,220.12109375,271.06451416015625,220.89453125,279.5806579589844,221.66796875
274.3870849609375,221.66796875,274.3870849609375,229.40234375,266.6451721191406,229.40234375,263.54840087890625,240.23046875,269.741943359375,242.55078125,282.1290283203125,230.17578125,289.8709716796875,237.91015625,293.741943359375,239.45703125,268.9677429199219,251.05859375,268.19354248046875,269.62109375,266.6451721191406,286.63671875,277.4838562011719,251.83203125,275.93548583984375,269.62109375,278.258056640625,285.08984375,272.8387145996094,219.34765625,275.93548583984375,219.34765625,270.51611328125,220.12109375,279.0322570800781,220.12109375
275.0880126953125,220.984375,275.0880126953125,229.578125,268.0320129394531,229.578125,264.89599609375,239.734375,270.3840026855469,242.078125,282.9280090332031,229.578125,289.9840087890625,236.609375,294.68798828125,238.953125,270.3840026855469,249.890625,269.6000061035156,269.421875,267.24798583984375,284.265625,279.00799560546875,249.890625,277.44000244140625,268.640625,278.2239990234375,284.265625,273.5199890136719,219.421875,276.656005859375,219.421875,271.9519958496094,220.203125,279.7919921875,220.203125
275.5853576660156,222.546875,275.5853576660156,229.578125,267.7804870605469,229.578125,264.6585388183594,241.296875,270.9024353027344,243.640625,282.6097412109375,230.359375,289.6341552734375,237.390625,295.0975646972656,240.515625,270.1219482421875,250.671875,271.68292236328125,267.078125,270.9024353027344,284.265625,278.7073059082031,250.671875,278.7073059082031,266.296875,279.48779296875,282.703125,274.0243835449219,220.984375,277.92681884765625,220.984375,271.68292236328125,221.765625,279.48779296875,221.765625
276.0880126953125,222.546875,276.0880126953125,230.359375,269.0320129394531,231.140625,265.11199951171875,242.078125,272.1679992675781,244.421875,283.9280090332031,231.140625,290.9840087890625,236.609375,294.90399169921875,239.734375,270.6000061035156,249.890625,-1.0,-1.0,-1.0,-1.0,280.00799560546875,249.890625,-1.0,-1.0,-1.0,-1.0,274.5199890136719,220.984375,278.44000244140625,220.984375,272.9519958496094,221.765625,280.7919921875,221.765625
279.2661437988281,221.65234375,276.8951721191406,229.54296875,268.991943359375,229.54296875,265.0403137207031,240.58984375,272.1532287597656,242.95703125,284.008056640625,230.33203125,290.3306579589844,237.43359375,-1.0,-1.0,271.3629150390625,249.26953125,-1.0,-1.0,-1.0,-1.0,280.8467712402344,250.05859375,-1.0,-1.0,-1.0,-1.0,277.68548583984375,220.86328125,280.05645751953125,220.07421875,274.5242004394531,221.65234375,-1.0,-1.0
278.3779602050781,223.23046875,277.5905456542969,230.33203125,269.7165222167969,230.33203125,265.779541015625,240.58984375,272.0787353515625,242.95703125,284.6771545410156,231.12109375,-1.0,-1.0,-1.0,-1.0,272.0787353515625,252.42578125,-1.0,-1.0,-1.0,-1.0,-1.0,-1.0,-1.0,-1.0,-1.0,-1.0,276.80316162109375,220.86328125,280.7401428222656,220.86328125,273.6535339355469,221.65234375,-1.0,-1.0
281.7401428222656,222.44140625,277.0157470703125,230.33203125,269.92913818359375,231.12109375,266.779541015625,242.16796875,273.0787353515625,243.74609375,284.10235595703125,231.12109375,291.97637939453125,236.64453125,296.7007751464844,241.37890625,273.0787353515625,253.21484375,-1.0,-1.0,-1.0,-1.0,280.9527587890625,253.21484375,-1.0,-1.0,-1.0,-1.0,279.3779602050781,220.86328125,282.5275573730469,220.86328125,275.4409484863281,221.65234375,-1.0,-1.0
281.9527587890625,224.01953125,278.0157470703125,231.12109375,270.92913818359375,231.91015625,266.99212646484375,242.16796875,274.0787353515625,244.53515625,285.10235595703125,231.91015625,292.18896484375,236.64453125,298.4881896972656,241.37890625,274.0787353515625,254.00390625,275.6535339355469,274.51953125,276.4409484863281,291.08984375,282.7401428222656,253.21484375,281.16534423828125,272.15234375,-1.0,-1.0,280.3779602050781,222.44140625,281.9527587890625,222.44140625,275.6535339355469,222.44140625,-1.0,-1.0
282.0,222.5546875,279.6000061035156,230.5234375,271.6000061035156,230.5234375,267.6000061035156,240.0859375,274.0,244.0703125,286.79998779296875,230.5234375,294.0,236.1015625,298.79998779296875,239.2890625,274.79998779296875,249.6484375,-1.0,-1.0,-1.0,-1.0,283.6000061035156,250.4453125,-1.0,-1.0,-1.0,-1.0,280.3999938964844,220.9609375,282.79998779296875,220.9609375,276.3999938964844,221.7578125,-1.0,-1.0
282.20001220703125,222.5546875,279.0,229.7265625,271.79998779296875,230.5234375,267.79998779296875,240.0859375,275.0,243.2734375,286.20001220703125,229.7265625,294.20001220703125,236.1015625,299.79998779296875,240.0859375,275.0,250.4453125,-1.0,-1.0,-1.0,-1.0,283.79998779296875,249.6484375,-1.0,-1.0,-1.0,-1.0,280.6000061035156,220.9609375,283.79998779296875,220.9609375,275.79998779296875,221.7578125,-1.0,-1.0
282.7086486816406,223.27734375,279.4960632324219,230.51953125,272.2677001953125,230.51953125,268.251953125,241.78515625,277.08660888671875,243.39453125,287.5275573730469,230.51953125,297.16534423828125,237.76171875,299.5747985839844,240.17578125,275.4803161621094,251.44140625,279.4960632324219,268.33984375,-1.0,-1.0,284.3149719238281,251.44140625,-1.0,-1.0,-1.0,-1.0,280.2992248535156,221.66796875,283.5118103027344,221.66796875,276.2834777832031,222.47265625,-1.0,-1.0
282.905517578125,224.08203125,280.4960632324219,230.51953125,272.4645690917969,231.32421875,268.4488220214844,242.58984375,277.2834777832031,244.19921875,287.7243957519531,231.32421875,296.5590515136719,237.76171875,299.77166748046875,240.98046875,275.6771545410156,252.24609375,-1.0,-1.0,-1.0,-1.0,285.3149719238281,251.44140625,-1.0,-1.0,-1.0,-1.0,280.4960632324219,221.66796875,283.7086486816406,221.66796875,277.2834777832031,223.27734375,-1.0,-1.0
283.4108581542969,223.27734375,280.18603515625,230.51953125,272.93023681640625,230.51953125,268.89923095703125,242.58984375,278.5736389160156,244.19921875,288.248046875,230.51953125,297.11627197265625,237.76171875,301.14727783203125,240.98046875,276.155029296875,253.05078125,-1.0,-1.0,-1.0,-1.0,285.8294677734375,251.44140625,-1.0,-1.0,-1.0,-1.0,280.99224853515625,221.66796875,284.217041015625,221.66796875,276.96124267578125,222.47265625,-1.0,-1.0
284.4108581542969,223.27734375,281.18603515625,230.51953125,273.1240234375,230.51953125,269.093017578125,242.58984375,278.7674560546875,243.39453125,289.248046875,230.51953125,298.9224853515625,238.56640625,301.3410949707031,240.98046875,277.155029296875,253.85546875,280.3798522949219,269.94921875,281.18603515625,292.48046875,286.8294677734375,253.05078125,-1.0,-1.0,-1.0,-1.0,281.99224853515625,221.66796875,284.4108581542969,221.66796875,277.96124267578125,222.47265625,-1.0,-1.0
284.905517578125,222.47265625,281.6929016113281,230.51953125,273.6614074707031,230.51953125,269.6456604003906,242.58984375,278.4803161621094,243.39453125,289.7243957519531,230.51953125,300.968505859375,240.98046875,292.13385009765625,243.39453125,277.6771545410156,253.85546875,280.08660888671875,277.99609375,-1.0,-1.0,288.11810302734375,253.85546875,-1.0,-1.0,-1.0,-1.0,282.4960632324219,220.86328125,284.905517578125,220.86328125,277.6771545410156,221.66796875,-1.0,-1.0
285.21875,222.59375,282.78125,229.90625,273.84375,229.90625,269.78125,242.09375,280.34375,243.71875,290.09375,229.90625,303.09375,242.09375,293.34375,244.53125,277.90625,253.46875,279.53125,279.46875,281.96875,294.90625,287.65625,253.46875,-1.0,-1.0,-1.0,-1.0,282.78125,220.96875,286.03125,220.96875,278.71875,221.78125,-1.0,-1.0
284.7952880859375,221.71484375,283.157470703125,229.91796875,274.968505859375,229.91796875,270.8740234375,241.40234375,279.88189697265625,243.86328125,290.5275573730469,229.09765625,302.81103515625,241.40234375,293.80316162109375,243.86328125,278.24407958984375,252.88671875,279.06298828125,266.83203125,-1.0,-1.0,288.07086181640625,252.06640625,-1.0,-1.0,-1.0,-1.0,282.3385925292969,220.89453125,285.6141662597656,220.07421875,279.06298828125,220.89453125,-1.0,-1.0
284.4728698730469,220.89453125,283.6511535644531,229.09765625,275.4341125488281,229.09765625,271.3255920410156,240.58203125,279.5426330566406,243.04296875,291.0465087890625,229.09765625,301.7286682128906,239.76171875,302.5503845214844,241.40234375,277.89923095703125,253.70703125,277.89923095703125,267.65234375,-1.0,-1.0,286.93798828125,252.88671875,286.11627197265625,266.83203125,-1.0,-1.0,282.8294677734375,220.07421875,286.11627197265625,220.07421875,279.5426330566406,220.89453125,288.5813903808594,220.89453125
284.6511535644531,220.89453125,283.8294677734375,228.27734375,275.6123962402344,228.27734375,272.3255920410156,240.58203125,281.3643493652344,243.86328125,291.22479248046875,228.27734375,301.906982421875,238.94140625,303.5503845214844,240.58203125,278.89923095703125,251.24609375,-1.0,-1.0,-1.0,-1.0,287.93798828125,251.24609375,-1.0,-1.0,-1.0,-1.0,283.00775146484375,220.07421875,285.4728698730469,220.07421875,280.5426330566406,220.07421875,287.93798828125,220.07421875
284.6511535644531,220.89453125,283.8294677734375,228.27734375,275.6123962402344,228.27734375,272.3255920410156,240.58203125,281.3643493652344,243.86328125,292.0465087890625,228.27734375,301.08526611328125,237.30078125,303.5503845214844,240.58203125,278.89923095703125,252.06640625,278.89923095703125,266.01171875,-1.0,-1.0,288.75970458984375,251.24609375,-1.0,-1.0,-1.0,-1.0,283.00775146484375,219.25390625,286.2945861816406,219.25390625,279.7209167480469,220.07421875,287.93798828125,220.07421875
284.8294677734375,221.71484375,284.8294677734375,228.27734375,276.6123962402344,229.09765625,273.3255920410156,240.58203125,281.5426330566406,243.86328125,292.22479248046875,228.27734375,302.08526611328125,238.12109375,304.5503845214844,240.58203125,279.0775146484375,252.88671875,279.0775146484375,267.65234375,-1.0,-1.0,288.11627197265625,252.88671875,288.11627197265625,270.11328125,289.75970458984375,289.80078125,283.18603515625,220.07421875,286.4728698730469,220.07421875,279.89923095703125,220.07421875,288.93798828125,220.89453125
285.1363525390625,222.53515625,285.1363525390625,228.27734375,276.9545593261719,228.27734375,273.68182373046875,240.58203125,283.5,243.86328125,293.31817626953125,228.27734375,303.1363525390625,238.94140625,295.7727355957031,243.04296875,279.4090881347656,252.88671875,278.5909118652344,282.41796875,280.2272644042969,295.54296875,288.4090881347656,252.88671875,288.4090881347656,280.77734375,290.8636474609375,286.51953125,283.5,220.89453125,286.7727355957031,220.89453125,280.2272644042969,220.89453125,289.2272644042969,220.89453125
285.7734375,222.4921875,285.7734375,229.1171875,277.4921875,229.1171875,274.1796875,240.7109375,281.6328125,243.1953125,293.2265625,229.1171875,303.1640625,239.0546875,303.1640625,240.7109375,279.9765625,252.3046875,278.3203125,279.6328125,280.8046875,296.1953125,289.9140625,253.1328125,289.0859375,281.2890625,-1.0,-1.0,284.1171875,220.8359375,287.4296875,220.8359375,281.6328125,220.8359375,289.9140625,220.8359375
286.7734375,222.4921875,286.7734375,229.1171875,278.4921875,229.1171875,275.1796875,240.7109375,282.6328125,243.1953125,294.2265625,229.1171875,304.1640625,239.8828125,296.7109375,244.0234375,280.1484375,253.1328125,280.1484375,270.5234375,-1.0,-1.0,290.0859375,253.9609375,289.2578125,268.8671875,-1.0,-1.0,285.1171875,220.8359375,288.4296875,220.8359375,281.8046875,220.8359375,290.9140625,221.6640625
287.4307556152344,222.4921875,287.4307556152344,229.1171875,279.1230773925781,229.1171875,275.79998779296875,239.8828125,281.6153869628906,242.3671875,295.73846435546875,229.1171875,304.8769226074219,239.8828125,305.70770263671875,241.5390625,281.6153869628906,252.3046875,-1.0,-1.0,-1.0,-1.0,292.4153747558594,252.3046875,-1.0,-1.0,-1.0,-1.0,285.76922607421875,220.8359375,289.0923156738281,220.8359375,283.27691650390625,220.8359375,290.75384521484375,221.6640625
288.4307556152344,222.4921875,287.6000061035156,229.1171875,280.1230773925781,229.1171875,275.96923828125,239.8828125,282.6153869628906,242.3671875,295.0769348144531,229.9453125,305.046142578125,239.0546875,304.21539306640625,240.7109375,280.1230773925781,254.7890625,280.953857421875,278.8046875,281.78460693359375,296.1953125,290.0923156738281,254.7890625,290.9230651855469,277.9765625,-1.0,-1.0,286.76922607421875,220.8359375,290.9230651855469,220.8359375,284.27691650390625,220.8359375,291.75384521484375,221.6640625
289.6046447753906,222.46484375,287.93023681640625,229.15234375,280.3953552246094,229.15234375,277.0465087890625,240.85546875,286.25579833984375,243.36328125,295.4651184082031,229.15234375,304.6744079589844,238.34765625,296.3023376464844,243.36328125,281.2325439453125,254.23046875,281.2325439453125,278.47265625,282.06976318359375,295.19140625,291.2790832519531,254.23046875,290.4418640136719,277.63671875,292.11627197265625,291.84765625,287.093017578125,220.79296875,291.2790832519531,220.79296875,286.25579833984375,219.95703125,292.11627197265625,221.62890625
289.7674560546875,222.46484375,289.7674560546875,229.15234375,281.3953552246094,229.15234375,278.0465087890625,240.01953125,287.25579833984375,243.36328125,297.3023376464844,229.98828125,305.6744079589844,239.18359375,298.97674560546875,243.36328125,282.2325439453125,253.39453125,282.2325439453125,278.47265625,281.3953552246094,296.02734375,292.2790832519531,254.23046875,291.4418640136719,276.80078125,292.2790832519531,292.68359375,287.25579833984375,220.79296875,292.2790832519531,220.79296875,286.4186096191406,220.79296875,293.11627197265625,221.62890625
290.7674560546875,222.46484375,289.93023681640625,229.15234375,281.5581359863281,229.15234375,279.88372802734375,240.01953125,288.25579833984375,242.52734375,298.3023376464844,229.15234375,307.5116271972656,238.34765625,299.97674560546875,243.36328125,283.2325439453125,252.55859375,283.2325439453125,275.96484375,283.2325439453125,291.01171875,293.2790832519531,253.39453125,290.7674560546875,274.29296875,-1.0,-1.0,289.093017578125,220.79296875,293.2790832519531,220.79296875,287.4186096191406,219.95703125,294.11627197265625,221.62890625
292.0833435058594,223.30078125,291.25,229.15234375,282.9166564941406,229.15234375,279.5833435058594,240.85546875,290.4166564941406,242.52734375,299.5833435058594,229.98828125,308.75,239.18359375,300.4166564941406,243.36328125,283.75,255.06640625,283.75,277.63671875,282.9166564941406,296.86328125,293.75,256.73828125,291.25,276.80078125,290.4166564941406,292.68359375,289.5833435058594,221.62890625,293.75,221.62890625,288.75,219.95703125,295.4166564941406,222.46484375
293.0,222.453125,292.1538391113281,230.046875,282.8461608886719,229.203125,278.6153869628906,241.859375,277.76922607421875,251.140625,300.6153869628906,230.046875,309.9230651855469,239.328125,-1.0,-1.0,285.3846130371094,257.046875,283.69232177734375,278.984375,281.1538391113281,298.390625,296.3846130371094,259.578125,294.69232177734375,277.296875,293.8461608886719,295.859375,291.30767822265625,220.765625,294.69232177734375,219.921875,288.76922607421875,219.078125,297.23077392578125,220.765625
293.671875,219.921875,293.671875,228.359375,284.390625,228.359375,281.859375,240.171875,291.984375,242.703125,302.109375,228.359375,309.703125,240.171875,302.109375,242.703125,286.078125,257.046875,284.390625,277.296875,281.859375,297.546875,297.890625,258.734375,295.359375,277.296875,293.671875,293.328125,291.984375,217.390625,296.203125,217.390625,289.453125,217.390625,298.734375,218.234375
294.671875,219.078125,293.828125,228.359375,285.390625,227.515625,281.171875,239.328125,292.984375,242.703125,302.265625,228.359375,312.390625,238.484375,303.109375,242.703125,287.078125,256.203125,284.546875,277.296875,282.015625,297.546875,298.890625,257.890625,296.359375,276.453125,293.828125,293.328125,292.140625,217.390625,296.359375,217.390625,289.609375,217.390625,298.890625,218.234375
294.828125,215.703125,294.828125,228.359375,286.390625,227.515625,282.171875,238.484375,293.984375,242.703125,303.265625,229.203125,312.546875,240.171875,304.109375,242.703125,286.390625,257.046875,283.859375,281.515625,282.171875,301.765625,297.359375,260.421875,295.671875,280.671875,293.984375,296.703125,293.140625,214.859375,297.359375,214.015625,290.609375,215.703125,299.890625,215.703125
295.4615478515625,218.234375,295.4615478515625,228.359375,287.0,228.359375,284.4615478515625,240.171875,295.4615478515625,242.703125,303.9230651855469,228.359375,313.23077392578125,241.015625,304.76922607421875,242.703125,288.69232177734375,255.359375,287.0,276.453125,286.1538391113281,293.328125,299.69232177734375,257.890625,298.0,276.453125,-1.0,-1.0,292.9230651855469,216.546875,297.1538391113281,215.703125,289.5384521484375,216.546875,299.69232177734375,216.546875
298.3178405761719,209.68359375,295.75970458984375,227.56640625,288.08526611328125,228.41796875,284.6744079589844,240.33984375,294.906982421875,242.89453125,304.2868347167969,227.56640625,315.3721008300781,241.19140625,304.2868347167969,243.74609375,289.79071044921875,259.92578125,290.6434020996094,278.66015625,-1.0,-1.0,302.5813903808594,259.92578125,300.8759765625,279.51171875,-1.0,-1.0,295.75970458984375,208.83203125,-1.0,-1.0,290.6434020996094,214.79296875,-1.0,-1.0
295.906982421875,212.23828125,296.75970458984375,228.41796875,288.2325439453125,229.26953125,289.08526611328125,242.04296875,296.75970458984375,242.89453125,306.1395263671875,228.41796875,314.6666564941406,238.63671875,307.844970703125,242.04296875,291.6434020996094,257.37109375,292.4961242675781,276.10546875,290.79071044921875,296.54296875,301.8759765625,258.22265625,298.4651184082031,276.10546875,295.906982421875,293.98828125,293.3488464355469,211.38671875,297.6123962402344,211.38671875,290.79071044921875,215.64453125,301.02325439453125,213.08984375
296.05426025390625,217.34765625,298.6123962402344,228.41796875,290.93798828125,229.26953125,290.08526611328125,241.19140625,296.906982421875,242.89453125,306.2868347167969,228.41796875,314.81396484375,238.63671875,-1.0,-1.0,292.6434020996094,255.66796875,292.6434020996094,275.25390625,291.79071044921875,298.24609375,301.1705322265625,255.66796875,299.4651184082031,275.25390625,298.6123962402344,294.83984375,293.4961242675781,214.79296875,296.906982421875,211.38671875,-1.0,-1.0,300.3178405761719,214.79296875
-1.0,-1.0,298.75970458984375,228.41796875,291.93798828125,229.26953125,289.3798522949219,239.48828125,297.906982421875,242.89453125,306.4341125488281,228.41796875,315.81396484375,237.78515625,-1.0,-1.0,292.79071044921875,255.66796875,293.6434020996094,277.80859375,292.79071044921875,297.39453125,302.1705322265625,256.51953125,301.3178405761719,276.95703125,299.6123962402344,295.69140625,-1.0,-1.0,-1.0,-1.0,-1.0,-1.0,-1.0,-1.0
299.0923156738281,220.7578125,299.953857421875,228.4921875,293.0615234375,228.4921875,288.75384521484375,237.9453125,297.3692321777344,242.2421875,306.8461608886719,228.4921875,313.73846435546875,236.2265625,319.76922607421875,239.6640625,293.0615234375,254.2734375,293.9230651855469,276.6171875,293.9230651855469,295.5234375,302.5384521484375,255.1328125,301.6769104003906,274.8984375,301.6769104003906,292.0859375,297.3692321777344,219.8984375,301.6769104003906,219.0390625,-1.0,-1.0,303.3999938964844,219.8984375
-1.0,-1.0,300.6171875,228.4921875,292.8828125,229.3515625,289.4453125,237.9453125,296.3203125,241.3828125,307.4921875,228.4921875,315.2265625,236.2265625,-1.0,-1.0,294.6015625,254.2734375,295.4609375,274.8984375,296.3203125,296.3828125,303.1953125,254.2734375,302.3359375,273.1796875,302.3359375,291.2265625,-1.0,-1.0,-1.0,-1.0,-1.0,-1.0,303.1953125,219.8984375
-1.0,-1.0,301.6171875,228.4921875,293.8828125,229.3515625,289.5859375,237.9453125,296.4609375,240.5234375,308.4921875,228.4921875,317.0859375,237.9453125,307.6328125,242.2421875,295.6015625,255.1328125,297.3203125,275.7578125,298.1796875,296.3828125,305.0546875,255.1328125,303.3359375,274.8984375,305.0546875,290.3671875,-1.0,-1.0,-1.0,-1.0,-1.0,-1.0,-1.0,-1.0
-1.0,-1.0,302.6171875,229.3515625,294.8828125,230.2109375,289.7265625,238.8046875,297.4609375,241.3828125,309.4921875,230.2109375,317.2265625,237.9453125,-1.0,-1.0,295.7421875,255.1328125,298.3203125,276.6171875,299.1796875,298.1015625,306.0546875,256.8515625,304.3359375,275.7578125,304.3359375,292.9453125,-1.0,-1.0,-1.0,-1.0,-1.0,-1.0,-1.0,-1.0
-1.0,-1.0,302.8897705078125,230.31640625,295.094482421875,230.31640625,290.7637939453125,238.98828125,298.5590515136719,240.72265625,311.5511779785156,230.31640625,318.4803161621094,239.85546875,309.81890869140625,242.45703125,297.6929016113281,257.19921875,299.4252014160156,277.14453125,299.4252014160156,297.95703125,307.220458984375,258.06640625,304.6220397949219,276.27734375,303.75592041015625,294.48828125,-1.0,-1.0,-1.0,-1.0,-1.0,-1.0,-1.0,-1.0
-1.0,-1.0,305.6220397949219,229.44921875,296.96063232421875,228.58203125,291.7637939453125,238.12109375,299.5590515136719,240.72265625,314.2834777832031,231.18359375,318.6141662597656,241.58984375,-1.0,-1.0,298.6929016113281,258.93359375,299.5590515136719,277.14453125,299.5590515136719,297.95703125,308.220458984375,258.93359375,306.4881896972656,276.27734375,304.75592041015625,295.35546875,-1.0,-1.0,-1.0,-1.0,306.4881896972656,219.04296875,-1.0,-1.0
306.2325439453125,221.64453125,306.2325439453125,229.44921875,297.5503845214844,228.58203125,292.3410949707031,238.98828125,301.02325439453125,239.85546875,314.91473388671875,231.18359375,320.1240234375,240.72265625,312.3100891113281,242.45703125,299.2868347167969,258.93359375,300.155029296875,277.14453125,300.155029296875,297.08984375,309.7054138183594,258.93359375,307.10076904296875,278.01171875,304.4961242675781,296.22265625,305.3643493652344,219.91015625,308.83721923828125,219.04296875,303.6278991699219,220.77734375,310.5736389160156,219.91015625
308.10076904296875,222.51171875,306.3643493652344,228.58203125,298.5503845214844,228.58203125,294.20928955078125,237.25390625,302.8914794921875,239.85546875,314.17828369140625,229.44921875,321.1240234375,239.85546875,312.4418640136719,242.45703125,299.4186096191406,258.06640625,301.155029296875,279.74609375,301.155029296875,297.95703125,309.83721923828125,258.93359375,307.2325439453125,279.74609375,304.6278991699219,297.08984375,306.3643493652344,219.91015625,309.83721923828125,219.91015625,304.6278991699219,219.91015625,311.5736389160156,219.91015625
311.4375,218.1875,307.0625,228.6875,299.1875,227.8125,295.6875,236.5625,303.5625,240.0625,315.8125,229.5625,320.1875,240.9375,313.1875,242.6875,300.0625,258.4375,301.8125,279.4375,301.8125,299.5625,311.4375,259.3125,308.8125,279.4375,304.4375,297.8125,309.6875,217.3125,312.3125,217.3125,305.3125,217.3125,314.0625,217.3125
311.5625,218.1875,308.0625,227.8125,300.1875,226.0625,297.5625,236.5625,307.1875,240.0625,316.8125,228.6875,320.3125,240.9375,313.3125,243.5625,301.0625,257.5625,301.0625,279.4375,301.0625,298.6875,311.5625,257.5625,311.5625,277.6875,305.4375,297.8125,308.0625,216.4375,313.3125,216.4375,306.3125,217.3125,315.0625,216.4375
313.952392578125,217.3125,308.71429443359375,226.9375,300.8571472167969,226.0625,298.23809814453125,236.5625,307.8412780761719,239.1875,317.4444580078125,227.8125,320.0634765625,241.8125,315.69842529296875,242.6875,300.8571472167969,255.8125,300.8571472167969,278.5625,300.8571472167969,298.6875,312.20635986328125,256.6875,313.0793762207031,275.9375,313.0793762207031,289.0625,311.3333435058594,215.5625,314.8254089355469,215.5625,306.0952453613281,215.5625,-1.0,-1.0
312.8125,218.1875,309.3125,226.0625,301.4375,226.0625,299.6875,235.6875,308.4375,238.3125,318.0625,226.9375,321.5625,240.0625,316.3125,240.0625,301.4375,255.8125,301.4375,279.4375,301.4375,297.8125,312.8125,256.6875,312.8125,278.5625,312.8125,294.3125,310.1875,216.4375,313.6875,216.4375,306.6875,216.4375,316.3125,216.4375
312.19683837890625,217.33203125,309.5511779785156,227.04296875,301.6141662597656,226.16015625,299.85040283203125,235.87109375,308.6692810058594,238.51953125,318.3700866699219,227.92578125,322.779541015625,239.40234375,317.4881896972656,241.16796875,301.6141662597656,256.17578125,301.6141662597656,280.01171875,300.7322692871094,298.55078125,312.19683837890625,256.17578125,313.0787353515625,277.36328125,312.19683837890625,295.01953125,310.4330749511719,216.44921875,313.96063232421875,216.44921875,307.78741455078125,216.44921875,-1.0,-1.0
314.0787353515625,219.09765625,311.4330749511719,227.04296875,302.6141662597656,227.04296875,300.85040283203125,236.75390625,309.6692810058594,239.40234375,319.3700866699219,228.80859375,324.6614074707031,238.51953125,318.4881896972656,242.05078125,302.6141662597656,255.29296875,301.7322692871094,278.24609375,301.7322692871094,297.66796875,313.19683837890625,256.17578125,315.842529296875,275.59765625,314.0787353515625,292.37109375,312.3149719238281,217.33203125,315.842529296875,217.33203125,308.78741455078125,217.33203125,317.6062927246094,218.21484375
315.96063232421875,219.09765625,312.4330749511719,227.92578125,304.4960632324219,227.04296875,301.85040283203125,237.63671875,310.6692810058594,238.51953125,320.3700866699219,229.69140625,325.6614074707031,239.40234375,319.4881896972656,242.05078125,303.6141662597656,257.05859375,302.7322692871094,278.24609375,302.7322692871094,300.31640625,315.96063232421875,257.94140625,316.842529296875,279.12890625,-1.0,-1.0,314.19683837890625,217.33203125,316.842529296875,218.21484375,310.6692810058594,218.21484375,-1.0,-1.0
317.842529296875,219.09765625,313.4330749511719,227.04296875,305.4960632324219,227.04296875,302.85040283203125,235.87109375,311.6692810058594,239.40234375,320.4881896972656,227.92578125,329.3070983886719,235.87109375,336.3622131347656,239.40234375,308.1417236328125,252.64453125,-1.0,-1.0,-1.0,-1.0,317.842529296875,252.64453125,324.0157470703125,269.41796875,324.89764404296875,290.60546875,316.0787353515625,217.33203125,317.842529296875,218.21484375,311.6692810058594,218.21484375,-1.0,-1.0
319.0390625,218.2578125,312.8046875,226.2734375,306.5703125,226.2734375,302.1171875,236.0703125,313.6953125,238.7421875,320.8203125,227.1640625,330.6171875,234.2890625,336.8515625,237.8515625,306.5703125,256.5546875,303.8984375,278.8203125,304.7890625,297.5234375,317.2578125,256.5546875,322.6015625,277.0390625,327.0546875,293.0703125,318.1484375,216.4765625,-1.0,-1.0,311.9140625,217.3671875,-1.0,-1.0
320.9296875,219.1484375,315.5859375,227.1640625,307.5703125,226.2734375,304.0078125,236.9609375,313.8046875,238.7421875,323.6015625,228.0546875,333.3984375,237.8515625,339.6328125,240.5234375,307.5703125,257.4453125,304.8984375,279.7109375,304.8984375,294.8515625,319.1484375,257.4453125,320.9296875,278.8203125,322.7109375,295.7421875,319.1484375,217.3671875,321.8203125,217.3671875,313.8046875,218.2578125,-1.0,-1.0
322.8203125,220.0390625,317.4765625,227.1640625,309.4609375,227.1640625,305.8984375,236.9609375,315.6953125,239.6328125,325.4921875,228.0546875,335.2890625,237.8515625,343.3046875,241.4140625,308.5703125,258.3359375,305.8984375,279.7109375,306.7890625,297.5234375,321.0390625,259.2265625,321.9296875,280.6015625,323.7109375,297.5234375,320.1484375,218.2578125,323.7109375,218.2578125,314.8046875,218.2578125,-1.0,-1.0
324.3333435058594,220.0390625,319.0,228.0546875,310.1111145019531,227.1640625,306.5555419921875,237.8515625,317.22222900390625,239.6328125,327.0,228.0546875,335.0,237.8515625,341.22222900390625,240.5234375,310.1111145019531,260.1171875,306.5555419921875,280.6015625,305.6666564941406,295.7421875,322.5555419921875,261.0078125,327.8888854980469,281.4921875,326.1111145019531,295.7421875,322.5555419921875,219.1484375,324.3333435058594,218.2578125,317.22222900390625,219.1484375,-1.0,-1.0
326.22222900390625,220.0390625,320.0,228.0546875,312.0,227.1640625,307.5555419921875,236.9609375,318.22222900390625,239.6328125,328.0,228.9453125,336.0,238.7421875,328.8888854980469,241.4140625,312.0,257.4453125,309.3333435058594,279.7109375,310.22222900390625,293.0703125,323.5555419921875,259.2265625,326.22222900390625,278.8203125,326.22222900390625,292.1796875,324.4444580078125,219.1484375,327.1111145019531,218.2578125,318.22222900390625,219.1484375,-1.0,-1.0
327.8897705078125,220.11328125,321.6062927246094,228.19921875,313.5275573730469,227.30078125,309.93701171875,238.08203125,321.6062927246094,239.87890625,329.6850280761719,228.19921875,339.5590515136719,238.08203125,347.6377868652344,242.57421875,313.5275573730469,258.74609375,311.7322692871094,279.41015625,312.6299133300781,291.98828125,325.19683837890625,260.54296875,324.2992248535156,280.30859375,323.4015808105469,291.98828125,325.19683837890625,218.31640625,327.8897705078125,218.31640625,319.81103515625,219.21484375,-1.0,-1.0
329.78741455078125,219.21484375,322.6062927246094,227.30078125,314.5275573730469,227.30078125,311.83465576171875,238.08203125,324.4015808105469,240.77734375,330.6850280761719,228.19921875,341.4566955566406,238.08203125,348.6377868652344,241.67578125,315.4252014160156,258.74609375,312.7322692871094,280.30859375,313.6299133300781,290.19140625,327.094482421875,258.74609375,326.19683837890625,280.30859375,-1.0,-1.0,327.094482421875,218.31640625,329.78741455078125,217.41796875,321.7086486816406,218.31640625,-1.0,-1.0
330.78741455078125,218.31640625,325.4015808105469,226.40234375,316.4252014160156,226.40234375,312.83465576171875,238.08203125,323.6062927246094,238.98046875,333.4803161621094,227.30078125,342.4566955566406,237.18359375,334.3779602050781,240.77734375,317.3228454589844,257.84765625,316.4252014160156,282.10546875,-1.0,-1.0,328.99212646484375,258.74609375,327.19683837890625,282.10546875,-1.0,-1.0,328.99212646484375,216.51953125,330.78741455078125,216.51953125,323.6062927246094,217.41796875,-1.0,-1.0
332.6850280761719,218.31640625,326.4015808105469,226.40234375,318.3228454589844,225.50390625,314.7322692871094,237.18359375,329.99212646484375,240.77734375,334.4803161621094,226.40234375,345.251953125,237.18359375,352.4330749511719,240.77734375,318.3228454589844,257.84765625,318.3228454589844,278.51171875,-1.0,-1.0,330.8897705078125,258.74609375,328.19683837890625,281.20703125,-1.0,-1.0,329.99212646484375,216.51953125,332.6850280761719,215.62109375,324.6062927246094,217.41796875,-1.0,-1.0
334.3333435058594,217.484375,327.0952453613281,225.640625,318.952392578125,224.734375,316.23809814453125,236.515625,330.71429443359375,240.140625,335.23809814453125,225.640625,346.0952453613281,236.515625,338.8571472167969,240.140625,318.952392578125,258.265625,315.3333435058594,284.546875,315.3333435058594,297.234375,331.6190490722656,259.171875,328.9047546386719,285.453125,328.0,301.765625,332.5238037109375,215.671875,334.3333435058594,215.671875,326.19049072265625,216.578125,-1.0,-1.0
335.828125,217.484375,328.578125,225.640625,320.421875,224.734375,317.703125,235.609375,330.390625,239.234375,337.640625,225.640625,348.515625,236.515625,340.359375,240.140625,321.328125,257.359375,316.796875,280.015625,314.984375,297.234375,333.109375,258.265625,330.390625,284.546875,329.484375,302.671875,333.109375,215.671875,334.921875,214.765625,327.671875,216.578125,-1.0,-1.0
336.828125,215.671875,330.484375,224.734375,321.421875,223.828125,318.703125,234.703125,334.109375,238.328125,338.640625,224.734375,349.515625,236.515625,359.484375,241.953125,322.328125,257.359375,317.796875,280.921875,314.171875,297.234375,334.109375,258.265625,331.390625,281.828125,330.484375,301.765625,334.109375,214.765625,335.921875,214.765625,328.671875,214.765625,-1.0,-1.0
337.4285583496094,215.671875,332.0,223.828125,323.8571472167969,222.921875,320.23809814453125,233.796875,332.9047546386719,237.421875,340.1428527832031,224.734375,351.0,235.609375,356.4285888671875,240.140625,324.76190185546875,256.453125,321.1428527832031,278.203125,316.6190490722656,296.328125,336.5238037109375,257.359375,332.9047546386719,280.015625,331.0952453613281,299.953125,335.6190490722656,213.859375,337.4285583496094,213.859375,329.28570556640625,214.765625,-1.0,-1.0
339.5360107421875,215.73828125,333.1520080566406,223.96484375,324.0320129394531,223.05078125,322.2080078125,234.01953125,335.88800048828125,238.58984375,340.447998046875,223.96484375,352.30401611328125,235.84765625,355.0400085449219,238.58984375,325.8559875488281,255.95703125,323.1199951171875,277.89453125,318.55999755859375,299.83203125,336.79998779296875,256.87109375,334.0639953613281,280.63671875,330.416015625,300.74609375,336.79998779296875,213.91015625,338.6239929199219,213.91015625,331.3280029296875,214.82421875,-1.0,-1.0
340.5360107421875,215.73828125,334.1520080566406,223.96484375,325.0320129394531,223.96484375,324.1199951171875,235.84765625,338.7120056152344,239.50390625,342.3599853515625,224.87890625,354.21600341796875,235.84765625,356.0400085449219,238.58984375,327.76800537109375,255.95703125,326.8559875488281,278.80859375,325.0320129394531,299.83203125,338.7120056152344,256.87109375,336.88800048828125,280.63671875,332.3280029296875,298.00390625,338.7120056152344,213.91015625,339.6239929199219,213.91015625,332.3280029296875,214.82421875,-1.0,-1.0
341.5360107421875,215.73828125,335.1520080566406,224.87890625,326.9440002441406,223.96484375,325.1199951171875,234.93359375,338.79998779296875,238.58984375,343.3599853515625,224.87890625,355.21600341796875,235.84765625,349.7439880371094,239.50390625,329.67999267578125,254.12890625,329.67999267578125,278.80859375,327.8559875488281,299.83203125,339.7120056152344,255.04296875,336.97601318359375,278.80859375,337.88800048828125,298.91796875,339.7120056152344,213.91015625,340.6239929199219,213.91015625,333.3280029296875,214.82421875,-1.0,-1.0
342.11810302734375,214.82421875,336.6377868652344,223.96484375,327.5039367675781,223.05078125,327.5039367675781,234.01953125,338.4645690917969,237.67578125,344.8582763671875,223.96484375,355.81890869140625,235.84765625,353.99212646484375,236.76171875,330.24407958984375,255.04296875,331.157470703125,277.89453125,330.24407958984375,299.83203125,341.2047119140625,255.04296875,336.6377868652344,277.89453125,334.81103515625,298.00390625,340.2913513183594,213.91015625,342.11810302734375,212.99609375,334.81103515625,214.82421875,-1.0,-1.0
343.77777099609375,214.8984375,337.3333435058594,224.1171875,329.047607421875,223.1953125,329.047607421875,235.1796875,342.8571472167969,238.8671875,345.6190490722656,224.1171875,356.6666564941406,235.1796875,352.984130859375,238.8671875,332.73016357421875,255.4609375,332.73016357421875,280.3515625,331.80950927734375,301.5546875,341.9365234375,254.5390625,339.1745910644531,279.4296875,341.015869140625,299.7109375,341.015869140625,213.0546875,342.8571472167969,213.0546875,335.4920654296875,214.8984375,-1.0,-1.0
345.69842529296875,215.8203125,339.25396728515625,224.1171875,330.96826171875,224.1171875,330.047607421875,234.2578125,344.77777099609375,238.8671875,347.5396728515625,224.1171875,356.74603271484375,235.1796875,359.5079345703125,237.9453125,333.73016357421875,256.3828125,335.5714416503906,279.4296875,338.3333435058594,301.5546875,343.8571472167969,255.4609375,342.015869140625,279.4296875,331.8888854980469,301.5546875,342.9365234375,213.0546875,345.69842529296875,213.0546875,336.4920654296875,214.8984375,-1.0,-1.0
346.69842529296875,215.8203125,340.25396728515625,224.1171875,331.96826171875,224.1171875,331.96826171875,235.1796875,343.015869140625,237.9453125,348.5396728515625,225.0390625,356.8254089355469,236.1015625,346.69842529296875,238.8671875,334.73016357421875,260.0703125,338.4126892089844,280.3515625,340.25396728515625,298.7890625,345.77777099609375,259.1484375,350.3809509277344,280.3515625,350.3809509277344,291.4140625,343.9365234375,213.9765625,346.69842529296875,213.0546875,338.4126892089844,214.8984375,-1.0,-1.0
347.69842529296875,214.8984375,342.1745910644531,225.0390625,332.96826171875,224.1171875,333.8888854980469,236.1015625,345.8571472167969,237.9453125,351.3809509277344,225.0390625,358.74603271484375,235.1796875,352.30157470703125,238.8671875,335.73016357421875,256.3828125,339.4126892089844,278.5078125,341.25396728515625,300.6328125,346.77777099609375,256.3828125,346.77777099609375,276.6640625,351.3809509277344,293.2578125,345.8571472167969,213.0546875,347.69842529296875,213.0546875,340.3333435058594,213.9765625,-1.0,-1.0
348.9840087890625,214.98828125,343.416015625,224.28515625,335.0639953613281,223.35546875,334.135986328125,235.44140625,347.12799072265625,237.30078125,350.8399963378906,224.28515625,360.1199951171875,234.51171875,354.552001953125,236.37109375,336.9200134277344,254.03515625,340.6319885253906,277.27734375,342.4880065917969,299.58984375,347.12799072265625,254.03515625,340.6319885253906,278.20703125,333.2080078125,298.66015625,347.12799072265625,213.12890625,348.9840087890625,212.19921875,341.55999755859375,214.05859375,-1.0,-1.0
350.9119873046875,214.05859375,344.416015625,223.35546875,336.0639953613281,223.35546875,336.0639953613281,236.37109375,348.12799072265625,236.37109375,351.8399963378906,223.35546875,360.1919860839844,233.58203125,354.6239929199219,236.37109375,338.8479919433594,254.03515625,340.7040100097656,277.27734375,343.4880065917969,298.66015625,349.0559997558594,253.10546875,345.343994140625,275.41796875,334.2080078125,298.66015625,348.12799072265625,212.19921875,350.9119873046875,212.19921875,342.55999755859375,213.12890625,-1.0,-1.0
351.9119873046875,214.05859375,346.343994140625,224.28515625,337.99200439453125,223.35546875,337.0639953613281,234.51171875,350.0559997558594,236.37109375,354.69598388671875,224.28515625,362.1199951171875,234.51171875,356.552001953125,238.23046875,339.8479919433594,254.03515625,343.55999755859375,278.20703125,344.4880065917969,300.51953125,350.0559997558594,254.03515625,344.4880065917969,278.20703125,330.5679931640625,300.51953125,349.12799072265625,212.19921875,351.9119873046875,212.19921875,344.4880065917969,212.19921875,-1.0,-1.0
353.8399963378906,214.05859375,348.2720031738281,223.35546875,339.9200134277344,222.42578125,338.0639953613281,232.65234375,351.0559997558594,235.44140625,355.69598388671875,223.35546875,364.0480041503906,234.51171875,358.4800109863281,238.23046875,340.8479919433594,254.03515625,344.55999755859375,279.13671875,345.4880065917969,301.44921875,351.0559997558594,254.03515625,347.343994140625,278.20703125,331.5679931640625,300.51953125,352.9119873046875,212.19921875,353.8399963378906,212.19921875,346.416015625,212.19921875,-1.0,-1.0
355.5322570800781,213.21875,349.9193420410156,222.59375,341.5,221.65625,341.5,232.90625,351.7903137207031,234.78125,358.3387145996094,223.53125,363.95159912109375,236.65625,360.2096862792969,237.59375,342.43548583984375,254.46875,345.241943359375,279.78125,345.241943359375,300.40625,352.7257995605469,254.46875,346.17742919921875,278.84375,338.69354248046875,299.46875,353.6612854003906,211.34375,355.5322570800781,211.34375,348.04840087890625,211.34375,-1.0,-1.0
357.03173828125,211.34375,351.4126892089844,222.59375,342.047607421875,221.65625,343.9206237792969,232.90625,354.22222900390625,234.78125,359.8412780761719,222.59375,367.3333435058594,236.65625,361.71429443359375,237.59375,342.984130859375,255.40625,345.79364013671875,279.78125,345.79364013671875,300.40625,354.22222900390625,256.34375,347.6666564941406,279.78125,342.984130859375,298.53125,355.1587219238281,209.46875,357.03173828125,209.46875,349.5396728515625,210.40625,-1.0,-1.0
358.96826171875,212.28125,352.4126892089844,221.65625,343.984130859375,221.65625,343.047607421875,231.96875,356.1587219238281,234.78125,359.9047546386719,222.59375,370.20635986328125,235.71875,363.6507873535156,237.59375,344.9206237792969,258.21875,347.73016357421875,281.65625,345.8571472167969,304.15625,357.0952453613281,258.21875,363.6507873535156,278.84375,361.77777099609375,291.03125,357.0952453613281,210.40625,358.03173828125,210.40625,350.5396728515625,210.40625,-1.0,-1.0
360.9047546386719,211.34375,353.4126892089844,221.65625,344.047607421875,220.71875,343.1111145019531,231.03125,356.22222900390625,234.78125,361.8412780761719,222.59375,370.26983642578125,233.84375,-1.0,-1.0,345.9206237792969,257.28125,345.9206237792969,280.71875,345.9206237792969,302.28125,358.0952453613281,256.34375,363.71429443359375,279.78125,361.8412780761719,293.84375,358.0952453613281,209.46875,359.96826171875,209.46875,351.5396728515625,210.40625,-1.0,-1.0
361.9047546386719,210.40625,354.4126892089844,219.78125,345.984130859375,218.84375,346.9206237792969,230.09375,360.96826171875,234.78125,362.8412780761719,220.71875,372.20635986328125,232.90625,379.69842529296875,235.71875,346.9206237792969,254.46875,346.9206237792969,278.84375,345.984130859375,301.34375,358.1587219238281,254.46875,357.22222900390625,279.78125,352.5396728515625,299.46875,360.03173828125,207.59375,361.9047546386719,207.59375,353.4761962890625,208.53125,-1.0,-1.0
362.7073059082031,209.54296875,355.16259765625,218.99609375,347.6178894042969,218.05078125,348.56097412109375,229.39453125,362.7073059082031,234.12109375,363.650390625,219.94140625,374.0243835449219,232.23046875,382.51220703125,236.95703125,346.6748046875,254.91796875,345.7317199707031,279.49609375,345.7317199707031,300.29296875,359.8780517578125,254.91796875,362.7073059082031,279.49609375,360.8211364746094,299.34765625,360.8211364746094,206.70703125,362.7073059082031,206.70703125,354.2195129394531,207.65234375,-1.0,-1.0
364.2080078125,209.54296875,356.656005859375,219.94140625,348.1600036621094,218.99609375,349.10400390625,230.33984375,362.32000732421875,234.12109375,365.1520080566406,219.94140625,376.4800109863281,233.17578125,384.0320129394531,236.95703125,348.1600036621094,254.91796875,347.21600341796875,279.49609375,346.2720031738281,300.29296875,361.3760070800781,255.86328125,365.1520080566406,279.49609375,364.2080078125,301.23828125,362.32000732421875,207.65234375,364.2080078125,207.65234375,355.7120056152344,208.59765625,-1.0,-1.0
366.1520080566406,210.48828125,357.656005859375,219.94140625,349.1600036621094,219.94140625,352.9360046386719,231.28515625,365.2080078125,235.06640625,366.1520080566406,220.88671875,377.4800109863281,233.17578125,385.0320129394531,237.90234375,349.1600036621094,254.91796875,347.2720031738281,277.60546875,347.2720031738281,300.29296875,362.3760070800781,254.91796875,363.32000732421875,277.60546875,365.2080078125,298.40234375,363.32000732421875,209.54296875,365.2080078125,208.59765625,356.7120056152344,209.54296875,-1.0,-1.0
367.1520080566406,210.48828125,358.656005859375,219.94140625,350.1600036621094,219.94140625,352.99200439453125,231.28515625,365.2640075683594,234.12109375,367.1520080566406,219.94140625,377.5360107421875,232.23046875,386.0320129394531,236.01171875,349.21600341796875,254.91796875,348.2720031738281,277.60546875,347.3280029296875,301.23828125,362.4320068359375,254.91796875,364.32000732421875,278.55078125,367.1520080566406,300.29296875,364.32000732421875,208.59765625,366.2080078125,208.59765625,357.7120056152344,209.54296875,-1.0,-1.0
366.9757995605469,210.5859375,358.4112854003906,220.1171875,349.8467712402344,220.1171875,351.75,230.6015625,365.07257080078125,233.4609375,366.9757995605469,220.1171875,379.3467712402344,232.5078125,383.1532287597656,235.3671875,349.8467712402344,254.4296875,348.8951721191406,277.3046875,346.991943359375,301.1328125,362.2177429199219,254.4296875,364.1209716796875,278.2578125,366.9757995605469,300.1796875,364.1209716796875,208.6796875,366.0242004394531,208.6796875,357.4596862792969,208.6796875,-1.0,-1.0
368.7200012207031,210.73828125,362.0,220.34765625,353.3599853515625,219.38671875,356.239990234375,230.91796875,369.67999267578125,233.80078125,369.67999267578125,220.34765625,380.239990234375,231.87890625,386.9599914550781,235.72265625,353.3599853515625,254.94140625,349.5199890136719,277.04296875,347.6000061035156,301.06640625,366.79998779296875,254.94140625,367.760009765625,277.04296875,370.6400146484375,299.14453125,366.79998779296875,208.81640625,368.7200012207031,207.85546875,359.1199951171875,208.81640625,-1.0,-1.0
368.79998779296875,210.73828125,361.1199951171875,220.34765625,353.44000244140625,220.34765625,356.32000732421875,230.91796875,369.760009765625,233.80078125,369.760009765625,220.34765625,381.2799987792969,231.87890625,386.0799865722656,234.76171875,352.4800109863281,253.01953125,348.6400146484375,278.00390625,347.67999267578125,301.06640625,364.9599914550781,253.98046875,366.8800048828125,277.04296875,370.7200012207031,300.10546875,365.9200134277344,208.81640625,368.79998779296875,207.85546875,360.1600036621094,208.81640625,-1.0,-1.0
368.8800048828125,210.73828125,362.1600036621094,220.34765625,353.5199890136719,219.38671875,356.3999938964844,230.91796875,369.8399963378906,233.80078125,369.8399963378906,219.38671875,380.3999938964844,230.91796875,387.1199951171875,235.72265625,354.4800109863281,254.94140625,348.7200012207031,278.00390625,346.79998779296875,300.10546875,366.9599914550781,253.98046875,371.760009765625,277.04296875,376.55999755859375,296.26171875,366.0,208.81640625,367.9200134277344,208.81640625,359.2799987792969,208.81640625,-1.0,-1.0
372.51611328125,210.890625,366.7096862792969,220.578125,358.0,220.578125,360.9032287597656,233.171875,376.3870849609375,234.140625,375.4193420410156,221.546875,386.06451416015625,233.171875,393.80645751953125,237.046875,358.9677429199219,254.484375,351.2257995605469,278.703125,347.3548278808594,301.953125,370.5806579589844,255.453125,370.5806579589844,278.703125,371.54840087890625,301.953125,370.5806579589844,208.953125,373.4838562011719,208.953125,363.80645751953125,209.921875,-1.0,-1.0
374.51611328125,211.859375,368.7096862792969,220.578125,360.0,220.578125,364.8387145996094,233.171875,378.3870849609375,234.140625,376.45159912109375,221.546875,387.0967712402344,233.171875,-1.0,-1.0,360.9677429199219,254.484375,364.8387145996094,279.671875,371.6129150390625,302.921875,372.5806579589844,256.421875,371.6129150390625,278.703125,372.5806579589844,301.953125,371.6129150390625,208.953125,375.4838562011719,208.953125,365.80645751953125,209.921875,-1.0,-1.0
376.984130859375,210.890625,370.20635986328125,220.578125,362.4603271484375,219.609375,364.3968200683594,233.171875,381.8254089355469,235.109375,378.9206237792969,221.546875,389.5714416503906,233.171875,396.3492126464844,237.046875,360.5238037109375,254.484375,354.71429443359375,279.671875,348.9047546386719,300.015625,372.1428527832031,256.421875,371.1745910644531,281.609375,371.1745910644531,303.890625,374.0793762207031,208.953125,376.984130859375,208.953125,368.26983642578125,209.921875,-1.0,-1.0
378.2560119628906,212.01953125,372.3999938964844,221.78515625,363.6159973144531,220.80859375,364.5920104980469,233.50390625,382.1600036621094,234.48046875,380.2080078125,221.78515625,389.968017578125,234.48046875,393.87200927734375,237.41015625,363.6159973144531,255.96484375,356.78399658203125,280.37890625,349.9519958496094,298.93359375,376.30401611328125,257.91796875,372.3999938964844,280.37890625,371.42401123046875,304.79296875,376.30401611328125,209.08984375,378.2560119628906,209.08984375,369.47198486328125,210.06640625,-1.0,-1.0
378.779541015625,211.04296875,373.89764404296875,220.80859375,365.1102294921875,220.80859375,368.03936767578125,232.52734375,384.6377868652344,235.45703125,381.7086486816406,221.78515625,392.4488220214844,233.50390625,399.2834777832031,236.43359375,367.06298828125,255.96484375,359.251953125,279.40234375,351.4409484863281,297.95703125,378.779541015625,257.91796875,374.8740234375,279.40234375,371.94488525390625,304.79296875,376.8267822265625,209.08984375,380.7322998046875,209.08984375,370.968505859375,210.06640625,-1.0,-1.0
380.2799987792969,211.04296875,375.3999938964844,220.80859375,366.6159973144531,219.83203125,370.5199890136719,232.52734375,385.1600036621094,235.45703125,383.2080078125,221.78515625,393.9440002441406,234.48046875,401.75201416015625,237.41015625,366.6159973144531,255.96484375,361.7359924316406,279.40234375,354.90399169921875,296.98046875,379.30401611328125,257.91796875,374.42401123046875,280.37890625,372.47198486328125,303.81640625,378.3280029296875,209.08984375,382.23199462890625,209.08984375,372.47198486328125,210.06640625,-1.0,-1.0
381.5238037109375,210.2109375,376.6031799316406,220.0546875,367.74603271484375,219.0703125,371.6825256347656,231.8671875,386.4444580078125,234.8203125,384.4761962890625,221.0390625,395.30157470703125,233.8359375,401.20635986328125,235.8046875,367.74603271484375,255.4921875,363.80950927734375,279.1171875,356.9206237792969,298.8046875,380.5396728515625,256.4765625,376.6031799316406,282.0703125,372.6666564941406,303.7265625,378.5714416503906,208.2421875,382.5079345703125,208.2421875,373.6507873535156,209.2265625,-1.0,-1.0
383.5238037109375,210.2109375,378.6031799316406,220.0546875,370.73016357421875,218.0859375,373.6825256347656,230.8828125,389.4285583496094,235.8046875,386.4761962890625,220.0546875,396.31744384765625,232.8515625,401.23809814453125,234.8203125,368.76190185546875,254.5078125,366.79364013671875,279.1171875,360.8888854980469,299.7890625,381.5555419921875,255.4921875,376.6349182128906,281.0859375,371.71429443359375,301.7578125,380.5714416503906,207.2578125,385.4920654296875,208.2421875,375.6507873535156,208.2421875,-1.0,-1.0
385.0234375,210.2109375,379.1171875,220.0546875,371.2421875,219.0703125,375.1796875,232.8515625,390.9296875,235.8046875,387.9765625,221.0390625,398.8046875,233.8359375,402.7421875,234.8203125,370.2578125,255.4921875,368.2890625,281.0859375,363.3671875,300.7734375,382.0703125,256.4765625,379.1171875,281.0859375,372.2265625,302.7421875,383.0546875,208.2421875,386.9921875,208.2421875,377.1484375,209.2265625,-1.0,-1.0
387.0234375,211.1953125,381.1171875,220.0546875,373.2421875,220.0546875,379.1484375,233.8359375,393.9140625,235.8046875,388.9921875,221.0390625,396.8671875,230.8828125,398.8359375,236.7890625,373.2421875,256.4765625,373.2421875,281.0859375,367.3359375,302.7421875,384.0703125,256.4765625,383.0859375,281.0859375,385.0546875,297.8203125,384.0703125,209.2265625,388.0078125,209.2265625,379.1484375,209.2265625,-1.0,-1.0
388.25982666015625,211.34765625,382.3070983886719,221.26953125,374.3700866699219,220.27734375,380.3228454589844,234.16796875,396.19683837890625,236.15234375,390.24407958984375,221.26953125,399.1732177734375,232.18359375,399.1732177734375,237.14453125,373.3779602050781,255.99609375,375.3622131347656,280.80078125,371.3937072753906,305.60546875,384.2913513183594,255.99609375,383.2992248535156,280.80078125,377.3464660644531,304.61328125,385.2834777832031,209.36328125,389.251953125,209.36328125,380.3228454589844,210.35546875,-1.0,-1.0
390.25982666015625,212.33984375,384.3070983886719,221.26953125,376.3700866699219,220.27734375,381.3307189941406,234.16796875,398.19683837890625,236.15234375,392.24407958984375,221.26953125,400.18109130859375,231.19140625,403.157470703125,236.15234375,375.3779602050781,255.99609375,377.3622131347656,282.78515625,374.3858337402344,303.62109375,385.2992248535156,255.99609375,384.3070983886719,282.78515625,378.3543395996094,303.62109375,387.2834777832031,209.36328125,391.251953125,210.35546875,381.3307189941406,210.35546875,-1.0,-1.0
391.75970458984375,212.33984375,385.80621337890625,221.26953125,377.86822509765625,221.26953125,383.82171630859375,234.16796875,401.6821594238281,237.14453125,393.74420166015625,222.26171875,402.6744079589844,233.17578125,403.6666564941406,236.15234375,375.88372802734375,257.98046875,378.8604736328125,284.76953125,381.83721923828125,307.58984375,385.80621337890625,257.98046875,375.88372802734375,284.76953125,371.91473388671875,303.62109375,388.782958984375,210.35546875,392.751953125,210.35546875,383.82171630859375,210.35546875,-1.0,-1.0
395.5,213.5,389.5,222.5,381.5,221.5,386.5,235.5,405.5,237.5,397.5,223.5,405.5,234.5,405.5,237.5,379.5,256.5,385.5,287.5,387.5,305.5,389.5,257.5,377.5,286.5,372.5,303.5,392.5,210.5,396.5,210.5,387.5,211.5,-1.0,-1.0
396.0,213.5,389.0,222.5,381.0,221.5,387.0,235.5,406.0,236.5,397.0,223.5,405.0,234.5,407.0,237.5,380.0,257.5,386.0,286.5,387.0,305.5,390.0,257.5,378.0,287.5,372.0,304.5,393.0,210.5,397.0,210.5,387.0,211.5,-1.0,-1.0
399.5,212.5,392.5,222.5,384.5,221.5,392.5,235.5,408.5,237.5,400.5,223.5,406.5,234.5,411.5,238.5,383.5,259.5,391.5,286.5,393.5,307.5,392.5,260.5,382.5,286.5,373.5,304.5,397.5,210.5,400.5,210.5,391.5,211.5,-1.0,-1.0
402.27130126953125,213.66796875,394.20928955078125,222.73828125,387.155029296875,221.73046875,394.20928955078125,235.83984375,411.3410949707031,237.85546875,402.27130126953125,222.73828125,406.3023376464844,233.82421875,414.3643493652344,237.85546875,385.1395263671875,257.00390625,393.2015380859375,285.22265625,394.20928955078125,307.39453125,394.20928955078125,258.01171875,385.1395263671875,284.21484375,376.06976318359375,302.35546875,400.25579833984375,210.64453125,403.279052734375,210.64453125,393.2015380859375,210.64453125,-1.0,-1.0
404.0390625,212.8359375,396.9296875,221.9765625,388.8046875,220.9609375,394.8984375,236.1953125,414.1953125,239.2421875,404.0390625,222.9921875,411.1484375,234.1640625,416.2265625,240.2578125,386.7734375,255.4921875,393.8828125,283.9296875,394.8984375,307.2890625,395.9140625,256.5078125,388.8046875,283.9296875,376.6171875,302.2109375,402.0078125,209.7890625,405.0546875,209.7890625,395.9140625,210.8046875,-1.0,-1.0
405.5384521484375,212.8359375,397.4153747558594,220.9609375,391.3230895996094,220.9609375,397.4153747558594,236.1953125,418.73846435546875,238.2265625,404.5230712890625,221.9765625,420.76922607421875,234.1640625,-1.0,-1.0,389.29229736328125,257.5234375,394.3692321777344,282.9140625,394.3692321777344,306.2734375,398.4307861328125,256.5078125,393.3538513183594,282.9140625,380.1538391113281,301.1953125,403.5076904296875,209.7890625,406.5538330078125,209.7890625,397.4153747558594,209.7890625,-1.0,-1.0
408.83721923828125,211.98046875,398.6046447753906,220.16796875,393.4883728027344,219.14453125,399.6278991699219,234.49609375,420.093017578125,237.56640625,402.6976623535156,220.16796875,406.79071044921875,230.40234375,-1.0,-1.0,394.5116271972656,250.87109375,395.5348815917969,276.45703125,-1.0,-1.0,400.6511535644531,251.89453125,-1.0,-1.0,-1.0,-1.0,406.79071044921875,208.91015625,409.8604736328125,208.91015625,399.6278991699219,208.91015625,-1.0,-1.0
410.8604736328125,210.95703125,402.6744079589844,219.14453125,395.5116271972656,218.12109375,400.6278991699219,234.49609375,420.06976318359375,235.51953125,409.83721923828125,220.16796875,420.06976318359375,231.42578125,421.093017578125,237.56640625,394.4883728027344,251.89453125,395.5116271972656,271.33984375,395.5116271972656,291.80859375,403.6976623535156,250.87109375,411.88372802734375,266.22265625,421.093017578125,287.71484375,408.81396484375,208.91015625,412.906982421875,208.91015625,401.6511535644531,208.91015625,-1.0,-1.0
412.8604736328125,209.93359375,404.6744079589844,219.14453125,397.5116271972656,218.12109375,402.6278991699219,233.47265625,422.06976318359375,236.54296875,412.8604736328125,219.14453125,421.0465087890625,231.42578125,423.093017578125,234.49609375,394.4418640136719,249.84765625,394.4418640136719,278.50390625,-1.0,-1.0,402.6278991699219,250.87109375,400.5813903808594,275.43359375,-1.0,-1.0,410.81396484375,207.88671875,413.88372802734375,207.88671875,404.6744079589844,207.88671875,-1.0,-1.0
415.1692199707031,210.078125,407.953857421875,219.359375,398.6769104003906,218.328125,405.8923034667969,233.796875,422.3846130371094,235.859375,416.20001220703125,219.359375,421.3538513183594,231.734375,431.6615295410156,236.890625,394.5538330078125,253.390625,396.6153869628906,283.296875,396.6153869628906,296.703125,405.8923034667969,252.359375,408.984619140625,285.359375,-1.0,-1.0,413.1076965332031,208.015625,416.20001220703125,208.015625,405.8923034667969,208.015625,-1.0,-1.0
417.1692199707031,210.078125,408.9230651855469,219.359375,400.6769104003906,218.328125,407.8923034667969,233.796875,422.3230895996094,236.890625,416.1384582519531,220.390625,421.29229736328125,232.765625,432.6307678222656,237.921875,396.5538330078125,253.390625,396.5538330078125,282.265625,395.5230712890625,308.046875,407.8923034667969,253.390625,409.953857421875,282.265625,405.8307800292969,298.765625,415.1076965332031,208.015625,419.23077392578125,208.015625,408.9230651855469,208.015625,-1.0,-1.0
418.6666564941406,210.078125,410.42425537109375,220.390625,402.18182373046875,218.328125,410.42425537109375,233.796875,427.93939208984375,236.890625,417.6363525390625,220.390625,423.81817626953125,232.765625,433.0909118652344,236.890625,398.06060791015625,256.484375,394.9696960449219,284.328125,396.0,309.078125,409.3939514160156,256.484375,410.42425537109375,285.359375,407.3333435058594,308.046875,416.6060485839844,206.984375,419.69696044921875,206.984375,410.42425537109375,208.015625,-1.0,-1.0
421.20001220703125,210.078125,411.9230651855469,219.359375,404.70770263671875,218.328125,413.984619140625,233.796875,433.5692138671875,236.890625,419.1384582519531,220.390625,427.3846130371094,230.703125,436.6615295410156,236.890625,399.5538330078125,256.484375,396.4615478515625,284.328125,395.4307556152344,307.015625,410.8923034667969,256.484375,410.8923034667969,284.328125,412.953857421875,307.015625,419.1384582519531,206.984375,421.20001220703125,206.984375,411.9230651855469,206.984375,-1.0,-1.0
423.00762939453125,210.22265625,413.66412353515625,220.61328125,406.3969421386719,218.53515625,415.7404479980469,234.12109375,433.3893127441406,236.19921875,420.9313049316406,220.61328125,429.23663330078125,231.00390625,437.5419921875,236.19921875,401.20611572265625,259.05859375,397.0534362792969,285.03515625,396.0152587890625,307.89453125,413.66412353515625,259.05859375,419.89312744140625,286.07421875,419.89312744140625,309.97265625,420.9313049316406,207.10546875,423.00762939453125,207.10546875,414.7023010253906,208.14453125,-1.0,-1.0
426.0458068847656,211.26171875,416.7023010253906,220.61328125,409.43511962890625,219.57421875,419.8168029785156,235.16015625,435.3893127441406,238.27734375,423.969482421875,221.65234375,431.23663330078125,231.00390625,438.5038146972656,236.19921875,403.20611572265625,259.05859375,399.0534362792969,285.03515625,395.9389343261719,307.89453125,416.7023010253906,260.09765625,422.9313049316406,285.03515625,425.00762939453125,309.97265625,422.9313049316406,208.14453125,426.0458068847656,209.18359375,415.66412353515625,209.18359375,-1.0,-1.0
428.0458068847656,211.26171875,418.7023010253906,221.65234375,412.4732666015625,220.61328125,423.89312744140625,237.23828125,438.427490234375,238.27734375,425.969482421875,221.65234375,435.31298828125,231.00390625,440.5038146972656,235.16015625,407.2824401855469,258.01953125,402.09161376953125,285.03515625,395.86260986328125,308.93359375,417.66412353515625,259.05859375,425.969482421875,287.11328125,429.083984375,308.93359375,425.969482421875,209.18359375,428.0458068847656,209.18359375,418.7023010253906,209.18359375,-1.0,-1.0
430.3863525390625,211.4140625,419.93182373046875,221.8828125,413.6590881347656,220.8359375,426.20452880859375,236.5390625,439.7954406738281,238.6328125,427.25,220.8359375,436.6590881347656,231.3046875,445.0227355957031,234.4453125,409.4772644042969,259.5703125,404.25,287.8359375,396.93182373046875,307.7265625,420.9772644042969,259.5703125,427.25,285.7421875,432.4772644042969,307.7265625,427.25,209.3203125,430.3863525390625,208.2734375,420.9772644042969,209.3203125,-1.0,-1.0
432.9384765625,211.4140625,423.5230712890625,221.8828125,417.24615478515625,220.8359375,427.70770263671875,235.4921875,442.3538513183594,237.5859375,430.8461608886719,221.8828125,439.21539306640625,231.3046875,447.5846252441406,235.4921875,410.96923828125,259.5703125,404.69232177734375,285.7421875,398.4153747558594,306.6796875,423.5230712890625,259.5703125,429.79998779296875,285.7421875,435.03076171875,308.7734375,429.79998779296875,209.3203125,432.9384765625,209.3203125,423.5230712890625,209.3203125,-1.0,-1.0
436.5227355957031,211.4140625,426.06817626953125,220.8359375,419.7954406738281,220.8359375,429.20452880859375,236.5390625,440.70452880859375,238.6328125,432.3409118652344,220.8359375,441.75,231.3046875,451.1590881347656,236.5390625,413.5227355957031,257.4765625,407.25,285.7421875,397.8409118652344,306.6796875,426.06817626953125,257.4765625,432.3409118652344,284.6953125,436.5227355957031,309.8203125,434.43182373046875,209.3203125,436.5227355957031,209.3203125,427.1136474609375,209.3203125,-1.0,-1.0
438.87786865234375,210.51171875,429.3969421386719,222.11328125,422.02288818359375,221.05859375,431.5038146972656,235.82421875,444.1450500488281,237.93359375,435.7175598144531,222.11328125,444.1450500488281,232.66015625,454.67938232421875,236.87890625,418.86260986328125,256.91796875,409.3816833496094,284.33984375,398.8473205566406,306.48828125,430.45037841796875,259.02734375,433.6106872558594,286.44921875,437.8244323730469,310.70703125,436.77099609375,208.40234375,438.87786865234375,209.45703125,429.3969421386719,209.45703125,-1.0,-1.0
442.47369384765625,210.51171875,430.8947448730469,221.05859375,424.5789489746094,221.05859375,436.15789794921875,235.82421875,450.8947448730469,237.93359375,437.2105407714844,221.05859375,445.631591796875,231.60546875,455.1052551269531,236.87890625,422.47369384765625,259.02734375,415.1052551269531,284.33984375,401.4210510253906,303.32421875,434.0526428222656,260.08203125,435.1052551269531,286.44921875,438.2631530761719,310.70703125,440.368408203125,208.40234375,442.47369384765625,209.45703125,433.0,208.40234375,-1.0,-1.0
442.368408203125,210.51171875,433.9473571777344,220.00390625,428.6842041015625,218.94921875,438.15789794921875,234.76953125,452.8947448730469,236.87890625,440.2631530761719,220.00390625,448.6842041015625,231.60546875,457.1052551269531,236.87890625,426.5789489746094,254.80859375,420.2631530761719,284.33984375,410.78948974609375,293.83203125,437.1052551269531,256.91796875,437.1052551269531,284.33984375,438.15789794921875,311.76171875,441.3157958984375,207.34765625,442.368408203125,208.40234375,436.0526428222656,207.34765625,-1.0,-1.0
449.7368469238281,210.51171875,437.1052551269531,218.94921875,431.84210205078125,218.94921875,440.2631530761719,235.82421875,455.0,236.87890625,442.368408203125,220.00390625,455.0,232.66015625,457.1052551269531,236.87890625,428.6842041015625,257.97265625,423.4210510253906,285.39453125,410.78948974609375,301.21484375,439.2105407714844,257.97265625,440.2631530761719,285.39453125,439.2105407714844,311.76171875,448.6842041015625,208.40234375,-1.0,-1.0,441.3157958984375,207.34765625,-1.0,-1.0
