186.22222900390625,219.08984375,201.77777099609375,237.74609375,195.55555725097656,236.19140625,162.88888549804688,259.51171875,-1.0,-1.0,214.22222900390625,239.30078125,209.55555725097656,271.94921875,181.55555725097656,264.17578125,170.6666717529297,275.05859375,136.44444274902344,257.95703125,124.0,307.70703125,189.33334350585938,282.83203125,141.11111450195312,281.27734375,124.0,307.70703125,183.11111450195312,215.98046875,189.33334350585938,214.42578125,-1.0,-1.0,198.6666717529297,215.98046875
231.7074432373047,181.78125,228.5797882080078,194.28125,217.6329803466797,195.84375,217.6329803466797,208.34375,-1.0,-1.0,239.52659606933594,194.28125,241.09042358398438,208.34375,-1.0,-1.0,222.324462890625,220.84375,-1.0,-1.0,-1.0,-1.0,234.83509826660156,219.28125,-1.0,-1.0,-1.0,-1.0,228.5797882080078,181.78125,233.27127075195312,181.78125,223.8883056640625,181.78125,234.83509826660156,181.78125
234.6170196533203,181.78515625,231.4680938720703,194.34765625,220.44680786132812,195.91796875,220.44680786132812,208.48046875,-1.0,-1.0,242.48936462402344,194.34765625,244.06382751464844,208.48046875,-1.0,-1.0,223.5957489013672,221.04296875,-1.0,-1.0,-1.0,-1.0,237.76596069335938,219.47265625,-1.0,-1.0,-1.0,-1.0,231.4680938720703,181.78515625,236.19149780273438,181.78515625,226.74468994140625,181.78515625,237.76596069335938,181.78515625
192.53192138671875,219.47265625,206.70213317871094,236.74609375,187.80850219726562,236.74609375,175.2127685546875,255.58984375,-1.0,-1.0,222.44680786132812,239.88671875,219.29788208007812,271.29296875,190.95745849609375,263.44140625,181.51065063476562,276.00390625,145.29788208007812,258.73046875,132.70213317871094,305.83984375,198.8297882080078,283.85546875,151.5957489013672,279.14453125,132.70213317871094,307.41015625,190.95745849609375,214.76171875,197.2553253173828,214.76171875,-1.0,-1.0,206.70213317871094,216.33203125
194.96841430664062,218.90234375,205.94735717773438,237.74609375,187.12631225585938,237.74609375,173.01052856445312,258.16015625,-1.0,-1.0,224.76841735839844,239.31640625,221.63157653808594,272.29296875,193.39999389648438,264.44140625,179.28421020507812,275.43359375,146.3473663330078,259.73046875,135.36842346191406,305.26953125,199.67367553710938,283.28515625,152.6210479736328,280.14453125,133.8000030517578,309.98046875,193.39999389648438,215.76171875,198.10525512695312,214.19140625,-1.0,-1.0,209.08419799804688,215.76171875
197.44973754882812,219.0859375,206.91004943847656,238.0234375,191.14285278320312,238.0234375,175.3756561279297,260.1171875,176.95237731933594,255.3828125,225.8306884765625,239.6015625,224.25396728515625,272.7421875,195.87301635742188,264.8515625,181.6825408935547,275.8984375,150.1481475830078,260.1171875,135.95767211914062,307.4609375,200.60317993164062,283.7890625,156.45501708984375,280.6328125,135.95767211914062,310.6171875,195.87301635742188,215.9296875,200.60317993164062,214.3515625,-1.0,-1.0,210.06349182128906,215.9296875
198.55850219726562,219.26953125,209.6542510986328,238.30078125,190.6329803466797,238.30078125,176.3670196533203,260.50390625,179.5372314453125,254.16015625,228.675537109375,238.30078125,225.50531005859375,273.19140625,196.97340393066406,263.67578125,182.7074432373047,276.36328125,152.59042358398438,258.91796875,136.73936462402344,308.08203125,201.72872924804688,282.70703125,158.93084716796875,279.53515625,139.90957641601562,309.66796875,196.97340393066406,216.09765625,203.31382751464844,214.51171875,-1.0,-1.0,212.824462890625,214.51171875
201.0374298095703,219.453125,210.59893798828125,238.578125,193.06951904296875,238.578125,178.72726440429688,259.296875,181.9144287109375,252.921875,231.3155059814453,240.171875,228.1283416748047,273.640625,199.44384765625,262.484375,183.50802612304688,273.640625,153.22994995117188,259.296875,138.8876953125,308.703125,204.22459411621094,283.203125,181.9144287109375,280.015625,-1.0,-1.0,199.44384765625,216.265625,204.22459411621094,214.671875,-1.0,-1.0,216.9732666015625,216.265625
203.15957641601562,217.265625,215.925537109375,237.984375,196.77659606933594,237.984375,180.81915283203125,260.296875,-1.0,-1.0,233.47872924804688,239.578125,230.2872314453125,273.046875,203.15957641601562,263.484375,187.20213317871094,274.640625,155.2872314453125,258.703125,142.52127075195312,309.703125,206.35107421875,282.609375,184.01065063476562,281.015625,-1.0,-1.0,201.5638427734375,214.078125,207.94680786132812,212.484375,-1.0,-1.0,219.11703491210938,215.671875
206.7553253173828,217.265625,217.925537109375,237.984375,200.37234497070312,236.390625,184.41488647460938,258.703125,-1.0,-1.0,235.47872924804688,237.984375,233.8829803466797,273.046875,205.15957641601562,263.484375,189.20213317871094,273.046875,157.2872314453125,258.703125,155.69149780273438,333.609375,208.35107421875,282.609375,186.01065063476562,281.015625,-1.0,-1.0,205.15957641601562,214.078125,209.94680786132812,212.484375,-1.0,-1.0,221.11703491210938,215.671875
208.07936096191406,217.43359375,222.4603271484375,236.65234375,203.28570556640625,236.65234375,185.708984375,260.67578125,-1.0,-1.0,238.43914794921875,238.25390625,235.24337768554688,273.48828125,208.07936096191406,263.87890625,190.50265502929688,273.48828125,160.14285278320312,259.07421875,145.76190185546875,310.32421875,211.27513122558594,283.09765625,164.93650817871094,281.49609375,147.3597869873047,310.32421875,208.07936096191406,212.62890625,211.27513122558594,214.23046875,-1.0,-1.0,222.4603271484375,214.23046875
211.3670196533203,217.6015625,221.00531005859375,238.5234375,203.33511352539062,238.5234375,185.66488647460938,259.4453125,-1.0,-1.0,240.28192138671875,240.1328125,238.675537109375,273.9296875,209.76063537597656,264.2734375,193.69680786132812,273.9296875,163.175537109375,259.4453125,147.1116943359375,310.9453125,212.97340393066406,283.5859375,192.09042358398438,281.9765625,-1.0,-1.0,209.76063537597656,214.3828125,214.5797882080078,214.3828125,-1.0,-1.0,225.824462890625,215.9921875
212.76063537597656,218.6015625,225.6116943359375,237.9140625,206.33511352539062,237.9140625,185.45211791992188,260.4453125,193.48403930664062,252.3984375,243.28192138671875,239.5234375,240.06915283203125,273.3203125,212.76063537597656,265.2734375,196.69680786132812,274.9296875,-1.0,-1.0,-1.0,-1.0,215.97340393066406,282.9765625,193.48403930664062,282.9765625,-1.0,-1.0,211.1542510986328,213.7734375,217.5797882080078,213.7734375,-1.0,-1.0,228.824462890625,215.3828125
215.24600219726562,218.76953125,228.165771484375,238.17578125,207.17112731933594,238.17578125,189.4064178466797,262.43359375,195.86630249023438,252.73046875,245.93048095703125,239.79296875,242.70053100585938,273.75390625,215.24600219726562,265.66796875,199.09625244140625,275.37109375,-1.0,-1.0,-1.0,-1.0,218.47593688964844,283.45703125,195.86630249023438,281.83984375,-1.0,-1.0,213.63101196289062,213.91796875,218.47593688964844,213.91796875,-1.0,-1.0,229.78076171875,215.53515625
217.3616943359375,218.76953125,230.29788208007812,238.17578125,210.89361572265625,238.17578125,191.48936462402344,262.43359375,197.95745849609375,252.73046875,248.08511352539062,239.79296875,244.85107421875,273.75390625,217.3616943359375,265.66796875,199.574462890625,275.37109375,-1.0,-1.0,-1.0,-1.0,220.5957489013672,285.07421875,175.31915283203125,283.45703125,152.68084716796875,310.94921875,215.74468994140625,213.91796875,220.5957489013672,213.91796875,-1.0,-1.0,231.91488647460938,215.53515625
219.8502655029297,217.9375,234.4812774658203,237.4375,214.9732666015625,237.4375,192.21389770507812,260.1875,-1.0,-1.0,250.73797607421875,239.0625,247.48663330078125,274.8125,219.8502655029297,265.0625,205.21923828125,276.4375,-1.0,-1.0,-1.0,-1.0,224.72726440429688,284.5625,200.34225463867188,281.3125,-1.0,-1.0,218.22459411621094,214.6875,223.10159301757812,213.0625,-1.0,-1.0,234.4812774658203,214.6875
222.24600219726562,217.76953125,238.39572143554688,235.55859375,217.40106201171875,237.17578125,199.63636779785156,261.43359375,202.86630249023438,253.34765625,252.93048095703125,238.79296875,249.70053100585938,274.37109375,222.24600219726562,264.66796875,206.09625244140625,274.37109375,-1.0,-1.0,-1.0,-1.0,227.09091186523438,284.07421875,201.2513427734375,282.45703125,-1.0,-1.0,-1.0,-1.0,225.47593688964844,212.91796875,-1.0,-1.0,236.78076171875,214.53515625
224.3616943359375,217.76953125,238.91488647460938,237.17578125,219.51065063476562,237.17578125,201.72340393066406,259.81640625,-1.0,-1.0,255.08511352539062,238.79296875,251.85107421875,274.37109375,224.3616943359375,264.66796875,206.574462890625,274.37109375,174.23403930664062,258.19921875,162.91488647460938,311.56640625,227.5957489013672,284.07421875,204.95745849609375,282.45703125,-1.0,-1.0,222.74468994140625,212.91796875,227.5957489013672,212.91796875,-1.0,-1.0,238.91488647460938,214.53515625
227.97872924804688,216.15234375,237.68084716796875,237.17578125,219.89361572265625,237.17578125,200.48936462402344,261.43359375,208.574462890625,253.34765625,257.0851135253906,240.41015625,255.46807861328125,274.37109375,226.3616943359375,266.28515625,210.19149780273438,275.98828125,-1.0,-1.0,-1.0,-1.0,231.2127685546875,284.07421875,206.95745849609375,280.83984375,-1.0,-1.0,226.3616943359375,212.91796875,231.2127685546875,212.91796875,-1.0,-1.0,242.53192138671875,214.53515625
229.24600219726562,216.15234375,240.55081176757812,237.17578125,219.55615234375,237.17578125,203.4064178466797,263.05078125,209.86630249023438,253.34765625,259.93048095703125,238.79296875,258.3155212402344,274.37109375,229.24600219726562,264.66796875,209.86630249023438,274.37109375,179.18182373046875,258.19921875,169.49197387695312,311.56640625,232.47593688964844,284.07421875,209.86630249023438,282.45703125,-1.0,-1.0,-1.0,-1.0,232.47593688964844,211.30078125,-1.0,-1.0,243.78076171875,212.91796875
231.3616943359375,216.15234375,242.68084716796875,237.17578125,223.27659606933594,237.17578125,203.87234497070312,261.43359375,211.95745849609375,253.34765625,262.0851135253906,240.41015625,260.46807861328125,274.37109375,231.3616943359375,264.66796875,211.95745849609375,275.98828125,-1.0,-1.0,-1.0,-1.0,232.97872924804688,284.07421875,211.95745849609375,282.45703125,-1.0,-1.0,229.74468994140625,211.30078125,236.2127685546875,211.30078125,-1.0,-1.0,245.91488647460938,212.91796875
234.97872924804688,216.15234375,244.68084716796875,237.17578125,225.27659606933594,237.17578125,207.48936462402344,261.43359375,213.95745849609375,251.73046875,265.7021484375,240.41015625,262.46807861328125,274.37109375,233.3616943359375,264.66796875,213.95745849609375,274.37109375,183.23403930664062,258.19921875,171.91488647460938,313.18359375,236.5957489013672,284.07421875,210.72340393066406,280.83984375,-1.0,-1.0,233.3616943359375,211.30078125,238.2127685546875,211.30078125,-1.0,-1.0,249.53192138671875,212.91796875
237.5483856201172,215.3125,255.40859985351562,236.4375,229.43011474609375,236.4375,208.3225860595703,259.1875,-1.0,-1.0,268.3978576660156,239.6875,265.1505432128906,273.8125,235.9247283935547,264.0625,216.44085693359375,273.8125,185.59140014648438,257.5625,174.22579956054688,314.4375,239.1720428466797,285.1875,214.81719970703125,281.9375,-1.0,-1.0,-1.0,-1.0,240.7957000732422,210.4375,-1.0,-1.0,252.16128540039062,212.0625
239.97872924804688,215.15234375,256.14892578125,236.17578125,230.27659606933594,236.17578125,210.87234497070312,260.43359375,215.72340393066406,253.96484375,270.7021484375,239.41015625,267.46807861328125,273.37109375,236.74468994140625,263.66796875,217.34042358398438,274.98828125,186.6170196533203,257.19921875,178.53192138671875,312.18359375,243.2127685546875,284.69140625,217.34042358398438,281.45703125,-1.0,-1.0,-1.0,-1.0,243.2127685546875,210.30078125,-1.0,-1.0,254.53192138671875,211.91796875
241.97872924804688,215.15234375,253.29788208007812,236.17578125,232.27659606933594,236.17578125,212.87234497070312,260.43359375,217.72340393066406,252.34765625,271.0851135253906,239.41015625,269.46807861328125,273.37109375,240.3616943359375,263.66796875,220.95745849609375,274.98828125,188.6170196533203,257.19921875,178.91488647460938,313.80078125,243.5957489013672,284.69140625,220.95745849609375,281.45703125,-1.0,-1.0,-1.0,-1.0,245.2127685546875,210.30078125,-1.0,-1.0,254.91488647460938,211.91796875
244.02105712890625,213.6875,253.74737548828125,236.4375,234.29473876953125,236.4375,213.22105407714844,259.1875,221.32632446289062,251.0625,274.821044921875,239.6875,271.5789489746094,273.8125,242.39999389648438,264.0625,221.32632446289062,273.8125,190.52630615234375,257.5625,182.42105102539062,312.8125,245.64210510253906,283.5625,222.94735717773438,281.9375,-1.0,-1.0,242.39999389648438,208.8125,248.88421630859375,210.4375,-1.0,-1.0,258.61053466796875,212.0625
246.7058868408203,213.14453125,256.5882263183594,236.22265625,236.8235321044922,236.22265625,217.05882263183594,260.94921875,222.0,252.70703125,276.3529357910156,239.51953125,274.70587158203125,274.13671875,245.05882263183594,264.24609375,225.29412841796875,275.78515625,194.0,257.65234375,184.11764526367188,313.69921875,250.0,285.67578125,225.29412841796875,282.37890625,-1.0,-1.0,246.7058868408203,208.19921875,251.64706420898438,209.84765625,-1.0,-1.0,261.5294189453125,211.49609375
249.66665649414062,214.11328125,263.0,235.74609375,241.3333282470703,235.74609375,223.0,259.04296875,-1.0,-1.0,281.33331298828125,239.07421875,278.0,274.01953125,248.0,265.69921875,228.0,274.01953125,198.0,259.04296875,183.0,313.95703125,254.66665649414062,285.66796875,201.3333282470703,284.00390625,179.6666717529297,313.95703125,248.0,209.12109375,253.0,209.12109375,-1.0,-1.0,264.6666564941406,212.44921875
251.7074432373047,214.2734375,258.3883056640625,237.6796875,241.68617248535156,237.6796875,223.31382751464844,261.0859375,209.95211791992188,256.0703125,283.44146728515625,239.3515625,-1.0,-1.0,-1.0,-1.0,-1.0,-1.0,-1.0,-1.0,-1.0,-1.0,-1.0,-1.0,-1.0,-1.0,-1.0,-1.0,251.7074432373047,209.2578125,255.04788208007812,209.2578125,-1.0,-1.0,266.7393493652344,212.6015625
253.85562133789062,215.28125,274.1336975097656,233.84375,253.85562133789062,233.84375,235.2673797607422,257.46875,-1.0,-1.0,285.96258544921875,237.21875,284.2727355957031,274.34375,252.165771484375,264.21875,235.2673797607422,274.34375,201.4705810546875,259.15625,187.95187377929688,314.84375,260.614990234375,284.46875,206.54010009765625,284.46875,186.2620391845703,313.15625,252.165771484375,210.21875,257.23529052734375,210.21875,-1.0,-1.0,269.0641784667969,211.90625
255.4812774658203,213.9140625,270.7861022949219,236.0546875,248.67913818359375,236.0546875,228.27273559570312,259.8984375,-1.0,-1.0,287.79144287109375,239.4609375,284.390380859375,275.2265625,253.78074645996094,265.0078125,235.07485961914062,275.2265625,202.76470947265625,259.8984375,197.66310119628906,350.1640625,258.8823547363281,285.4453125,207.86630249023438,285.4453125,187.45989990234375,314.3984375,253.78074645996094,210.5078125,258.8823547363281,210.5078125,-1.0,-1.0,270.7861022949219,212.2109375
256.01068115234375,214.953125,273.2299499511719,237.296875,252.5668487548828,235.578125,230.18182373046875,259.640625,-1.0,-1.0,290.44921875,239.015625,287.0053405761719,275.109375,256.01068115234375,266.515625,237.06951904296875,275.109375,204.35293579101562,259.640625,188.85562133789062,316.359375,261.17645263671875,285.421875,211.2406463623047,283.703125,188.85562133789062,316.359375,256.01068115234375,209.796875,261.17645263671875,209.796875,-1.0,-1.0,273.2299499511719,211.515625
257.62567138671875,214.2890625,271.48663330078125,236.8359375,250.6951904296875,236.8359375,229.90374755859375,261.1171875,-1.0,-1.0,290.54547119140625,238.5703125,287.0802001953125,274.9921875,255.89305114746094,266.3203125,238.5668487548828,276.7265625,205.64706420898438,261.1171875,190.05348205566406,318.3515625,262.82354736328125,287.1328125,235.1016082763672,285.3984375,-1.0,-1.0,255.89305114746094,209.0859375,262.82354736328125,209.0859375,-1.0,-1.0,274.9518737792969,212.5546875
259.31915283203125,214.45703125,271.53192138671875,237.10546875,252.34042358398438,237.10546875,231.40426635742188,259.75390625,-1.0,-1.0,292.46807861328125,238.84765625,288.9787292480469,275.43359375,259.31915283203125,266.72265625,238.3829803466797,277.17578125,206.97872924804688,261.49609375,191.27659606933594,317.24609375,264.5531921386719,287.62890625,236.6383056640625,284.14453125,-1.0,-1.0,257.574462890625,209.23046875,262.8085021972656,209.23046875,-1.0,-1.0,275.0212707519531,212.71484375
259.70587158203125,213.9609375,273.82354736328125,236.9140625,252.64706420898438,236.9140625,235.0,261.6328125,-1.0,-1.0,293.23529052734375,238.6796875,291.4705810546875,277.5234375,259.70587158203125,266.9296875,240.29412841796875,275.7578125,206.76470947265625,261.6328125,192.64706420898438,318.1328125,265.0,288.1171875,213.8235321044922,286.3515625,192.64706420898438,318.1328125,257.941162109375,210.4296875,265.0,210.4296875,-1.0,-1.0,277.3529357910156,212.1953125
263.0855712890625,214.12890625,275.51336669921875,237.18359375,255.9839630126953,237.18359375,234.67913818359375,260.23828125,-1.0,-1.0,295.04278564453125,238.95703125,293.26739501953125,277.97265625,261.3101806640625,267.33203125,241.78076171875,276.19921875,208.04812622070312,262.01171875,193.8449249267578,320.53515625,264.8609619140625,286.83984375,215.1497344970703,286.83984375,192.06951904296875,318.76171875,261.3101806640625,210.58203125,266.6363525390625,210.58203125,-1.0,-1.0,279.0641784667969,210.58203125
264.7659606933594,213.46484375,275.4893798828125,238.51171875,254.0425567626953,238.51171875,232.5957489013672,261.76953125,241.53192138671875,256.40234375,296.9361572265625,240.30078125,293.3616943359375,277.87109375,262.9787292480469,268.92578125,243.31915283203125,277.87109375,209.3616943359375,261.76953125,196.85105895996094,320.80859375,268.3404235839844,288.60546875,216.51063537597656,286.81640625,193.27659606933594,319.01953125,262.9787292480469,209.88671875,268.3404235839844,208.09765625,-1.0,-1.0,280.85107421875,211.67578125
266.93048095703125,214.60546875,277.775390625,239.87109375,256.0855712890625,239.87109375,234.39572143554688,261.52734375,243.43316650390625,256.11328125,299.4652404785156,241.67578125,295.85028076171875,277.76953125,265.12298583984375,268.74609375,245.2406463623047,277.76953125,210.8983917236328,261.52734375,207.28341674804688,358.98046875,270.54547119140625,288.59765625,218.1283416748047,286.79296875,196.43850708007812,321.08203125,265.12298583984375,209.19140625,270.54547119140625,209.19140625,-1.0,-1.0,283.1978759765625,212.80078125
266.7272644042969,213.13671875,279.4545593261719,238.62109375,255.81817626953125,240.44140625,235.81817626953125,264.10546875,244.90908813476562,256.82421875,301.2727355957031,242.26171875,297.6363525390625,278.66796875,266.7272644042969,269.56640625,246.72726440429688,278.66796875,212.18182373046875,262.28515625,197.63636779785156,322.35546875,270.3636474609375,289.58984375,217.63636779785156,289.58984375,195.81817626953125,322.35546875,264.9090881347656,209.49609375,272.18182373046875,209.49609375,-1.0,-1.0,283.0909118652344,213.13671875
268.9358215332031,214.30859375,279.9732666015625,240.01171875,256.058837890625,241.84765625,239.50267028808594,265.71484375,246.8609619140625,258.37109375,302.0481262207031,241.84765625,298.3689880371094,278.56640625,267.09625244140625,269.38671875,248.70053100585938,280.40234375,213.7486572265625,262.04296875,199.03208923339844,322.62890625,274.45452880859375,291.41796875,221.10694885253906,287.74609375,195.35293579101562,322.62890625,267.09625244140625,208.80078125,272.614990234375,210.63671875,-1.0,-1.0,285.4919738769531,214.30859375
269.9840393066406,214.484375,281.026611328125,240.296875,258.9414978027344,240.296875,238.69680786132812,266.109375,246.05850219726562,258.734375,303.1116943359375,242.140625,299.43084716796875,279.015625,268.14361572265625,271.640625,246.05850219726562,280.859375,212.93084716796875,262.421875,209.25,363.828125,273.6648864746094,291.921875,220.2925567626953,290.078125,196.3670196533203,323.265625,268.14361572265625,208.953125,273.6648864746094,210.796875,-1.0,-1.0,286.5478515625,212.640625
270.324462890625,215.6953125,283.35638427734375,239.8671875,261.0159606933594,241.7265625,240.5372314453125,265.8984375,249.84573364257812,258.4609375,307.5585021972656,241.7265625,301.973388671875,280.7734375,270.324462890625,271.4765625,249.84573364257812,282.6328125,216.33511352539062,262.1796875,203.30319213867188,325.3984375,275.9095764160156,293.7890625,221.9202117919922,290.0703125,197.71807861328125,323.5390625,270.324462890625,211.9765625,275.9095764160156,211.9765625,-1.0,-1.0,288.9414978027344,213.8359375
274.6203308105469,214.01171875,285.85028076171875,240.15234375,263.390380859375,240.15234375,242.80213928222656,266.29296875,250.2887725830078,258.82421875,308.3101806640625,242.01953125,304.56683349609375,281.23046875,272.7486572265625,271.89453125,252.16043090820312,283.09765625,216.59893798828125,264.42578125,212.85562133789062,363.38671875,276.4919738769531,292.43359375,222.21389770507812,294.30078125,201.62567138671875,324.17578125,272.7486572265625,210.27734375,278.3636474609375,210.27734375,-1.0,-1.0,291.4652404785156,214.01171875
274.6595764160156,214.1875,285.89361572265625,240.4375,263.425537109375,240.4375,244.70211791992188,268.5625,250.31915283203125,257.3125,308.3616943359375,242.3125,306.4893798828125,281.6875,272.7872314453125,270.4375,254.06382751464844,283.5625,218.48936462402344,264.8125,205.3829803466797,324.8125,278.4042663574219,294.8125,224.10638427734375,291.0625,201.6383056640625,324.8125,274.6595764160156,208.5625,280.276611328125,208.5625,-1.0,-1.0,291.5106506347656,212.3125
275.6349182128906,214.1875,288.74603271484375,240.4375,266.26983642578125,240.4375,245.66665649414062,268.5625,251.28570556640625,259.1875,311.22222900390625,242.3125,307.4761962890625,281.6875,273.76190185546875,270.4375,255.03173828125,283.5625,219.44444274902344,264.8125,206.3333282470703,322.9375,279.3809509277344,294.8125,225.06349182128906,292.9375,202.58731079101562,324.8125,275.6349182128906,208.5625,281.25396728515625,210.4375,-1.0,-1.0,294.3650817871094,212.3125
278.15423583984375,214.36328125,289.4521179199219,240.72265625,266.85638427734375,240.72265625,248.02659606933594,268.96484375,253.675537109375,257.66796875,313.93084716796875,242.60546875,310.1648864746094,282.14453125,278.15423583984375,272.73046875,255.55850219726562,284.02734375,221.66488647460938,265.19921875,210.3670196533203,323.56640625,281.92022705078125,295.32421875,225.43084716796875,293.44140625,204.71807861328125,323.56640625,278.15423583984375,208.71484375,283.8031921386719,208.71484375,-1.0,-1.0,295.10107421875,212.48046875
280.67022705078125,212.6484375,292.03192138671875,241.0078125,269.3085021972656,241.0078125,248.47872924804688,269.3671875,252.26596069335938,258.0234375,314.75531005859375,242.8984375,312.8616943359375,282.6015625,278.776611328125,273.1484375,257.9468078613281,286.3828125,221.96807861328125,263.6953125,216.2872314453125,350.6640625,282.5638427734375,295.8359375,257.9468078613281,292.0546875,-1.0,-1.0,278.776611328125,206.9765625,284.45745849609375,208.8671875,-1.0,-1.0,297.7127685546875,212.6484375
278.776611328125,213.71484375,290.1383056640625,240.29296875,269.3085021972656,240.29296875,246.58511352539062,268.76953125,250.37234497070312,257.37890625,314.75531005859375,242.19140625,310.96807861328125,282.05859375,278.776611328125,272.56640625,257.9468078613281,285.85546875,221.96807861328125,264.97265625,216.2872314453125,348.50390625,282.5638427734375,295.34765625,257.9468078613281,291.55078125,-1.0,-1.0,278.776611328125,208.01953125,284.45745849609375,209.91796875,-1.0,-1.0,297.7127685546875,213.71484375
281.3031921386719,213.890625,292.7287292480469,242.484375,269.8776550292969,242.484375,248.93084716796875,269.171875,250.83511352539062,257.734375,317.4840393066406,242.484375,313.675537109375,282.515625,279.39892578125,272.984375,258.4521179199219,284.421875,222.27127075195312,263.453125,214.6542510986328,328.265625,283.20745849609375,295.859375,227.98403930664062,295.859375,207.0372314453125,326.359375,279.39892578125,208.171875,285.1116943359375,210.078125,-1.0,-1.0,300.34576416015625,213.890625
283.85107421875,214.06640625,295.3404235839844,240.86328125,270.4468078613281,242.77734375,251.29788208007812,269.57421875,258.95745849609375,260.00390625,320.2340393066406,242.77734375,316.40423583984375,282.97265625,281.9361572265625,273.40234375,258.95745849609375,284.88671875,224.48936462402344,265.74609375,214.91488647460938,330.82421875,285.7659606933594,296.37109375,230.23403930664062,296.37109375,209.1702117919922,326.99609375,281.9361572265625,206.41015625,289.59576416015625,208.32421875,-1.0,-1.0,303.0,212.15234375
284.8359680175781,214.06640625,296.3280334472656,240.86328125,273.3439025878906,242.77734375,254.1904754638672,271.48828125,259.9365234375,260.00390625,321.2275085449219,242.77734375,317.3968200683594,282.97265625,282.9206237792969,273.40234375,259.9365234375,286.80078125,-1.0,-1.0,-1.0,-1.0,286.7513122558594,296.37109375,231.2063446044922,296.37109375,208.22222900390625,326.99609375,284.8359680175781,208.32421875,290.5820007324219,210.23828125,-1.0,-1.0,303.9894104003906,212.15234375
287.40740966796875,214.2421875,298.96295166015625,243.0703125,273.9259338378906,243.0703125,254.6666717529297,271.8984375,260.4444580078125,260.3671875,322.0740966796875,243.0703125,320.14813232421875,283.4296875,285.4814758300781,273.8203125,264.2962951660156,287.2734375,227.70370483398438,266.1328125,221.92593383789062,371.8359375,289.3333435058594,298.8046875,231.55555725097656,296.8828125,210.37037658691406,329.5546875,287.40740966796875,208.4765625,293.1851806640625,210.3984375,-1.0,-1.0,306.66668701171875,214.2421875
287.43157958984375,214.41796875,298.9894714355469,243.36328125,275.8736877441406,243.36328125,256.61053466796875,272.30859375,260.4631652832031,258.80078125,324.0315856933594,243.36328125,322.1052551269531,285.81640625,285.5052490234375,274.23828125,266.2420959472656,287.74609375,229.64210510253906,266.51953125,218.08421325683594,332.12890625,289.35791015625,299.32421875,233.49473571777344,297.39453125,212.30526733398438,330.19921875,287.43157958984375,208.62890625,295.1368408203125,210.55859375,-1.0,-1.0,306.6947326660156,214.41796875
289.35791015625,214.41796875,300.915771484375,243.36328125,277.79998779296875,243.36328125,258.5368347167969,274.23828125,264.3157958984375,260.73046875,325.9578857421875,243.36328125,324.0315856933594,285.81640625,289.35791015625,276.16796875,266.2420959472656,287.74609375,231.56842041015625,266.51953125,220.01052856445312,332.12890625,293.21051025390625,299.32421875,268.1684265136719,293.53515625,-1.0,-1.0,289.35791015625,208.62890625,295.1368408203125,208.62890625,-1.0,-1.0,308.62103271484375,214.41796875
291.9578857421875,214.59375,301.64208984375,243.65625,278.3999938964844,243.65625,259.0315856933594,274.65625,262.9052734375,261.09375,328.75787353515625,245.59375,326.821044921875,286.28125,291.9578857421875,276.59375,266.7789306640625,290.15625,-1.0,-1.0,-1.0,-1.0,293.8947448730469,299.84375,266.7789306640625,297.90625,-1.0,-1.0,290.02105712890625,208.78125,297.7684326171875,208.78125,-1.0,-1.0,311.3262939453125,214.59375
292.9476318359375,214.59375,304.5706787109375,243.65625,281.3246154785156,243.65625,260.0157165527344,274.65625,265.82720947265625,263.03125,329.75390625,245.59375,327.8167724609375,288.21875,292.9476318359375,276.59375,267.764404296875,290.15625,-1.0,-1.0,-1.0,-1.0,294.88482666015625,301.78125,269.7015686035156,297.90625,-1.0,-1.0,292.9476318359375,208.78125,298.7591552734375,210.71875,-1.0,-1.0,312.3193664550781,214.59375
295.5706787109375,214.76953125,305.30889892578125,243.94921875,281.9371643066406,243.94921875,262.4607238769531,275.07421875,268.30364990234375,261.45703125,330.6282958984375,245.89453125,330.6282958984375,288.69140625,295.5706787109375,277.01953125,270.2513122558594,292.58203125,-1.0,-1.0,-1.0,-1.0,297.518310546875,300.36328125,272.1989440917969,298.41796875,-1.0,-1.0,293.623046875,208.93359375,301.41363525390625,208.93359375,-1.0,-1.0,315.047119140625,214.76953125
296.25653076171875,214.9453125,306.047119140625,244.2421875,282.54974365234375,244.2421875,262.9685974121094,275.4921875,270.8010559082031,263.7734375,331.50262451171875,246.1953125,331.50262451171875,289.1640625,296.25653076171875,277.4453125,270.8010559082031,291.1171875,-1.0,-1.0,-1.0,-1.0,298.21466064453125,300.8828125,272.7591552734375,298.9296875,-1.0,-1.0,296.25653076171875,209.0859375,302.1308898925781,211.0390625,-1.0,-1.0,315.83770751953125,214.9453125
296.25653076171875,216.08203125,306.047119140625,245.49609375,282.54974365234375,243.53515625,262.9685974121094,274.91015625,268.8429260253906,263.14453125,331.50262451171875,247.45703125,331.50262451171875,288.63671875,296.25653076171875,276.87109375,270.8010559082031,290.59765625,-1.0,-1.0,-1.0,-1.0,298.21466064453125,302.36328125,272.7591552734375,298.44140625,-1.0,-1.0,296.25653076171875,212.16015625,302.1308898925781,210.19921875,-1.0,-1.0,315.83770751953125,214.12109375
296.9424133300781,216.265625,306.78533935546875,245.796875,283.16229248046875,243.828125,263.4764404296875,275.328125,269.3822021484375,263.515625,332.376953125,245.796875,332.376953125,289.109375,296.9424133300781,277.296875,271.3507995605469,293.046875,-1.0,-1.0,-1.0,-1.0,298.9110107421875,302.890625,273.3193664550781,298.953125,-1.0,-1.0,296.9424133300781,212.328125,302.8481750488281,212.328125,-1.0,-1.0,318.59686279296875,214.296875
297.631591796875,214.47265625,307.52630615234375,246.09765625,283.7789306640625,244.12109375,263.9894714355469,275.74609375,269.92633056640625,263.88671875,333.25262451171875,248.07421875,333.25262451171875,289.58203125,297.631591796875,277.72265625,271.9052734375,293.53515625,-1.0,-1.0,-1.0,-1.0,299.61053466796875,303.41796875,271.9052734375,299.46484375,-1.0,-1.0,297.631591796875,208.54296875,305.54736328125,210.51953125,-1.0,-1.0,319.4000244140625,214.47265625
298.6282653808594,214.47265625,308.5235595703125,244.12109375,284.7748718261719,244.12109375,264.9842834472656,275.74609375,266.9633483886719,263.88671875,334.2513122558594,246.09765625,334.2513122558594,289.58203125,298.6282653808594,277.72265625,272.9005126953125,293.53515625,235.29843139648438,269.81640625,229.3612518310547,372.59765625,302.58636474609375,303.41796875,274.87957763671875,299.46484375,-1.0,-1.0,296.64923095703125,208.54296875,304.5654296875,208.54296875,-1.0,-1.0,318.4188232421875,212.49609375
297.3245849609375,212.6640625,309.26177978515625,244.4140625,285.387451171875,244.4140625,263.50262451171875,276.1640625,269.47119140625,266.2421875,335.12567138671875,246.3984375,335.12567138671875,290.0546875,297.3245849609375,278.1484375,271.4607238769531,292.0390625,235.6492156982422,270.2109375,231.67015075683594,371.4140625,301.30364990234375,303.9453125,273.45025634765625,299.9765625,-1.0,-1.0,297.3245849609375,206.7109375,303.293212890625,208.6953125,-1.0,-1.0,319.20941162109375,212.6640625
297.3245849609375,212.83203125,309.26177978515625,244.70703125,285.387451171875,244.70703125,263.50262451171875,276.58203125,267.481689453125,264.62890625,335.12567138671875,246.69921875,335.12567138671875,290.52734375,297.3245849609375,278.57421875,271.4607238769531,292.51953125,233.65968322753906,268.61328125,229.68063354492188,366.23046875,301.30364990234375,304.47265625,275.4397888183594,300.48828125,-1.0,-1.0,295.3350830078125,206.85546875,303.293212890625,208.84765625,-1.0,-1.0,317.21990966796875,212.83203125
297.328125,212.83203125,309.265625,244.70703125,283.40106201171875,244.70703125,263.5052185058594,276.58203125,269.4739685058594,264.62890625,335.1302185058594,246.69921875,335.1302185058594,290.52734375,297.328125,278.57421875,271.46356201171875,294.51171875,233.66146850585938,270.60546875,229.6822967529297,372.20703125,299.3177185058594,304.47265625,273.453125,300.48828125,-1.0,-1.0,295.33856201171875,206.85546875,303.296875,208.84765625,-1.0,-1.0,317.2239685058594,212.83203125
296.0,213.0,308.0,245.0,284.0,245.0,262.0,277.0,264.0,263.0,336.0,245.0,334.0,291.0,296.0,279.0,270.0,295.0,232.0,271.0,222.0,343.0,300.0,305.0,274.0,301.0,-1.0,-1.0,296.0,207.0,302.0,209.0,-1.0,-1.0,318.0,213.0
296.6632080078125,212.16796875,308.72540283203125,244.29296875,282.5906677246094,244.29296875,262.487060546875,276.41796875,264.4974060058594,262.36328125,334.860107421875,244.29296875,334.860107421875,290.47265625,296.6632080078125,278.42578125,270.52850341796875,294.48828125,-1.0,-1.0,-1.0,-1.0,298.673583984375,304.52734375,236.35232543945312,304.52734375,214.23834228515625,342.67578125,294.65283203125,206.14453125,302.69427490234375,206.14453125,-1.0,-1.0,316.766845703125,212.16796875
294.65283203125,212.16796875,308.72540283203125,244.29296875,282.5906677246094,244.29296875,262.487060546875,276.41796875,264.4974060058594,264.37109375,334.860107421875,244.29296875,332.8497314453125,290.47265625,294.65283203125,280.43359375,270.52850341796875,294.48828125,-1.0,-1.0,-1.0,-1.0,298.673583984375,304.52734375,236.35232543945312,302.51953125,214.23834228515625,344.68359375,294.65283203125,206.14453125,300.6839294433594,206.14453125,-1.0,-1.0,316.766845703125,212.16796875
294.2989501953125,211.3359375,308.44329833984375,243.5859375,282.17523193359375,243.5859375,259.9484558105469,277.8515625,263.98968505859375,263.7421875,334.7113342285156,245.6015625,332.6907043457031,291.9609375,292.2783508300781,279.8671875,268.0309143066406,293.9765625,-1.0,-1.0,-1.0,-1.0,298.3402099609375,306.0703125,233.68040466308594,302.0390625,211.45361328125,344.3671875,294.2989501953125,205.2890625,300.3608093261719,207.3046875,-1.0,-1.0,316.5257568359375,213.3515625
293.28204345703125,211.3359375,305.4051208496094,245.6015625,281.1589660644531,243.5859375,256.9128112792969,277.8515625,262.974365234375,265.7578125,333.69232177734375,245.6015625,331.67181396484375,291.9609375,291.26153564453125,279.8671875,267.015380859375,295.9921875,228.62564086914062,271.8046875,222.56410217285156,372.5859375,297.32305908203125,308.0859375,230.64614868164062,306.0703125,212.4615478515625,346.3828125,293.28204345703125,205.2890625,301.3641052246094,205.2890625,-1.0,-1.0,315.5076904296875,211.3359375
292.2755126953125,212.52734375,304.39794921875,244.90234375,278.1326599121094,244.90234375,255.90817260742188,277.27734375,263.98980712890625,267.16015625,332.68365478515625,244.90234375,330.66326904296875,291.44140625,290.2550964355469,279.30078125,266.01019287109375,297.51171875,225.60203552246094,273.23046875,221.56121826171875,372.37890625,298.33673095703125,307.62890625,270.051025390625,303.58203125,-1.0,-1.0,292.2755126953125,206.45703125,300.3571472167969,206.45703125,-1.0,-1.0,314.5,210.50390625
293.2792053222656,212.52734375,303.3807373046875,244.90234375,279.1370544433594,244.90234375,254.89340209960938,277.27734375,258.93402099609375,265.13671875,331.66497802734375,244.90234375,329.6446838378906,291.44140625,289.23858642578125,279.30078125,264.99493408203125,297.51171875,224.58883666992188,273.23046875,214.4873046875,372.37890625,297.31982421875,309.65234375,228.6294403076172,307.62890625,204.3857879638672,350.12109375,291.2588806152344,204.43359375,299.340087890625,206.45703125,-1.0,-1.0,313.48223876953125,210.50390625
292.9090881347656,211.703125,303.06060791015625,244.203125,278.69696044921875,244.203125,254.3333282470703,276.703125,260.42425537109375,266.546875,333.51513671875,246.234375,331.48486328125,292.953125,290.8787841796875,280.765625,264.48486328125,294.984375,223.8787841796875,272.640625,215.757568359375,372.171875,296.9696960449219,309.203125,227.93939208984375,307.171875,205.60606384277344,349.828125,290.8787841796875,205.609375,299.0,205.609375,-1.0,-1.0,315.242431640625,209.671875
292.9090881347656,211.703125,303.06060791015625,244.203125,278.69696044921875,244.203125,254.3333282470703,278.734375,260.42425537109375,266.546875,333.51513671875,246.234375,331.48486328125,292.953125,290.8787841796875,280.765625,264.48486328125,297.015625,223.8787841796875,274.671875,209.66665649414062,351.859375,296.9696960449219,309.203125,227.93939208984375,311.234375,203.5757598876953,351.859375,290.8787841796875,205.609375,299.0,205.609375,-1.0,-1.0,315.242431640625,209.671875
293.5527648925781,210.87890625,303.7537841796875,245.54296875,279.2713623046875,243.50390625,254.7889404296875,278.16796875,260.9095458984375,265.93359375,332.31658935546875,245.54296875,332.31658935546875,292.44140625,289.47235107421875,282.24609375,264.98992919921875,296.51953125,222.14572143554688,274.08984375,209.90452575683594,353.61328125,297.6331787109375,308.75390625,226.22613525390625,310.79296875,201.74371337890625,351.57421875,291.5125732421875,204.76171875,299.6733703613281,206.80078125,-1.0,-1.0,315.9949645996094,210.87890625
293.53997802734375,212.91796875,303.739990234375,245.54296875,279.260009765625,243.50390625,254.77999877929688,280.20703125,258.8599853515625,265.93359375,334.3399963378906,245.54296875,332.29998779296875,294.48046875,291.5,282.24609375,264.97998046875,298.55859375,222.13999938964844,274.08984375,209.89999389648438,353.61328125,297.6199951171875,308.75390625,226.22000122070312,310.79296875,201.739990234375,351.57421875,291.5,204.76171875,299.6600036621094,206.80078125,-1.0,-1.0,315.97998046875,210.87890625
293.17498779296875,212.1015625,305.4749755859375,244.8515625,278.82501220703125,244.8515625,256.2749938964844,281.6953125,258.32501220703125,267.3671875,334.17498779296875,246.8984375,334.17498779296875,293.9765625,291.125,281.6953125,264.4750061035156,300.1171875,221.4250030517578,275.5546875,209.125,355.3828125,297.2749938964844,310.3515625,264.4750061035156,306.2578125,-1.0,-1.0,291.125,205.9609375,299.32501220703125,205.9609375,-1.0,-1.0,315.7249755859375,210.0546875
294.18408203125,212.1015625,304.4328308105469,244.8515625,279.8358154296875,244.8515625,255.23880004882812,281.6953125,259.33831787109375,269.4140625,335.1791076660156,246.8984375,333.1293640136719,296.0234375,292.13433837890625,283.7421875,263.43780517578125,300.1171875,222.44277954101562,275.5546875,206.04476928710938,355.3828125,298.2835693359375,310.3515625,226.54229736328125,312.3984375,201.94528198242188,351.2890625,292.13433837890625,203.9140625,300.3333435058594,205.9609375,-1.0,-1.0,316.7313537597656,210.0546875
293.802001953125,211.28515625,306.1584167480469,246.21484375,279.3861389160156,246.21484375,254.67327880859375,283.19921875,258.7920837402344,268.81640625,334.9901123046875,246.21484375,334.9901123046875,295.52734375,291.7425842285156,283.19921875,264.9703063964844,301.69140625,221.7227783203125,274.98046875,211.42575073242188,369.49609375,297.9207763671875,311.96484375,225.84158325195312,311.96484375,205.24752807617188,353.05859375,291.7425842285156,205.12109375,299.980224609375,205.12109375,-1.0,-1.0,316.4554443359375,209.23046875
292.7536926269531,211.28515625,307.16748046875,244.16015625,280.3990173339844,246.21484375,255.6896514892578,283.19921875,259.807861328125,270.87109375,335.99505615234375,246.21484375,335.99505615234375,295.52734375,292.7536926269531,283.19921875,263.9261169433594,301.69140625,220.68472290039062,274.98046875,206.27093505859375,357.16796875,298.9310302734375,314.01953125,224.80294799804688,311.96484375,200.09359741210938,355.11328125,292.7536926269531,205.12109375,300.9901428222656,205.12109375,-1.0,-1.0,317.46307373046875,209.23046875
293.79412841796875,210.46875,306.1470642089844,245.53125,277.32354736328125,245.53125,252.61764526367188,282.65625,258.79412841796875,272.34375,337.0294189453125,247.59375,334.9705810546875,297.09375,291.73529052734375,282.65625,262.9117736816406,303.28125,-1.0,-1.0,-1.0,-1.0,297.9117736816406,313.59375,221.73529052734375,311.53125,199.08824157714844,354.84375,291.73529052734375,204.28125,299.9705810546875,204.28125,-1.0,-1.0,316.441162109375,208.40625
292.746337890625,210.46875,305.0975646972656,245.53125,278.3365783691406,245.53125,253.63414001464844,286.78125,259.80975341796875,272.34375,335.9755859375,247.59375,335.9755859375,297.09375,292.746337890625,282.65625,265.9853515625,303.28125,-1.0,-1.0,-1.0,-1.0,298.92193603515625,315.65625,220.6975555419922,313.59375,198.05364990234375,356.90625,290.68780517578125,204.28125,298.92193603515625,206.34375,-1.0,-1.0,317.44879150390625,210.46875
292.3495178222656,209.65234375,306.82525634765625,246.91796875,277.873779296875,246.91796875,255.126220703125,288.32421875,257.1941833496094,273.83203125,337.84466552734375,246.91796875,335.7767028808594,296.60546875,292.3495178222656,284.18359375,263.3980712890625,306.95703125,219.9708709716797,277.97265625,205.49514770507812,360.78515625,298.55340576171875,317.30859375,219.9708709716797,311.09765625,199.291259765625,358.71484375,292.3495178222656,205.51171875,300.6213684082031,205.51171875,-1.0,-1.0,317.1650390625,207.58203125
294.41748046875,209.65234375,306.82525634765625,246.91796875,277.873779296875,246.91796875,255.126220703125,288.32421875,259.26214599609375,273.83203125,337.84466552734375,246.91796875,335.7767028808594,296.60546875,292.3495178222656,284.18359375,263.3980712890625,304.88671875,217.90292358398438,277.97265625,203.42718505859375,362.85546875,300.6213684082031,317.30859375,265.46600341796875,313.16796875,-1.0,-1.0,292.3495178222656,203.44140625,300.6213684082031,205.51171875,-1.0,-1.0,319.2330322265625,207.58203125
292.9855041503906,210.9140625,307.52655029296875,246.2421875,278.4444274902344,246.2421875,255.59420776367188,287.8046875,259.748779296875,275.3359375,340.7632751464844,248.3203125,336.60870361328125,298.1953125,290.908203125,283.6484375,263.90338134765625,308.5859375,218.20289611816406,277.4140625,205.7391357421875,364.6953125,301.294677734375,316.8984375,220.28018188476562,310.6640625,-1.0,-1.0,292.9855041503906,204.6796875,301.294677734375,204.6796875,-1.0,-1.0,319.9903259277344,208.8359375
295.0384521484375,210.9140625,307.5,246.2421875,278.423095703125,246.2421875,255.57693481445312,287.8046875,259.73077392578125,273.2578125,340.73077392578125,248.3203125,338.65386962890625,300.2734375,292.9615478515625,285.7265625,263.8846130371094,306.5078125,218.1923065185547,279.4921875,205.73077392578125,366.7734375,301.26922607421875,316.8984375,274.26922607421875,312.7421875,-1.0,-1.0,292.9615478515625,204.6796875,301.26922607421875,204.6796875,-1.0,-1.0,319.9615478515625,208.8359375
294.66827392578125,212.19140625,309.2740478515625,247.65234375,280.0625,247.65234375,257.110595703125,289.37109375,261.2836608886719,274.76953125,340.5721435546875,249.73828125,338.485595703125,301.88671875,292.58172607421875,285.19921875,263.37017822265625,308.14453125,217.4663543701172,278.94140625,211.20672607421875,389.49609375,298.84136962890625,318.57421875,219.55288696289062,314.40234375,211.20672607421875,362.37890625,294.66827392578125,205.93359375,303.0144348144531,205.93359375,-1.0,-1.0,319.70672607421875,208.01953125
295.6842041015625,210.10546875,310.2870788574219,247.65234375,281.08135986328125,247.65234375,258.13397216796875,289.37109375,260.2200927734375,276.85546875,341.5789489746094,249.73828125,339.4928283691406,301.88671875,293.59808349609375,287.28515625,264.392333984375,308.14453125,218.4976043701172,281.02734375,203.89474487304688,372.80859375,299.8564453125,320.66015625,220.583740234375,316.48828125,189.2918701171875,379.06640625,295.6842041015625,205.93359375,304.0287170410156,203.84765625,-1.0,-1.0,322.8038330078125,208.01953125
296.73114013671875,210.10546875,309.2405700683594,247.65234375,280.0518798828125,247.65234375,257.117919921875,289.37109375,261.2877197265625,276.85546875,344.6839599609375,249.73828125,340.51416015625,301.88671875,294.646240234375,287.28515625,265.4575500488281,308.14453125,-1.0,-1.0,-1.0,-1.0,300.90093994140625,318.57421875,269.6273498535156,314.40234375,-1.0,-1.0,296.73114013671875,203.84765625,302.98583984375,203.84765625,-1.0,-1.0,321.75,208.01953125
296.70831298828125,210.10546875,311.2916564941406,247.65234375,282.125,247.65234375,257.125,289.37109375,261.2916564941406,274.76953125,346.70831298828125,249.73828125,342.5416564941406,301.88671875,296.70831298828125,287.28515625,265.45831298828125,308.14453125,217.54165649414062,281.02734375,209.2083282470703,387.41015625,302.95831298828125,320.66015625,269.625,314.40234375,-1.0,-1.0,296.70831298828125,203.84765625,305.0416564941406,203.84765625,-1.0,-1.0,323.7916564941406,208.01953125
298.79449462890625,210.10546875,313.369873046875,247.65234375,282.136962890625,247.65234375,257.15069580078125,289.37109375,261.3150634765625,278.94140625,346.6849365234375,249.73828125,344.60272216796875,301.88671875,294.630126953125,287.28515625,265.47943115234375,310.23046875,-1.0,-1.0,-1.0,-1.0,302.9588928222656,322.74609375,221.75341796875,308.14453125,209.26026916503906,370.72265625,296.71234130859375,203.84765625,307.123291015625,203.84765625,-1.0,-1.0,323.78082275390625,208.01953125
300.83782958984375,208.8359375,313.3243408203125,248.3203125,284.189208984375,248.3203125,257.1351318359375,287.8046875,261.29730224609375,277.4140625,348.70269775390625,250.3984375,346.62164306640625,302.3515625,292.5135192871094,285.7265625,265.45947265625,310.6640625,217.5946044921875,281.5703125,200.94595336914062,379.2421875,305.0,323.1328125,273.7837829589844,314.8203125,-1.0,-1.0,298.75677490234375,202.6015625,307.0810852050781,204.6796875,-1.0,-1.0,325.8108215332031,206.7578125
300.8399963378906,208.8359375,315.3999938964844,248.3203125,284.20001220703125,248.3203125,257.1600036621094,289.8828125,263.3999938964844,279.4921875,348.67999267578125,250.3984375,346.5999755859375,304.4296875,296.67999267578125,287.8046875,265.47998046875,310.6640625,-1.0,-1.0,-1.0,-1.0,307.0799865722656,325.2109375,273.79998779296875,314.8203125,-1.0,-1.0,298.760009765625,202.6015625,309.15997314453125,202.6015625,-1.0,-1.0,327.8800048828125,206.7578125
302.89520263671875,208.8359375,315.3668212890625,248.3203125,284.1877746582031,248.3203125,257.1659240722656,289.8828125,263.4017333984375,281.5703125,350.70306396484375,248.3203125,346.54583740234375,304.4296875,298.73797607421875,289.8828125,265.4803466796875,310.6640625,219.7510986328125,281.5703125,201.04367065429688,383.3984375,307.0523986816406,325.2109375,277.95196533203125,318.9765625,-1.0,-1.0,300.81658935546875,202.6015625,309.1309814453125,202.6015625,-1.0,-1.0,329.9170227050781,206.7578125
301.8577575683594,208.8359375,316.40087890625,248.3203125,285.237060546875,248.3203125,258.22845458984375,287.8046875,264.4612121582031,279.4921875,351.7198181152344,248.3203125,349.6422424316406,304.4296875,297.70257568359375,289.8828125,268.61639404296875,312.7421875,218.75430297851562,283.6484375,208.3663787841797,391.7109375,310.1680908203125,327.2890625,283.15948486328125,318.9765625,-1.0,-1.0,301.8577575683594,202.6015625,310.1680908203125,204.6796875,-1.0,-1.0,328.86639404296875,206.7578125
301.8347473144531,208.8359375,316.36865234375,248.3203125,285.2245788574219,248.3203125,260.309326171875,289.8828125,266.53814697265625,281.5703125,351.665283203125,248.3203125,349.5889892578125,306.5078125,295.60595703125,287.8046875,268.6144104003906,314.8203125,218.78390502929688,283.6484375,204.25,389.6328125,310.13983154296875,327.2890625,278.99578857421875,321.0546875,-1.0,-1.0,301.8347473144531,202.6015625,310.13983154296875,204.6796875,-1.0,-1.0,328.8262939453125,206.7578125
301.8235168457031,208.8359375,316.3529357910156,248.3203125,285.2184753417969,248.3203125,260.3109130859375,294.0390625,264.4621887207031,283.6484375,351.6386413574219,248.3203125,349.5630187988281,306.5078125,297.6722717285156,289.8828125,266.5378112792969,312.7421875,218.79830932617188,283.6484375,206.34454345703125,389.6328125,308.0504150390625,325.2109375,283.1428527832031,316.8984375,-1.0,-1.0,301.8235168457031,202.6015625,310.12603759765625,202.6015625,-1.0,-1.0,328.80670166015625,206.7578125
300.87603759765625,207.58203125,317.4710693359375,248.98828125,284.281005859375,248.98828125,261.4627990722656,292.46484375,263.5372009277344,282.11328125,352.73553466796875,251.05859375,348.5867919921875,306.95703125,298.8016357421875,290.39453125,267.6859436035156,315.23828125,215.82644653320312,284.18359375,207.5289306640625,395.98046875,313.32232666015625,327.66015625,215.82644653320312,323.51953125,197.1570281982422,391.83984375,300.87603759765625,201.37109375,311.2479248046875,203.44140625,-1.0,-1.0,329.9173583984375,207.58203125
300.9510192871094,209.65234375,315.4653015136719,248.98828125,282.289794921875,248.98828125,261.55511474609375,292.46484375,261.55511474609375,284.18359375,350.71429443359375,248.98828125,348.64080810546875,306.95703125,296.8040771484375,292.46484375,265.7020263671875,315.23828125,213.86529541015625,284.18359375,203.49795532226562,391.83984375,309.2449035644531,327.66015625,269.8489990234375,321.44921875,-1.0,-1.0,298.8775634765625,201.37109375,309.2449035644531,203.44140625,-1.0,-1.0,327.9061279296875,207.58203125
296.85540771484375,207.58203125,311.3614501953125,248.98828125,280.277099609375,248.98828125,257.48193359375,294.53515625,259.55419921875,286.25390625,348.66265869140625,251.05859375,346.5903625488281,309.02734375,292.7108459472656,290.39453125,263.69879150390625,315.23828125,209.81927490234375,286.25390625,191.16867065429688,385.62890625,305.14459228515625,329.73046875,265.7710876464844,321.44921875,-1.0,-1.0,296.85540771484375,201.37109375,307.21685791015625,203.44140625,-1.0,-1.0,325.86749267578125,207.58203125
296.03570556640625,207.58203125,306.3928527832031,251.05859375,277.3928527832031,248.98828125,252.53570556640625,294.53515625,256.6785888671875,284.18359375,345.75,248.98828125,343.6785888671875,309.02734375,281.53570556640625,288.32421875,258.75,315.23828125,206.96429443359375,286.25390625,190.39285278320312,395.98046875,300.1785888671875,327.66015625,260.8214111328125,323.51953125,-1.0,-1.0,293.96429443359375,201.37109375,304.3214111328125,203.44140625,-1.0,-1.0,322.96429443359375,205.51171875
290.0353088378906,209.65234375,302.4588317871094,248.98828125,273.4705810546875,248.98828125,252.76470947265625,290.39453125,236.20001220703125,273.83203125,343.87060546875,248.98828125,339.72943115234375,311.09765625,273.4705810546875,286.25390625,254.83529663085938,315.23828125,201.0,288.32421875,194.78823852539062,402.19140625,294.1764831542969,329.73046875,263.11767578125,323.51953125,-1.0,-1.0,287.9647216796875,201.37109375,298.3176574707031,203.44140625,-1.0,-1.0,316.95294189453125,207.58203125
283.0115966796875,209.65234375,297.498046875,248.98828125,266.4555969238281,248.98828125,249.8996124267578,290.39453125,247.83010864257812,286.25390625,334.7490234375,248.98828125,332.6795349121094,313.16796875,272.6640930175781,290.39453125,249.8996124267578,315.23828125,191.95367431640625,290.39453125,179.53668212890625,393.91015625,293.35906982421875,333.87109375,254.03860473632812,323.51953125,-1.0,-1.0,280.94207763671875,203.44140625,291.2895812988281,203.44140625,-1.0,-1.0,311.98455810546875,207.58203125
283.19390869140625,211.72265625,299.741455078125,248.98828125,266.6463928222656,248.98828125,243.89353942871094,292.46484375,245.9619903564453,286.25390625,336.973388671875,251.05859375,332.8365173339844,313.16796875,272.8517150878906,290.39453125,248.03042602539062,315.23828125,192.18251037597656,290.39453125,188.04562377929688,400.12109375,291.4676818847656,331.80078125,256.30419921875,323.51953125,-1.0,-1.0,281.12548828125,205.51171875,291.4676818847656,203.44140625,-1.0,-1.0,310.08367919921875,207.58203125
276.15789794921875,209.65234375,290.631591796875,248.98828125,257.54888916015625,251.05859375,241.0075225830078,290.39453125,222.39849853515625,271.76171875,327.849609375,248.98828125,325.7819519042969,315.23828125,263.75189208984375,290.39453125,243.07518005371094,317.30859375,183.11277770996094,290.39453125,166.57142639160156,393.91015625,284.4285888671875,333.87109375,247.2105255126953,323.51953125,-1.0,-1.0,272.0225524902344,203.44140625,284.4285888671875,203.44140625,-1.0,-1.0,305.1052551269531,207.58203125
266.0223083496094,211.72265625,282.5576171875,251.05859375,249.48699951171875,251.05859375,224.68402099609375,296.60546875,228.81784057617188,286.25390625,319.7620849609375,253.12890625,317.6951904296875,315.23828125,253.62081909179688,290.39453125,237.08551025390625,317.30859375,175.07806396484375,292.46484375,160.6096649169922,398.05078125,276.35687255859375,333.87109375,-1.0,-1.0,-1.0,-1.0,263.95538330078125,205.51171875,274.28997802734375,205.51171875,-1.0,-1.0,292.8922119140625,207.58203125
256.0892333984375,209.65234375,274.69146728515625,251.05859375,239.5539093017578,253.12890625,233.35316467285156,298.67578125,223.01858520507812,284.18359375,309.8290100097656,251.05859375,307.7620849609375,315.23828125,241.62081909179688,290.39453125,233.35316467285156,321.44921875,163.07806396484375,294.53515625,-1.0,-1.0,293.293701171875,340.08203125,-1.0,-1.0,-1.0,-1.0,254.02230834960938,203.44140625,264.35687255859375,203.44140625,-1.0,-1.0,285.0260314941406,207.58203125
244.08921813964844,209.65234375,262.69146728515625,251.05859375,229.62081909179688,253.12890625,221.35316467285156,300.74609375,215.1524200439453,288.32421875,299.89593505859375,253.12890625,297.8290100097656,317.30859375,233.75465393066406,294.53515625,227.5539093017578,327.66015625,151.07806396484375,296.60546875,-1.0,-1.0,281.293701171875,344.22265625,-1.0,-1.0,-1.0,-1.0,242.02230834960938,203.44140625,252.3568878173828,203.44140625,-1.0,-1.0,270.9591064453125,207.58203125
231.07835388183594,209.65234375,257.95147705078125,251.05859375,216.60821533203125,255.19921875,187.66790771484375,298.67578125,187.66790771484375,288.32421875,291.026123046875,253.12890625,284.82464599609375,317.30859375,224.87686157226562,298.67578125,214.54104614257812,327.66015625,135.98880004882812,296.60546875,-1.0,-1.0,266.22015380859375,346.29296875,-1.0,-1.0,-1.0,-1.0,229.01119995117188,203.44140625,239.34701538085938,203.44140625,-1.0,-1.0,260.0186767578125,207.58203125
-1.0,-1.0,228.68887329101562,254.84375,201.91851806640625,254.84375,-1.0,-1.0,-1.0,-1.0,249.28147888183594,252.78125,-1.0,-1.0,-1.0,-1.0,208.09628295898438,335.28125,117.48888397216797,300.21875,-1.0,-1.0,-1.0,-1.0,-1.0,-1.0,-1.0,-1.0,-1.0,-1.0,-1.0,-1.0,-1.0,-1.0,-1.0,-1.0
-1.0,-1.0,214.62962341308594,256.90625,185.79998779296875,256.90625,-1.0,-1.0,-1.0,-1.0,-1.0,-1.0,-1.0,-1.0,-1.0,-1.0,231.10369873046875,351.78125,-1.0,-1.0,-1.0,-1.0,272.28887939453125,366.21875,-1.0,-1.0,-1.0,-1.0,-1.0,-1.0,-1.0,-1.0,-1.0,-1.0,-1.0,-1.0
186.82156372070312,212.79296875,226.0929412841797,256.26953125,211.62454223632812,256.26953125,-1.0,-1.0,-1.0,-1.0,244.69517517089844,256.26953125,242.62826538085938,322.51953125,172.35316467285156,299.74609375,205.42379760742188,345.29296875,-1.0,-1.0,-1.0,-1.0,240.56134033203125,357.71484375,-1.0,-1.0,-1.0,-1.0,184.75465393066406,206.58203125,195.08921813964844,206.58203125,-1.0,-1.0,215.7583770751953,210.72265625
171.64230346679688,212.79296875,213.0269317626953,256.26953125,200.61154174804688,256.26953125,-1.0,-1.0,-1.0,-1.0,229.5807647705078,258.33984375,227.51153564453125,324.58984375,165.4346160888672,305.95703125,192.33462524414062,347.36328125,-1.0,-1.0,-1.0,-1.0,231.65000915527344,361.85546875,-1.0,-1.0,-1.0,-1.0,169.5730743408203,206.58203125,179.9192352294922,206.58203125,-1.0,-1.0,198.5423126220703,210.72265625
155.42169189453125,212.79296875,172.0,258.33984375,138.8433837890625,260.41015625,-1.0,-1.0,-1.0,-1.0,213.44578552246094,260.41015625,-1.0,-1.0,-1.0,-1.0,163.71084594726562,347.36328125,-1.0,-1.0,-1.0,-1.0,-1.0,-1.0,-1.0,-1.0,-1.0,-1.0,151.27711486816406,206.58203125,165.78314208984375,206.58203125,-1.0,-1.0,184.43374633789062,210.72265625
136.77108764648438,216.93359375,161.63856506347656,260.41015625,157.49398803710938,262.48046875,-1.0,-1.0,-1.0,-1.0,196.8674774169922,264.55078125,-1.0,-1.0,-1.0,-1.0,136.77108764648438,347.36328125,-1.0,-1.0,-1.0,-1.0,180.28916931152344,351.50390625,-1.0,-1.0,-1.0,-1.0,134.6988067626953,208.65234375,145.06024169921875,206.58203125,-1.0,-1.0,165.78314208984375,212.79296875
